1 20 8053 1 1 0 1 1 1 0 1 1 1 1 1 1 1 1 1 1 0 1 1 
2 20 11122 1 1 1 1 1 0 1 0 1 1 1 1 1 1 0 1 1 1 1 1 
3 20 10861 1 1 1 0 1 1 1 1 0 1 1 1 0 1 1 1 1 1 1 1 
4 20 10096 1 1 1 1 1 1 1 1 0 0 1 1 1 1 0 1 1 0 1 1 
5 20 12226 1 1 1 1 0 1 1 1 1 1 0 1 1 1 1 1 0 1 1 1 
6 20 11162 1 1 0 1 1 1 1 1 1 1 1 1 1 1 0 1 1 1 1 0 
7 20 10272 1 1 0 1 1 1 1 1 1 1 0 1 1 1 1 1 0 1 1 1 
8 20 8864 1 0 1 1 1 1 1 1 1 1 0 1 1 0 1 1 1 1 1 1 
9 20 9243 1 1 1 0 1 1 1 0 1 1 1 0 1 1 1 1 1 1 1 1 
10 20 8405 1 1 1 1 1 0 1 1 1 1 1 1 1 0 1 0 1 1 1 1 
11 20 8512 1 1 1 1 1 1 1 0 0 1 1 1 1 1 1 1 1 1 0 1 
12 20 7734 1 1 0 1 1 1 0 1 1 1 0 1 1 1 1 1 0 1 1 1 
13 20 9441 1 1 0 1 1 1 1 1 1 0 1 1 1 1 0 1 0 1 1 1 
14 20 8184 1 1 1 1 1 1 1 0 1 1 0 1 1 1 0 1 0 1 1 1 
15 20 12070 1 1 1 1 1 0 0 1 1 1 1 1 1 1 1 1 1 0 1 1 
16 20 9310 1 1 0 1 1 0 1 1 1 1 1 1 1 0 1 1 1 1 1 1 
17 20 9309 1 1 1 0 0 1 1 1 1 1 1 1 0 1 1 1 1 1 1 1 
18 20 9463 1 1 1 1 1 0 1 1 1 1 1 1 0 0 1 1 1 0 1 1 
19 20 9386 1 1 1 1 1 1 1 1 0 1 1 1 1 1 0 1 0 1 1 1 
20 20 9602 1 0 1 1 1 0 1 1 1 1 1 1 1 1 1 1 1 1 1 1 
21 20 10409 1 1 0 1 1 1 0 1 1 1 1 0 1 1 0 1 1 1 1 1 
22 20 7914 1 0 1 1 1 1 1 1 1 1 1 1 0 0 1 0 1 1 1 1 
23 20 11425 1 1 1 0 1 1 1 1 1 1 1 1 1 1 1 1 1 0 1 1 
24 20 10632 1 1 1 1 0 1 1 1 1 1 1 1 1 1 0 1 0 1 1 1 
25 20 8869 1 1 0 1 1 1 1 1 1 0 1 1 0 1 1 1 1 1 1 1 
26 20 11502 1 0 1 1 1 1 1 1 1 1 1 1 1 1 1 1 0 1 1 0 
27 20 11334 1 0 1 0 1 1 1 1 1 1 0 0 1 1 1 1 1 1 1 1 
28 20 9432 1 1 0 1 1 1 1 1 1 1 1 1 1 1 0 1 1 1 0 1 
29 20 10875 1 0 1 1 0 1 1 1 1 1 1 1 1 1 0 1 1 1 1 1 
30 20 9499 1 1 0 1 1 1 1 1 1 1 1 1 1 1 0 1 0 1 1 1 
31 20 9440 0 1 1 1 1 1 1 1 1 1 1 1 1 1 1 1 0 1 0 1 
32 20 10204 1 1 1 0 1 1 1 1 1 1 1 1 1 1 1 0 0 0 1 1 
33 20 10567 1 1 1 1 1 0 0 1 0 1 1 1 1 1 1 1 1 1 1 1 
34 20 10458 0 1 1 1 0 1 1 0 1 1 1 1 1 1 1 1 1 0 1 1 
35 20 10434 0 1 1 1 1 1 1 1 1 1 1 1 0 1 1 1 0 1 1 1 
36 20 9141 1 1 0 1 1 1 0 1 1 1 1 1 1 1 1 1 0 1 1 1 
37 20 9770 1 1 1 1 1 0 1 1 0 1 1 1 0 1 0 1 1 1 1 1 
38 20 8386 1 1 0 1 1 1 1 1 1 1 0 1 1 1 0 1 1 1 0 1 
39 20 9289 1 1 0 1 1 1 1 1 1 1 1 1 1 1 1 1 0 1 1 1 
40 20 10406 1 1 1 1 1 1 1 0 1 1 0 1 1 1 1 1 1 1 0 1 
41 20 8702 1 0 1 1 1 1 1 1 1 1 1 1 0 1 1 1 1 1 0 1 
42 20 8668 1 0 1 1 1 1 1 1 1 1 1 1 1 1 0 1 0 1 1 1 
43 20 8043 0 1 1 1 1 1 1 1 1 1 0 0 1 1 1 1 0 1 1 1 
44 20 7523 1 1 1 1 1 0 1 1 0 1 1 1 1 1 1 0 0 1 1 1 
45 20 10210 1 0 1 0 1 1 0 1 1 1 1 1 1 1 1 1 1 1 1 1 
46 20 8315 0 0 1 1 1 1 1 1 0 1 1 1 1 1 1 1 0 1 1 1 
47 20 8195 1 1 1 1 0 1 1 1 1 1 1 1 1 0 1 1 1 1 0 1 
48 20 9885 1 1 1 1 1 1 1 1 1 1 1 1 1 0 0 1 1 1 1 0 
49 20 9546 1 1 1 1 1 1 1 1 1 0 1 0 1 0 0 1 1 1 1 1 
50 20 8628 1 0 1 1 0 1 1 1 1 1 1 1 0 0 1 1 0 1 1 1 
51 20 10530 1 1 0 1 1 1 1 1 0 1 1 1 1 1 1 1 0 1 1 1 
52 20 10293 1 1 1 1 1 1 1 1 0 1 1 1 1 1 0 0 1 1 1 1 
53 20 11008 1 1 1 1 1 1 1 1 1 1 0 0 1 0 1 1 1 1 1 1 
54 20 10485 1 1 1 1 1 1 1 1 1 1 1 1 0 0 1 0 1 1 1 1 
55 20 9115 1 1 0 1 1 1 1 1 1 1 0 0 1 1 1 1 1 1 1 1 
56 20 6932 1 0 1 1 1 1 1 1 1 1 1 0 1 0 1 1 1 1 1 1 
57 20 8079 1 1 1 1 1 1 0 1 0 1 0 1 1 1 1 1 1 1 1 1 
58 20 11638 1 1 1 1 0 1 1 1 1 1 1 1 0 1 1 1 0 1 1 1 
59 20 9803 1 1 1 0 1 1 1 1 1 1 0 1 1 1 1 1 1 0 1 1 
60 20 9808 1 1 1 1 1 1 1 0 1 1 1 1 1 1 1 0 0 1 0 1 
61 20 8619 1 0 1 0 0 1 1 1 1 1 1 1 1 1 0 1 1 1 1 1 
62 20 9981 1 1 1 1 1 1 1 1 1 0 1 0 1 1 1 1 1 1 0 1 
63 20 9386 1 1 1 1 1 1 1 0 1 1 0 1 1 1 0 1 1 1 1 1 
64 20 9329 1 1 1 1 1 0 1 1 1 1 0 1 1 1 1 1 1 0 1 1 
65 20 9966 1 1 1 1 1 1 0 0 1 1 1 1 1 1 1 1 0 1 1 1 
66 20 7939 1 0 1 1 1 1 1 1 1 1 1 0 1 0 1 1 1 1 1 1 
67 20 9941 0 1 1 1 1 1 0 1 1 1 1 1 1 1 1 1 1 1 1 0 
68 20 11604 1 1 1 1 0 1 1 1 1 0 1 0 1 1 1 1 1 1 1 1 
69 20 9341 1 1 1 1 1 1 1 1 1 1 1 0 1 0 0 1 1 1 1 1 
70 20 10014 0 1 1 1 1 1 1 1 1 0 1 1 0 1 1 1 1 1 1 1 
71 20 9570 1 1 1 1 1 1 1 1 1 1 1 0 1 0 1 0 1 1 1 1 
72 20 10066 1 1 0 1 1 1 1 1 1 1 1 0 1 1 0 1 1 1 1 1 
73 20 9932 1 0 1 1 1 1 0 1 1 1 1 1 1 0 1 0 1 1 1 1 
74 20 7850 1 1 1 0 1 1 1 1 0 1 1 1 1 1 1 1 1 1 0 1 
75 20 11276 1 1 1 1 1 1 1 1 1 1 1 1 1 0 1 1 0 1 1 0 
76 20 11113 1 1 1 1 1 1 0 0 1 1 1 1 1 1 1 0 1 1 1 1 
77 20 8221 0 1 1 1 1 1 1 0 1 1 1 0 1 1 1 0 1 1 0 1 
78 20 11343 1 1 1 1 1 0 1 1 1 1 1 1 0 1 1 1 0 1 1 1 
79 20 8580 1 1 1 1 1 0 1 1 1 1 1 1 1 1 1 1 0 1 1 0 
80 20 8487 1 1 1 0 0 0 1 1 1 1 1 0 1 1 1 1 1 1 1 1 
81 20 8931 1 1 0 1 1 1 1 1 1 0 1 0 1 1 1 1 1 1 1 1 
82 20 11142 1 1 0 1 1 1 1 1 1 1 1 1 1 1 1 1 0 1 0 1 
83 20 8242 1 1 1 1 0 1 1 1 1 1 1 0 1 1 1 1 1 1 1 1 
84 20 10121 1 1 1 1 0 1 1 1 1 0 1 1 1 1 1 1 1 0 1 1 
85 20 9416 1 1 0 1 1 1 1 1 0 1 1 1 0 1 1 1 1 0 1 1 
86 20 9722 0 1 1 1 1 1 1 1 1 1 0 1 1 1 1 1 1 0 0 1 
87 20 11249 1 1 1 1 1 0 1 1 0 1 1 1 1 1 1 1 0 1 1 1 
88 20 10529 0 1 1 1 1 1 1 1 0 1 1 1 1 1 0 1 1 1 0 1 
89 20 8927 1 1 1 0 1 1 0 1 0 1 1 1 1 1 1 1 1 1 1 1 
90 20 7119 1 1 1 1 1 1 1 1 1 1 1 1 1 1 0 1 1 0 1 1 
91 20 10708 0 1 1 1 1 0 0 1 1 1 1 1 1 0 1 1 1 1 1 0 
92 20 10665 1 0 1 1 1 1 0 1 1 1 1 1 0 1 1 1 1 1 1 1 
93 20 10669 1 1 1 1 1 1 1 1 0 1 1 1 1 1 1 1 1 0 1 0 
94 20 11623 1 1 1 0 1 1 1 1 0 1 1 1 1 1 1 1 0 1 1 1 
95 20 7897 1 1 1 1 1 1 1 1 1 1 1 0 1 1 1 1 1 1 0 0 
96 20 10017 1 1 1 0 0 1 1 1 1 1 0 1 1 1 1 1 1 1 1 1 
97 20 10515 1 0 1 1 1 1 1 1 1 1 0 1 1 1 1 1 1 1 0 1 
98 20 11251 1 1 1 0 1 1 1 1 1 1 1 1 1 1 1 0 1 1 1 1 
99 20 11061 1 1 1 1 1 1 1 1 1 1 1 1 1 1 0 1 1 0 1 0 
100 20 9561 1 1 1 1 1 1 1 1 1 1 1 1 0 0 1 1 1 1 0 1 
101 20 10513 1 1 1 1 1 1 0 1 1 1 1 1 1 1 1 1 1 0 0 1 
102 20 9160 1 1 1 1 0 1 1 0 1 0 1 1 1 1 1 1 1 1 1 1 
103 20 9076 1 1 1 1 0 1 1 1 1 0 1 1 1 1 1 1 1 1 1 0 
104 20 8552 0 1 1 1 1 1 1 1 1 1 1 1 1 1 0 1 0 1 1 1 
105 20 9849 1 1 1 1 1 0 1 1 1 0 1 1 1 1 1 1 1 1 1 0 
106 20 8400 1 1 0 1 1 1 1 1 0 1 1 1 1 1 1 0 1 1 1 1 
107 20 8357 1 1 1 1 1 1 1 1 1 1 0 1 1 0 1 1 1 1 1 1 
108 20 11500 1 1 1 1 1 1 0 1 1 1 0 0 0 1 1 1 1 1 1 1 
109 20 8188 1 0 1 1 1 1 1 0 1 1 1 0 1 1 0 1 1 1 1 1 
110 20 10364 1 1 0 1 1 1 1 0 1 1 0 1 1 1 1 1 1 1 1 0 
111 20 9496 1 1 1 1 1 0 1 1 1 1 1 1 1 0 1 1 0 0 1 1 
112 20 10006 1 1 1 0 1 1 1 1 0 1 1 1 0 1 0 1 1 1 1 1 
113 20 8297 1 1 1 1 1 1 1 0 1 0 1 1 0 0 1 1 1 1 1 1 
114 20 8776 1 0 1 1 0 1 1 0 1 1 1 1 1 1 1 1 1 1 1 1 
115 20 10605 1 1 1 1 1 1 1 1 1 1 1 0 0 0 1 1 1 1 1 1 
116 20 9616 1 0 0 0 1 1 1 1 1 1 1 1 1 1 1 1 1 1 1 1 
117 20 8508 1 1 1 1 1 1 1 0 1 1 0 1 1 1 1 1 1 1 1 0 
118 20 9247 1 1 1 0 1 1 1 0 1 1 1 1 1 1 1 1 1 0 1 1 
119 20 9337 0 1 0 1 1 1 1 1 1 1 1 1 1 1 1 1 1 1 0 1 
120 20 9686 1 1 0 1 1 1 1 1 1 1 1 1 1 1 0 1 1 1 1 0 
121 20 10861 1 1 1 0 1 1 1 1 1 1 1 0 1 1 1 1 0 1 1 1 
122 20 10935 1 1 1 0 1 1 1 1 1 1 0 1 1 1 1 1 1 1 1 0 
123 20 10782 1 1 1 0 1 1 1 1 1 0 1 1 1 1 1 1 0 1 1 1 
124 20 10239 1 1 1 1 0 0 1 1 0 1 1 1 1 0 1 1 1 1 1 1 
125 20 6742 1 1 1 0 1 1 1 1 1 1 0 1 1 0 1 0 1 1 1 1 
126 20 9562 1 0 1 1 1 1 1 1 1 0 1 1 1 0 1 1 1 1 1 1 
127 20 9441 0 1 1 1 0 1 1 1 1 1 1 1 1 1 1 1 1 0 1 1 
128 20 9889 1 1 1 1 1 1 1 0 1 1 1 0 1 1 1 1 1 0 1 1 
129 20 8728 1 0 1 0 1 1 1 1 1 0 1 1 1 1 1 1 1 1 1 1 
130 20 9302 1 1 1 1 1 1 1 0 1 1 1 0 1 1 1 1 1 1 0 1 
131 20 10807 1 0 1 1 1 1 1 1 1 1 1 1 0 1 1 1 1 0 1 1 
132 20 10178 1 1 1 1 1 1 0 1 1 1 1 1 1 1 0 1 0 1 1 1 
133 20 9485 1 1 1 0 1 1 1 1 1 1 1 0 0 1 1 1 1 0 1 1 
134 20 8725 1 1 1 1 0 1 1 1 1 1 1 1 1 0 1 1 1 0 1 1 
135 20 6793 0 0 1 1 1 1 1 0 1 1 1 1 1 1 1 1 1 1 1 1 
136 20 8321 1 1 1 1 1 1 0 1 1 0 1 1 1 1 1 1 0 1 1 1 
137 20 10977 1 1 1 0 1 1 1 1 1 1 0 1 0 1 1 1 1 1 1 1 
138 20 8855 1 1 0 1 1 1 1 0 0 1 1 1 1 1 1 0 1 1 1 1 
139 20 9098 1 1 1 1 1 1 1 1 1 0 1 1 1 1 1 1 1 0 1 0 
140 20 8131 1 1 1 1 1 1 1 1 1 1 0 1 1 0 1 1 1 1 1 0 
141 20 8853 0 1 1 1 1 1 1 1 1 1 1 1 1 1 1 0 1 1 0 1 
142 20 9880 0 1 1 0 1 1 1 1 1 1 1 0 1 1 1 1 1 1 1 1 
143 20 9991 1 1 1 1 1 1 1 0 1 1 1 1 0 1 1 1 1 1 1 0 
144 20 6850 0 1 1 1 1 1 0 0 1 1 1 1 1 1 1 0 1 1 1 1 
145 20 9224 0 1 1 1 1 1 0 1 1 1 1 1 0 1 1 1 1 1 1 0 
146 20 8847 1 1 1 1 1 1 0 1 1 1 1 0 1 1 1 1 0 1 1 1 
147 20 8711 1 1 1 1 1 1 0 1 0 1 1 1 1 1 1 1 1 1 1 0 
148 20 7500 1 1 1 1 1 1 1 1 1 0 1 0 1 1 0 1 1 1 1 1 
149 20 9737 1 1 1 1 1 0 1 0 1 1 1 1 1 1 1 1 0 1 0 1 
150 20 9242 1 1 1 1 1 0 1 1 1 1 0 1 1 1 1 1 1 1 1 1 
151 20 9337 1 1 1 1 1 1 1 1 1 0 1 1 1 0 1 1 0 1 1 1 
152 20 8875 1 1 1 1 1 1 1 0 1 1 1 1 1 0 1 1 1 1 1 0 
153 20 8884 1 1 1 1 1 1 1 0 1 1 0 1 1 1 1 1 1 0 0 1 
154 20 9902 1 1 1 1 1 1 0 1 0 1 1 1 0 1 1 1 1 1 1 0 
155 20 7894 0 1 1 1 1 1 1 1 1 1 1 1 1 0 1 1 1 0 1 1 
156 20 7967 1 0 1 1 1 1 1 1 0 1 1 1 1 1 1 1 1 1 0 1 
157 20 7691 1 1 0 0 1 1 1 1 0 1 1 1 1 1 1 0 1 1 1 1 
158 20 7739 0 0 1 1 1 0 1 1 1 1 1 1 1 1 1 1 1 1 1 1 
159 20 10276 1 1 1 1 1 1 0 0 0 1 1 1 1 1 1 1 1 1 1 1 
160 20 11035 1 1 1 1 0 1 1 1 1 1 1 1 1 1 1 1 0 1 0 1 
161 20 9904 1 1 1 1 1 0 1 1 1 1 1 1 0 1 0 0 1 1 1 1 
162 20 11001 1 1 1 1 1 1 1 0 1 1 1 1 1 0 1 1 1 0 1 1 
163 20 11631 1 1 1 1 1 1 0 1 1 0 1 1 1 1 0 1 1 1 1 1 
164 20 7862 1 1 1 1 1 1 0 1 0 1 1 1 1 1 1 1 1 0 1 1 
165 20 9419 1 0 1 1 0 1 0 1 1 1 1 1 1 1 0 1 0 1 1 1 
166 20 10103 1 0 1 0 1 1 0 1 1 1 0 1 1 1 1 1 1 1 1 1 
167 20 8349 1 1 0 1 1 1 1 1 0 1 1 1 1 1 1 0 0 1 1 1 
168 20 10046 1 1 0 1 1 1 1 0 1 1 0 1 1 1 1 1 1 1 1 1 
169 20 10089 1 0 1 0 1 1 1 1 1 0 1 1 1 1 1 1 1 1 0 1 
170 20 10853 1 1 1 1 1 1 1 1 1 1 0 1 0 1 1 1 1 1 1 0 
171 20 11822 1 1 0 1 1 1 0 1 1 1 1 1 1 0 1 1 1 1 1 1 
172 20 8139 1 1 1 1 1 1 1 1 1 1 1 1 1 1 0 0 1 1 1 1 
173 20 7660 1 1 1 1 0 1 1 1 1 1 1 1 1 0 0 1 1 0 1 1 
174 20 8987 1 1 1 1 1 1 0 1 1 0 1 1 1 1 1 1 1 0 1 1 
175 20 8400 1 0 1 1 1 1 1 1 1 1 1 1 1 1 1 1 0 1 1 1 
176 20 11634 1 0 1 1 0 1 1 1 1 1 1 1 1 1 1 1 1 1 1 1 
177 20 10199 0 1 1 1 1 0 1 1 1 0 1 1 0 1 1 1 1 1 1 1 
178 20 9770 0 1 1 1 1 1 1 1 1 1 1 0 0 1 1 1 1 1 1 1 
179 20 10080 1 1 1 1 1 1 0 0 1 1 1 1 1 1 1 1 1 1 1 1 
180 20 8056 1 1 1 1 1 1 1 1 1 1 1 1 0 0 1 0 1 1 1 1 
181 20 8492 1 1 0 0 0 1 1 1 1 1 1 1 1 1 1 1 1 0 1 1 
182 20 9868 0 1 1 1 1 1 1 1 1 1 1 1 1 1 1 1 0 0 1 1 
183 20 9016 1 1 0 1 1 1 1 1 1 1 1 1 1 1 1 0 1 1 0 0 
184 20 8417 1 1 1 1 1 0 1 1 1 0 1 1 1 1 1 0 1 0 0 1 
185 20 8389 1 1 1 0 1 1 1 0 1 1 1 1 1 1 1 1 1 1 0 1 
186 20 13429 1 1 1 1 1 1 1 0 0 1 1 1 1 1 1 1 1 1 1 1 
187 20 9732 1 1 1 1 1 0 0 1 1 1 1 1 1 1 0 1 1 1 1 1 
188 20 10277 1 1 1 1 0 1 1 1 1 1 0 1 1 0 1 1 1 1 1 1 
189 20 7493 0 1 1 1 1 1 1 1 1 1 0 1 1 1 1 1 1 1 0 1 
190 20 9179 1 1 1 0 1 1 1 0 1 1 1 1 0 1 1 1 1 1 1 1 
191 20 9316 1 1 0 1 1 1 1 1 1 1 1 1 0 1 1 1 1 1 0 1 
192 20 10396 1 1 1 1 1 1 1 1 1 1 1 1 1 0 0 1 1 1 1 1 
193 20 9662 0 1 1 1 1 1 1 1 1 0 1 1 1 1 1 1 0 1 1 0 
194 20 8440 1 0 1 1 1 1 1 1 1 1 1 1 1 1 0 1 1 1 1 0 
195 20 8058 1 1 0 1 1 1 1 1 1 1 1 1 1 1 1 0 1 0 1 1 
196 20 7790 1 1 1 1 1 1 1 1 0 1 1 1 0 1 0 1 1 1 1 1 
197 20 9540 0 1 1 1 1 1 0 1 1 1 1 0 1 1 1 1 1 1 1 1 
198 20 10564 1 1 1 1 1 1 1 1 0 1 1 0 1 1 1 1 1 1 1 0 
199 20 9996 0 0 1 1 1 1 1 1 1 1 1 1 1 1 0 1 1 1 1 1 
200 20 9004 0 1 1 0 1 1 1 1 0 0 1 1 1 1 1 1 1 1 1 1 
