1 5191 -1 284 -1 0.002646
2 4859 -1 556 -1 0.002456
3 6569 -1 455 -1 0.001822
4 5799 -1 560 -1 0.002446
5 5157 -1 563 -1 0.002659
6 5972 -1 172 -1 0.001807
7 5003 -1 153 -1 0.001150
8 5192 -1 262 -1 0.002095
9 5541 -1 372 -1 0.001650
10 7140 -1 492 -1 0.002325
11 5287 -1 610 -1 0.002030
12 4821 -1 577 -1 0.002243
13 5356 -1 301 -1 0.002061
14 5740 -1 156 -1 0.001503
15 5495 -1 520 -1 0.002433
16 4865 -1 191 -1 0.001617
17 6816 -1 337 -1 0.001433
18 6429 -1 434 -1 0.001797
19 7922 -1 406 -1 0.001759
20 4928 -1 809 -1 0.004594
21 6221 -1 549 -1 0.002672
22 5515 -1 477 -1 0.002412
23 4900 -1 916 -1 0.003721
24 6666 -1 235 -1 0.001772
25 5268 -1 410 -1 0.001833
26 5971 -1 395 -1 0.002176
27 5939 -1 297 -1 0.001306
28 4157 -1 1002 -1 0.003050
29 6372 -1 462 -1 0.002163
30 4919 -1 637 -1 0.002295
31 5500 -1 317 -1 0.001732
32 4734 -1 624 -1 0.002759
33 6958 -1 461 -1 0.002736
34 5602 -1 447 -1 0.003524
35 5355 -1 180 -1 0.001256
36 5678 -1 573 -1 0.002277
37 5017 -1 633 -1 0.002476
38 6553 -1 197 -1 0.001240
39 5493 -1 380 -1 0.001517
40 6309 -1 405 -1 0.001939
41 5088 -1 336 -1 0.002099
42 6376 -1 385 -1 0.001315
43 5710 -1 501 -1 0.001625
44 5341 -1 763 -1 0.003285
45 5556 -1 622 -1 0.002178
46 6282 -1 481 -1 0.002439
47 6207 -1 453 -1 0.002428
48 6143 -1 360 -1 0.002410
49 4167 -1 162 -1 0.001285
50 6232 -1 565 -1 0.002060
51 5129 -1 489 -1 0.001679
52 6539 -1 477 -1 0.001927
53 4674 -1 299 -1 0.002146
54 6342 -1 255 -1 0.001479
55 5527 -1 186 -1 0.001741
56 5132 -1 175 -1 0.001230
57 5551 -1 272 -1 0.001440
58 5435 -1 510 -1 0.002243
59 6087 -1 336 -1 0.001931
60 5200 -1 556 -1 0.003056
61 7567 -1 254 -1 0.001219
62 5184 -1 174 -1 0.001947
63 5623 -1 292 -1 0.001873
64 5270 -1 537 -1 0.002094
65 6640 -1 366 -1 0.001770
66 6005 -1 586 -1 0.002628
67 5753 -1 516 -1 0.002527
68 4585 -1 142 -1 0.001377
69 5639 -1 178 -1 0.001034
70 5917 -1 593 -1 0.002600
71 6285 -1 122 -1 0.001548
72 5392 -1 180 -1 0.001812
73 4715 -1 174 -1 0.001659
74 7023 -1 492 -1 0.002414
75 6050 -1 315 -1 0.001598
76 5648 -1 393 -1 0.001542
77 5685 -1 654 -1 0.001961
78 4073 -1 200 -1 0.002180
79 4720 -1 886 -1 0.004183
80 6186 -1 502 -1 0.002675
81 6154 -1 551 -1 0.002514
82 5179 -1 464 -1 0.001825
83 5864 -1 440 -1 0.002404
84 4660 -1 507 -1 0.001980
85 4748 -1 148 -1 0.001368
86 5347 -1 290 -1 0.001083
87 4919 -1 328 -1 0.001792
88 6193 -1 359 -1 0.001459
89 6034 -1 142 -1 0.001403
90 5435 -1 154 -1 0.001342
91 3997 -1 559 -1 0.001930
92 5540 -1 600 -1 0.002711
93 5948 -1 480 -1 0.002121
94 6733 -1 240 -1 0.001183
95 5636 -1 303 -1 0.001536
96 5321 -1 310 -1 0.002027
97 7059 -1 186 -1 0.001972
98 4655 -1 388 -1 0.001483
99 4505 -1 509 -1 0.002651
100 5157 -1 326 -1 0.001977
101 6096 -1 670 -1 0.002683
102 5856 -1 94 -1 0.000970
103 4935 -1 190 -1 0.001142
104 7460 -1 177 -1 0.001081
105 5126 -1 472 -1 0.002098
106 7082 -1 390 -1 0.001755
107 4693 -1 224 -1 0.001738
108 7080 -1 142 -1 0.001234
109 4348 -1 535 -1 0.002560
110 5988 -1 528 -1 0.003265
111 5570 -1 600 -1 0.002914
112 5890 -1 213 -1 0.003177
113 5683 -1 388 -1 0.001943
114 6280 -1 493 -1 0.002600
115 5424 -1 493 -1 0.002510
116 5160 -1 323 -1 0.001983
117 6114 -1 414 -1 0.001724
118 5295 -1 469 -1 0.003842
119 5389 -1 549 -1 0.002689
120 7537 -1 393 -1 0.001725
121 6499 -1 225 -1 0.001531
122 6465 -1 558 -1 0.002219
123 5499 -1 678 -1 0.002303
124 5003 -1 307 -1 0.002618
125 4857 -1 188 -1 0.001400
126 6664 -1 515 -1 0.002029
127 6175 -1 553 -1 0.002602
128 6107 -1 410 -1 0.001849
129 7576 -1 408 -1 0.001769
130 5513 -1 831 -1 0.003236
131 5456 -1 156 -1 0.001274
132 4980 -1 325 -1 0.002073
133 5804 -1 127 -1 0.001119
134 6085 -1 320 -1 0.001273
135 5461 -1 625 -1 0.002499
136 4469 -1 725 -1 0.002962
137 6239 -1 132 -1 0.001178
138 6059 -1 242 -1 0.001189
139 6313 -1 113 -1 0.000742
140 6217 -1 237 -1 0.000923
141 4998 -1 373 -1 0.003977
142 5237 -1 303 -1 0.001807
143 4926 -1 548 -1 0.002293
144 5144 -1 646 -1 0.002925
145 5282 -1 876 -1 0.002987
146 5718 -1 780 -1 0.003359
147 5665 -1 185 -1 0.001533
148 5276 -1 131 -1 0.001329
149 4138 -1 361 -1 0.001770
150 6023 -1 211 -1 0.001086
151 4910 -1 167 -1 0.001321
152 5485 -1 718 -1 0.003212
153 6159 -1 590 -1 0.002002
154 6156 -1 448 -1 0.003052
155 4879 -1 550 -1 0.002722
156 5284 -1 272 -1 0.001832
157 4339 -1 164 -1 0.001547
158 6587 -1 326 -1 0.001827
159 5777 -1 157 -1 0.001556
160 6040 -1 577 -1 0.001896
161 5701 -1 448 -1 0.002171
162 5712 -1 438 -1 0.001854
163 5521 -1 551 -1 0.002239
164 5624 -1 535 -1 0.002729
165 5771 -1 550 -1 0.003013
166 4950 -1 199 -1 0.001482
167 6291 -1 182 -1 0.001175
168 5682 -1 192 -1 0.001654
169 5847 -1 167 -1 0.000925
170 6090 -1 680 -1 0.002186
171 5813 -1 317 -1 0.002115
172 5253 -1 513 -1 0.002694
173 6004 -1 286 -1 0.001092
174 5318 -1 173 -1 0.001328
175 5265 -1 695 -1 0.002123
176 7053 -1 224 -1 0.001621
177 4684 -1 464 -1 0.001630
178 6390 -1 294 -1 0.001399
179 4956 -1 226 -1 0.001600
180 5318 -1 436 -1 0.001705
181 4927 -1 388 -1 0.001986
182 6629 -1 482 -1 0.001679
183 6264 -1 405 -1 0.001842
184 6371 -1 453 -1 0.002046
185 5733 -1 699 -1 0.002243
186 6471 -1 626 -1 0.002950
187 4586 -1 689 -1 0.003680
188 5373 -1 453 -1 0.002281
189 5808 -1 398 -1 0.002137
190 6227 -1 481 -1 0.002528
191 5307 -1 707 -1 0.002366
192 5460 -1 703 -1 0.002955
193 5295 -1 354 -1 0.001712
194 6608 -1 287 -1 0.001782
195 4225 -1 609 -1 0.002980
196 5540 -1 560 -1 0.002559
197 6252 -1 180 -1 0.001409
198 6354 -1 634 -1 0.002780
199 6578 -1 549 -1 0.003182
200 5889 -1 334 -1 0.002629
