1 20 8429 1 0 1 1 1 0 1 1 1 1 1 1 1 1 0 0 1 1 1 1 
2 20 9671 1 1 1 1 1 1 1 1 1 1 1 0 1 1 1 1 1 1 0 0 
3 20 12246 1 1 1 1 0 1 0 1 1 1 1 1 1 1 1 1 1 0 1 1 
4 20 10532 1 1 1 1 0 1 1 1 1 1 1 1 1 0 1 0 1 1 0 1 
5 20 7800 1 0 1 1 0 1 0 1 1 1 1 1 1 1 1 1 0 1 1 1 
6 20 9107 1 1 1 1 1 1 1 1 1 0 0 1 1 0 1 1 1 1 1 1 
7 20 8086 1 0 0 0 1 1 0 1 1 1 1 1 1 1 1 1 1 1 1 1 
8 20 10092 1 1 0 1 1 1 1 1 1 1 1 1 1 0 1 0 1 0 1 1 
9 20 11556 1 1 1 1 1 0 1 0 1 0 1 1 1 1 1 1 1 1 1 0 
10 20 8570 1 1 1 1 1 1 0 0 1 1 1 1 1 1 0 0 1 1 1 1 
11 20 8511 1 1 1 1 1 1 1 1 1 1 0 0 1 1 0 1 0 1 1 1 
12 20 10090 1 1 1 1 1 1 1 1 0 1 1 1 1 1 1 0 0 1 1 0 
13 20 10666 0 1 1 0 1 1 1 1 1 1 0 1 1 1 1 1 0 1 1 1 
14 20 11350 0 1 1 1 1 0 1 1 1 1 1 1 0 1 1 1 1 1 1 1 
15 20 10851 1 1 0 1 1 1 1 1 1 1 1 1 1 0 0 1 1 0 1 1 
16 20 8159 1 1 1 1 1 1 1 0 1 1 1 0 1 1 0 1 1 0 1 1 
17 20 8743 1 0 1 1 1 1 1 0 1 1 1 1 1 0 0 1 1 1 1 1 
18 20 9304 1 0 1 0 1 1 1 1 1 1 1 1 0 1 1 1 1 1 1 0 
19 20 6860 0 1 1 1 1 1 1 0 1 1 0 1 1 1 0 1 1 1 1 1 
20 20 11072 1 1 1 1 1 1 1 1 1 0 1 1 1 1 0 0 1 1 1 1 
21 20 7574 0 1 1 1 1 1 1 1 1 1 1 0 1 1 1 1 0 1 1 1 
22 20 9390 1 1 1 0 1 1 1 1 1 1 1 0 1 1 1 0 1 1 1 0 
23 20 8219 1 1 0 1 1 1 1 1 1 1 1 1 0 1 1 0 1 0 1 1 
24 20 6639 1 1 1 1 0 1 0 1 0 1 1 1 1 1 1 0 1 1 1 1 
25 20 11489 1 1 1 1 1 1 0 1 1 1 1 0 1 1 0 1 1 1 1 1 
26 20 8706 1 0 1 1 1 1 1 1 1 1 1 1 1 0 1 1 0 1 1 1 
27 20 10107 1 1 1 0 0 1 1 1 0 1 1 1 1 1 1 1 1 1 1 1 
28 20 10763 1 1 1 1 1 0 1 1 1 1 1 1 1 1 1 1 1 0 1 1 
29 20 10030 1 1 1 1 1 0 0 1 1 1 0 1 1 1 1 1 1 0 1 1 
30 20 9072 1 1 1 1 1 1 1 1 0 1 1 0 1 1 1 1 1 1 0 1 
31 20 9622 0 1 1 1 1 1 1 1 1 1 1 1 1 1 1 0 0 0 1 1 
32 20 9195 0 1 1 1 1 1 1 1 1 1 1 0 0 1 1 1 1 1 1 0 
33 20 10063 1 1 1 1 1 1 1 1 1 1 1 1 0 0 1 0 1 1 1 1 
34 20 9778 1 1 0 1 0 1 1 1 1 1 0 1 1 1 1 1 1 1 1 1 
35 20 11017 1 1 1 1 1 1 0 1 1 1 1 1 0 1 1 1 1 1 0 1 
36 20 9786 1 1 0 1 1 0 1 1 1 0 1 1 1 1 1 1 1 1 1 1 
37 20 8673 1 1 1 0 0 1 1 1 1 0 1 1 1 1 1 1 1 1 0 1 
38 20 11254 1 1 1 1 1 0 0 1 1 1 1 1 1 1 1 1 1 1 0 0 
39 20 8796 1 1 1 0 1 1 1 1 1 0 1 1 1 1 1 0 1 1 1 1 
40 20 11186 1 1 1 1 0 1 1 1 1 1 0 0 1 1 1 1 1 1 1 1 
41 20 8795 1 1 1 0 1 1 1 1 1 0 1 1 1 1 1 0 0 1 1 1 
42 20 9244 1 0 1 0 1 1 1 1 1 1 1 1 1 0 1 1 1 1 1 0 
43 20 11186 1 1 1 1 1 0 1 1 0 1 1 1 1 1 1 1 0 1 1 0 
44 20 13093 1 1 1 1 1 1 1 1 1 1 1 1 0 0 0 1 1 1 1 1 
45 20 9343 1 1 1 0 1 1 0 1 1 1 1 1 1 1 1 0 1 1 0 1 
46 20 9956 1 1 1 1 0 1 1 0 1 0 1 0 1 1 1 1 1 1 1 1 
47 20 8870 1 1 1 1 1 0 1 1 1 1 1 1 0 1 1 1 0 1 1 1 
48 20 8811 1 1 1 1 0 1 1 1 1 1 1 1 0 1 1 1 1 0 1 1 
49 20 10208 1 1 1 1 1 1 1 1 0 1 1 1 1 1 0 1 1 0 1 0 
50 20 8774 1 1 1 1 1 1 1 0 1 1 1 1 1 1 0 1 1 1 1 0 
51 20 9942 1 1 1 1 1 1 1 1 1 1 1 1 0 1 0 1 1 1 0 1 
52 20 8780 1 1 1 1 1 1 1 1 1 1 0 0 1 1 1 1 1 1 0 1 
53 20 10183 1 1 1 1 1 1 0 0 0 1 1 1 1 1 1 1 1 1 1 1 
54 20 7327 1 0 1 1 1 1 1 1 1 1 0 1 1 1 0 1 1 1 1 1 
55 20 9805 1 1 1 0 1 0 1 1 1 1 1 1 0 1 0 1 1 1 1 1 
56 20 9073 1 1 1 0 1 1 1 1 1 0 0 1 1 1 1 1 0 1 1 1 
57 20 7528 1 1 1 1 1 1 1 1 1 1 0 1 1 0 1 0 1 1 1 1 
58 20 10859 1 1 1 1 1 0 1 1 1 1 1 1 1 0 1 1 0 1 1 1 
59 20 9884 1 1 1 1 1 0 1 1 1 0 1 1 0 1 1 1 0 0 1 1 
60 20 11498 1 1 1 1 1 1 1 1 1 1 0 1 0 1 1 1 1 0 1 1 
61 20 8114 1 1 1 1 0 0 1 1 1 1 1 0 1 1 1 1 1 1 1 1 
62 20 11326 0 1 0 1 1 0 1 0 1 1 1 1 1 1 1 1 1 1 1 1 
63 20 9289 0 1 1 0 1 0 1 1 1 1 1 1 0 1 1 1 1 1 1 1 
64 20 10012 1 1 1 1 1 1 1 1 1 0 0 0 0 1 1 1 1 1 1 1 
65 20 10450 1 0 1 1 1 1 1 0 1 1 1 0 1 1 1 1 0 1 1 1 
66 20 9647 1 1 0 1 1 1 1 1 1 1 1 1 0 1 0 1 1 1 1 1 
67 20 10100 0 1 1 1 1 1 1 1 1 1 1 1 1 1 1 1 0 0 1 1 
68 20 8578 1 1 1 1 0 0 0 1 1 1 1 1 1 1 1 1 1 1 1 1 
69 20 8361 1 1 1 1 1 0 1 1 1 0 0 0 1 1 1 1 1 1 1 1 
70 20 9610 1 1 1 1 1 1 1 1 1 0 1 1 1 1 0 1 1 1 0 1 
71 20 7306 1 1 1 0 1 0 0 1 1 1 1 1 1 1 1 1 1 1 1 1 
72 20 10436 1 1 0 1 0 1 1 0 1 1 1 0 1 1 1 1 1 1 1 1 
73 20 9752 1 0 1 1 0 1 1 1 1 0 1 1 1 1 1 1 1 1 1 1 
74 20 9102 1 1 1 1 1 1 1 1 1 1 1 0 1 0 1 0 1 1 1 1 
75 20 10316 1 1 1 1 1 1 1 1 1 1 1 1 0 1 0 1 1 0 1 1 
76 20 8463 1 1 1 1 0 1 1 1 1 1 0 1 0 1 1 1 1 1 0 1 
77 20 10873 1 1 1 1 0 1 1 1 1 1 1 0 1 0 1 1 0 1 1 1 
78 20 9943 1 0 1 1 1 1 1 1 1 1 1 1 1 1 1 1 0 1 1 0 
79 20 9204 0 1 1 1 1 1 1 1 1 1 1 0 0 1 1 1 1 1 1 1 
80 20 11320 1 1 0 1 1 1 1 1 1 1 1 1 0 1 0 1 1 1 1 1 
81 20 7798 1 1 1 0 1 0 1 1 1 0 1 1 0 1 1 1 1 1 1 0 
82 20 9911 1 1 0 0 1 1 1 1 0 1 1 1 1 1 1 1 1 1 1 1 
83 20 10724 1 1 1 1 1 1 1 1 1 1 0 1 1 1 0 0 0 1 1 1 
84 20 7743 1 1 1 1 0 1 0 1 1 1 1 1 1 1 1 1 1 0 1 1 
85 20 9640 1 0 1 1 1 1 0 1 1 1 1 1 1 1 1 1 0 1 1 1 
86 20 8840 1 1 1 1 1 1 1 0 0 0 1 1 1 1 1 0 1 1 1 1 
87 20 9266 1 0 1 1 1 0 1 1 1 1 0 1 1 1 1 1 1 0 1 1 
88 20 9197 1 1 1 1 0 1 0 1 1 1 0 1 1 1 1 1 1 1 1 1 
89 20 7410 1 1 1 1 1 1 1 0 1 1 1 1 1 1 0 1 1 0 0 1 
90 20 8922 1 1 1 1 1 1 1 1 1 1 1 0 0 1 1 0 1 1 1 1 
91 20 8129 1 1 1 1 1 1 1 1 1 0 1 1 0 1 1 1 1 0 1 1 
92 20 10388 1 1 1 1 0 1 1 1 1 0 1 1 1 1 0 0 1 1 1 1 
93 20 9366 1 1 1 1 1 1 1 1 1 0 0 1 1 0 1 0 1 1 1 1 
94 20 9710 1 1 0 0 1 1 1 1 1 1 1 1 1 0 1 1 1 1 1 1 
95 20 10281 0 1 1 0 1 1 1 1 0 1 1 1 0 1 1 1 1 1 1 1 
96 20 9140 0 1 0 1 1 1 1 1 1 1 1 1 0 1 0 1 0 1 1 1 
97 20 9467 1 1 0 1 1 1 1 1 0 1 1 1 1 0 1 1 1 1 1 1 
98 20 10697 0 1 1 0 1 1 1 1 0 1 1 1 1 1 1 1 1 1 1 1 
99 20 6494 0 1 0 0 1 1 0 1 1 1 1 1 1 1 1 1 0 1 1 1 
100 20 11370 1 1 1 1 1 1 0 1 1 1 0 1 1 1 1 0 1 1 1 0 
