1 20 8053 1 1 0 1 1 1 0 1 1 1 1 1 1 1 1 1 1 0 1 1 
2 20 11122 1 1 1 1 1 0 1 0 1 1 1 1 1 1 0 1 1 1 1 1 
3 20 10861 1 1 1 0 1 1 1 1 0 1 1 1 0 1 1 1 1 1 1 1 
4 20 10096 1 1 1 1 1 1 1 1 0 0 1 1 1 1 0 1 1 0 1 1 
5 20 12226 1 1 1 1 0 1 1 1 1 1 0 1 1 1 1 1 0 1 1 1 
6 20 11162 1 1 0 1 1 1 1 1 1 1 1 1 1 1 0 1 1 1 1 0 
7 20 10272 1 1 0 1 1 1 1 1 1 1 0 1 1 1 1 1 0 1 1 1 
8 20 8864 1 0 1 1 1 1 1 1 1 1 0 1 1 0 1 1 1 1 1 1 
9 20 9243 1 1 1 0 1 1 1 0 1 1 1 0 1 1 1 1 1 1 1 1 
10 20 8405 1 1 1 1 1 0 1 1 1 1 1 1 1 0 1 0 1 1 1 1 
11 20 8512 1 1 1 1 1 1 1 0 0 1 1 1 1 1 1 1 1 1 0 1 
12 20 7734 1 1 0 1 1 1 0 1 1 1 0 1 1 1 1 1 0 1 1 1 
13 20 9441 1 1 0 1 1 1 1 1 1 0 1 1 1 1 0 1 0 1 1 1 
14 20 8184 1 1 1 1 1 1 1 0 1 1 0 1 1 1 0 1 0 1 1 1 
15 20 12070 1 1 1 1 1 0 0 1 1 1 1 1 1 1 1 1 1 0 1 1 
16 20 9310 1 1 0 1 1 0 1 1 1 1 1 1 1 0 1 1 1 1 1 1 
17 20 9309 1 1 1 0 0 1 1 1 1 1 1 1 0 1 1 1 1 1 1 1 
18 20 9463 1 1 1 1 1 0 1 1 1 1 1 1 0 0 1 1 1 0 1 1 
19 20 9386 1 1 1 1 1 1 1 1 0 1 1 1 1 1 0 1 0 1 1 1 
20 20 9602 1 0 1 1 1 0 1 1 1 1 1 1 1 1 1 1 1 1 1 1 
21 20 10409 1 1 0 1 1 1 0 1 1 1 1 0 1 1 0 1 1 1 1 1 
22 20 7914 1 0 1 1 1 1 1 1 1 1 1 1 0 0 1 0 1 1 1 1 
23 20 11425 1 1 1 0 1 1 1 1 1 1 1 1 1 1 1 1 1 0 1 1 
24 20 10632 1 1 1 1 0 1 1 1 1 1 1 1 1 1 0 1 0 1 1 1 
25 20 8869 1 1 0 1 1 1 1 1 1 0 1 1 0 1 1 1 1 1 1 1 
26 20 11502 1 0 1 1 1 1 1 1 1 1 1 1 1 1 1 1 0 1 1 0 
27 20 11334 1 0 1 0 1 1 1 1 1 1 0 0 1 1 1 1 1 1 1 1 
28 20 9432 1 1 0 1 1 1 1 1 1 1 1 1 1 1 0 1 1 1 0 1 
29 20 10875 1 0 1 1 0 1 1 1 1 1 1 1 1 1 0 1 1 1 1 1 
30 20 9499 1 1 0 1 1 1 1 1 1 1 1 1 1 1 0 1 0 1 1 1 
31 20 9440 0 1 1 1 1 1 1 1 1 1 1 1 1 1 1 1 0 1 0 1 
32 20 10204 1 1 1 0 1 1 1 1 1 1 1 1 1 1 1 0 0 0 1 1 
33 20 10567 1 1 1 1 1 0 0 1 0 1 1 1 1 1 1 1 1 1 1 1 
34 20 10458 0 1 1 1 0 1 1 0 1 1 1 1 1 1 1 1 1 0 1 1 
35 20 10434 0 1 1 1 1 1 1 1 1 1 1 1 0 1 1 1 0 1 1 1 
36 20 9141 1 1 0 1 1 1 0 1 1 1 1 1 1 1 1 1 0 1 1 1 
37 20 9770 1 1 1 1 1 0 1 1 0 1 1 1 0 1 0 1 1 1 1 1 
38 20 8386 1 1 0 1 1 1 1 1 1 1 0 1 1 1 0 1 1 1 0 1 
39 20 9289 1 1 0 1 1 1 1 1 1 1 1 1 1 1 1 1 0 1 1 1 
40 20 10406 1 1 1 1 1 1 1 0 1 1 0 1 1 1 1 1 1 1 0 1 
41 20 8702 1 0 1 1 1 1 1 1 1 1 1 1 0 1 1 1 1 1 0 1 
42 20 8668 1 0 1 1 1 1 1 1 1 1 1 1 1 1 0 1 0 1 1 1 
43 20 8043 0 1 1 1 1 1 1 1 1 1 0 0 1 1 1 1 0 1 1 1 
44 20 7523 1 1 1 1 1 0 1 1 0 1 1 1 1 1 1 0 0 1 1 1 
45 20 10210 1 0 1 0 1 1 0 1 1 1 1 1 1 1 1 1 1 1 1 1 
46 20 8315 0 0 1 1 1 1 1 1 0 1 1 1 1 1 1 1 0 1 1 1 
47 20 8195 1 1 1 1 0 1 1 1 1 1 1 1 1 0 1 1 1 1 0 1 
48 20 9885 1 1 1 1 1 1 1 1 1 1 1 1 1 0 0 1 1 1 1 0 
49 20 9546 1 1 1 1 1 1 1 1 1 0 1 0 1 0 0 1 1 1 1 1 
50 20 8628 1 0 1 1 0 1 1 1 1 1 1 1 0 0 1 1 0 1 1 1 
51 20 10530 1 1 0 1 1 1 1 1 0 1 1 1 1 1 1 1 0 1 1 1 
52 20 10293 1 1 1 1 1 1 1 1 0 1 1 1 1 1 0 0 1 1 1 1 
53 20 11008 1 1 1 1 1 1 1 1 1 1 0 0 1 0 1 1 1 1 1 1 
54 20 10485 1 1 1 1 1 1 1 1 1 1 1 1 0 0 1 0 1 1 1 1 
55 20 9115 1 1 0 1 1 1 1 1 1 1 0 0 1 1 1 1 1 1 1 1 
56 20 6932 1 0 1 1 1 1 1 1 1 1 1 0 1 0 1 1 1 1 1 1 
57 20 8079 1 1 1 1 1 1 0 1 0 1 0 1 1 1 1 1 1 1 1 1 
58 20 11638 1 1 1 1 0 1 1 1 1 1 1 1 0 1 1 1 0 1 1 1 
59 20 9803 1 1 1 0 1 1 1 1 1 1 0 1 1 1 1 1 1 0 1 1 
60 20 9808 1 1 1 1 1 1 1 0 1 1 1 1 1 1 1 0 0 1 0 1 
61 20 8619 1 0 1 0 0 1 1 1 1 1 1 1 1 1 0 1 1 1 1 1 
62 20 9981 1 1 1 1 1 1 1 1 1 0 1 0 1 1 1 1 1 1 0 1 
63 20 9386 1 1 1 1 1 1 1 0 1 1 0 1 1 1 0 1 1 1 1 1 
64 20 9329 1 1 1 1 1 0 1 1 1 1 0 1 1 1 1 1 1 0 1 1 
65 20 9966 1 1 1 1 1 1 0 0 1 1 1 1 1 1 1 1 0 1 1 1 
66 20 7939 1 0 1 1 1 1 1 1 1 1 1 0 1 0 1 1 1 1 1 1 
67 20 9941 0 1 1 1 1 1 0 1 1 1 1 1 1 1 1 1 1 1 1 0 
68 20 11604 1 1 1 1 0 1 1 1 1 0 1 0 1 1 1 1 1 1 1 1 
69 20 9341 1 1 1 1 1 1 1 1 1 1 1 0 1 0 0 1 1 1 1 1 
70 20 10014 0 1 1 1 1 1 1 1 1 0 1 1 0 1 1 1 1 1 1 1 
71 20 9570 1 1 1 1 1 1 1 1 1 1 1 0 1 0 1 0 1 1 1 1 
72 20 10066 1 1 0 1 1 1 1 1 1 1 1 0 1 1 0 1 1 1 1 1 
73 20 9932 1 0 1 1 1 1 0 1 1 1 1 1 1 0 1 0 1 1 1 1 
74 20 7850 1 1 1 0 1 1 1 1 0 1 1 1 1 1 1 1 1 1 0 1 
75 20 11276 1 1 1 1 1 1 1 1 1 1 1 1 1 0 1 1 0 1 1 0 
76 20 11113 1 1 1 1 1 1 0 0 1 1 1 1 1 1 1 0 1 1 1 1 
77 20 8221 0 1 1 1 1 1 1 0 1 1 1 0 1 1 1 0 1 1 0 1 
78 20 11343 1 1 1 1 1 0 1 1 1 1 1 1 0 1 1 1 0 1 1 1 
79 20 8580 1 1 1 1 1 0 1 1 1 1 1 1 1 1 1 1 0 1 1 0 
80 20 8487 1 1 1 0 0 0 1 1 1 1 1 0 1 1 1 1 1 1 1 1 
81 20 8931 1 1 0 1 1 1 1 1 1 0 1 0 1 1 1 1 1 1 1 1 
82 20 11142 1 1 0 1 1 1 1 1 1 1 1 1 1 1 1 1 0 1 0 1 
83 20 8242 1 1 1 1 0 1 1 1 1 1 1 0 1 1 1 1 1 1 1 1 
84 20 10121 1 1 1 1 0 1 1 1 1 0 1 1 1 1 1 1 1 0 1 1 
85 20 9416 1 1 0 1 1 1 1 1 0 1 1 1 0 1 1 1 1 0 1 1 
86 20 9722 0 1 1 1 1 1 1 1 1 1 0 1 1 1 1 1 1 0 0 1 
87 20 11249 1 1 1 1 1 0 1 1 0 1 1 1 1 1 1 1 0 1 1 1 
88 20 10529 0 1 1 1 1 1 1 1 0 1 1 1 1 1 0 1 1 1 0 1 
89 20 8927 1 1 1 0 1 1 0 1 0 1 1 1 1 1 1 1 1 1 1 1 
90 20 7119 1 1 1 1 1 1 1 1 1 1 1 1 1 1 0 1 1 0 1 1 
91 20 10708 0 1 1 1 1 0 0 1 1 1 1 1 1 0 1 1 1 1 1 0 
92 20 10665 1 0 1 1 1 1 0 1 1 1 1 1 0 1 1 1 1 1 1 1 
93 20 10669 1 1 1 1 1 1 1 1 0 1 1 1 1 1 1 1 1 0 1 0 
94 20 11623 1 1 1 0 1 1 1 1 0 1 1 1 1 1 1 1 0 1 1 1 
95 20 7897 1 1 1 1 1 1 1 1 1 1 1 0 1 1 1 1 1 1 0 0 
96 20 10017 1 1 1 0 0 1 1 1 1 1 0 1 1 1 1 1 1 1 1 1 
97 20 10515 1 0 1 1 1 1 1 1 1 1 0 1 1 1 1 1 1 1 0 1 
98 20 11251 1 1 1 0 1 1 1 1 1 1 1 1 1 1 1 0 1 1 1 1 
99 20 11061 1 1 1 1 1 1 1 1 1 1 1 1 1 1 0 1 1 0 1 0 
100 20 9561 1 1 1 1 1 1 1 1 1 1 1 1 0 0 1 1 1 1 0 1 
