1 20 5935 1 0 1 1 1 1 1 1 0 1 1 1 1 0 1 1 1 0 1 1 
2 20 8902 0 1 1 1 1 1 1 1 1 1 0 1 1 0 1 1 1 0 1 1 
3 20 11504 1 1 1 1 1 1 1 0 1 1 1 1 1 1 0 1 0 1 1 1 
4 20 11114 1 1 1 1 0 1 0 1 1 1 1 1 1 1 1 1 1 1 0 1 
5 20 11068 0 1 1 1 1 0 1 1 1 1 1 1 1 1 1 1 1 0 1 1 
6 20 9066 1 1 1 1 1 1 1 1 1 0 1 0 1 1 1 1 0 1 1 1 
7 20 8008 0 1 1 1 1 1 1 1 1 1 1 1 1 1 0 1 1 1 0 1 
8 20 9524 1 1 1 1 1 0 1 1 1 0 1 1 1 1 1 1 1 0 1 1 
9 20 10405 1 0 1 1 1 1 1 1 1 1 0 0 1 1 1 1 1 1 1 1 
10 20 11770 0 1 1 1 1 1 1 1 1 1 1 1 1 1 1 1 1 0 1 0 
11 20 9941 1 1 1 0 1 1 1 1 1 1 0 1 0 1 1 1 1 1 1 0 
12 20 9440 1 0 0 1 1 1 1 1 1 1 1 1 1 1 1 1 1 0 1 1 
13 20 7942 1 1 1 1 1 0 1 1 1 1 1 1 1 1 1 1 0 1 0 0 
14 20 9179 0 1 1 1 1 1 1 1 1 1 1 0 1 1 1 1 1 0 1 1 
15 20 10158 0 1 1 0 1 1 1 1 1 1 1 1 0 1 1 1 1 1 1 1 
16 20 9811 1 1 1 1 1 1 1 1 0 1 1 0 1 1 0 1 0 1 1 1 
17 20 11040 1 1 1 1 0 1 1 1 1 1 0 1 0 1 1 1 1 1 1 1 
18 20 11588 1 1 1 1 1 0 0 1 1 1 1 1 1 0 1 1 1 1 1 1 
19 20 11187 1 0 1 1 0 1 1 1 0 1 1 1 1 1 1 1 1 0 1 1 
20 20 9191 1 0 0 1 1 1 1 1 1 1 1 1 1 0 1 1 1 1 1 0 
21 20 10365 1 1 1 1 0 1 1 1 1 1 1 0 1 1 1 0 1 1 1 1 
22 20 8295 1 0 1 1 1 1 1 1 1 1 0 0 1 1 1 1 1 1 1 1 
23 20 9442 1 1 1 1 1 1 1 1 0 0 1 0 1 1 1 1 1 1 1 1 
24 20 8074 1 1 0 1 1 0 1 1 1 1 1 0 1 1 1 0 1 1 1 1 
25 20 8801 1 1 1 1 1 1 0 1 1 1 1 0 1 1 1 1 1 1 1 1 
26 20 9848 1 1 1 1 1 1 1 0 1 0 1 1 0 1 1 1 1 1 1 0 
27 20 8790 1 1 1 1 0 1 0 0 0 1 1 1 1 1 1 1 1 1 1 1 
28 20 9482 0 1 1 1 1 1 0 1 1 1 1 1 1 1 0 1 1 1 1 1 
29 20 7339 1 1 0 1 1 1 1 1 1 1 1 1 1 0 1 1 1 1 1 0 
30 20 7957 1 0 0 1 1 1 1 1 0 1 1 1 1 1 1 1 1 1 1 1 
31 20 9042 1 1 1 1 0 1 1 1 1 1 1 1 1 0 1 1 0 1 1 0 
32 20 10752 1 1 1 1 1 1 1 1 1 0 1 1 0 0 1 1 0 1 1 1 
33 20 7655 1 1 1 0 1 0 1 1 1 1 1 1 1 1 1 1 1 0 1 1 
34 20 9773 1 1 1 1 1 1 1 1 0 1 1 0 1 1 1 1 0 1 1 1 
35 20 11399 1 1 1 0 1 1 1 1 1 1 1 1 1 1 1 1 1 0 0 1 
36 20 9021 1 1 1 1 0 1 1 1 1 1 1 1 1 1 0 1 1 1 0 0 
37 20 9883 1 1 1 1 0 1 1 1 1 1 1 1 1 1 0 1 0 1 1 1 
38 20 9951 1 1 1 1 0 1 1 1 1 1 1 1 1 1 1 1 1 0 0 1 
39 20 7479 1 1 1 1 1 1 1 1 1 1 1 0 1 1 1 1 1 0 0 0 
40 20 9502 1 1 0 0 1 1 1 1 1 1 0 1 1 1 1 1 1 1 1 1 
41 20 9807 1 1 1 1 0 1 1 1 1 1 0 1 1 1 1 1 1 1 0 1 
42 20 8535 1 0 0 1 1 1 1 0 1 1 1 1 1 1 1 1 0 1 1 1 
43 20 10298 1 1 0 1 1 1 1 1 1 0 1 0 1 1 1 1 1 1 1 1 
44 20 9289 1 1 1 1 1 1 0 1 1 1 1 0 1 1 1 1 1 0 1 1 
45 20 9266 1 1 1 1 1 1 1 1 1 1 1 1 0 1 1 1 0 1 1 0 
46 20 9230 0 1 1 1 1 1 1 0 1 1 1 1 1 0 1 1 1 1 1 1 
47 20 11081 1 1 1 1 0 1 1 1 1 1 0 1 1 1 1 1 1 1 1 1 
48 20 11953 0 0 1 0 1 1 1 1 1 0 1 1 1 1 1 1 1 1 1 1 
49 20 9948 1 1 1 1 1 0 1 0 1 1 1 1 1 0 1 1 1 1 1 1 
50 20 8872 1 1 1 1 1 1 1 1 0 1 1 1 0 0 1 1 1 0 1 1 
51 20 9106 1 1 1 0 1 1 1 1 1 0 1 0 1 1 1 1 1 1 1 1 
52 20 9099 1 1 1 1 1 1 1 0 1 1 1 1 0 1 0 1 1 1 1 1 
53 20 9072 1 1 1 1 1 1 1 1 1 1 0 1 1 0 1 1 0 0 1 1 
54 20 10432 0 1 0 0 0 1 1 1 1 1 1 1 1 1 1 1 1 1 1 1 
55 20 12975 0 0 1 1 1 1 1 1 1 1 1 1 1 1 1 1 1 0 1 1 
56 20 7891 1 1 1 1 1 1 1 1 1 0 1 0 1 0 1 1 1 1 1 1 
57 20 9601 1 0 1 1 1 1 1 1 1 0 1 1 0 1 0 1 1 1 1 1 
58 20 11059 1 1 1 0 1 1 1 0 0 1 1 1 1 1 1 1 1 1 1 1 
59 20 8952 1 1 1 1 1 1 0 1 0 1 1 1 1 1 0 1 1 1 1 1 
60 20 9219 0 1 1 1 1 1 1 1 0 1 1 1 1 1 0 0 1 1 1 1 
61 20 9979 1 1 1 1 1 1 1 1 1 1 1 1 1 1 0 1 0 0 1 1 
62 20 10208 1 1 0 1 0 1 1 1 1 0 1 1 1 1 1 0 1 1 1 1 
63 20 9536 1 1 1 1 1 1 1 1 1 1 0 0 1 1 1 1 1 1 0 1 
64 20 9059 1 1 1 1 1 1 1 0 0 1 1 0 1 1 1 1 1 1 1 1 
65 20 7983 1 1 1 1 0 1 1 1 1 1 0 1 1 1 1 1 1 0 1 1 
66 20 10570 1 1 1 1 1 0 0 1 1 0 1 1 1 1 1 1 1 1 1 1 
67 20 9405 1 1 0 1 1 1 0 0 1 1 1 1 0 0 0 1 1 1 1 1 
68 20 8027 1 1 1 1 1 1 1 1 1 1 1 1 1 1 0 0 0 1 1 0 
69 20 9113 1 1 1 1 0 1 0 1 1 1 1 1 1 1 1 0 1 1 1 1 
70 20 10654 1 1 1 0 0 1 0 1 1 1 1 1 1 1 1 1 1 1 1 1 
71 20 8250 1 1 1 1 1 1 1 1 0 1 1 0 1 1 0 1 1 1 1 1 
72 20 11208 1 1 1 1 1 0 1 1 1 1 1 1 1 1 1 1 1 0 0 1 
73 20 10612 0 0 1 0 1 1 1 1 1 1 1 1 1 1 1 0 1 1 1 1 
74 20 8420 1 1 1 0 0 1 1 1 1 1 1 1 1 1 1 0 0 1 1 1 
75 20 8133 1 1 1 0 1 1 1 1 1 1 1 1 0 1 1 1 1 1 0 1 
76 20 9413 1 1 1 0 1 1 0 1 1 1 1 1 1 1 1 1 0 1 1 1 
77 20 10914 1 1 0 1 1 0 1 1 1 1 1 1 1 0 1 1 1 1 1 0 
78 20 9851 1 0 0 1 0 1 1 1 0 1 1 1 1 1 1 1 1 1 1 1 
79 20 7628 1 1 1 1 1 1 1 1 1 0 1 1 1 1 1 1 0 1 1 1 
80 20 11521 1 1 1 1 1 1 1 1 1 1 1 1 1 1 1 0 0 0 1 1 
81 20 12041 1 1 1 0 1 1 1 1 1 0 1 1 1 1 1 1 1 1 1 1 
82 20 10324 1 1 1 0 1 1 1 1 1 1 1 0 0 1 1 1 1 1 1 1 
83 20 10668 1 1 1 1 1 0 1 1 1 1 1 1 1 1 1 1 1 0 1 1 
84 20 8860 1 1 1 1 1 1 1 1 0 1 1 1 0 1 1 0 1 1 1 1 
85 20 9740 1 1 1 0 1 1 1 1 1 0 1 1 0 1 1 1 1 1 1 1 
86 20 10397 1 1 1 0 1 1 1 1 0 0 1 1 1 1 1 1 0 1 1 1 
87 20 9165 0 1 1 1 1 1 1 0 1 0 1 1 1 1 1 0 1 1 1 1 
88 20 10205 1 0 1 1 1 1 1 1 0 1 1 1 1 1 1 0 1 1 1 1 
89 20 8019 1 1 0 1 1 0 1 0 1 1 1 1 1 1 1 1 1 1 0 1 
90 20 11070 1 1 1 1 1 1 1 0 1 1 1 0 1 1 1 1 0 1 1 1 
91 20 9570 1 1 1 1 1 1 1 1 1 0 1 1 1 1 1 0 0 1 1 1 
92 20 9625 1 1 1 1 1 1 0 0 1 1 1 0 1 1 1 1 1 1 1 1 
93 20 8253 1 1 1 1 1 1 0 1 1 1 1 1 0 1 0 1 0 1 1 1 
94 20 10407 1 1 1 1 1 1 1 1 0 1 1 1 1 1 1 1 1 0 0 1 
95 20 8528 0 1 1 1 1 1 1 0 1 0 1 1 1 0 1 1 1 1 1 1 
96 20 8085 0 1 0 1 1 1 1 1 0 0 1 1 1 1 1 1 1 1 1 1 
97 20 9366 1 1 1 0 1 1 1 1 1 1 1 0 1 1 0 1 1 1 1 1 
98 20 8289 1 1 1 1 1 1 1 1 0 0 1 1 1 1 0 1 1 0 1 1 
99 20 10215 1 1 1 0 1 0 1 0 1 1 1 1 1 1 1 1 1 1 1 1 
100 20 8037 1 0 0 0 1 1 1 1 1 1 1 1 1 1 1 1 1 1 1 1 
