1 7041 -1 8193 -1 0.049479
2 9036 -1 6384 -1 0.031380
3 8601 -1 6663 -1 0.031422
4 8666 -1 3961 -1 0.032436
5 9514 -1 6740 -1 0.036568
6 9306 -1 1728 -1 0.018274
7 8650 -1 3988 -1 0.024349
8 9637 -1 9498 -1 0.050748
9 10056 -1 6921 -1 0.039017
10 9486 -1 7799 -1 0.063774
11 9280 -1 8844 -1 0.039331
12 8990 -1 6726 -1 0.031561
13 10175 -1 3629 -1 0.025807
14 10411 -1 7787 -1 0.043624
15 8729 -1 9553 -1 0.054089
16 8247 -1 8972 -1 0.038999
17 7798 -1 5344 -1 0.034465
18 9384 -1 2700 -1 0.025039
19 8495 -1 5256 -1 0.033564
20 8531 -1 5447 -1 0.033794
21 8665 -1 2907 -1 0.026898
22 8227 -1 11101 -1 0.037875
23 8831 -1 10834 -1 0.041583
24 8839 -1 9865 -1 0.051312
25 9071 -1 7556 -1 0.037900
26 10196 -1 6172 -1 0.040408
27 8066 -1 5499 -1 0.028429
28 10059 -1 7024 -1 0.038201
29 9876 -1 7888 -1 0.035779
30 9172 -1 3524 -1 0.025766
31 8207 -1 10220 -1 0.050102
32 7788 -1 3051 -1 0.033690
33 9742 -1 3830 -1 0.025635
34 9084 -1 5885 -1 0.033532
35 8101 -1 10987 -1 0.048741
36 8254 -1 6104 -1 0.030378
37 9809 -1 3535 -1 0.019927
38 9428 -1 9072 -1 0.038059
39 7250 -1 8186 -1 0.033227
40 9235 -1 6045 -1 0.031438
41 9545 -1 7447 -1 0.039499
42 10019 -1 1899 -1 0.023104
43 7702 -1 10346 -1 0.050037
44 9619 -1 8082 -1 0.047033
45 8871 -1 2895 -1 0.049799
46 9727 -1 7589 -1 0.036425
47 8603 -1 1230 -1 0.018179
48 9515 -1 4181 -1 0.027554
49 9283 -1 9545 -1 0.043130
50 9964 -1 8081 -1 0.046796
51 8750 -1 3329 -1 0.031844
52 8445 -1 8169 -1 0.034710
53 10292 -1 6591 -1 0.035838
54 7846 -1 5240 -1 0.033015
55 9808 -1 7939 -1 0.044067
56 9550 -1 1536 -1 0.019429
57 7870 -1 1072 -1 0.017102
58 9778 -1 4184 -1 0.033917
59 9084 -1 5785 -1 0.037000
60 9078 -1 4975 -1 0.032490
61 8740 -1 2427 -1 0.030017
62 9870 -1 7126 -1 0.039559
63 8705 -1 7415 -1 0.036628
64 7967 -1 4274 -1 0.035055
65 9391 -1 3952 -1 0.038412
66 8613 -1 9065 -1 0.051800
67 8490 -1 5350 -1 0.028961
68 9073 -1 7414 -1 0.036333
69 7659 -1 8253 -1 0.038307
70 9739 -1 2801 -1 0.025548
71 8667 -1 6823 -1 0.033276
72 7871 -1 3101 -1 0.034117
73 9435 -1 599 -1 0.013019
74 10138 -1 8201 -1 0.048086
75 9562 -1 5411 -1 0.040923
76 7115 -1 2655 -1 0.022377
77 9809 -1 1805 -1 0.017811
78 8112 -1 2365 -1 0.024679
79 8454 -1 4041 -1 0.044110
80 9021 -1 2350 -1 0.021513
81 8342 -1 7818 -1 0.031062
82 9511 -1 6076 -1 0.036741
83 9335 -1 4215 -1 0.025393
84 8302 -1 4029 -1 0.026978
85 10360 -1 5595 -1 0.027391
86 8288 -1 3981 -1 0.040870
87 8668 -1 6421 -1 0.035236
88 8508 -1 952 -1 0.016338
89 8190 -1 6415 -1 0.039255
90 8253 -1 4320 -1 0.032278
91 8927 -1 6746 -1 0.033462
92 9599 -1 9268 -1 0.037758
93 8448 -1 6400 -1 0.042452
94 8330 -1 1926 -1 0.019748
95 8551 -1 4218 -1 0.025459
96 8324 -1 4587 -1 0.030695
97 7686 -1 1059 -1 0.016845
98 9564 -1 9820 -1 0.044902
99 8826 -1 8124 -1 0.035714
100 9428 -1 8479 -1 0.039731
101 9799 -1 6778 -1 0.034264
102 8733 -1 6622 -1 0.037061
103 9835 -1 8026 -1 0.034848
104 9512 -1 5080 -1 0.023589
105 9306 -1 7463 -1 0.051960
106 9197 -1 7091 -1 0.038299
107 8544 -1 7471 -1 0.049244
108 8920 -1 6104 -1 0.036832
109 7436 -1 2079 -1 0.019008
110 8249 -1 8615 -1 0.044633
111 7925 -1 4886 -1 0.030848
112 9066 -1 8541 -1 0.035730
113 8941 -1 2497 -1 0.027031
114 8514 -1 697 -1 0.012006
115 10189 -1 4598 -1 0.028993
116 8767 -1 4232 -1 0.038012
117 9135 -1 5679 -1 0.036027
118 8864 -1 5121 -1 0.035834
119 8574 -1 7904 -1 0.030565
120 9794 -1 6161 -1 0.034126
121 7508 -1 3086 -1 0.018764
122 9261 -1 3963 -1 0.027252
123 9621 -1 2684 -1 0.020494
124 8286 -1 6839 -1 0.040262
125 8597 -1 4585 -1 0.023953
126 9309 -1 4641 -1 0.029535
127 7167 -1 2174 -1 0.020757
128 8535 -1 6315 -1 0.048582
129 7914 -1 2480 -1 0.028419
130 8882 -1 10431 -1 0.050077
131 10604 -1 4800 -1 0.031870
132 8509 -1 2425 -1 0.026325
133 10022 -1 7149 -1 0.029477
134 8502 -1 5141 -1 0.026519
135 8682 -1 3664 -1 0.029828
136 9485 -1 3945 -1 0.053948
137 8839 -1 6739 -1 0.037257
138 8266 -1 7270 -1 0.039339
139 9299 -1 7118 -1 0.034752
140 9254 -1 10438 -1 0.061281
141 9565 -1 7627 -1 0.032560
142 9381 -1 5349 -1 0.023864
143 8889 -1 2557 -1 0.017954
144 7992 -1 10334 -1 0.053593
145 8979 -1 9504 -1 0.045954
146 9301 -1 3276 -1 0.028239
147 8144 -1 6514 -1 0.032641
148 9975 -1 2438 -1 0.026654
149 10495 -1 4764 -1 0.028994
150 9259 -1 4972 -1 0.023234
151 9466 -1 3257 -1 0.021853
152 8846 -1 1620 -1 0.022700
153 7989 -1 4475 -1 0.025978
154 8016 -1 5591 -1 0.029117
155 8979 -1 8537 -1 0.041463
156 8735 -1 9194 -1 0.061316
157 8438 -1 7061 -1 0.045013
158 8648 -1 1769 -1 0.021629
159 9086 -1 6562 -1 0.030496
160 10578 -1 2370 -1 0.020764
161 7283 -1 1571 -1 0.025305
162 7573 -1 458 -1 0.009333
163 8492 -1 6834 -1 0.039507
164 10033 -1 2488 -1 0.022647
165 7359 -1 5782 -1 0.037488
166 10509 -1 7402 -1 0.046600
167 8436 -1 4374 -1 0.032353
168 10902 -1 2639 -1 0.020262
169 10050 -1 7670 -1 0.044552
170 9855 -1 6177 -1 0.038730
171 9996 -1 7271 -1 0.040515
172 8818 -1 1631 -1 0.019845
173 8234 -1 11072 -1 0.050022
174 8042 -1 4647 -1 0.028978
175 8166 -1 3923 -1 0.028153
176 7778 -1 4749 -1 0.046625
177 10723 -1 6229 -1 0.041145
178 9780 -1 7241 -1 0.044306
179 9879 -1 4235 -1 0.028261
180 9795 -1 7639 -1 0.045412
181 9784 -1 4351 -1 0.032430
182 9177 -1 2826 -1 0.033121
183 9148 -1 5171 -1 0.030853
184 9154 -1 6540 -1 0.037785
185 8021 -1 2399 -1 0.026900
186 9183 -1 5496 -1 0.031453
187 9329 -1 8685 -1 0.053035
188 10067 -1 7603 -1 0.040714
189 8952 -1 6738 -1 0.032226
190 8698 -1 9813 -1 0.042884
191 8824 -1 3252 -1 0.025482
192 10463 -1 6134 -1 0.029790
193 8836 -1 8966 -1 0.038322
194 8309 -1 6959 -1 0.046531
195 8637 -1 7768 -1 0.029632
196 9778 -1 2546 -1 0.020924
197 7918 -1 2013 -1 0.027532
198 9086 -1 5865 -1 0.037309
199 7820 -1 3304 -1 0.025441
200 8083 -1 6931 -1 0.037097
