1001 10 3800 167 259 857 172 759 568 454 660 458 800 435 89 145 269 299 297 785 586 391 401
2001 10 3800 759 568 167 259 458 800 299 297 857 172 785 586 145 269 454 660 391 401 435 89
3001 10 3800 391 401 785 586 857 172 435 89 299 297 759 568 458 800 167 259 454 660 145 269
4001 10 3800 391 401 785 586 454 660 458 800 167 259 857 172 299 297 145 269 759 568 435 89
5001 10 3800 167 259 299 297 454 660 857 172 145 269 458 800 435 89 785 586 391 401 759 568
1002 10 2698 330 572 260 877 65 334 871 852 326 298 453 189 64 833 172 354 471 197 361 166
2002 10 2698 471 197 172 354 871 852 64 833 260 877 65 334 453 189 330 572 361 166 326 298
3002 10 2698 453 189 361 166 64 833 326 298 260 877 871 852 65 334 330 572 172 354 471 197
4002 10 2698 64 833 65 334 330 572 260 877 471 197 453 189 361 166 871 852 326 298 172 354
5002 10 2698 260 877 64 833 326 298 361 166 172 354 330 572 471 197 65 334 453 189 871 852
1003 10 2731 351 708 258 782 300 86 139 833 45 588 802 951 250 307 574 67 656 270 39 607
2003 10 2731 351 708 45 588 300 86 258 782 574 67 656 270 802 951 39 607 250 307 139 833
3003 10 2731 351 708 139 833 656 270 39 607 250 307 258 782 45 588 802 951 300 86 574 67
4003 10 2731 39 607 802 951 300 86 351 708 45 588 656 270 250 307 139 833 574 67 258 782
5003 10 2731 250 307 574 67 656 270 258 782 802 951 139 833 300 86 39 607 351 708 45 588
1004 10 3137 279 332 609 933 685 768 458 780 782 643 430 682 51 48 183 102 188 448 257 138
2004 10 3137 430 682 458 780 183 102 188 448 609 933 279 332 257 138 782 643 685 768 51 48
3004 10 3137 188 448 51 48 279 332 685 768 183 102 609 933 430 682 257 138 782 643 458 780
4004 10 3137 458 780 609 933 183 102 188 448 685 768 257 138 51 48 279 332 430 682 782 643
5004 10 3137 782 643 458 780 188 448 685 768 279 332 609 933 257 138 51 48 183 102 430 682
1005 10 2828 74 437 733 887 231 731 817 412 362 553 228 886 210 605 517 776 329 944 35 202
2005 10 2828 329 944 517 776 35 202 817 412 231 731 74 437 733 887 228 886 210 605 362 553
3005 10 2828 35 202 231 731 817 412 228 886 517 776 210 605 329 944 74 437 362 553 733 887
4005 10 2828 74 437 362 553 329 944 228 886 517 776 35 202 817 412 733 887 210 605 231 731
5005 10 2828 733 887 817 412 74 437 362 553 231 731 228 886 517 776 329 944 35 202 210 605
1006 10 3300 677 660 356 919 231 63 718 676 21 642 129 769 735 637 344 343 367 475 547 796
2006 10 3300 231 63 367 475 21 642 735 637 356 919 129 769 547 796 677 660 718 676 344 343
3006 10 3300 344 343 735 637 677 660 21 642 231 63 547 796 129 769 718 676 367 475 356 919
4006 10 3300 547 796 129 769 367 475 718 676 344 343 735 637 231 63 677 660 356 919 21 642
5006 10 3300 356 919 21 642 547 796 677 660 129 769 718 676 735 637 344 343 231 63 367 475
1007 10 2594 68 990 415 698 296 518 571 281 152 579 816 226 603 970 126 423 175 375 21 992
2007 10 2594 415 698 21 992 126 423 152 579 296 518 603 970 175 375 68 990 571 281 816 226
3007 10 2594 296 518 816 226 152 579 21 992 126 423 68 990 603 970 175 375 571 281 415 698
4007 10 2594 152 579 21 992 68 990 126 423 603 970 415 698 816 226 296 518 571 281 175 375
5007 10 2594 68 990 175 375 152 579 21 992 415 698 571 281 126 423 816 226 603 970 296 518
1008 10 3963 538 434 84 166 490 825 194 559 904 710 593 943 669 534 647 67 57 777 778 631
2008 10 3963 57 777 904 710 647 67 669 534 778 631 490 825 84 166 538 434 593 943 194 559
3008 10 3963 57 777 593 943 647 67 84 166 490 825 669 534 904 710 538 434 778 631 194 559
4008 10 3963 904 710 647 67 490 825 57 777 669 534 194 559 538 434 778 631 593 943 84 166
5008 10 3963 904 710 490 825 593 943 669 534 538 434 84 166 194 559 778 631 647 67 57 777
1009 10 2308 706 203 290 813 20 450 521 810 179 468 156 990 386 256 200 71 212 124 216 490
2009 10 2308 216 490 200 71 156 990 212 124 290 813 179 468 20 450 386 256 521 810 706 203
3009 10 2308 156 990 290 813 212 124 706 203 216 490 200 71 521 810 20 450 386 256 179 468
4009 10 2308 290 813 156 990 706 203 200 71 216 490 212 124 386 256 179 468 20 450 521 810
5009 10 2308 200 71 212 124 156 990 20 450 386 256 290 813 521 810 706 203 216 490 179 468
1010 10 4420 635 406 617 119 828 225 913 119 379 500 331 312 600 879 891 604 200 719 131 498
2010 10 4420 600 879 379 500 913 119 131 498 635 406 828 225 891 604 331 312 617 119 200 719
3010 10 4420 635 406 828 225 913 119 331 312 600 879 200 719 891 604 131 498 617 119 379 500
4010 10 4420 331 312 131 498 379 500 200 719 635 406 913 119 828 225 891 604 617 119 600 879
5010 10 4420 331 312 600 879 828 225 891 604 913 119 131 498 379 500 200 719 617 119 635 406
1011 10 3424 433 320 688 599 908 34 7 317 342 928 758 330 68 142 83 54 91 258 903 945
2011 10 3424 908 34 903 945 342 928 758 330 83 54 7 317 433 320 68 142 688 599 91 258
3011 10 3424 688 599 91 258 903 945 7 317 83 54 908 34 68 142 342 928 758 330 433 320
4011 10 3424 903 945 688 599 342 928 7 317 433 320 68 142 758 330 91 258 908 34 83 54
5011 10 3424 433 320 91 258 903 945 68 142 83 54 342 928 758 330 688 599 7 317 908 34
1012 10 3247 685 982 725 746 213 898 369 963 73 489 930 533 295 839 146 207 622 209 1 6
2012 10 3247 369 963 725 746 1 6 146 207 73 489 622 209 930 533 685 982 213 898 295 839
3012 10 3247 213 898 369 963 622 209 1 6 146 207 295 839 685 982 725 746 930 533 73 489
4012 10 3247 1 6 725 746 369 963 146 207 213 898 930 533 73 489 685 982 622 209 295 839
5012 10 3247 622 209 369 963 73 489 725 746 213 898 295 839 1 6 930 533 146 207 685 982
1013 10 3300 105 472 528 955 529 221 399 773 28 882 553 884 615 836 444 632 271 141 653 963
2013 10 3300 615 836 444 632 105 472 28 882 653 963 553 884 529 221 528 955 399 773 271 141
3013 10 3300 444 632 553 884 271 141 529 221 653 963 528 955 28 882 399 773 615 836 105 472
4013 10 3300 528 955 28 882 653 963 271 141 553 884 105 472 399 773 615 836 444 632 529 221
5013 10 3300 28 882 444 632 553 884 528 955 529 221 271 141 105 472 653 963 615 836 399 773
1014 10 3056 520 83 80 633 328 590 572 768 813 249 407 210 40 153 581 440 477 494 2 635
2014 10 3056 40 153 813 249 2 635 477 494 520 83 407 210 572 768 328 590 581 440 80 633
3014 10 3056 581 440 2 635 80 633 477 494 813 249 40 153 572 768 520 83 328 590 407 210
4014 10 3056 813 249 328 590 407 210 477 494 80 633 572 768 40 153 581 440 2 635 520 83
5014 10 3056 80 633 520 83 328 590 2 635 581 440 572 768 40 153 477 494 407 210 813 249
1015 10 2035 277 150 203 865 69 915 202 898 683 711 124 959 212 407 203 751 306 898 265 536
2015 10 2035 69 915 277 150 306 898 683 711 265 536 203 865 212 407 203 751 202 898 124 959
3015 10 2035 265 536 202 898 124 959 69 915 212 407 683 711 203 751 203 865 277 150 306 898
4015 10 2035 124 959 202 898 277 150 683 711 203 751 306 898 212 407 265 536 203 865 69 915
5015 10 2035 265 536 69 915 203 751 203 865 277 150 306 898 124 959 212 407 202 898 683 711
1016 10 2570 211 415 66 595 46 564 766 92 214 198 134 860 589 59 768 297 75 394 344 782
2016 10 2570 134 860 344 782 214 198 768 297 46 564 766 92 66 595 211 415 589 59 75 394
3016 10 2570 766 92 344 782 768 297 66 595 75 394 211 415 46 564 214 198 134 860 589 59
4016 10 2570 75 394 589 59 46 564 766 92 211 415 214 198 768 297 344 782 66 595 134 860
5016 10 2570 768 297 214 198 344 782 75 394 211 415 66 595 589 59 766 92 46 564 134 860
1017 10 2977 326 91 425 133 487 751 474 494 132 909 138 861 643 967 107 202 860 430 130 462
2017 10 2977 425 133 860 430 643 967 474 494 130 462 107 202 326 91 132 909 138 861 487 751
3017 10 2977 860 430 326 91 474 494 425 133 643 967 132 909 487 751 107 202 138 861 130 462
4017 10 2977 132 909 474 494 425 133 138 861 487 751 643 967 860 430 326 91 107 202 130 462
5017 10 2977 132 909 107 202 643 967 474 494 326 91 130 462 425 133 138 861 860 430 487 751
1018 10 3298 684 593 825 749 277 525 479 273 233 33 636 931 434 908 46 621 433 977 76 118
2018 10 3298 233 33 479 273 434 908 76 118 825 749 636 931 433 977 684 593 277 525 46 621
3018 10 3298 434 908 479 273 277 525 433 977 46 621 825 749 233 33 684 593 76 118 636 931
4018 10 3298 46 621 277 525 684 593 825 749 636 931 233 33 76 118 479 273 433 977 434 908
5018 10 3298 46 621 233 33 684 593 434 908 76 118 636 931 433 977 277 525 825 749 479 273
1019 10 3546 218 506 181 737 637 65 543 515 740 320 717 526 168 142 867 869 244 946 118 36
2019 10 3546 244 946 181 737 543 515 637 65 118 36 740 320 867 869 218 506 717 526 168 142
3019 10 3546 717 526 168 142 867 869 181 737 218 506 740 320 543 515 244 946 118 36 637 65
4019 10 3546 740 320 717 526 218 506 181 737 118 36 543 515 168 142 244 946 637 65 867 869
5019 10 3546 867 869 244 946 181 737 118 36 740 320 637 65 218 506 543 515 168 142 717 526
1020 10 3144 122 67 565 665 28 419 753 838 133 948 281 262 625 506 499 19 389 123 536 429
2020 10 3144 122 67 389 123 133 948 499 19 536 429 28 419 281 262 565 665 753 838 625 506
3020 10 3144 625 506 499 19 122 67 281 262 133 948 565 665 28 419 389 123 753 838 536 429
4020 10 3144 28 419 389 123 122 67 499 19 133 948 753 838 625 506 281 262 565 665 536 429
5020 10 3144 753 838 389 123 133 948 625 506 565 665 499 19 28 419 536 429 122 67 281 262
1021 10 2982 406 81 629 967 85 882 327 166 402 652 314 676 5 237 516 57 573 734 471 156
2021 10 2982 85 882 406 81 402 652 516 57 629 967 573 734 471 156 327 166 314 676 5 237
3021 10 2982 573 734 5 237 629 967 406 81 327 166 402 652 471 156 314 676 85 882 516 57
4021 10 2982 85 882 406 81 314 676 471 156 516 57 402 652 5 237 573 734 629 967 327 166
5021 10 2982 327 166 471 156 573 734 85 882 629 967 314 676 406 81 402 652 516 57 5 237
1022 10 2813 353 9 10 368 308 708 31 118 364 323 926 620 226 819 244 20 570 24 485 899
2022 10 2813 31 118 244 20 485 899 353 9 570 24 926 620 364 323 226 819 10 368 308 708
3022 10 2813 364 323 308 708 226 819 10 368 570 24 485 899 244 20 31 118 926 620 353 9
4022 10 2813 308 708 485 899 570 24 926 620 226 819 353 9 364 323 10 368 31 118 244 20
5022 10 2813 485 899 226 819 364 323 926 620 308 708 31 118 10 368 244 20 353 9 570 24
1023 10 1701 70 741 279 300 233 530 22 776 237 409 126 525 593 892 132 489 378 632 57 735
2023 10 1701 126 525 237 409 57 735 70 741 22 776 233 530 132 489 378 632 593 892 279 300
3023 10 1701 279 300 237 409 233 530 593 892 132 489 22 776 378 632 70 741 126 525 57 735
4023 10 1701 57 735 22 776 378 632 237 409 132 489 593 892 126 525 279 300 70 741 233 530
5023 10 1701 378 632 233 530 237 409 593 892 126 525 22 776 57 735 279 300 132 489 70 741
1024 10 3110 506 771 173 682 704 966 25 494 764 531 4 381 603 201 254 793 449 933 406 99
2024 10 3110 406 99 704 966 506 771 449 933 25 494 764 531 173 682 603 201 4 381 254 793
3024 10 3110 449 933 25 494 506 771 254 793 4 381 764 531 603 201 704 966 173 682 406 99
4024 10 3110 704 966 506 771 25 494 406 99 173 682 254 793 603 201 449 933 4 381 764 531
5024 10 3110 764 531 254 793 25 494 603 201 406 99 4 381 704 966 449 933 506 771 173 682
1025 10 2558 461 288 29 837 9 304 181 909 440 969 134 241 359 84 551 480 173 789 861 540
2025 10 2558 461 288 551 480 861 540 134 241 359 84 9 304 181 909 173 789 29 837 440 969
3025 10 2558 551 480 29 837 173 789 440 969 359 84 134 241 181 909 461 288 9 304 861 540
4025 10 2558 551 480 9 304 359 84 861 540 29 837 181 909 461 288 134 241 173 789 440 969
5025 10 2558 29 837 359 84 461 288 173 789 861 540 9 304 134 241 551 480 440 969 181 909
1026 10 3883 23 364 542 398 239 447 235 165 745 932 544 535 611 798 501 756 783 942 631 864
2026 10 3883 501 756 783 942 235 165 23 364 631 864 544 535 611 798 745 932 542 398 239 447
3026 10 3883 745 932 235 165 239 447 611 798 631 864 783 942 542 398 544 535 23 364 501 756
4026 10 3883 501 756 542 398 631 864 745 932 611 798 783 942 239 447 23 364 544 535 235 165
5026 10 3883 544 535 501 756 23 364 239 447 611 798 631 864 235 165 745 932 783 942 542 398
1027 10 2588 18 457 167 848 217 924 708 496 144 766 363 900 327 420 211 325 421 179 660 439
2027 10 2588 211 325 708 496 421 179 167 848 660 439 18 457 327 420 144 766 363 900 217 924
3027 10 2588 660 439 211 325 167 848 708 496 327 420 144 766 421 179 18 457 363 900 217 924
4027 10 2588 327 420 217 924 708 496 421 179 167 848 363 900 144 766 660 439 211 325 18 457
5027 10 2588 144 766 327 420 167 848 217 924 211 325 421 179 708 496 363 900 18 457 660 439
1028 10 1987 423 222 347 916 150 678 517 946 87 738 151 454 36 355 106 840 50 53 617 839
2028 10 1987 87 738 151 454 36 355 347 916 50 53 517 946 617 839 106 840 150 678 423 222
3028 10 1987 617 839 36 355 106 840 150 678 87 738 151 454 347 916 50 53 517 946 423 222
4028 10 1987 87 738 347 916 151 454 423 222 106 840 50 53 517 946 150 678 36 355 617 839
5028 10 1987 87 738 150 678 106 840 617 839 347 916 50 53 423 222 36 355 517 946 151 454
1029 10 3502 298 345 576 149 295 948 573 921 468 913 453 522 844 481 462 316 12 931 397 298
2029 10 3502 844 481 12 931 468 913 397 298 298 345 576 149 453 522 295 948 573 921 462 316
3029 10 3502 453 522 12 931 468 913 298 345 295 948 576 149 573 921 462 316 397 298 844 481
4029 10 3502 573 921 462 316 295 948 576 149 12 931 468 913 844 481 453 522 397 298 298 345
5029 10 3502 576 149 298 345 397 298 453 522 295 948 844 481 468 913 12 931 573 921 462 316
1030 10 2840 417 359 519 365 532 476 404 188 198 556 33 422 358 736 214 976 730 487 145 728
2030 10 2840 532 476 404 188 214 976 145 728 417 359 198 556 358 736 730 487 519 365 33 422
3030 10 2840 404 188 33 422 214 976 417 359 519 365 730 487 358 736 198 556 532 476 145 728
4030 10 2840 145 728 198 556 214 976 358 736 519 365 404 188 33 422 417 359 532 476 730 487
5030 10 2840 532 476 358 736 145 728 519 365 404 188 198 556 730 487 33 422 417 359 214 976
1031 10 3532 306 322 211 658 395 1 277 806 485 754 859 856 386 992 301 946 421 1000 775 116
2031 10 3532 277 806 775 116 211 658 386 992 859 856 395 1 421 1000 306 322 301 946 485 754
3031 10 3532 775 116 211 658 386 992 277 806 301 946 485 754 859 856 306 322 421 1000 395 1
4031 10 3532 306 322 395 1 301 946 859 856 421 1000 775 116 386 992 211 658 277 806 485 754
5031 10 3532 421 1000 775 116 301 946 306 322 277 806 859 856 485 754 386 992 395 1 211 658
1032 10 2595 74 583 89 180 698 976 415 25 356 187 82 783 246 46 463 244 600 636 221 52
2032 10 2595 74 583 82 783 356 187 463 244 246 46 600 636 415 25 221 52 89 180 698 976
3032 10 2595 82 783 463 244 698 976 415 25 89 180 221 52 74 583 356 187 600 636 246 46
4032 10 2595 82 783 698 976 415 25 246 46 600 636 221 52 74 583 89 180 356 187 463 244
5032 10 2595 74 583 415 25 221 52 82 783 356 187 246 46 600 636 89 180 463 244 698 976
1033 10 3448 604 90 820 254 3 315 193 623 753 199 630 968 163 784 780 153 122 558 242 705
2033 10 3448 780 153 604 90 163 784 630 968 122 558 753 199 242 705 3 315 193 623 820 254
3033 10 3448 820 254 780 153 630 968 753 199 242 705 122 558 163 784 3 315 604 90 193 623
4033 10 3448 193 623 780 153 122 558 3 315 753 199 820 254 242 705 604 90 163 784 630 968
5033 10 3448 780 153 820 254 122 558 753 199 242 705 163 784 630 968 3 315 193 623 604 90
1034 10 2780 686 80 151 474 95 543 271 53 106 51 491 794 243 949 315 720 486 196 632 366
2034 10 2780 151 474 271 53 243 949 486 196 106 51 686 80 491 794 315 720 95 543 632 366
3034 10 2780 243 949 106 51 486 196 632 366 315 720 95 543 271 53 491 794 151 474 686 80
4034 10 2780 106 51 686 80 95 543 243 949 632 366 315 720 151 474 271 53 486 196 491 794
5034 10 2780 151 474 686 80 632 366 95 543 491 794 243 949 315 720 271 53 486 196 106 51
1035 10 3484 12 724 575 257 326 187 695 800 469 638 292 209 538 796 358 585 454 448 637 40
2035 10 3484 637 40 358 585 292 209 454 448 538 796 326 187 12 724 575 257 469 638 695 800
3035 10 3484 575 257 326 187 454 448 12 724 469 638 637 40 292 209 695 800 358 585 538 796
4035 10 3484 358 585 469 638 575 257 637 40 695 800 538 796 326 187 292 209 454 448 12 724
5035 10 3484 575 257 12 724 292 209 358 585 538 796 454 448 469 638 695 800 326 187 637 40
1036 10 2943 702 526 27 376 85 360 534 208 623 455 178 704 331 947 32 918 922 461 245 555
2036 10 2943 85 360 534 208 702 526 32 918 178 704 331 947 245 555 27 376 922 461 623 455
3036 10 2943 178 704 702 526 32 918 27 376 623 455 245 555 85 360 331 947 922 461 534 208
4036 10 2943 85 360 623 455 27 376 534 208 178 704 331 947 32 918 922 461 702 526 245 555
5036 10 2943 178 704 702 526 623 455 534 208 331 947 27 376 922 461 85 360 245 555 32 918
1037 10 3100 356 369 453 16 343 494 761 256 585 9 70 567 395 303 511 384 397 55 5 163
2037 10 3100 356 369 70 567 453 16 343 494 585 9 397 55 761 256 511 384 5 163 395 303
3037 10 3100 5 163 453 16 397 55 761 256 343 494 585 9 70 567 511 384 356 369 395 303
4037 10 3100 397 55 761 256 511 384 343 494 5 163 453 16 356 369 395 303 585 9 70 567
5037 10 3100 585 9 5 163 343 494 395 303 397 55 356 369 70 567 761 256 453 16 511 384
1038 10 1892 43 155 854 960 252 232 579 846 40 41 37 490 63 630 280 269 28 976 189 69
2038 10 1892 63 630 43 155 280 269 579 846 37 490 28 976 189 69 854 960 40 41 252 232
3038 10 1892 40 41 43 155 63 630 280 269 854 960 189 69 579 846 37 490 28 976 252 232
4038 10 1892 854 960 43 155 579 846 189 69 280 269 40 41 37 490 28 976 252 232 63 630
5038 10 1892 63 630 252 232 189 69 28 976 43 155 37 490 40 41 854 960 579 846 280 269
1039 10 3640 700 256 821 868 796 594 152 872 968 493 221 400 49 38 122 692 634 940 88 545
2039 10 3640 88 545 221 400 968 493 821 868 796 594 700 256 634 940 152 872 49 38 122 692
3039 10 3640 122 692 152 872 968 493 700 256 88 545 221 400 634 940 49 38 796 594 821 868
4039 10 3640 700 256 634 940 796 594 122 692 152 872 968 493 88 545 221 400 49 38 821 868
5039 10 3640 634 940 152 872 968 493 221 400 821 868 49 38 122 692 796 594 700 256 88 545
1040 10 4123 604 737 653 933 517 51 869 50 490 500 448 213 211 38 84 553 362 22 916 412
2040 10 4123 362 22 916 412 211 38 653 933 448 213 869 50 517 51 490 500 84 553 604 737
3040 10 4123 490 500 916 412 604 737 869 50 84 553 448 213 211 38 362 22 517 51 653 933
4040 10 4123 84 553 211 38 362 22 869 50 448 213 916 412 490 500 653 933 517 51 604 737
5040 10 4123 869 50 916 412 604 737 84 553 517 51 211 38 490 500 362 22 653 933 448 213
1041 10 3133 313 801 603 15 370 140 586 557 483 916 19 374 290 624 351 251 622 638 280 255
2041 10 3133 351 251 586 557 603 15 280 255 622 638 483 916 370 140 290 624 19 374 313 801
3041 10 3133 280 255 603 15 586 557 313 801 622 638 290 624 483 916 19 374 351 251 370 140
4041 10 3133 483 916 603 15 351 251 586 557 370 140 19 374 313 801 290 624 280 255 622 638
5041 10 3133 370 140 280 255 603 15 483 916 622 638 290 624 19 374 351 251 313 801 586 557
1042 10 2714 22 386 365 304 136 50 441 215 226 369 456 427 622 824 275 473 50 201 800 569
2042 10 2714 622 824 441 215 22 386 456 427 365 304 136 50 50 201 800 569 226 369 275 473
3042 10 2714 365 304 622 824 136 50 226 369 800 569 50 201 456 427 22 386 441 215 275 473
4042 10 2714 136 50 226 369 800 569 50 201 275 473 622 824 456 427 441 215 365 304 22 386
5042 10 2714 622 824 456 427 441 215 226 369 50 201 22 386 275 473 365 304 800 569 136 50
1043 10 2751 870 400 501 914 230 32 591 470 94 941 103 760 257 449 259 350 23 765 511 662
2043 10 2751 591 470 870 400 230 32 511 662 257 449 501 914 23 765 94 941 259 350 103 760
3043 10 2751 501 914 23 765 94 941 259 350 103 760 591 470 511 662 257 449 870 400 230 32
4043 10 2751 94 941 870 400 591 470 259 350 230 32 103 760 511 662 257 449 501 914 23 765
5043 10 2751 23 765 103 760 511 662 259 350 94 941 501 914 257 449 591 470 870 400 230 32
1044 10 2472 401 49 126 159 3 769 670 601 62 24 463 924 393 851 201 142 138 430 634 44
2044 10 2472 393 851 3 769 401 49 201 142 634 44 463 924 62 24 138 430 670 601 126 159
3044 10 2472 670 601 401 49 138 430 201 142 62 24 393 851 463 924 3 769 634 44 126 159
4044 10 2472 126 159 463 924 634 44 393 851 62 24 670 601 3 769 201 142 138 430 401 49
5044 10 2472 463 924 634 44 138 430 201 142 126 159 670 601 401 49 62 24 3 769 393 851
1045 10 3725 238 849 686 340 605 797 711 633 461 589 185 447 671 7 575 367 348 341 177 651
2045 10 3725 575 367 686 340 605 797 671 7 185 447 348 341 711 633 461 589 238 849 177 651
3045 10 3725 575 367 348 341 671 7 238 849 177 651 605 797 461 589 686 340 185 447 711 633
4045 10 3725 605 797 177 651 238 849 461 589 185 447 575 367 348 341 671 7 686 340 711 633
5045 10 3725 575 367 185 447 238 849 671 7 348 341 711 633 686 340 177 651 605 797 461 589
1046 10 3672 627 259 95 370 210 609 288 778 877 377 558 338 176 326 676 971 722 898 361 495
2046 10 3672 627 259 210 609 877 377 361 495 176 326 722 898 288 778 676 971 558 338 95 370
3046 10 3672 210 609 558 338 877 377 722 898 176 326 627 259 95 370 361 495 288 778 676 971
4046 10 3672 288 778 676 971 95 370 722 898 558 338 210 609 627 259 176 326 877 377 361 495
5046 10 3672 288 778 877 377 676 971 210 609 722 898 361 495 627 259 95 370 558 338 176 326
1047 10 1883 175 268 260 45 565 637 37 6 136 62 97 511 386 726 424 51 177 370 97 747
2047 10 1883 424 51 97 747 175 268 260 45 136 62 386 726 177 370 565 637 37 6 97 511
3047 10 1883 424 51 565 637 175 268 97 747 37 6 136 62 386 726 260 45 97 511 177 370
4047 10 1883 37 6 97 511 424 51 136 62 565 637 177 370 175 268 386 726 97 747 260 45
5047 10 1883 97 747 177 370 136 62 97 511 260 45 175 268 386 726 37 6 565 637 424 51
1048 10 3990 404 186 817 216 349 373 822 516 335 159 443 843 86 302 917 456 157 766 658 11
2048 10 3990 817 216 86 302 335 159 404 186 157 766 822 516 917 456 443 843 349 373 658 11
3048 10 3990 157 766 917 456 443 843 349 373 658 11 86 302 335 159 817 216 822 516 404 186
4048 10 3990 658 11 335 159 917 456 157 766 349 373 404 186 86 302 443 843 822 516 817 216
5048 10 3990 822 516 658 11 86 302 335 159 349 373 443 843 817 216 157 766 404 186 917 456
1049 10 3228 946 146 463 959 538 534 121 59 568 685 202 890 90 428 288 717 353 674 467 550
2049 10 3228 202 890 538 534 90 428 467 550 121 59 288 717 568 685 463 959 946 146 353 674
3049 10 3228 946 146 538 534 467 550 90 428 463 959 568 685 353 674 202 890 121 59 288 717
4049 10 3228 90 428 463 959 568 685 121 59 538 534 288 717 946 146 467 550 353 674 202 890
5049 10 3228 568 685 946 146 121 59 467 550 288 717 353 674 202 890 463 959 538 534 90 428
1050 10 2794 294 626 192 212 9 647 881 607 744 736 414 762 65 962 48 474 656 700 190 95
2050 10 2794 9 647 48 474 414 762 192 212 656 700 294 626 65 962 190 95 881 607 744 736
3050 10 2794 294 626 190 95 9 647 744 736 65 962 656 700 414 762 48 474 192 212 881 607
4050 10 2794 48 474 294 626 65 962 744 736 881 607 656 700 414 762 9 647 192 212 190 95
5050 10 2794 48 474 9 647 414 762 190 95 294 626 656 700 65 962 192 212 744 736 881 607
1051 10 3160 268 342 801 199 191 233 157 441 722 462 203 930 149 293 339 824 759 482 361 556
2051 10 3160 157 441 722 462 801 199 203 930 268 342 759 482 361 556 191 233 149 293 339 824
3051 10 3160 361 556 801 199 722 462 149 293 759 482 268 342 203 930 191 233 157 441 339 824
4051 10 3160 157 441 801 199 339 824 759 482 722 462 268 342 203 930 361 556 191 233 149 293
5051 10 3160 801 199 759 482 157 441 203 930 149 293 722 462 361 556 339 824 191 233 268 342
1052 10 2123 186 202 424 3 112 842 185 768 644 382 139 123 67 840 435 583 334 586 128 560
2052 10 2123 185 768 186 202 67 840 139 123 334 586 424 3 112 842 644 382 128 560 435 583
3052 10 2123 186 202 424 3 334 586 185 768 67 840 128 560 139 123 112 842 435 583 644 382
4052 10 2123 67 840 644 382 185 768 128 560 112 842 139 123 186 202 435 583 334 586 424 3
5052 10 2123 128 560 185 768 112 842 186 202 424 3 67 840 139 123 644 382 334 586 435 583
1053 10 2921 206 1 258 681 614 746 535 504 325 141 144 518 123 274 456 775 416 315 575 813
2053 10 2921 206 1 416 315 258 681 456 775 123 274 614 746 144 518 325 141 575 813 535 504
3053 10 2921 614 746 258 681 123 274 206 1 416 315 456 775 535 504 575 813 144 518 325 141
4053 10 2921 144 518 575 813 614 746 456 775 206 1 325 141 258 681 535 504 416 315 123 274
5053 10 2921 123 274 535 504 456 775 575 813 258 681 144 518 325 141 206 1 416 315 614 746
1054 10 3932 282 350 522 150 594 729 610 952 874 676 473 177 443 620 663 423 142 694 312 49
2054 10 3932 312 49 443 620 663 423 473 177 594 729 522 150 142 694 282 350 610 952 874 676
3054 10 3932 610 952 473 177 312 49 282 350 874 676 522 150 443 620 663 423 594 729 142 694
4054 10 3932 594 729 522 150 312 49 282 350 443 620 142 694 473 177 874 676 663 423 610 952
5054 10 3932 312 49 142 694 594 729 443 620 473 177 282 350 874 676 522 150 663 423 610 952
1055 10 5741 908 618 800 985 672 622 690 718 816 884 856 296 686 652 16 387 825 442 908 65
2055 10 5741 825 442 686 652 690 718 908 618 672 622 16 387 800 985 908 65 816 884 856 296
3055 10 5741 816 884 690 718 908 618 800 985 672 622 908 65 856 296 825 442 16 387 686 652
4055 10 5741 825 442 816 884 16 387 856 296 800 985 672 622 908 65 690 718 686 652 908 618
5055 10 5741 686 652 816 884 908 65 856 296 16 387 825 442 690 718 672 622 908 618 800 985
1056 10 4506 508 918 725 387 334 478 715 1 506 151 190 844 851 501 668 996 640 858 496 953
2056 10 4506 496 953 508 918 190 844 334 478 668 996 715 1 506 151 640 858 725 387 851 501
3056 10 4506 190 844 508 918 496 953 668 996 725 387 851 501 334 478 715 1 506 151 640 858
4056 10 4506 725 387 508 918 668 996 640 858 506 151 190 844 496 953 851 501 334 478 715 1
5056 10 4506 506 151 725 387 334 478 715 1 190 844 496 953 668 996 508 918 640 858 851 501
1057 10 2965 623 156 352 709 623 919 354 906 208 569 429 298 306 714 27 176 637 543 148 855
2057 10 2965 623 156 637 543 623 919 148 855 306 714 354 906 208 569 27 176 352 709 429 298
3057 10 2965 637 543 306 714 623 156 429 298 354 906 148 855 623 919 27 176 352 709 208 569
4057 10 2965 208 569 637 543 429 298 623 919 352 709 354 906 148 855 27 176 623 156 306 714
5057 10 2965 148 855 637 543 429 298 306 714 352 709 354 906 623 156 27 176 623 919 208 569
1058 10 3907 389 628 331 888 508 121 379 419 10 521 877 996 917 456 64 137 838 472 571 122
2058 10 3907 917 456 379 419 838 472 877 996 331 888 389 628 64 137 10 521 508 121 571 122
3058 10 3907 379 419 331 888 838 472 64 137 10 521 917 456 389 628 508 121 877 996 571 122
4058 10 3907 389 628 379 419 838 472 331 888 508 121 571 122 10 521 64 137 917 456 877 996
5058 10 3907 10 521 389 628 917 456 331 888 571 122 64 137 838 472 379 419 508 121 877 996
1059 10 2847 180 894 346 361 260 818 796 487 37 214 98 604 655 461 207 70 752 232 228 302
2059 10 2847 655 461 207 70 796 487 37 214 180 894 752 232 98 604 228 302 346 361 260 818
3059 10 2847 37 214 228 302 180 894 98 604 655 461 260 818 796 487 346 361 752 232 207 70
4059 10 2847 228 302 260 818 655 461 207 70 752 232 796 487 346 361 180 894 98 604 37 214
5059 10 2847 796 487 37 214 346 361 180 894 752 232 207 70 655 461 228 302 98 604 260 818
1060 10 3290 576 535 532 184 363 321 364 650 113 599 597 717 357 277 19 780 246 769 946 975
2060 10 3290 364 650 532 184 113 599 246 769 363 321 946 975 19 780 357 277 597 717 576 535
3060 10 3290 364 650 246 769 946 975 363 321 532 184 19 780 357 277 576 535 113 599 597 717
4060 10 3290 357 277 113 599 363 321 246 769 364 650 597 717 532 184 576 535 946 975 19 780
5060 10 3290 364 650 113 599 946 975 576 535 246 769 532 184 357 277 363 321 597 717 19 780
1061 10 2412 194 445 358 374 359 77 178 262 55 231 290 426 465 708 4 239 142 350 971 125
2061 10 2412 971 125 142 350 4 239 358 374 194 445 290 426 359 77 465 708 178 262 55 231
3061 10 2412 178 262 142 350 290 426 358 374 194 445 465 708 359 77 55 231 971 125 4 239
4061 10 2412 4 239 971 125 465 708 178 262 358 374 142 350 359 77 290 426 194 445 55 231
5061 10 2412 290 426 359 77 142 350 55 231 4 239 465 708 194 445 178 262 358 374 971 125
1062 10 4012 892 958 581 647 626 445 442 266 779 246 838 522 21 861 239 257 414 851 183 177
2062 10 4012 626 445 414 851 892 958 442 266 581 647 239 257 183 177 21 861 779 246 838 522
3062 10 4012 414 851 581 647 239 257 892 958 626 445 838 522 779 246 21 861 183 177 442 266
4062 10 4012 442 266 183 177 414 851 779 246 892 958 626 445 21 861 239 257 838 522 581 647
5062 10 4012 183 177 239 257 414 851 581 647 838 522 779 246 626 445 892 958 442 266 21 861
1063 10 3332 370 772 645 389 609 694 342 650 46 458 99 682 384 184 726 891 619 183 326 924
2063 10 3332 342 650 619 183 46 458 609 694 326 924 726 891 384 184 99 682 645 389 370 772
3063 10 3332 609 694 370 772 726 891 342 650 99 682 326 924 619 183 46 458 645 389 384 184
4063 10 3332 609 694 645 389 370 772 99 682 46 458 326 924 384 184 342 650 619 183 726 891
5063 10 3332 609 694 342 650 384 184 726 891 46 458 99 682 370 772 645 389 326 924 619 183
1064 10 4411 221 471 664 289 410 12 454 157 689 502 695 810 879 154 410 101 566 155 526 545
2064 10 4411 221 471 664 289 566 155 526 545 689 502 454 157 410 12 695 810 410 101 879 154
3064 10 4411 879 154 664 289 566 155 221 471 454 157 410 101 695 810 526 545 689 502 410 12
4064 10 4411 879 154 695 810 664 289 410 12 689 502 410 101 526 545 566 155 454 157 221 471
5064 10 4411 454 157 526 545 566 155 689 502 664 289 695 810 879 154 410 101 221 471 410 12
1065 10 3902 878 409 58 641 578 34 272 817 340 275 906 592 325 916 99 359 854 883 568 783
2065 10 3902 272 817 340 275 906 592 854 883 578 34 878 409 325 916 58 641 99 359 568 783
3065 10 3902 854 883 568 783 578 34 272 817 878 409 325 916 99 359 340 275 58 641 906 592
4065 10 3902 272 817 99 359 878 409 906 592 568 783 340 275 325 916 854 883 578 34 58 641
5065 10 3902 272 817 854 883 325 916 58 641 906 592 568 783 578 34 878 409 340 275 99 359
1066 10 2726 199 973 254 685 87 9 205 459 83 164 353 449 324 934 177 594 901 757 825 858
2066 10 2726 199 973 825 858 324 934 901 757 254 685 205 459 177 594 87 9 353 449 83 164
3066 10 2726 87 9 199 973 353 449 324 934 825 858 83 164 177 594 901 757 205 459 254 685
4066 10 2726 254 685 901 757 177 594 825 858 83 164 324 934 205 459 87 9 353 449 199 973
5066 10 2726 205 459 901 757 825 858 254 685 83 164 353 449 199 973 177 594 87 9 324 934
1067 10 2914 200 131 576 336 30 295 499 101 521 330 627 401 165 83 280 709 242 783 503 98
2067 10 2914 200 131 627 401 242 783 503 98 521 330 499 101 576 336 30 295 165 83 280 709
3067 10 2914 200 131 576 336 499 101 521 330 165 83 627 401 280 709 242 783 503 98 30 295
4067 10 2914 576 336 521 330 627 401 200 131 499 101 165 83 280 709 242 783 503 98 30 295
5067 10 2914 627 401 576 336 280 709 242 783 499 101 200 131 30 295 521 330 165 83 503 98
1068 10 4254 193 150 518 624 525 907 740 960 381 798 517 271 4 949 836 99 868 874 736 636
2068 10 4254 868 874 740 960 518 624 193 150 525 907 381 798 4 949 836 99 517 271 736 636
3068 10 4254 517 271 740 960 4 949 525 907 381 798 836 99 736 636 868 874 518 624 193 150
4068 10 4254 517 271 193 150 381 798 868 874 740 960 525 907 736 636 4 949 836 99 518 624
5068 10 4254 518 624 193 150 736 636 740 960 836 99 868 874 517 271 4 949 525 907 381 798
1069 10 3718 186 267 918 899 649 411 125 850 943 826 110 666 67 106 283 487 480 5 887 661
2069 10 3718 283 487 110 666 67 106 649 411 943 826 918 899 125 850 480 5 186 267 887 661
3069 10 3718 887 661 649 411 480 5 918 899 110 666 943 826 67 106 186 267 283 487 125 850
4069 10 3718 67 106 480 5 186 267 110 666 649 411 887 661 943 826 125 850 918 899 283 487
5069 10 3718 943 826 283 487 125 850 186 267 918 899 649 411 887 661 480 5 67 106 110 666
1070 10 2989 701 719 22 50 592 199 48 424 653 422 167 886 40 703 489 136 767 742 258 969
2070 10 2989 167 886 767 742 701 719 48 424 489 136 653 422 592 199 22 50 258 969 40 703
3070 10 2989 592 199 258 969 653 422 767 742 22 50 40 703 48 424 701 719 167 886 489 136
4070 10 2989 489 136 653 422 48 424 167 886 592 199 701 719 22 50 40 703 258 969 767 742
5070 10 2989 701 719 40 703 167 886 22 50 653 422 592 199 48 424 258 969 489 136 767 742
1071 10 3280 516 596 60 671 145 451 95 637 712 508 331 146 58 648 622 950 927 453 635 536
2071 10 3280 95 637 927 453 635 536 58 648 331 146 622 950 712 508 145 451 516 596 60 671
3071 10 3280 635 536 58 648 927 453 95 637 60 671 712 508 331 146 516 596 622 950 145 451
4071 10 3280 516 596 145 451 927 453 331 146 635 536 712 508 95 637 58 648 622 950 60 671
5071 10 3280 58 648 635 536 622 950 145 451 331 146 712 508 516 596 95 637 927 453 60 671
1072 10 3454 343 242 290 597 39 186 596 131 499 6 791 547 36 642 726 70 760 31 238 814
2072 10 3454 791 547 343 242 499 6 238 814 36 642 290 597 726 70 760 31 596 131 39 186
3072 10 3454 36 642 726 70 596 131 238 814 343 242 791 547 290 597 760 31 499 6 39 186
4072 10 3454 290 597 36 642 791 547 343 242 499 6 760 31 726 70 596 131 39 186 238 814
5072 10 3454 499 6 726 70 290 597 36 642 596 131 238 814 343 242 760 31 39 186 791 547
1073 10 3256 213 134 767 786 66 134 247 857 191 209 125 933 788 453 791 813 823 403 60 903
2073 10 3256 125 933 767 786 60 903 213 134 823 403 791 813 66 134 191 209 247 857 788 453
3073 10 3256 191 209 213 134 823 403 791 813 60 903 767 786 788 453 125 933 247 857 66 134
4073 10 3256 788 453 823 403 191 209 125 933 66 134 60 903 767 786 213 134 247 857 791 813
5073 10 3256 125 933 191 209 823 403 791 813 66 134 213 134 247 857 788 453 60 903 767 786
1074 10 3562 607 67 381 698 714 947 202 537 327 808 353 996 514 39 395 759 308 930 652 904
2074 10 3562 327 808 514 39 395 759 714 947 308 930 353 996 202 537 607 67 652 904 381 698
3074 10 3562 395 759 353 996 514 39 327 808 381 698 202 537 607 67 308 930 652 904 714 947
4074 10 3562 381 698 327 808 652 904 308 930 395 759 607 67 714 947 514 39 202 537 353 996
5074 10 3562 714 947 308 930 652 904 514 39 202 537 607 67 353 996 395 759 327 808 381 698
1075 10 2258 95 512 364 409 47 23 481 432 456 247 192 592 436 124 372 360 216 810 164 80
2075 10 2258 364 409 164 80 95 512 47 23 456 247 481 432 216 810 192 592 372 360 436 124
3075 10 2258 216 810 47 23 372 360 95 512 164 80 436 124 192 592 364 409 456 247 481 432
4075 10 2258 192 592 372 360 364 409 47 23 164 80 436 124 481 432 216 810 95 512 456 247
5075 10 2258 372 360 364 409 95 512 47 23 456 247 436 124 481 432 216 810 192 592 164 80
1076 10 3366 451 710 477 299 775 147 266 781 109 118 32 279 837 932 338 101 618 442 305 760
2076 10 3366 338 101 477 299 32 279 109 118 775 147 305 760 266 781 618 442 451 710 837 932
3076 10 3366 775 147 338 101 32 279 477 299 266 781 305 760 109 118 618 442 837 932 451 710
4076 10 3366 775 147 477 299 32 279 338 101 837 932 266 781 451 710 305 760 618 442 109 118
5076 10 3366 109 118 477 299 266 781 775 147 32 279 305 760 837 932 618 442 451 710 338 101
1077 10 3828 741 563 614 310 120 98 601 700 571 197 442 311 543 653 275 399 524 780 354 884
2077 10 3828 120 98 524 780 614 310 354 884 741 563 571 197 442 311 601 700 275 399 543 653
3077 10 3828 524 780 275 399 120 98 571 197 354 884 442 311 614 310 741 563 601 700 543 653
4077 10 3828 120 98 442 311 524 780 741 563 601 700 614 310 354 884 571 197 275 399 543 653
5077 10 3828 120 98 354 884 741 563 601 700 275 399 442 311 543 653 524 780 614 310 571 197
1078 10 4306 271 342 717 401 577 271 135 723 542 824 41 80 906 951 540 790 677 160 977 648
2078 10 4306 677 160 977 648 271 342 577 271 41 80 542 824 135 723 717 401 906 951 540 790
3078 10 4306 577 271 906 951 677 160 271 342 977 648 135 723 542 824 717 401 540 790 41 80
4078 10 4306 717 401 540 790 135 723 542 824 677 160 577 271 977 648 41 80 271 342 906 951
5078 10 4306 540 790 977 648 677 160 41 80 717 401 577 271 906 951 271 342 135 723 542 824
1079 10 4151 307 3 715 319 770 663 618 956 213 69 345 486 829 425 756 958 320 747 316 635
2079 10 4151 316 635 715 319 307 3 213 69 756 958 770 663 320 747 618 956 345 486 829 425
3079 10 4151 320 747 213 69 829 425 345 486 618 956 307 3 316 635 756 958 770 663 715 319
4079 10 4151 213 69 307 3 770 663 618 956 715 319 829 425 316 635 345 486 756 958 320 747
5079 10 4151 829 425 756 958 316 635 320 747 618 956 307 3 715 319 213 69 345 486 770 663
1080 10 1960 27 41 228 800 391 979 90 144 241 786 162 905 532 129 496 615 273 368 10 285
2080 10 1960 10 285 27 41 391 979 228 800 532 129 273 368 162 905 496 615 90 144 241 786
3080 10 1960 162 905 10 285 27 41 391 979 532 129 496 615 241 786 228 800 90 144 273 368
4080 10 1960 90 144 532 129 27 41 241 786 273 368 228 800 10 285 391 979 496 615 162 905
5080 10 1960 27 41 273 368 10 285 496 615 391 979 228 800 162 905 241 786 90 144 532 129
1081 10 4188 821 985 212 224 332 956 205 730 727 658 888 792 542 113 224 494 920 263 365 142
2081 10 4188 888 792 212 224 224 494 920 263 821 985 205 730 542 113 332 956 365 142 727 658
3081 10 4188 727 658 888 792 821 985 920 263 205 730 224 494 212 224 332 956 365 142 542 113
4081 10 4188 205 730 212 224 332 956 727 658 542 113 224 494 365 142 920 263 821 985 888 792
5081 10 4188 212 224 727 658 920 263 542 113 365 142 332 956 205 730 821 985 224 494 888 792
1082 10 3493 964 784 204 928 303 678 516 593 37 308 652 125 136 578 423 1000 953 288 179 156
2082 10 3493 37 308 652 125 423 1000 953 288 303 678 136 578 204 928 964 784 516 593 179 156
3082 10 3493 516 593 204 928 953 288 652 125 303 678 964 784 179 156 136 578 37 308 423 1000
4082 10 3493 37 308 652 125 179 156 204 928 303 678 423 1000 953 288 136 578 516 593 964 784
5082 10 3493 953 288 204 928 964 784 652 125 37 308 423 1000 516 593 136 578 179 156 303 678
1083 10 2731 498 650 222 217 223 754 307 915 430 164 451 205 236 384 731 33 5 975 311 550
2083 10 2731 236 384 307 915 222 217 311 550 430 164 223 754 731 33 498 650 451 205 5 975
3083 10 2731 223 754 731 33 222 217 451 205 311 550 430 164 5 975 307 915 236 384 498 650
4083 10 2731 223 754 451 205 307 915 498 650 236 384 5 975 731 33 222 217 430 164 311 550
5083 10 2731 430 164 223 754 731 33 498 650 222 217 236 384 311 550 307 915 451 205 5 975
1084 10 2440 273 448 241 622 808 660 434 514 163 10 99 974 236 80 85 729 665 779 47 319
2084 10 2440 241 622 808 660 665 779 47 319 236 80 434 514 273 448 163 10 85 729 99 974
3084 10 2440 273 448 163 10 99 974 47 319 241 622 808 660 236 80 85 729 434 514 665 779
4084 10 2440 99 974 665 779 808 660 236 80 47 319 434 514 163 10 85 729 241 622 273 448
5084 10 2440 808 660 85 729 273 448 99 974 434 514 236 80 665 779 47 319 163 10 241 622
1085 10 1259 181 726 17 929 128 815 89 146 161 329 203 713 199 203 321 465 193 966 82 635
2085 10 1259 128 815 199 203 17 929 161 329 321 465 193 966 82 635 181 726 89 146 203 713
3085 10 1259 199 203 321 465 193 966 203 713 82 635 89 146 128 815 17 929 161 329 181 726
4085 10 1259 193 966 203 713 89 146 17 929 82 635 199 203 161 329 181 726 321 465 128 815
5085 10 1259 203 713 128 815 193 966 181 726 82 635 321 465 199 203 17 929 89 146 161 329
1086 10 3124 140 498 676 982 325 857 128 106 366 455 404 658 81 937 926 893 363 537 496 510
2086 10 3124 81 937 128 106 363 537 140 498 325 857 676 982 926 893 366 455 404 658 496 510
3086 10 3124 404 658 926 893 496 510 140 498 363 537 325 857 81 937 676 982 128 106 366 455
4086 10 3124 81 937 496 510 363 537 926 893 140 498 325 857 366 455 404 658 676 982 128 106
5086 10 3124 926 893 325 857 404 658 496 510 140 498 366 455 81 937 363 537 128 106 676 982
1087 10 3323 135 867 466 763 846 766 197 509 234 677 57 291 953 831 197 736 624 817 445 731
2087 10 3323 57 291 234 677 197 736 466 763 135 867 624 817 197 509 445 731 953 831 846 766
3087 10 3323 135 867 197 509 445 731 466 763 953 831 624 817 846 766 234 677 197 736 57 291
4087 10 3323 445 731 135 867 234 677 624 817 466 763 953 831 57 291 197 736 197 509 846 766
5087 10 3323 846 766 953 831 135 867 624 817 234 677 57 291 466 763 197 736 445 731 197 509
1088 10 3592 587 375 581 738 457 752 149 256 50 47 377 201 723 421 833 827 631 720 102 199
2088 10 3592 102 199 631 720 50 47 723 421 833 827 149 256 587 375 457 752 377 201 581 738
3088 10 3592 377 201 102 199 149 256 581 738 457 752 631 720 587 375 833 827 723 421 50 47
4088 10 3592 581 738 50 47 587 375 833 827 102 199 377 201 631 720 457 752 723 421 149 256
5088 10 3592 457 752 581 738 723 421 833 827 50 47 587 375 631 720 102 199 149 256 377 201
1089 10 3298 172 506 948 960 790 605 95 948 334 948 398 148 383 435 88 112 761 160 154 379
2089 10 3298 334 948 88 112 172 506 948 960 790 605 383 435 398 148 154 379 95 948 761 160
3089 10 3298 761 160 948 960 172 506 383 435 95 948 790 605 398 148 334 948 154 379 88 112
4089 10 3298 761 160 154 379 172 506 334 948 95 948 383 435 790 605 398 148 88 112 948 960
5089 10 3298 398 148 383 435 154 379 761 160 88 112 334 948 95 948 172 506 948 960 790 605
1090 10 2360 539 899 202 788 251 431 942 632 64 365 100 330 401 107 159 566 106 534 187 713
2090 10 2360 187 713 401 107 106 534 159 566 251 431 202 788 539 899 100 330 64 365 942 632
3090 10 2360 64 365 100 330 187 713 202 788 942 632 159 566 106 534 251 431 401 107 539 899
4090 10 2360 401 107 106 534 251 431 64 365 942 632 187 713 100 330 539 899 159 566 202 788
5090 10 2360 100 330 401 107 106 534 64 365 942 632 202 788 251 431 539 899 159 566 187 713
1091 10 2946 594 393 862 942 118 962 31 442 529 748 27 274 153 595 591 151 576 570 202 459
2091 10 2946 31 442 118 962 27 274 591 151 529 748 594 393 862 942 576 570 153 595 202 459
3091 10 2946 576 570 529 748 31 442 118 962 27 274 202 459 594 393 591 151 862 942 153 595
4091 10 2946 153 595 591 151 27 274 576 570 594 393 529 748 202 459 31 442 118 962 862 942
5091 10 2946 591 151 529 748 576 570 27 274 202 459 594 393 153 595 862 942 31 442 118 962
1092 10 1972 287 731 39 235 71 4 936 662 334 810 62 324 252 801 92 273 369 189 23 116
2092 10 1972 936 662 92 273 334 810 252 801 369 189 71 4 23 116 62 324 287 731 39 235
3092 10 1972 334 810 252 801 92 273 71 4 936 662 23 116 62 324 369 189 39 235 287 731
4092 10 1972 23 116 39 235 936 662 252 801 92 273 287 731 62 324 369 189 71 4 334 810
5092 10 1972 71 4 252 801 23 116 62 324 92 273 334 810 39 235 287 731 369 189 936 662
1093 10 3474 203 533 954 870 840 184 67 328 484 237 101 799 102 611 198 882 629 455 765 953
2093 10 3474 67 328 954 870 765 953 840 184 484 237 101 799 203 533 629 455 102 611 198 882
3093 10 3474 203 533 67 328 484 237 954 870 198 882 101 799 840 184 102 611 629 455 765 953
4093 10 3474 67 328 629 455 954 870 101 799 484 237 765 953 840 184 102 611 198 882 203 533
5093 10 3474 954 870 484 237 203 533 629 455 765 953 840 184 102 611 101 799 67 328 198 882
1094 10 3507 530 665 163 229 295 488 312 52 737 286 776 621 87 322 414 747 490 635 580 158
2094 10 3507 312 52 580 158 737 286 776 621 414 747 87 322 163 229 295 488 530 665 490 635
3094 10 3507 87 322 580 158 163 229 776 621 737 286 530 665 295 488 490 635 414 747 312 52
4094 10 3507 776 621 737 286 87 322 414 747 580 158 530 665 490 635 312 52 295 488 163 229
5094 10 3507 737 286 163 229 295 488 580 158 490 635 530 665 87 322 414 747 312 52 776 621
1095 10 3308 544 997 229 757 698 781 738 99 196 401 68 369 508 271 470 34 107 878 577 998
2095 10 3308 508 271 470 34 698 781 68 369 107 878 544 997 738 99 229 757 577 998 196 401
3095 10 3308 577 998 196 401 470 34 68 369 107 878 544 997 508 271 698 781 738 99 229 757
4095 10 3308 544 997 577 998 107 878 698 781 470 34 68 369 229 757 508 271 196 401 738 99
5095 10 3308 698 781 508 271 196 401 229 757 544 997 738 99 470 34 68 369 577 998 107 878
1096 10 3639 467 919 442 881 112 712 301 46 819 772 739 518 703 342 317 52 254 902 395 172
2096 10 3639 112 712 819 772 739 518 395 172 317 52 703 342 301 46 442 881 254 902 467 919
3096 10 3639 442 881 467 919 254 902 112 712 395 172 739 518 301 46 703 342 819 772 317 52
4096 10 3639 703 342 467 919 739 518 317 52 442 881 301 46 395 172 819 772 254 902 112 712
5096 10 3639 112 712 395 172 442 881 467 919 301 46 317 52 819 772 254 902 703 342 739 518
1097 10 2867 874 476 292 402 366 633 555 106 207 474 345 359 746 876 15 544 28 254 156 861
2097 10 2867 345 359 156 861 366 633 555 106 15 544 207 474 28 254 874 476 746 876 292 402
3097 10 2867 366 633 156 861 555 106 15 544 28 254 874 476 292 402 746 876 345 359 207 474
4097 10 2867 746 876 874 476 366 633 28 254 207 474 156 861 292 402 555 106 345 359 15 544
5097 10 2867 28 254 366 633 156 861 15 544 207 474 746 876 292 402 874 476 345 359 555 106
1098 10 2771 341 167 622 395 499 612 268 291 52 190 451 125 580 811 381 500 121 661 149 614
2098 10 2771 622 395 52 190 341 167 268 291 121 661 580 811 381 500 451 125 499 612 149 614
3098 10 2771 341 167 381 500 149 614 268 291 580 811 499 612 121 661 52 190 622 395 451 125
4098 10 2771 499 612 268 291 622 395 381 500 149 614 341 167 451 125 580 811 52 190 121 661
5098 10 2771 381 500 580 811 52 190 121 661 451 125 268 291 622 395 341 167 149 614 499 612
1099 10 2877 307 1000 628 456 54 267 142 164 357 619 22 726 656 806 820 494 220 119 391 749
2099 10 2877 628 456 820 494 357 619 220 119 142 164 54 267 656 806 22 726 391 749 307 1000
3099 10 2877 628 456 142 164 357 619 220 119 820 494 22 726 656 806 54 267 307 1000 391 749
4099 10 2877 656 806 22 726 391 749 220 119 357 619 628 456 142 164 307 1000 820 494 54 267
5099 10 2877 142 164 391 749 54 267 307 1000 820 494 628 456 357 619 656 806 22 726 220 119
1100 10 3507 36 305 472 873 767 148 627 395 922 111 107 834 515 556 530 617 242 826 166 938
2100 10 3507 36 305 922 111 530 617 242 826 107 834 767 148 627 395 515 556 166 938 472 873
3100 10 3507 472 873 242 826 515 556 107 834 36 305 922 111 166 938 767 148 627 395 530 617
4100 10 3507 922 111 107 834 515 556 627 395 530 617 242 826 472 873 36 305 166 938 767 148
5100 10 3507 922 111 530 617 472 873 515 556 627 395 36 305 107 834 242 826 767 148 166 938
