1001 10 4504 834 259 144 172 242 568 547 660 543 800 566 89 856 269 702 297 586 602 610 401
2001 10 4504 242 568 834 259 543 800 702 297 144 172 586 602 856 269 547 660 610 401 566 89
3001 10 4504 610 401 586 602 144 172 566 89 702 297 242 568 543 800 834 259 547 660 856 269
4001 10 4504 610 401 586 602 547 660 543 800 834 259 144 172 702 297 856 269 242 568 566 89
5001 10 4504 834 259 702 297 547 660 144 172 856 269 543 800 566 89 586 602 610 401 242 568
6001 10 4504 547 660 586 602 834 259 702 297 242 568 144 172 543 800 566 89 610 401 856 269
7001 10 4504 610 401 566 89 702 297 543 800 586 602 834 259 144 172 547 660 856 269 242 568
8001 10 4504 144 172 856 269 543 800 242 568 586 602 702 297 834 259 547 660 566 89 610 401
9001 10 4504 543 800 834 259 547 660 586 602 610 401 144 172 856 269 702 297 242 568 566 89
10001 10 4504 586 602 543 800 242 568 856 269 566 89 547 660 610 401 834 259 144 172 702 297
1002 10 5496 741 877 854 943 530 197 130 852 936 334 671 572 956 588 548 189 829 354 675 298
2002 10 5496 741 877 936 334 530 197 854 943 548 189 829 354 671 572 675 298 956 588 130 852
3002 10 5496 741 877 130 852 829 354 675 298 956 588 854 943 936 334 671 572 530 197 548 189
4002 10 5496 675 298 671 572 530 197 741 877 936 334 829 354 956 588 130 852 548 189 854 943
5002 10 5496 956 588 548 189 829 354 854 943 671 572 130 852 530 197 675 298 741 877 936 334
6002 10 5496 854 943 936 334 671 572 829 354 741 877 130 852 675 298 530 197 956 588 548 189
7002 10 5496 130 852 829 354 530 197 956 588 936 334 854 943 548 189 741 877 671 572 675 298
8002 10 5496 956 588 675 298 854 943 671 572 530 197 936 334 130 852 548 189 741 877 829 354
9002 10 5496 829 354 936 334 530 197 956 588 671 572 548 189 675 298 854 943 130 852 741 877
10002 10 5496 741 877 829 354 956 588 671 572 854 943 936 334 548 189 675 298 530 197 130 852
1003 10 5856 951 592 722 332 962 607 780 867 744 138 751 307 316 768 743 782 650 708 701 86
2003 10 5856 650 708 743 782 701 86 780 867 962 607 951 592 722 332 751 307 316 768 744 138
3003 10 5856 701 86 962 607 780 867 751 307 743 782 316 768 650 708 951 592 744 138 722 332
4003 10 5856 951 592 744 138 650 708 751 307 743 782 701 86 780 867 722 332 316 768 962 607
5003 10 5856 722 332 780 867 951 592 744 138 962 607 751 307 743 782 650 708 701 86 316 768
6003 10 5856 650 708 743 782 951 592 751 307 316 768 780 867 744 138 701 86 722 332 962 607
7003 10 5856 951 592 722 332 316 768 744 138 743 782 780 867 962 607 650 708 751 307 701 86
8003 10 5856 701 86 744 138 650 708 316 768 951 592 962 607 780 867 751 307 722 332 743 782
9003 10 5856 962 607 780 867 722 332 751 307 701 86 744 138 951 592 650 708 743 782 316 768
10003 10 5856 743 782 316 768 962 607 650 708 780 867 751 307 744 138 701 86 951 592 722 332
1004 10 5078 219 643 330 471 392 933 818 102 950 48 966 202 503 928 672 944 571 682 927 437
2004 10 5078 330 471 927 437 672 944 950 48 392 933 503 928 571 682 219 643 818 102 966 202
3004 10 5078 392 933 966 202 950 48 927 437 672 944 219 643 503 928 571 682 818 102 330 471
4004 10 5078 950 48 927 437 219 643 672 944 503 928 330 471 966 202 392 933 818 102 571 682
5004 10 5078 219 643 571 682 950 48 927 437 330 471 818 102 672 944 966 202 503 928 392 933
6004 10 5078 219 643 927 437 818 102 966 202 330 471 950 48 503 928 672 944 571 682 392 933
7004 10 5078 571 682 330 471 672 944 503 928 392 933 818 102 927 437 219 643 950 48 966 202
8004 10 5078 571 682 950 48 672 944 927 437 818 102 503 928 330 471 219 643 392 933 966 202
9004 10 5078 330 471 672 944 818 102 571 682 503 928 966 202 219 643 392 933 950 48 927 437
10004 10 5078 330 471 818 102 950 48 503 928 219 643 927 437 966 202 392 933 672 944 571 682
1005 10 5262 801 774 476 904 731 839 412 628 887 796 605 99 770 63 639 553 484 776 773 886
2005 10 5262 773 886 639 553 605 99 484 776 476 904 887 796 731 839 770 63 412 628 801 774
3005 10 5262 605 99 476 904 484 776 801 774 773 886 639 553 412 628 731 839 770 63 887 796
4005 10 5262 476 904 605 99 801 774 639 553 773 886 484 776 770 63 887 796 731 839 412 628
5005 10 5262 639 553 484 776 605 99 731 839 770 63 476 904 412 628 801 774 773 886 887 796
6005 10 5262 639 553 731 839 605 99 412 628 887 796 484 776 773 886 801 774 476 904 770 63
7005 10 5262 773 886 887 796 412 628 770 63 639 553 605 99 801 774 484 776 731 839 476 904
8005 10 5262 639 553 605 99 412 628 484 776 773 886 476 904 801 774 770 63 731 839 887 796
9005 10 5262 484 776 770 63 887 796 476 904 639 553 412 628 605 99 801 774 731 839 773 886
10005 10 5262 484 776 773 886 605 99 801 774 412 628 770 63 887 796 476 904 731 839 639 553
1006 10 5589 324 660 471 430 853 309 676 890 948 125 637 264 657 343 980 642 796 435 645 919
2006 10 5589 853 309 645 919 948 125 637 264 980 642 676 890 324 660 657 343 471 430 796 435
3006 10 5589 471 430 796 435 645 919 676 890 980 642 853 309 657 343 948 125 637 264 324 660
4006 10 5589 645 919 471 430 948 125 676 890 324 660 657 343 637 264 796 435 853 309 980 642
5006 10 5589 324 660 796 435 645 919 657 343 980 642 948 125 637 264 471 430 676 890 853 309
6006 10 5589 948 125 324 660 645 919 980 642 471 430 676 890 853 309 637 264 657 343 796 435
7006 10 5589 980 642 324 660 796 435 637 264 471 430 657 343 676 890 948 125 645 919 853 309
8006 10 5589 645 919 980 642 657 343 796 435 637 264 853 309 948 125 324 660 676 890 471 430
9006 10 5589 796 435 324 660 980 642 637 264 645 919 676 890 471 430 948 125 657 343 853 309
10006 10 5589 657 343 980 642 471 430 324 660 645 919 853 309 796 435 676 890 637 264 948 125
1007 10 5707 463 434 354 67 408 943 705 518 710 281 825 631 944 777 875 423 917 166 933 990
2007 10 5707 944 777 875 423 463 434 710 281 933 990 825 631 408 943 354 67 705 518 917 166
3007 10 5707 875 423 825 631 917 166 408 943 933 990 354 67 710 281 705 518 944 777 463 434
4007 10 5707 354 67 710 281 933 990 917 166 825 631 463 434 705 518 944 777 875 423 408 943
5007 10 5707 710 281 875 423 825 631 354 67 408 943 917 166 463 434 933 990 944 777 705 518
6007 10 5707 875 423 705 518 825 631 944 777 354 67 933 990 917 166 463 434 408 943 710 281
7007 10 5707 917 166 354 67 710 281 408 943 875 423 933 990 944 777 825 631 463 434 705 518
8007 10 5707 463 434 710 281 705 518 408 943 354 67 917 166 944 777 875 423 825 631 933 990
9007 10 5707 354 67 825 631 933 990 408 943 705 518 944 777 917 166 463 434 710 281 875 423
10007 10 5707 705 518 875 423 825 631 710 281 463 434 944 777 917 166 408 943 933 990 354 67
1008 10 5544 789 124 711 813 615 256 534 448 670 312 822 468 631 295 845 990 529 981 785 490
2008 10 5544 615 256 789 124 529 981 670 312 785 490 711 813 631 295 845 990 534 448 822 468
3008 10 5544 785 490 534 448 822 468 615 256 631 295 670 312 845 990 711 813 789 124 529 981
4008 10 5544 822 468 534 448 789 124 670 312 845 990 529 981 631 295 785 490 711 813 615 256
5008 10 5544 785 490 615 256 845 990 711 813 789 124 529 981 822 468 631 295 534 448 670 312
6008 10 5544 534 448 785 490 670 312 822 468 711 813 615 256 631 295 845 990 529 981 789 124
7008 10 5544 615 256 789 124 711 813 845 990 670 312 822 468 785 490 534 448 631 295 529 981
8008 10 5544 822 468 789 124 845 990 785 490 529 981 534 448 670 312 711 813 615 256 631 295
9008 10 5544 529 981 631 295 670 312 822 468 534 448 711 813 845 990 789 124 785 490 615 256
10008 10 5544 845 990 711 813 789 124 529 981 534 448 785 490 631 295 822 468 670 312 615 256
1009 10 4764 170 283 879 940 801 719 340 98 870 498 604 234 990 573 296 994 384 119 622 500
2009 10 4764 879 940 384 119 990 573 340 98 622 500 296 994 170 283 870 498 604 234 801 719
3009 10 4764 384 119 170 283 340 98 879 940 990 573 870 498 801 719 296 994 604 234 622 500
4009 10 4764 870 498 340 98 879 940 604 234 801 719 990 573 384 119 170 283 296 994 622 500
5009 10 4764 870 498 296 994 990 573 340 98 170 283 622 500 879 940 604 234 384 119 801 719
6009 10 4764 384 119 801 719 340 98 870 498 990 573 604 234 622 500 879 940 170 283 296 994
7009 10 4764 990 573 870 498 622 500 296 994 801 719 604 234 170 283 384 119 340 98 879 940
8009 10 4764 622 500 870 498 340 98 170 283 879 940 801 719 990 573 384 119 296 994 604 234
9009 10 4764 879 940 340 98 384 119 801 719 604 234 990 573 296 994 870 498 170 283 622 500
10009 10 4764 879 940 990 573 384 119 622 500 296 994 604 234 170 283 340 98 801 719 870 498
1010 10 5413 788 898 599 276 537 71 632 963 379 209 918 54 1000 6 93 34 839 348 982 1
2010 10 5413 839 348 599 276 632 963 537 71 982 1 379 209 93 34 788 898 918 54 1000 6
3010 10 5413 918 54 1000 6 93 34 599 276 788 898 379 209 632 963 839 348 982 1 537 71
4010 10 5413 379 209 918 54 788 898 599 276 982 1 632 963 1000 6 839 348 537 71 93 34
5010 10 5413 93 34 839 348 599 276 982 1 379 209 537 71 788 898 632 963 1000 6 918 54
6010 10 5413 537 71 839 348 632 963 788 898 1000 6 93 34 599 276 379 209 918 54 982 1
7010 10 5413 537 71 918 54 1000 6 379 209 982 1 632 963 93 34 839 348 788 898 599 276
8010 10 5413 599 276 379 209 537 71 93 34 1000 6 839 348 632 963 918 54 788 898 982 1
9010 10 5413 632 963 918 54 537 71 379 209 1000 6 788 898 599 276 93 34 839 348 982 1
10010 10 5413 788 898 918 54 1000 6 599 276 839 348 379 209 632 963 982 1 537 71 93 34
1011 10 5921 961 153 957 228 767 164 773 151 765 194 420 440 875 386 963 120 473 955 448 884
2011 10 5921 767 164 961 153 765 194 963 120 957 228 473 955 448 884 773 151 420 440 875 386
3011 10 5921 473 955 875 386 957 228 961 153 773 151 765 194 448 884 420 440 767 164 963 120
4011 10 5921 767 164 961 153 420 440 448 884 963 120 765 194 875 386 473 955 957 228 773 151
5011 10 5921 773 151 448 884 473 955 767 164 957 228 420 440 961 153 765 194 963 120 875 386
6011 10 5921 765 194 961 153 957 228 420 440 773 151 875 386 767 164 473 955 448 884 963 120
7011 10 5921 420 440 473 955 963 120 765 194 448 884 875 386 773 151 767 164 961 153 957 228
8011 10 5921 773 151 957 228 767 164 961 153 448 884 963 120 473 955 420 440 875 386 765 194
9011 10 5921 957 228 963 120 448 884 875 386 767 164 765 194 773 151 961 153 420 440 473 955
10011 10 5921 963 120 767 164 773 151 875 386 957 228 420 440 961 153 473 955 765 194 448 884
1012 10 6153 724 150 921 633 898 851 789 407 768 815 798 751 896 169 912 421 695 898 291 385
2012 10 6153 798 751 768 815 291 385 724 150 789 407 898 851 912 421 695 898 896 169 921 633
3012 10 6153 921 633 768 815 898 851 896 169 912 421 789 407 695 898 724 150 798 751 291 385
4012 10 6153 291 385 789 407 695 898 768 815 912 421 896 169 798 751 921 633 724 150 898 851
5012 10 6153 695 898 898 851 768 815 896 169 798 751 789 407 291 385 921 633 912 421 724 150
6012 10 6153 695 898 789 407 921 633 898 851 798 751 724 150 912 421 896 169 291 385 768 815
7012 10 6153 768 815 921 633 695 898 291 385 898 851 798 751 789 407 912 421 724 150 896 169
8012 10 6153 291 385 898 851 695 898 896 169 724 150 798 751 912 421 921 633 789 407 768 815
9012 10 6153 921 633 695 898 898 851 768 815 789 407 896 169 912 421 291 385 724 150 798 751
10012 10 6153 798 751 896 169 898 851 912 421 768 815 724 150 921 633 291 385 695 898 789 407
1013 10 5292 940 840 787 198 297 779 926 394 318 711 867 860 657 782 932 915 297 790 595 200
2013 10 5292 940 840 932 915 595 200 867 860 657 782 297 779 926 394 297 790 787 198 318 711
3013 10 5292 932 915 787 198 297 790 318 711 657 782 867 860 926 394 940 840 297 779 595 200
4013 10 5292 932 915 297 779 657 782 595 200 787 198 926 394 940 840 867 860 297 790 318 711
5013 10 5292 787 198 657 782 940 840 297 790 595 200 297 779 867 860 932 915 318 711 926 394
6013 10 5292 787 198 926 394 940 840 297 779 867 860 932 915 297 790 318 711 595 200 657 782
7013 10 5292 318 711 595 200 297 779 787 198 657 782 932 915 297 790 867 860 926 394 940 840
8013 10 5292 867 860 297 779 940 840 297 790 657 782 595 200 926 394 932 915 787 198 318 711
9013 10 5292 318 711 926 394 657 782 867 860 297 790 595 200 940 840 787 198 932 915 297 779
10013 10 5292 932 915 318 711 787 198 940 840 297 790 657 782 297 779 867 860 595 200 926 394
1014 10 5700 141 430 967 613 514 751 576 133 979 754 894 202 863 861 871 462 869 909 451 619
2014 10 5700 871 462 576 133 869 909 967 613 451 619 141 430 863 861 979 754 894 202 514 751
3014 10 5700 451 619 871 462 967 613 576 133 863 861 979 754 869 909 141 430 894 202 514 751
4014 10 5700 863 861 514 751 576 133 869 909 967 613 894 202 979 754 451 619 871 462 141 430
5014 10 5700 979 754 863 861 967 613 514 751 871 462 869 909 576 133 894 202 141 430 451 619
6014 10 5700 451 619 871 462 979 754 514 751 967 613 894 202 141 430 869 909 863 861 576 133
7014 10 5700 967 613 894 202 141 430 871 462 863 861 514 751 576 133 869 909 979 754 451 619
8014 10 5700 576 133 141 430 869 909 979 754 967 613 894 202 871 462 863 861 514 751 451 619
9014 10 5700 967 613 871 462 894 202 451 619 869 909 863 861 514 751 979 754 141 430 576 133
10014 10 5700 967 613 979 754 869 909 576 133 871 462 863 861 451 619 141 430 514 751 894 202
1015 10 4543 530 768 568 977 749 284 567 908 411 925 955 621 241 724 593 129 134 869 931 75
2015 10 4543 241 724 134 869 411 925 931 75 530 768 568 977 955 621 749 284 567 908 593 129
3015 10 4543 955 621 134 869 411 925 530 768 749 284 568 977 567 908 593 129 931 75 241 724
4015 10 4543 567 908 593 129 749 284 568 977 134 869 411 925 241 724 955 621 931 75 530 768
5015 10 4543 568 977 530 768 931 75 955 621 749 284 241 724 411 925 134 869 567 908 593 129
6015 10 4543 411 925 931 75 134 869 593 129 241 724 567 908 749 284 955 621 530 768 568 977
7015 10 4543 134 869 593 129 955 621 568 977 411 925 241 724 749 284 530 768 931 75 567 908
8015 10 4543 593 129 567 908 955 621 411 925 931 75 530 768 749 284 241 724 134 869 568 977
9015 10 4543 568 977 241 724 955 621 749 284 931 75 593 129 567 908 411 925 134 869 530 768
10015 10 4543 134 869 749 284 568 977 931 75 593 129 241 724 530 768 567 908 411 925 955 621
1016 10 5385 502 19 429 771 376 506 913 230 812 236 694 261 820 737 849 925 879 67 458 515
2016 10 5385 913 230 458 515 429 771 820 737 694 261 376 506 879 67 502 19 849 925 812 236
3016 10 5385 458 515 429 771 820 737 913 230 849 925 812 236 694 261 502 19 879 67 376 506
4016 10 5385 502 19 376 506 849 925 694 261 879 67 458 515 820 737 429 771 913 230 812 236
5016 10 5385 879 67 458 515 849 925 502 19 913 230 694 261 812 236 820 737 376 506 429 771
6016 10 5385 879 67 820 737 429 771 694 261 812 236 502 19 376 506 913 230 849 925 458 515
7016 10 5385 879 67 502 19 812 236 913 230 376 506 849 925 694 261 458 515 820 737 429 771
8016 10 5385 502 19 913 230 429 771 694 261 820 737 458 515 879 67 812 236 849 925 376 506
9016 10 5385 502 19 429 771 694 261 376 506 849 925 458 515 879 67 820 737 812 236 913 230
10016 10 5385 879 67 694 261 458 515 502 19 812 236 376 506 849 925 820 737 913 230 429 771
1017 10 5567 973 419 674 166 599 652 485 57 612 123 996 237 868 948 372 967 916 882 464 540
2017 10 5567 372 967 973 419 868 948 996 237 916 882 612 123 464 540 599 652 485 57 674 166
3017 10 5567 674 166 372 967 996 237 612 123 464 540 916 882 868 948 599 652 973 419 485 57
4017 10 5567 485 57 372 967 916 882 599 652 612 123 674 166 464 540 973 419 868 948 996 237
5017 10 5567 372 967 674 166 916 882 612 123 464 540 868 948 996 237 599 652 485 57 973 419
6017 10 5567 599 652 612 123 674 166 996 237 372 967 485 57 868 948 916 882 464 540 973 419
7017 10 5567 612 123 996 237 868 948 464 540 372 967 599 652 485 57 916 882 674 166 973 419
8017 10 5567 868 948 372 967 464 540 973 419 916 882 674 166 996 237 485 57 612 123 599 652
9017 10 5567 372 967 599 652 674 166 868 948 973 419 916 882 612 123 996 237 464 540 485 57
10017 10 5567 612 123 599 652 973 419 674 166 485 57 868 948 916 882 996 237 464 540 372 967
1018 10 5198 595 81 965 899 693 708 75 620 970 118 358 775 687 676 516 899 648 9 991 368
2018 10 5198 991 368 516 899 358 775 648 9 687 676 693 708 595 81 965 899 970 118 75 620
3018 10 5198 965 899 693 708 648 9 595 81 970 118 991 368 358 775 75 620 516 899 687 676
4018 10 5198 516 899 970 118 965 899 991 368 75 620 687 676 693 708 358 775 648 9 595 81
5018 10 5198 965 899 595 81 358 775 516 899 687 676 648 9 970 118 75 620 693 708 991 368
6018 10 5198 991 368 687 676 358 775 516 899 970 118 693 708 648 9 595 81 75 620 965 899
7018 10 5198 358 775 516 899 991 368 595 81 693 708 648 9 965 899 687 676 75 620 970 118
8018 10 5198 693 708 991 368 595 81 687 676 970 118 965 899 358 775 648 9 75 620 516 899
9018 10 5198 358 775 970 118 687 676 516 899 693 708 648 9 595 81 75 620 991 368 965 899
10018 10 5198 693 708 991 368 970 118 516 899 648 9 687 676 75 620 358 775 965 899 595 81
1019 10 6223 944 735 764 409 530 713 869 489 525 495 979 776 623 632 892 134 722 300 931 741
2019 10 6223 944 735 979 776 764 409 530 713 525 495 722 300 869 489 892 134 931 741 623 632
3019 10 6223 931 741 764 409 722 300 869 489 530 713 525 495 979 776 892 134 944 735 623 632
4019 10 6223 722 300 869 489 892 134 530 713 931 741 764 409 944 735 623 632 525 495 979 776
5019 10 6223 525 495 931 741 530 713 623 632 722 300 944 735 979 776 869 489 764 409 892 134
6019 10 6223 931 741 764 409 944 735 979 776 869 489 530 713 722 300 892 134 525 495 623 632
7019 10 6223 722 300 931 741 892 134 979 776 530 713 525 495 623 632 764 409 869 489 944 735
8019 10 6223 869 489 931 741 722 300 892 134 764 409 623 632 979 776 530 713 525 495 944 735
9019 10 6223 764 409 931 741 979 776 623 632 892 134 869 489 530 713 525 495 944 735 722 300
10019 10 6223 722 300 944 735 623 632 525 495 931 741 530 713 869 489 764 409 979 776 892 134
1020 10 5353 747 793 531 924 552 933 297 966 828 682 595 99 976 494 398 201 997 381 771 815
2020 10 5353 771 815 595 99 828 682 531 924 552 933 747 793 997 381 297 966 976 494 398 201
3020 10 5353 398 201 297 966 828 682 747 793 771 815 595 99 997 381 976 494 552 933 531 924
4020 10 5353 747 793 997 381 552 933 398 201 297 966 828 682 771 815 595 99 976 494 531 924
5020 10 5353 997 381 297 966 828 682 595 99 531 924 976 494 398 201 552 933 747 793 771 815
6020 10 5353 828 682 531 924 398 201 771 815 997 381 747 793 297 966 976 494 552 933 595 99
7020 10 5353 552 933 595 99 297 966 531 924 747 793 771 815 398 201 997 381 976 494 828 682
8020 10 5353 997 381 595 99 828 682 771 815 976 494 747 793 297 966 552 933 398 201 531 924
9020 10 5353 976 494 297 966 552 933 771 815 747 793 595 99 997 381 531 924 398 201 828 682
10020 10 5353 771 815 595 99 828 682 976 494 398 201 297 966 997 381 552 933 531 924 747 793
1021 10 5252 288 20 762 447 642 84 451 370 450 480 561 969 972 837 828 789 792 992 820 909
2021 10 5252 828 789 451 370 762 447 820 909 792 992 450 480 642 84 972 837 561 969 288 20
3021 10 5252 820 909 762 447 451 370 288 20 792 992 972 837 450 480 561 969 828 789 642 84
4021 10 5252 450 480 762 447 828 789 451 370 642 84 561 969 288 20 972 837 820 909 792 992
5021 10 5252 642 84 820 909 762 447 450 480 792 992 972 837 561 969 828 789 288 20 451 370
6021 10 5252 762 447 820 909 828 789 450 480 561 969 972 837 288 20 451 370 642 84 792 992
7021 10 5252 288 20 450 480 762 447 972 837 820 909 828 789 642 84 792 992 561 969 451 370
8021 10 5252 820 909 288 20 828 789 561 969 792 992 642 84 972 837 762 447 450 480 451 370
9021 10 5252 828 789 561 969 792 992 642 84 451 370 288 20 972 837 450 480 820 909 762 447
10021 10 5252 288 20 972 837 450 480 561 969 642 84 762 447 451 370 820 909 792 992 828 789
1022 10 4830 834 848 218 942 983 457 674 420 459 398 580 179 457 535 756 393 293 496 784 924
2022 10 4830 674 420 834 848 983 457 784 924 457 535 218 942 293 496 459 398 756 393 580 179
3022 10 4830 218 942 293 496 459 398 756 393 580 179 674 420 784 924 457 535 834 848 983 457
4022 10 4830 459 398 834 848 674 420 756 393 983 457 580 179 784 924 457 535 218 942 293 496
5022 10 4830 293 496 580 179 784 924 756 393 459 398 218 942 457 535 674 420 834 848 983 457
6022 10 4830 983 457 459 398 756 393 674 420 580 179 293 496 834 848 784 924 457 535 218 942
7022 10 4830 834 848 756 393 983 457 784 924 218 942 293 496 580 179 457 535 674 420 459 398
8022 10 4830 674 420 983 457 457 535 784 924 580 179 834 848 293 496 756 393 218 942 459 398
9022 10 4830 459 398 293 496 218 942 834 848 580 179 674 420 756 393 784 924 457 535 983 457
10022 10 4830 293 496 218 942 457 535 784 924 459 398 674 420 983 457 580 179 756 393 834 848
1023 10 5824 720 299 914 738 895 840 484 946 665 140 654 916 900 349 658 90 439 81 951 53
2023 10 5824 658 90 914 738 895 840 900 349 654 916 439 81 484 946 665 140 720 299 951 53
3023 10 5824 658 90 439 81 900 349 720 299 951 53 895 840 665 140 914 738 654 916 484 946
4023 10 5824 895 840 951 53 720 299 665 140 654 916 658 90 439 81 900 349 914 738 484 946
5023 10 5824 658 90 654 916 720 299 900 349 439 81 484 946 914 738 951 53 895 840 665 140
6023 10 5824 658 90 484 946 900 349 914 738 720 299 895 840 951 53 665 140 654 916 439 81
7023 10 5824 658 90 900 349 720 299 439 81 951 53 654 916 914 738 665 140 895 840 484 946
8023 10 5824 900 349 895 840 720 299 654 916 951 53 658 90 484 946 439 81 914 738 665 140
9023 10 5824 914 738 665 140 484 946 654 916 895 840 900 349 658 90 951 53 720 299 439 81
10023 10 5824 914 738 720 299 665 140 900 349 654 916 439 81 658 90 484 946 895 840 951 53
1024 10 5299 533 913 604 298 989 931 481 75 703 345 548 522 578 222 487 508 965 355 736 864
2024 10 5299 487 508 736 864 533 913 604 298 703 345 578 222 965 355 989 931 481 75 548 522
3024 10 5299 487 508 989 931 533 913 736 864 481 75 703 345 578 222 604 298 548 522 965 355
4024 10 5299 481 75 548 522 487 508 703 345 989 931 965 355 533 913 578 222 736 864 604 298
5024 10 5299 736 864 965 355 703 345 548 522 604 298 533 913 578 222 481 75 989 931 487 508
6024 10 5299 578 222 548 522 703 345 989 931 965 355 736 864 487 508 481 75 604 298 533 913
7024 10 5299 548 522 487 508 965 355 578 222 604 298 989 931 481 75 736 864 703 345 533 913
8024 10 5299 604 298 481 75 736 864 703 345 533 913 487 508 965 355 548 522 989 931 578 222
9024 10 5299 533 913 965 355 481 75 604 298 703 345 578 222 487 508 736 864 989 931 548 522
10024 10 5299 989 931 533 913 487 508 965 355 703 345 736 864 548 522 604 298 578 222 481 75
1025 10 4935 615 992 593 555 803 556 856 113 584 359 754 31 787 976 643 736 346 580 188 700
2025 10 4935 754 31 803 556 787 976 188 700 856 113 643 736 584 359 593 555 615 992 346 580
3025 10 4935 615 992 803 556 188 700 787 976 593 555 584 359 346 580 754 31 856 113 643 736
4025 10 4935 787 976 593 555 584 359 856 113 803 556 643 736 615 992 188 700 346 580 754 31
5025 10 4935 584 359 615 992 856 113 188 700 643 736 346 580 754 31 593 555 803 556 787 976
6025 10 4935 593 555 584 359 615 992 754 31 643 736 856 113 346 580 787 976 803 556 188 700
7025 10 4935 615 992 787 976 856 113 584 359 803 556 593 555 346 580 188 700 754 31 643 736
8025 10 4935 593 555 188 700 615 992 643 736 346 580 803 556 856 113 787 976 584 359 754 31
9025 10 4935 787 976 593 555 346 580 643 736 754 31 803 556 856 113 615 992 584 359 188 700
10025 10 4935 787 976 615 992 856 113 188 700 593 555 803 556 346 580 584 359 643 736 754 31
1026 10 5328 755 46 538 244 1000 5 397 90 976 96 919 783 224 401 513 979 752 780 586 25
2026 10 5328 397 90 976 96 538 244 919 783 755 46 752 780 586 25 1000 5 224 401 513 979
3026 10 5328 586 25 538 244 976 96 224 401 752 780 755 46 919 783 1000 5 397 90 513 979
4026 10 5328 397 90 538 244 513 979 752 780 976 96 755 46 919 783 586 25 1000 5 224 401
5026 10 5328 538 244 752 780 397 90 919 783 224 401 976 96 586 25 513 979 1000 5 755 46
6026 10 5328 755 46 752 780 397 90 919 783 976 96 224 401 1000 5 586 25 538 244 513 979
7026 10 5328 919 783 755 46 1000 5 224 401 538 244 752 780 397 90 976 96 513 979 586 25
8026 10 5328 755 46 752 780 538 244 919 783 1000 5 513 979 224 401 397 90 586 25 976 96
9026 10 5328 1000 5 976 96 919 783 513 979 397 90 224 401 755 46 586 25 538 244 752 780
10026 10 5328 513 979 919 783 397 90 755 46 752 780 1000 5 224 401 976 96 538 244 586 25
1027 10 5776 906 543 221 153 895 51 188 681 998 315 686 720 879 558 730 808 749 181 968 993
2027 10 5776 906 543 749 181 221 153 730 808 879 558 895 51 686 720 998 315 968 993 188 681
3027 10 5776 895 51 221 153 879 558 906 543 749 181 730 808 188 681 968 993 686 720 998 315
4027 10 5776 686 720 968 993 895 51 730 808 906 543 998 315 221 153 188 681 749 181 879 558
5027 10 5776 879 558 188 681 730 808 968 993 221 153 686 720 998 315 906 543 749 181 895 51
6027 10 5776 188 681 879 558 968 993 998 315 730 808 221 153 686 720 906 543 749 181 895 51
7027 10 5776 895 51 686 720 906 543 221 153 968 993 879 558 749 181 188 681 998 315 730 808
8027 10 5776 998 315 221 153 895 51 188 681 730 808 879 558 686 720 906 543 968 993 749 181
9027 10 5776 968 993 879 558 895 51 188 681 686 720 749 181 221 153 730 808 906 543 998 315
10027 10 5776 895 51 749 181 968 993 686 720 221 153 188 681 730 808 879 558 906 543 998 315
1028 10 5124 730 53 463 796 532 638 480 515 758 949 426 257 675 187 989 724 643 585 709 209
2028 10 5124 643 585 675 187 480 515 730 53 532 638 989 724 463 796 709 209 758 949 426 257
3028 10 5124 758 949 480 515 730 53 463 796 532 638 709 209 426 257 643 585 989 724 675 187
4028 10 5124 643 585 758 949 989 724 426 257 463 796 532 638 709 209 480 515 675 187 730 53
5028 10 5124 675 187 758 949 709 209 426 257 989 724 643 585 480 515 532 638 730 53 463 796
6028 10 5124 730 53 989 724 758 949 675 187 643 585 463 796 426 257 532 638 480 515 709 209
7028 10 5124 709 209 730 53 463 796 758 949 532 638 675 187 643 585 480 515 989 724 426 257
8028 10 5124 463 796 730 53 709 209 532 638 989 724 426 257 758 949 675 187 643 585 480 515
9028 10 5124 989 724 730 53 532 638 480 515 643 585 463 796 709 209 426 257 758 949 675 187
10028 10 5124 643 585 989 724 758 949 675 187 463 796 709 209 532 638 730 53 480 515 426 257
1029 10 5295 209 278 713 326 943 219 737 604 670 947 918 146 978 164 369 107 704 133 378 455
2029 10 5295 209 278 704 133 943 219 378 455 978 164 737 604 670 947 369 107 713 326 918 146
3029 10 5295 704 133 978 164 209 278 918 146 737 604 378 455 943 219 369 107 713 326 670 947
4029 10 5295 670 947 704 133 918 146 943 219 713 326 737 604 378 455 369 107 209 278 978 164
5029 10 5295 378 455 704 133 918 146 978 164 713 326 737 604 209 278 369 107 943 219 670 947
6029 10 5295 737 604 209 278 943 219 713 326 670 947 978 164 704 133 378 455 369 107 918 146
7029 10 5295 704 133 713 326 369 107 978 164 209 278 737 604 378 455 670 947 943 219 918 146
8029 10 5295 713 326 209 278 369 107 378 455 670 947 704 133 737 604 943 219 978 164 918 146
9029 10 5295 737 604 713 326 369 107 209 278 943 219 918 146 670 947 378 455 704 133 978 164
10029 10 5295 670 947 737 604 704 133 209 278 918 146 378 455 369 107 713 326 943 219 978 164
1030 10 6291 964 490 996 163 749 232 812 69 938 630 416 9 931 567 958 155 494 749 606 303
2030 10 6291 931 567 958 155 812 69 938 630 964 490 494 749 416 9 606 303 996 163 749 232
3030 10 6291 938 630 606 303 964 490 416 9 931 567 749 232 812 69 996 163 494 749 958 155
4030 10 6291 606 303 749 232 931 567 958 155 494 749 812 69 996 163 964 490 416 9 938 630
5030 10 6291 812 69 938 630 996 163 964 490 494 749 958 155 931 567 606 303 416 9 749 232
6030 10 6291 958 155 812 69 494 749 996 163 938 630 964 490 931 567 606 303 749 232 416 9
7030 10 6291 996 163 812 69 938 630 749 232 494 749 416 9 606 303 931 567 964 490 958 155
8030 10 6291 996 163 749 232 416 9 494 749 812 69 606 303 931 567 958 155 938 630 964 490
9030 10 6291 931 567 938 630 494 749 749 232 996 163 964 490 812 69 958 155 416 9 606 303
10030 10 6291 996 163 938 630 416 9 958 155 749 232 812 69 931 567 494 749 964 490 606 303
1031 10 6309 780 400 961 41 493 157 846 877 913 545 813 54 868 41 301 256 960 632 952 38
2031 10 6309 952 38 960 632 301 256 961 41 780 400 813 54 493 157 868 41 846 877 913 545
3031 10 6309 846 877 960 632 813 54 961 41 780 400 868 41 493 157 913 545 952 38 301 256
4031 10 6309 301 256 952 38 868 41 846 877 961 41 960 632 493 157 813 54 780 400 913 545
5031 10 6309 813 54 493 157 960 632 913 545 301 256 868 41 780 400 846 877 961 41 952 38
6031 10 6309 813 54 952 38 846 877 961 41 780 400 493 157 913 545 301 256 960 632 868 41
7031 10 6309 846 877 960 632 813 54 961 41 952 38 301 256 868 41 913 545 780 400 493 157
8031 10 6309 960 632 952 38 301 256 813 54 846 877 493 157 780 400 913 545 868 41 961 41
9031 10 6309 961 41 868 41 960 632 780 400 813 54 846 877 913 545 301 256 493 157 952 38
10031 10 6309 868 41 301 256 960 632 952 38 493 157 780 400 846 877 813 54 961 41 913 545
1032 10 5543 879 692 348 933 367 940 918 542 917 553 412 884 662 487 849 872 840 183 737 197
2032 10 5543 918 542 840 183 917 553 367 940 737 197 849 872 662 487 412 884 348 933 879 692
3032 10 5543 367 940 879 692 849 872 918 542 412 884 737 197 840 183 917 553 348 933 662 487
4032 10 5543 367 940 348 933 879 692 412 884 917 553 737 197 662 487 918 542 840 183 849 872
5032 10 5543 367 940 918 542 662 487 849 872 917 553 412 884 879 692 348 933 737 197 840 183
6032 10 5543 367 940 917 553 918 542 662 487 348 933 840 183 412 884 879 692 737 197 849 872
7032 10 5543 367 940 917 553 737 197 849 872 348 933 662 487 918 542 840 183 879 692 412 884
8032 10 5543 412 884 917 553 737 197 367 940 662 487 879 692 840 183 849 872 348 933 918 542
9032 10 5543 412 884 840 183 917 553 918 542 348 933 879 692 849 872 737 197 662 487 367 940
10032 10 5543 662 487 849 872 737 197 348 933 917 553 840 183 412 884 879 692 367 940 918 542
1033 10 5603 328 639 982 806 553 213 711 624 809 407 650 251 886 152 638 497 721 255 726 548
2033 10 5603 711 624 809 407 650 251 721 255 553 213 328 639 886 152 982 806 638 497 726 548
3033 10 5603 721 255 726 548 553 213 711 624 328 639 886 152 638 497 809 407 982 806 650 251
4033 10 5603 711 624 638 497 328 639 650 251 726 548 809 407 886 152 721 255 553 213 982 806
5033 10 5603 711 624 721 255 886 152 982 806 650 251 726 548 553 213 328 639 809 407 638 497
6033 10 5603 721 255 726 548 650 251 982 806 886 152 553 213 711 624 328 639 638 497 809 407
7033 10 5603 721 255 809 407 711 624 638 497 726 548 982 806 328 639 650 251 553 213 886 152
8033 10 5603 650 251 721 255 553 213 711 624 809 407 886 152 328 639 638 497 982 806 726 548
9033 10 5603 726 548 638 497 328 639 809 407 886 152 711 624 982 806 650 251 553 213 721 255
10033 10 5603 982 806 638 497 809 407 726 548 886 152 553 213 721 255 328 639 650 251 711 624
1034 10 5323 865 50 726 473 824 382 775 369 215 229 398 15 685 101 926 284 427 941 813 636
2034 10 5323 865 50 398 15 427 941 813 636 215 229 775 369 726 473 824 382 685 101 926 284
3034 10 5323 865 50 726 473 775 369 215 229 685 101 398 15 926 284 427 941 813 636 824 382
4034 10 5323 726 473 215 229 398 15 865 50 775 369 685 101 926 284 427 941 813 636 824 382
5034 10 5323 398 15 726 473 926 284 427 941 775 369 865 50 824 382 215 229 685 101 813 636
6034 10 5323 865 50 427 941 926 284 398 15 824 382 726 473 813 636 775 369 215 229 685 101
7034 10 5323 215 229 398 15 427 941 865 50 926 284 824 382 813 636 775 369 726 473 685 101
8034 10 5323 726 473 398 15 813 636 926 284 824 382 775 369 685 101 215 229 427 941 865 50
9034 10 5323 726 473 865 50 824 382 215 229 398 15 926 284 685 101 813 636 775 369 427 941
10034 10 5323 427 941 865 50 685 101 398 15 775 369 215 229 726 473 813 636 926 284 824 382
1035 10 5303 662 201 771 32 151 717 907 941 914 478 400 840 538 924 978 765 410 470 898 760
2035 10 5303 978 765 400 840 538 924 151 717 914 478 771 32 907 941 410 470 662 201 898 760
3035 10 5303 898 760 151 717 410 470 771 32 400 840 914 478 538 924 662 201 978 765 907 941
4035 10 5303 538 924 410 470 662 201 400 840 151 717 898 760 914 478 907 941 771 32 978 765
5035 10 5303 914 478 978 765 907 941 662 201 771 32 151 717 898 760 410 470 538 924 400 840
6035 10 5303 538 924 978 765 771 32 410 470 914 478 400 840 662 201 151 717 898 760 907 941
7035 10 5303 400 840 898 760 538 924 410 470 151 717 914 478 771 32 978 765 907 941 662 201
8035 10 5303 771 32 907 941 914 478 898 760 978 765 662 201 410 470 538 924 400 840 151 717
9035 10 5303 151 717 914 478 410 470 400 840 771 32 538 924 978 765 662 201 907 941 898 760
10035 10 5303 538 924 662 201 400 840 978 765 914 478 771 32 410 470 907 941 151 717 898 760
1036 10 5705 763 849 330 7 863 430 998 769 800 142 939 24 367 44 771 921 875 159 426 367
2036 10 5705 998 769 875 159 426 367 367 44 939 24 771 921 800 142 863 430 763 849 330 7
3036 10 5705 426 367 367 44 875 159 998 769 330 7 800 142 939 24 763 849 771 921 863 430
4036 10 5705 763 849 863 430 875 159 939 24 426 367 800 142 998 769 367 44 771 921 330 7
5036 10 5705 367 44 426 367 771 921 863 430 939 24 800 142 763 849 998 769 875 159 330 7
6036 10 5705 367 44 763 849 771 921 330 7 875 159 800 142 998 769 939 24 863 430 426 367
7036 10 5705 800 142 367 44 875 159 426 367 998 769 763 849 939 24 863 430 330 7 771 921
8036 10 5705 998 769 939 24 330 7 426 367 367 44 800 142 763 849 863 430 875 159 771 921
9036 10 5705 763 849 998 769 800 142 367 44 875 159 863 430 939 24 330 7 771 921 426 367
10036 10 5705 875 159 939 24 763 849 998 769 330 7 426 367 367 44 863 430 771 921 800 142
1037 10 5324 338 99 340 321 906 370 824 651 797 245 640 495 898 22 374 259 825 326 713 778
2037 10 5324 640 495 340 321 713 778 338 99 825 326 374 259 906 370 797 245 824 651 898 22
3037 10 5324 797 245 338 99 825 326 374 259 713 778 340 321 898 22 640 495 824 651 906 370
4037 10 5324 898 22 825 326 797 245 640 495 906 370 713 778 340 321 338 99 824 651 374 259
5037 10 5324 640 495 797 245 825 326 374 259 906 370 338 99 824 651 898 22 713 778 340 321
6037 10 5324 825 326 906 370 338 99 640 495 898 22 824 651 797 245 713 778 340 321 374 259
7037 10 5324 898 22 797 245 713 778 338 99 340 321 824 651 640 495 825 326 374 259 906 370
8037 10 5324 713 778 824 651 797 245 898 22 906 370 640 495 825 326 340 321 374 259 338 99
9037 10 5324 906 370 898 22 374 259 340 321 713 778 825 326 338 99 797 245 640 495 824 651
10037 10 5324 338 99 340 321 374 259 797 245 640 495 825 326 824 651 713 778 898 22 906 370
1038 10 5996 741 45 865 62 615 578 577 51 436 637 663 65 904 511 826 268 964 6 904 747
2038 10 5996 865 62 904 747 741 45 615 578 436 637 577 51 964 6 663 65 826 268 904 511
3038 10 5996 964 6 615 578 826 268 741 45 904 747 904 511 663 65 865 62 436 637 577 51
4038 10 5996 663 65 826 268 865 62 615 578 904 747 904 511 577 51 964 6 741 45 436 637
5038 10 5996 826 268 865 62 741 45 615 578 436 637 904 511 577 51 964 6 663 65 904 747
6038 10 5996 615 578 436 637 663 65 865 62 826 268 741 45 904 511 577 51 904 747 964 6
7038 10 5996 577 51 436 637 741 45 826 268 663 65 964 6 865 62 904 747 615 578 904 511
8038 10 5996 663 65 577 51 741 45 436 637 865 62 964 6 826 268 904 747 904 511 615 578
9038 10 5996 663 65 436 637 741 45 577 51 904 511 865 62 615 578 964 6 904 747 826 268
10038 10 5996 826 268 436 637 865 62 663 65 741 45 964 6 904 511 904 747 615 578 577 51
1039 10 4260 184 216 869 894 373 961 84 456 179 516 666 159 597 186 558 843 844 766 972 840
2039 10 4260 373 961 844 766 869 894 972 840 184 216 179 516 666 159 84 456 558 843 597 186
3039 10 4260 844 766 558 843 373 961 179 516 972 840 666 159 869 894 184 216 84 456 597 186
4039 10 4260 373 961 666 159 844 766 184 216 84 456 869 894 972 840 179 516 558 843 597 186
5039 10 4260 373 961 972 840 184 216 84 456 558 843 666 159 597 186 844 766 869 894 179 516
6039 10 4260 179 516 558 843 373 961 844 766 972 840 184 216 666 159 84 456 869 894 597 186
7039 10 4260 869 894 597 186 179 516 373 961 184 216 972 840 844 766 558 843 666 159 84 456
8039 10 4260 373 961 666 159 869 894 179 516 597 186 844 766 972 840 558 843 84 456 184 216
9039 10 4260 558 843 84 456 844 766 972 840 869 894 373 961 597 186 184 216 179 516 666 159
10039 10 4260 84 456 597 186 869 894 184 216 558 843 373 961 666 159 179 516 844 766 972 840
1040 10 4779 538 959 880 59 632 557 550 544 799 890 433 685 463 534 55 146 713 717 911 428
2040 10 4779 911 428 880 59 538 959 799 890 55 146 632 557 713 717 550 544 433 685 463 534
3040 10 4779 713 717 799 890 463 534 433 685 550 544 538 959 911 428 55 146 632 557 880 59
4040 10 4779 799 890 538 959 632 557 550 544 880 59 463 534 911 428 433 685 55 146 713 717
5040 10 4779 463 534 55 146 911 428 713 717 550 544 538 959 880 59 799 890 433 685 632 557
6040 10 4779 550 544 799 890 713 717 433 685 463 534 538 959 632 557 55 146 911 428 880 59
7040 10 4779 880 59 550 544 713 717 799 890 632 557 911 428 538 959 55 146 433 685 463 534
8040 10 4779 538 959 880 59 550 544 713 717 632 557 55 146 463 534 799 890 433 685 911 428
9040 10 4779 433 685 632 557 550 544 463 534 911 428 799 890 880 59 713 717 55 146 538 959
10040 10 4779 550 544 911 428 880 59 55 146 713 717 799 890 538 959 463 534 433 685 632 557
1041 10 5381 563 833 810 233 607 840 809 212 811 95 992 647 642 78 707 626 587 762 199 866
2041 10 5381 992 647 810 233 707 626 587 762 563 833 809 212 642 78 607 840 199 866 811 95
3041 10 5381 811 95 992 647 563 833 587 762 809 212 707 626 810 233 607 840 199 866 642 78
4041 10 5381 809 212 810 233 607 840 811 95 642 78 707 626 199 866 587 762 563 833 992 647
5041 10 5381 810 233 811 95 587 762 642 78 199 866 607 840 809 212 563 833 707 626 992 647
6041 10 5381 811 95 563 833 707 626 199 866 607 840 810 233 642 78 587 762 809 212 992 647
7041 10 5381 607 840 810 233 587 762 809 212 707 626 642 78 563 833 811 95 199 866 992 647
8041 10 5381 199 866 563 833 809 212 810 233 707 626 811 95 992 647 642 78 607 840 587 762
9041 10 5381 607 840 810 233 992 647 563 833 707 626 587 762 809 212 642 78 199 866 811 95
10041 10 5381 809 212 563 833 811 95 810 233 607 840 587 762 199 866 642 78 992 647 707 626
1042 10 5196 640 556 798 930 586 259 842 566 668 430 200 199 768 564 279 462 981 329 733 342
2042 10 5196 768 564 842 566 798 930 733 342 668 430 586 259 279 462 640 556 200 199 981 329
3042 10 5196 586 259 279 462 798 930 200 199 733 342 668 430 981 329 842 566 768 564 640 556
4042 10 5196 586 259 200 199 842 566 640 556 768 564 981 329 279 462 798 930 668 430 733 342
5042 10 5196 668 430 586 259 279 462 640 556 798 930 768 564 733 342 842 566 200 199 981 329
6042 10 5196 768 564 842 566 586 259 733 342 640 556 981 329 798 930 668 430 200 199 279 462
7042 10 5196 842 566 586 259 200 199 279 462 798 930 733 342 768 564 640 556 668 430 981 329
8042 10 5196 768 564 640 556 981 329 279 462 842 566 586 259 798 930 668 430 733 342 200 199
9042 10 5196 981 329 200 199 586 259 798 930 279 462 733 342 640 556 668 430 842 566 768 564
10042 10 5196 586 259 668 430 768 564 981 329 733 342 798 930 200 199 279 462 640 556 842 566
1043 10 5470 361 549 830 456 743 681 585 315 880 934 878 274 751 121 426 813 569 709 815 202
2043 10 5470 743 681 751 121 830 456 880 934 426 813 569 709 815 202 361 549 585 315 878 274
3043 10 5470 751 121 426 813 569 709 878 274 815 202 585 315 743 681 830 456 880 934 361 549
4043 10 5470 569 709 878 274 585 315 830 456 815 202 751 121 880 934 361 549 426 813 743 681
5043 10 5470 878 274 743 681 569 709 361 549 815 202 426 813 751 121 830 456 585 315 880 934
6043 10 5470 585 315 361 549 743 681 880 934 878 274 426 813 815 202 569 709 751 121 830 456
7043 10 5470 815 202 880 934 751 121 585 315 743 681 361 549 569 709 878 274 426 813 830 456
8043 10 5470 426 813 569 709 830 456 585 315 751 121 743 681 815 202 361 549 880 934 878 274
9043 10 5470 815 202 830 456 751 121 569 709 585 315 743 681 878 274 426 813 361 549 880 934
10043 10 5470 569 709 743 681 426 813 830 456 585 315 878 274 815 202 751 121 880 934 361 549
1044 10 4490 387 746 756 944 127 676 407 729 528 177 795 1 558 620 719 350 857 518 479 150
2044 10 4490 795 1 528 177 719 350 756 944 387 746 857 518 407 729 479 150 558 620 127 676
3044 10 4490 387 746 407 729 479 150 756 944 558 620 857 518 127 676 528 177 719 350 795 1
4044 10 4490 479 150 387 746 528 177 857 518 756 944 558 620 795 1 719 350 407 729 127 676
5044 10 4490 127 676 558 620 387 746 857 518 528 177 795 1 756 944 719 350 479 150 407 729
6044 10 4490 719 350 387 746 479 150 756 944 127 676 407 729 528 177 558 620 795 1 857 518
7044 10 4490 857 518 795 1 127 676 528 177 558 620 756 944 719 350 479 150 407 729 387 746
8044 10 4490 407 729 857 518 756 944 387 746 479 150 795 1 719 350 558 620 528 177 127 676
9044 10 4490 387 746 127 676 719 350 558 620 857 518 407 729 795 1 479 150 528 177 756 944
10044 10 4490 479 150 387 746 528 177 558 620 127 676 719 350 795 1 857 518 756 944 407 729
1045 10 5174 689 49 795 150 618 105 985 387 884 973 201 985 423 624 859 694 718 337 296 513
2045 10 5174 884 973 859 694 689 49 795 150 618 105 423 624 201 985 296 513 985 387 718 337
3045 10 5174 718 337 795 150 689 49 423 624 985 387 618 105 201 985 884 973 296 513 859 694
4045 10 5174 718 337 296 513 689 49 884 973 985 387 423 624 618 105 201 985 859 694 795 150
5045 10 5174 201 985 423 624 296 513 718 337 859 694 884 973 985 387 689 49 795 150 618 105
6045 10 5174 201 985 985 387 618 105 859 694 884 973 718 337 423 624 795 150 689 49 296 513
7045 10 5174 296 513 423 624 689 49 795 150 618 105 985 387 201 985 718 337 884 973 859 694
8045 10 5174 884 973 718 337 296 513 985 387 859 694 795 150 689 49 618 105 423 624 201 985
9045 10 5174 423 624 689 49 618 105 884 973 859 694 296 513 718 337 201 985 795 150 985 387
10045 10 5174 718 337 423 624 689 49 884 973 859 694 985 387 618 105 201 985 795 150 296 513
1046 10 3729 493 918 333 996 112 315 501 483 670 505 811 844 877 512 329 622 360 361 176 442
2046 10 3729 501 483 112 315 811 844 329 622 670 505 493 918 333 996 360 361 877 512 176 442
3046 10 3729 360 361 670 505 501 483 112 315 811 844 176 442 493 918 329 622 333 996 877 512
4046 10 3729 877 512 329 622 811 844 360 361 493 918 670 505 176 442 501 483 112 315 333 996
5046 10 3729 329 622 670 505 360 361 811 844 176 442 493 918 877 512 333 996 501 483 112 315
6046 10 3729 501 483 360 361 329 622 877 512 176 442 670 505 112 315 493 918 811 844 333 996
7046 10 3729 877 512 493 918 176 442 112 315 811 844 329 622 333 996 670 505 501 483 360 361
8046 10 3729 176 442 112 315 493 918 329 622 877 512 333 996 670 505 811 844 360 361 501 483
9046 10 3729 333 996 360 361 877 512 112 315 493 918 501 483 670 505 811 844 329 622 176 442
10046 10 3729 329 622 112 315 333 996 670 505 493 918 176 442 360 361 501 483 811 844 877 512
1047 10 5042 695 714 974 176 364 543 647 906 378 156 378 919 572 298 853 855 793 569 649 709
2047 10 5042 647 906 974 176 649 709 364 543 378 156 378 919 695 714 793 569 572 298 853 855
3047 10 5042 695 714 647 906 378 156 974 176 853 855 378 919 364 543 572 298 793 569 649 709
4047 10 5042 647 906 793 569 974 176 378 919 378 156 649 709 364 543 572 298 853 855 695 714
5047 10 5042 974 176 378 156 695 714 793 569 649 709 364 543 572 298 378 919 647 906 853 855
6047 10 5042 378 919 647 906 572 298 974 176 378 156 364 543 695 714 793 569 649 709 853 855
7047 10 5042 974 176 853 855 378 156 364 543 793 569 695 714 647 906 572 298 378 919 649 709
8047 10 5042 695 714 853 855 647 906 364 543 378 156 378 919 572 298 649 709 793 569 974 176
9047 10 5042 364 543 378 156 695 714 793 569 853 855 378 919 649 709 974 176 572 298 647 906
10047 10 5042 378 156 647 906 572 298 853 855 649 709 378 919 695 714 793 569 974 176 364 543
1048 10 5582 903 996 896 101 991 521 670 888 431 821 358 346 478 903 456 343 858 215 937 137
2048 10 5582 478 903 456 343 991 521 358 346 858 215 903 996 670 888 896 101 937 137 431 821
3048 10 5582 937 137 431 821 456 343 358 346 858 215 903 996 478 903 991 521 670 888 896 101
4048 10 5582 903 996 937 137 858 215 991 521 456 343 358 346 896 101 478 903 431 821 670 888
5048 10 5582 991 521 478 903 431 821 896 101 903 996 670 888 456 343 358 346 937 137 858 215
6048 10 5582 431 821 478 903 358 346 896 101 903 996 670 888 937 137 858 215 456 343 991 521
7048 10 5582 358 346 903 996 670 888 991 521 858 215 937 137 896 101 478 903 456 343 431 821
8048 10 5582 478 903 431 821 456 343 358 346 991 521 670 888 896 101 937 137 903 996 858 215
9048 10 5582 937 137 431 821 670 888 858 215 478 903 896 101 991 521 903 996 456 343 358 346
10048 10 5582 358 346 991 521 478 903 431 821 896 101 858 215 903 996 456 343 937 137 670 888
1049 10 4748 404 717 425 535 469 246 741 818 964 214 638 321 487 436 277 89 637 650 894 157
2049 10 4748 638 321 894 157 469 246 741 818 277 89 964 214 637 650 404 717 487 436 425 535
3049 10 4748 469 246 894 157 741 818 277 89 637 650 404 717 425 535 487 436 638 321 964 214
4049 10 4748 487 436 404 717 469 246 637 650 964 214 894 157 425 535 741 818 638 321 277 89
5049 10 4748 637 650 469 246 894 157 277 89 964 214 487 436 425 535 404 717 638 321 741 818
6049 10 4748 469 246 638 321 277 89 425 535 487 436 964 214 894 157 741 818 637 650 404 717
7049 10 4748 638 321 487 436 469 246 425 535 637 650 894 157 741 818 964 214 277 89 404 717
8049 10 4748 469 246 741 818 404 717 425 535 894 157 277 89 637 650 487 436 638 321 964 214
9049 10 4748 277 89 425 535 638 321 741 818 404 717 469 246 964 214 894 157 487 436 637 650
10049 10 4748 741 818 894 157 487 436 637 650 964 214 425 535 638 321 469 246 404 717 277 89
1050 10 5540 478 823 858 396 769 711 946 231 125 359 807 445 374 571 735 653 859 350 975 690
2050 10 5540 858 396 735 653 125 359 859 350 946 231 769 711 374 571 807 445 975 690 478 823
3050 10 5540 858 396 946 231 125 359 859 350 735 653 807 445 374 571 769 711 478 823 975 690
4050 10 5540 374 571 807 445 975 690 859 350 125 359 858 396 946 231 478 823 735 653 769 711
5050 10 5540 946 231 975 690 769 711 478 823 735 653 858 396 125 359 374 571 807 445 859 350
6050 10 5540 859 350 374 571 769 711 478 823 858 396 125 359 735 653 946 231 807 445 975 690
7050 10 5540 859 350 858 396 946 231 807 445 125 359 769 711 478 823 735 653 975 690 374 571
8050 10 5540 374 571 807 445 735 653 125 359 859 350 858 396 975 690 769 711 478 823 946 231
9050 10 5540 858 396 125 359 735 653 478 823 946 231 807 445 374 571 859 350 975 690 769 711
10050 10 5540 858 396 946 231 374 571 735 653 478 823 859 350 125 359 807 445 769 711 975 690
1051 10 6199 958 182 851 994 559 266 522 880 665 42 980 861 908 536 762 257 818 177 726 642
2051 10 6199 762 257 726 642 818 177 559 266 958 182 522 880 665 42 980 861 908 536 851 994
3051 10 6199 818 177 908 536 522 880 559 266 665 42 726 642 851 994 762 257 980 861 958 182
4051 10 6199 559 266 851 994 958 182 980 861 762 257 818 177 726 642 665 42 522 880 908 536
5051 10 6199 818 177 851 994 762 257 665 42 559 266 726 642 908 536 980 861 522 880 958 182
6051 10 6199 818 177 665 42 726 642 851 994 908 536 762 257 980 861 522 880 958 182 559 266
7051 10 6199 851 994 958 182 522 880 559 266 762 257 818 177 665 42 980 861 726 642 908 536
8051 10 6199 908 536 851 994 665 42 522 880 762 257 818 177 958 182 559 266 726 642 980 861
9051 10 6199 958 182 665 42 522 880 762 257 851 994 818 177 980 861 908 536 726 642 559 266
10051 10 6199 980 861 559 266 762 257 958 182 818 177 851 994 665 42 522 880 726 642 908 536
1052 10 4872 220 475 275 891 694 905 631 772 597 543 606 561 780 471 902 682 650 552 736 145
2052 10 4872 275 891 631 772 597 543 220 475 780 471 902 682 736 145 694 905 650 552 606 561
3052 10 4872 606 561 275 891 902 682 220 475 736 145 694 905 597 543 631 772 650 552 780 471
4052 10 4872 606 561 220 475 902 682 736 145 275 891 597 543 650 552 694 905 631 772 780 471
5052 10 4872 220 475 650 552 631 772 694 905 606 561 736 145 902 682 780 471 275 891 597 543
6052 10 4872 902 682 694 905 606 561 650 552 736 145 220 475 597 543 780 471 631 772 275 891
7052 10 4872 631 772 606 561 902 682 694 905 736 145 275 891 650 552 597 543 780 471 220 475
8052 10 4872 694 905 902 682 650 552 220 475 597 543 736 145 631 772 780 471 606 561 275 891
9052 10 4872 631 772 736 145 902 682 650 552 220 475 694 905 780 471 597 543 275 891 606 561
10052 10 4872 650 552 606 561 220 475 275 891 780 471 902 682 631 772 694 905 736 145 597 543
1053 10 3836 545 183 902 359 337 360 123 409 289 74 312 502 758 832 661 275 433 783 435 155
2053 10 3836 289 74 337 360 433 783 435 155 123 409 758 832 661 275 902 359 312 502 545 183
3053 10 3836 545 183 337 360 758 832 123 409 435 155 312 502 902 359 661 275 289 74 433 783
4053 10 3836 758 832 312 502 433 783 902 359 337 360 289 74 545 183 435 155 123 409 661 275
5053 10 3836 289 74 123 409 902 359 661 275 337 360 435 155 545 183 433 783 312 502 758 832
6053 10 3836 433 783 435 155 661 275 123 409 758 832 337 360 902 359 312 502 545 183 289 74
7053 10 3836 545 183 758 832 337 360 435 155 433 783 123 409 289 74 312 502 661 275 902 359
8053 10 3836 902 359 545 183 758 832 289 74 433 783 123 409 435 155 312 502 661 275 337 360
9053 10 3836 337 360 758 832 435 155 902 359 123 409 312 502 289 74 661 275 433 783 545 183
10053 10 3836 289 74 661 275 312 502 435 155 433 783 902 359 337 360 545 183 123 409 758 832
1054 10 6372 914 9 802 973 943 641 796 459 918 164 685 998 675 176 883 378 757 943 592 677
2054 10 6372 675 176 918 164 883 378 802 973 685 998 796 459 914 9 943 641 757 943 592 677
3054 10 6372 943 641 675 176 918 164 592 677 757 943 685 998 802 973 883 378 796 459 914 9
4054 10 6372 592 677 802 973 675 176 914 9 883 378 685 998 943 641 757 943 918 164 796 459
5054 10 6372 802 973 796 459 757 943 883 378 675 176 943 641 685 998 592 677 914 9 918 164
6054 10 6372 802 973 914 9 685 998 943 641 883 378 757 943 592 677 796 459 918 164 675 176
7054 10 6372 918 164 802 973 883 378 943 641 675 176 796 459 914 9 685 998 592 677 757 943
8054 10 6372 802 973 883 378 685 998 592 677 675 176 757 943 918 164 943 641 796 459 914 9
9054 10 6372 796 459 883 378 592 677 918 164 675 176 802 973 685 998 757 943 914 9 943 641
10054 10 6372 802 973 685 998 883 378 757 943 914 9 592 677 675 176 943 641 918 164 796 459
1055 10 4707 836 83 971 295 484 271 498 98 721 709 783 233 476 907 480 330 374 401 261 960
2055 10 4707 498 98 783 233 721 709 971 295 476 907 484 271 480 330 374 401 261 960 836 83
3055 10 4707 498 98 484 271 480 330 971 295 261 960 476 907 721 709 374 401 836 83 783 233
4055 10 4707 783 233 476 907 480 330 261 960 498 98 374 401 836 83 971 295 721 709 484 271
5055 10 4707 836 83 261 960 721 709 498 98 476 907 480 330 484 271 971 295 374 401 783 233
6055 10 4707 783 233 971 295 484 271 721 709 476 907 836 83 480 330 498 98 374 401 261 960
7055 10 4707 484 271 836 83 480 330 783 233 476 907 261 960 971 295 721 709 374 401 498 98
8055 10 4707 971 295 836 83 374 401 480 330 476 907 484 271 498 98 261 960 783 233 721 709
9055 10 4707 374 401 261 960 480 330 971 295 484 271 836 83 476 907 783 233 721 709 498 98
10055 10 4707 721 709 476 907 971 295 261 960 374 401 498 98 484 271 783 233 480 330 836 83
1056 10 4217 83 899 114 661 815 620 997 949 66 103 352 411 874 441 265 636 815 267 891 666
2056 10 4217 265 636 815 620 874 441 66 103 891 666 815 267 83 899 114 661 352 411 997 949
3056 10 4217 265 636 114 661 352 411 83 899 997 949 815 620 891 666 815 267 66 103 874 441
4056 10 4217 114 661 66 103 874 441 352 411 265 636 891 666 815 267 997 949 815 620 83 899
5056 10 4217 891 666 352 411 874 441 83 899 815 267 114 661 66 103 815 620 265 636 997 949
6056 10 4217 997 949 891 666 83 899 265 636 352 411 114 661 874 441 815 620 66 103 815 267
7056 10 4217 997 949 815 267 891 666 66 103 83 899 874 441 265 636 114 661 352 411 815 620
8056 10 4217 815 620 83 899 114 661 352 411 265 636 874 441 815 267 66 103 891 666 997 949
9056 10 4217 874 441 891 666 997 949 114 661 265 636 815 267 66 103 815 620 352 411 83 899
10056 10 4217 265 636 352 411 891 666 997 949 815 267 815 620 83 899 874 441 66 103 114 661
1057 10 5441 961 703 742 971 280 281 695 863 953 424 316 55 300 719 820 690 934 106 801 743
2057 10 5441 961 703 280 281 316 55 953 424 300 719 742 971 934 106 695 863 820 690 801 743
3057 10 5441 953 424 820 690 742 971 695 863 961 703 280 281 801 743 316 55 934 106 300 719
4057 10 5441 300 719 280 281 820 690 695 863 316 55 934 106 961 703 742 971 953 424 801 743
5057 10 5441 934 106 801 743 280 281 820 690 695 863 953 424 316 55 742 971 961 703 300 719
6057 10 5441 300 719 934 106 820 690 280 281 695 863 961 703 316 55 953 424 742 971 801 743
7057 10 5441 300 719 695 863 820 690 801 743 953 424 280 281 961 703 934 106 316 55 742 971
8057 10 5441 820 690 953 424 300 719 695 863 801 743 316 55 961 703 934 106 280 281 742 971
9057 10 5441 820 690 742 971 280 281 695 863 953 424 961 703 300 719 934 106 316 55 801 743
10057 10 5441 953 424 280 281 695 863 820 690 801 743 742 971 316 55 934 106 961 703 300 719
1058 10 5942 906 637 886 379 670 146 289 508 976 979 853 657 943 648 856 451 453 770 596 18
2058 10 5942 289 508 670 146 886 379 596 18 856 451 853 657 976 979 943 648 453 770 906 637
3058 10 5942 906 637 886 379 976 979 289 508 856 451 943 648 596 18 670 146 453 770 853 657
4058 10 5942 853 657 289 508 453 770 596 18 886 379 906 637 976 979 943 648 670 146 856 451
5058 10 5942 670 146 596 18 856 451 453 770 886 379 289 508 853 657 976 979 906 637 943 648
6058 10 5942 453 770 906 637 943 648 289 508 670 146 853 657 856 451 976 979 886 379 596 18
7058 10 5942 670 146 453 770 856 451 906 637 289 508 886 379 943 648 853 657 596 18 976 979
8058 10 5942 906 637 596 18 943 648 976 979 856 451 886 379 453 770 289 508 853 657 670 146
9058 10 5942 856 451 886 379 943 648 976 979 289 508 596 18 670 146 853 657 906 637 453 770
10058 10 5942 976 979 596 18 906 637 453 770 886 379 943 648 856 451 289 508 853 657 670 146
1059 10 5340 149 40 941 903 502 6 284 116 754 857 394 763 962 186 965 642 790 210 935 134
2059 10 5340 962 186 502 6 935 134 149 40 965 642 790 210 284 116 754 857 941 903 394 763
3059 10 5340 284 116 790 210 502 6 394 763 962 186 754 857 935 134 149 40 965 642 941 903
4059 10 5340 394 763 941 903 502 6 965 642 962 186 149 40 754 857 284 116 935 134 790 210
5059 10 5340 941 903 284 116 935 134 149 40 754 857 790 210 502 6 965 642 962 186 394 763
6059 10 5340 941 903 965 642 935 134 149 40 502 6 790 210 284 116 394 763 754 857 962 186
7059 10 5340 284 116 962 186 394 763 502 6 935 134 965 642 941 903 790 210 754 857 149 40
8059 10 5340 284 116 941 903 962 186 965 642 790 210 754 857 502 6 935 134 394 763 149 40
9059 10 5340 149 40 962 186 790 210 284 116 394 763 935 134 965 642 754 857 941 903 502 6
10059 10 5340 935 134 284 116 941 903 962 186 149 40 754 857 394 763 965 642 790 210 502 6
1060 10 4944 799 537 596 708 788 134 403 775 287 947 824 616 904 124 698 617 487 39 394 67
2060 10 4944 799 537 394 67 788 134 904 124 824 616 487 39 287 947 698 617 403 775 596 708
3060 10 4944 487 39 788 134 824 616 596 708 698 617 287 947 403 775 904 124 394 67 799 537
4060 10 4944 799 537 824 616 788 134 904 124 487 39 403 775 698 617 287 947 394 67 596 708
5060 10 4944 698 617 394 67 904 124 596 708 403 775 487 39 287 947 824 616 788 134 799 537
6060 10 4944 403 775 394 67 698 617 596 708 788 134 487 39 824 616 799 537 904 124 287 947
7060 10 4944 596 708 698 617 403 775 287 947 824 616 799 537 904 124 487 39 394 67 788 134
8060 10 4944 824 616 487 39 788 134 596 708 698 617 287 947 904 124 403 775 394 67 799 537
9060 10 4944 698 617 904 124 788 134 487 39 799 537 287 947 394 67 596 708 403 775 824 616
10060 10 4944 596 708 698 617 904 124 394 67 487 39 824 616 403 775 799 537 287 947 788 134
1061 10 5964 606 759 674 808 837 80 786 735 629 360 954 23 565 15 969 279 506 717 930 809
2061 10 5964 629 360 565 15 786 735 674 808 969 279 930 809 954 23 606 759 506 717 837 80
3061 10 5964 606 759 786 735 506 717 565 15 629 360 954 23 674 808 969 279 837 80 930 809
4061 10 5964 674 808 954 23 629 360 837 80 930 809 506 717 786 735 565 15 969 279 606 759
5061 10 5964 954 23 674 808 786 735 629 360 565 15 506 717 837 80 969 279 930 809 606 759
6061 10 5964 930 809 969 279 786 735 565 15 606 759 674 808 629 360 837 80 506 717 954 23
7061 10 5964 969 279 629 360 837 80 606 759 565 15 930 809 954 23 506 717 786 735 674 808
8061 10 5964 954 23 629 360 969 279 786 735 606 759 674 808 506 717 565 15 837 80 930 809
9061 10 5964 629 360 565 15 837 80 969 279 930 809 674 808 606 759 786 735 954 23 506 717
10061 10 5964 969 279 674 808 606 759 837 80 930 809 565 15 506 717 786 735 954 23 629 360
1062 10 4308 663 101 696 760 226 147 726 399 563 615 383 442 559 311 164 932 881 98 524 299
2062 10 4308 696 760 383 442 663 101 226 147 881 98 726 399 559 311 524 299 563 615 164 932
3062 10 4308 164 932 383 442 726 399 226 147 524 299 881 98 559 311 563 615 696 760 663 101
4062 10 4308 563 615 164 932 726 399 663 101 559 311 696 760 881 98 383 442 226 147 524 299
5062 10 4308 696 760 663 101 226 147 563 615 524 299 383 442 164 932 881 98 559 311 726 399
6062 10 4308 726 399 164 932 663 101 383 442 226 147 881 98 563 615 696 760 559 311 524 299
7062 10 4308 881 98 726 399 524 299 696 760 164 932 226 147 563 615 663 101 383 442 559 311
8062 10 4308 563 615 726 399 663 101 881 98 164 932 226 147 559 311 696 760 524 299 383 442
9062 10 4308 164 932 383 442 696 760 881 98 663 101 726 399 559 311 563 615 524 299 226 147
10062 10 4308 383 442 696 760 726 399 881 98 559 311 563 615 226 147 663 101 164 932 524 299
1063 10 5080 324 160 401 140 648 519 461 790 387 310 960 80 866 723 653 231 951 83 700 116
2063 10 5080 960 80 324 160 951 83 387 310 653 231 461 790 648 519 700 116 866 723 401 140
3063 10 5080 324 160 648 519 401 140 960 80 866 723 951 83 461 790 387 310 653 231 700 116
4063 10 5080 866 723 648 519 324 160 401 140 951 83 387 310 700 116 960 80 461 790 653 231
5063 10 5080 700 116 461 790 951 83 653 231 960 80 401 140 866 723 324 160 387 310 648 519
6063 10 5080 461 790 387 310 951 83 866 723 401 140 648 519 653 231 324 160 700 116 960 80
7063 10 5080 387 310 324 160 700 116 648 519 653 231 401 140 461 790 951 83 960 80 866 723
8063 10 5080 401 140 653 231 461 790 324 160 866 723 700 116 387 310 960 80 648 519 951 83
9063 10 5080 324 160 401 140 648 519 951 83 387 310 653 231 866 723 461 790 700 116 960 80
10063 10 5080 951 83 387 310 324 160 700 116 960 80 461 790 653 231 648 519 866 723 401 140
1064 10 5488 640 395 801 743 747 328 383 956 958 471 730 342 694 3 490 644 912 460 505 615
2064 10 5488 383 956 640 395 505 615 694 3 912 460 490 644 730 342 801 743 747 328 958 471
3064 10 5488 383 956 640 395 912 460 958 471 747 328 730 342 801 743 694 3 490 644 505 615
4064 10 5488 383 956 505 615 747 328 912 460 640 395 490 644 730 342 801 743 958 471 694 3
5064 10 5488 490 644 801 743 383 956 640 395 694 3 730 342 912 460 958 471 505 615 747 328
6064 10 5488 505 615 383 956 640 395 694 3 490 644 730 342 912 460 801 743 958 471 747 328
7064 10 5488 694 3 730 342 505 615 640 395 801 743 383 956 747 328 958 471 490 644 912 460
8064 10 5488 801 743 694 3 383 956 747 328 912 460 505 615 640 395 730 342 490 644 958 471
9064 10 5488 383 956 505 615 747 328 801 743 730 342 912 460 640 395 694 3 490 644 958 471
10064 10 5488 730 342 383 956 694 3 801 743 505 615 958 471 912 460 490 644 747 328 640 395
1065 10 5710 991 285 974 41 663 738 839 905 950 532 636 142 610 979 368 669 311 469 796 730
2065 10 5710 368 669 311 469 839 905 991 285 796 730 974 41 950 532 610 979 636 142 663 738
3065 10 5710 796 730 974 41 839 905 636 142 368 669 991 285 610 979 311 469 950 532 663 738
4065 10 5710 311 469 974 41 663 738 636 142 610 979 991 285 368 669 950 532 839 905 796 730
5065 10 5710 663 738 991 285 796 730 950 532 311 469 974 41 839 905 610 979 368 669 636 142
6065 10 5710 839 905 368 669 610 979 636 142 796 730 974 41 991 285 950 532 663 738 311 469
7065 10 5710 974 41 610 979 663 738 950 532 368 669 796 730 991 285 636 142 839 905 311 469
8065 10 5710 950 532 663 738 610 979 636 142 839 905 311 469 368 669 796 730 974 41 991 285
9065 10 5710 636 142 796 730 663 738 991 285 950 532 368 669 610 979 839 905 974 41 311 469
10065 10 5710 610 979 950 532 368 669 311 469 974 41 991 285 636 142 839 905 796 730 663 738
1066 10 4728 349 125 777 494 263 307 367 238 274 658 784 939 669 956 865 578 985 411 578 1000
2066 10 4728 985 411 578 1000 274 658 349 125 865 578 784 939 367 238 263 307 777 494 669 956
3066 10 4728 784 939 777 494 367 238 349 125 985 411 274 658 865 578 669 956 578 1000 263 307
4066 10 4728 274 658 777 494 367 238 669 956 263 307 865 578 349 125 578 1000 985 411 784 939
5066 10 4728 777 494 865 578 784 939 367 238 578 1000 349 125 274 658 985 411 263 307 669 956
6066 10 4728 274 658 367 238 349 125 865 578 777 494 669 956 578 1000 263 307 985 411 784 939
7066 10 4728 865 578 367 238 263 307 784 939 669 956 777 494 985 411 349 125 274 658 578 1000
8066 10 4728 669 956 578 1000 985 411 367 238 777 494 349 125 784 939 274 658 263 307 865 578
9066 10 4728 777 494 263 307 367 238 578 1000 669 956 784 939 865 578 274 658 985 411 349 125
10066 10 4728 578 1000 784 939 865 578 349 125 985 411 274 658 669 956 777 494 367 238 263 307
1067 10 5268 698 678 665 425 810 319 593 766 270 33 964 308 503 650 822 156 690 550 571 164
2067 10 5268 593 766 822 156 270 33 810 319 665 425 503 650 571 164 964 308 698 678 690 550
3067 10 5268 593 766 822 156 571 164 810 319 964 308 698 678 690 550 665 425 270 33 503 650
4067 10 5268 690 550 810 319 503 650 593 766 822 156 665 425 964 308 571 164 698 678 270 33
5067 10 5268 593 766 571 164 690 550 822 156 503 650 698 678 665 425 964 308 270 33 810 319
6067 10 5268 503 650 571 164 822 156 690 550 964 308 810 319 270 33 665 425 593 766 698 678
7067 10 5268 665 425 810 319 822 156 593 766 503 650 571 164 698 678 690 550 270 33 964 308
8067 10 5268 810 319 503 650 822 156 665 425 270 33 571 164 698 678 964 308 690 550 593 766
9067 10 5268 503 650 593 766 665 425 964 308 270 33 698 678 822 156 690 550 571 164 810 319
10067 10 5268 810 319 690 550 822 156 270 33 964 308 698 678 503 650 665 425 571 164 593 766
1068 10 6294 996 975 694 915 765 80 765 384 838 10 760 622 858 193 954 319 902 974 336 779
2068 10 6294 336 779 765 384 838 10 694 915 765 80 902 974 954 319 858 193 996 975 760 622
3068 10 6294 694 915 954 319 838 10 765 80 996 975 858 193 765 384 760 622 336 779 902 974
4068 10 6294 694 915 765 80 838 10 760 622 858 193 336 779 765 384 902 974 996 975 954 319
5068 10 6294 838 10 902 974 954 319 996 975 694 915 760 622 765 80 336 779 858 193 765 384
6068 10 6294 694 915 838 10 765 384 858 193 902 974 760 622 996 975 765 80 336 779 954 319
7068 10 6294 760 622 996 975 694 915 858 193 765 80 336 779 765 384 838 10 902 974 954 319
8068 10 6294 765 384 954 319 765 80 838 10 336 779 858 193 996 975 902 974 694 915 760 622
9068 10 6294 765 384 694 915 858 193 838 10 765 80 760 622 336 779 902 974 996 975 954 319
10068 10 6294 838 10 996 975 858 193 694 915 765 384 760 622 336 779 902 974 954 319 765 80
1069 10 6748 820 726 802 203 919 635 873 815 912 146 808 966 984 929 680 465 840 329 798 713
2069 10 6748 798 713 873 815 802 203 840 329 919 635 984 929 912 146 680 465 808 966 820 726
3069 10 6748 808 966 820 726 798 713 680 465 802 203 984 929 873 815 840 329 919 635 912 146
4069 10 6748 802 203 808 966 984 929 912 146 680 465 873 815 840 329 820 726 919 635 798 713
5069 10 6748 984 929 820 726 873 815 840 329 680 465 912 146 919 635 808 966 802 203 798 713
6069 10 6748 680 465 840 329 798 713 808 966 984 929 802 203 912 146 919 635 873 815 820 726
7069 10 6748 680 465 912 146 873 815 808 966 919 635 984 929 802 203 840 329 820 726 798 713
8069 10 6748 680 465 840 329 798 713 873 815 984 929 912 146 808 966 820 726 802 203 919 635
9069 10 6748 912 146 798 713 802 203 873 815 808 966 919 635 840 329 680 465 820 726 984 929
10069 10 6748 808 966 798 713 802 203 820 726 984 929 919 635 912 146 873 815 840 329 680 465
1070 10 5818 937 702 866 867 537 109 893 85 719 873 676 857 431 571 982 75 635 455 597 658
2070 10 5818 893 85 431 571 676 857 982 75 537 109 719 873 866 867 635 455 937 702 597 658
3070 10 5818 866 867 937 702 982 75 676 857 893 85 635 455 597 658 537 109 431 571 719 873
4070 10 5818 635 455 866 867 431 571 937 702 676 857 537 109 982 75 893 85 597 658 719 873
5070 10 5818 431 571 866 867 893 85 635 455 676 857 982 75 597 658 937 702 719 873 537 109
6070 10 5818 676 857 893 85 597 658 937 702 537 109 866 867 982 75 431 571 719 873 635 455
7070 10 5818 537 109 431 571 982 75 937 702 597 658 866 867 676 857 635 455 719 873 893 85
8070 10 5818 431 571 982 75 866 867 676 857 597 658 719 873 537 109 893 85 635 455 937 702
9070 10 5818 676 857 635 455 937 702 893 85 719 873 982 75 866 867 431 571 597 658 537 109
10070 10 5818 866 867 537 109 676 857 937 702 982 75 597 658 635 455 431 571 893 85 719 873
1071 10 4169 899 199 535 763 738 838 767 677 48 831 421 534 155 766 256 168 804 509 589 377
2071 10 4169 48 831 155 766 767 677 899 199 804 509 535 763 421 534 738 838 589 377 256 168
3071 10 4169 738 838 535 763 804 509 767 677 421 534 256 168 899 199 589 377 48 831 155 766
4071 10 4169 767 677 48 831 899 199 421 534 738 838 535 763 804 509 589 377 256 168 155 766
5071 10 4169 589 377 256 168 804 509 738 838 155 766 535 763 48 831 767 677 899 199 421 534
6071 10 4169 804 509 535 763 256 168 421 534 155 766 738 838 899 199 48 831 589 377 767 677
7071 10 4169 738 838 899 199 155 766 804 509 256 168 421 534 589 377 48 831 535 763 767 677
8071 10 4169 589 377 899 199 535 763 256 168 155 766 48 831 804 509 738 838 767 677 421 534
9071 10 4169 535 763 738 838 804 509 589 377 421 534 48 831 899 199 767 677 155 766 256 168
10071 10 4169 767 677 535 763 804 509 155 766 738 838 421 534 256 168 589 377 48 831 899 199
1072 10 5097 414 375 960 239 752 354 201 316 805 137 435 485 913 112 211 605 852 256 829 506
2072 10 5097 960 239 913 112 752 354 829 506 435 485 805 137 852 256 414 375 211 605 201 316
3072 10 5097 852 256 752 354 960 239 435 485 913 112 805 137 211 605 414 375 829 506 201 316
4072 10 5097 201 316 852 256 414 375 829 506 211 605 752 354 960 239 805 137 913 112 435 485
5072 10 5097 852 256 201 316 211 605 960 239 829 506 913 112 414 375 805 137 435 485 752 354
6072 10 5097 435 485 752 354 805 137 960 239 201 316 913 112 414 375 829 506 852 256 211 605
7072 10 5097 752 354 211 605 913 112 414 375 201 316 960 239 805 137 435 485 852 256 829 506
8072 10 5097 960 239 913 112 201 316 414 375 805 137 752 354 435 485 211 605 852 256 829 506
9072 10 5097 829 506 414 375 752 354 913 112 201 316 852 256 960 239 435 485 805 137 211 605
10072 10 5097 852 256 211 605 752 354 805 137 414 375 960 239 435 485 829 506 913 112 201 316
1073 10 6272 603 148 937 365 826 901 842 566 859 802 895 534 799 788 711 59 906 948 462 899
2073 10 6272 799 788 906 948 859 802 462 899 895 534 711 59 603 148 842 566 826 901 937 365
3073 10 6272 895 534 711 59 603 148 937 365 859 802 462 899 842 566 906 948 826 901 799 788
4073 10 6272 462 899 603 148 711 59 826 901 895 534 937 365 799 788 842 566 906 948 859 802
5073 10 6272 462 899 859 802 603 148 895 534 711 59 937 365 826 901 906 948 799 788 842 566
6073 10 6272 859 802 895 534 826 901 711 59 842 566 462 899 799 788 603 148 906 948 937 365
7073 10 6272 603 148 462 899 859 802 799 788 937 365 895 534 826 901 711 59 906 948 842 566
8073 10 6272 859 802 842 566 937 365 826 901 603 148 906 948 462 899 895 534 799 788 711 59
9073 10 6272 842 566 895 534 603 148 859 802 906 948 799 788 826 901 937 365 462 899 711 59
10073 10 6272 462 899 603 148 859 802 826 901 711 59 906 948 842 566 937 365 895 534 799 788
1074 10 6231 974 274 970 442 883 962 871 872 653 441 928 699 425 570 410 151 942 545 733 472
2074 10 6231 653 441 928 699 970 442 942 545 733 472 871 872 425 570 974 274 410 151 883 962
3074 10 6231 942 545 970 442 733 472 653 441 425 570 883 962 410 151 871 872 974 274 928 699
4074 10 6231 883 962 410 151 942 545 425 570 653 441 871 872 733 472 928 699 970 442 974 274
5074 10 6231 871 872 883 962 653 441 928 699 974 274 942 545 425 570 733 472 410 151 970 442
6074 10 6231 410 151 653 441 942 545 733 472 425 570 970 442 871 872 883 962 928 699 974 274
7074 10 6231 970 442 653 441 928 699 942 545 425 570 871 872 974 274 410 151 883 962 733 472
8074 10 6231 410 151 942 545 883 962 653 441 425 570 970 442 733 472 974 274 871 872 928 699
9074 10 6231 970 442 871 872 653 441 928 699 410 151 883 962 974 274 425 570 733 472 942 545
10074 10 6231 942 545 410 151 928 699 733 472 883 962 871 872 970 442 974 274 425 570 653 441
1075 10 5549 953 9 846 632 399 615 909 273 980 23 846 220 9 939 803 882 622 667 570 915
2075 10 5549 846 220 9 939 909 273 846 632 953 9 980 23 570 915 622 667 399 615 803 882
3075 10 5549 803 882 846 220 399 615 980 23 622 667 846 632 570 915 909 273 953 9 9 939
4075 10 5549 399 615 846 220 980 23 909 273 953 9 622 667 803 882 846 632 9 939 570 915
5075 10 5549 846 220 803 882 846 632 399 615 953 9 622 667 980 23 570 915 9 939 909 273
6075 10 5549 9 939 846 220 846 632 980 23 953 9 570 915 803 882 909 273 399 615 622 667
7075 10 5549 980 23 909 273 622 667 399 615 953 9 570 915 803 882 9 939 846 220 846 632
8075 10 5549 909 273 953 9 846 220 980 23 399 615 570 915 846 632 803 882 9 939 622 667
9075 10 5549 846 632 980 23 622 667 9 939 909 273 570 915 399 615 803 882 953 9 846 220
10075 10 5549 953 9 980 23 570 915 909 273 399 615 846 632 622 667 803 882 846 220 9 939
1076 10 4705 747 941 225 621 608 511 184 156 914 322 689 52 264 286 941 561 511 635 799 613
2076 10 4705 608 511 225 621 941 561 747 941 799 613 689 52 264 286 184 156 914 322 511 635
3076 10 4705 608 511 511 635 225 621 184 156 799 613 747 941 689 52 914 322 941 561 264 286
4076 10 4705 689 52 511 635 608 511 914 322 941 561 225 621 747 941 799 613 264 286 184 156
5076 10 4705 689 52 264 286 799 613 747 941 511 635 914 322 184 156 941 561 225 621 608 511
6076 10 4705 225 621 914 322 799 613 941 561 608 511 747 941 264 286 511 635 184 156 689 52
7076 10 4705 264 286 941 561 225 621 608 511 799 613 511 635 184 156 747 941 689 52 914 322
8076 10 4705 799 613 941 561 225 621 184 156 608 511 914 322 689 52 747 941 264 286 511 635
9076 10 4705 608 511 225 621 914 322 689 52 264 286 799 613 184 156 747 941 511 635 941 561
10076 10 4705 941 561 608 511 799 613 225 621 747 941 511 635 264 286 914 322 184 156 689 52
1077 10 6117 997 346 757 578 421 158 838 229 836 471 998 412 966 434 817 493 233 282 784 220
2077 10 6117 421 158 784 220 817 493 838 229 757 578 997 346 233 282 998 412 966 434 836 471
3077 10 6117 836 471 997 346 998 412 421 158 757 578 838 229 817 493 966 434 784 220 233 282
4077 10 6117 817 493 998 412 784 220 233 282 757 578 421 158 838 229 997 346 836 471 966 434
5077 10 6117 836 471 998 412 421 158 233 282 757 578 817 493 838 229 966 434 997 346 784 220
6077 10 6117 836 471 817 493 997 346 421 158 233 282 784 220 966 434 838 229 998 412 757 578
7077 10 6117 421 158 997 346 784 220 998 412 838 229 966 434 817 493 757 578 233 282 836 471
8077 10 6117 966 434 784 220 421 158 838 229 998 412 817 493 836 471 233 282 997 346 757 578
9077 10 6117 838 229 966 434 998 412 757 578 817 493 997 346 784 220 836 471 421 158 233 282
10077 10 6117 998 412 757 578 836 471 997 346 817 493 233 282 966 434 838 229 784 220 421 158
1078 10 5812 298 342 772 278 876 464 881 477 817 668 796 273 919 766 889 712 845 861 172 526
2078 10 5812 881 477 817 668 298 342 889 712 772 278 172 526 796 273 845 861 876 464 919 766
3078 10 5812 796 273 845 861 172 526 298 342 876 464 772 278 881 477 817 668 919 766 889 712
4078 10 5812 796 273 876 464 817 668 172 526 889 712 298 342 845 861 919 766 772 278 881 477
5078 10 5812 298 342 919 766 172 526 796 273 772 278 845 861 817 668 881 477 876 464 889 712
6078 10 5812 172 526 845 861 876 464 817 668 889 712 919 766 772 278 298 342 881 477 796 273
7078 10 5812 881 477 772 278 845 861 298 342 876 464 796 273 889 712 919 766 172 526 817 668
8078 10 5812 796 273 772 278 881 477 889 712 876 464 845 861 817 668 919 766 298 342 172 526
9078 10 5812 845 861 298 342 876 464 172 526 881 477 817 668 889 712 796 273 919 766 772 278
10078 10 5812 298 342 845 861 876 464 796 273 881 477 919 766 172 526 772 278 817 668 889 712
1079 10 5159 973 254 379 395 895 660 127 476 731 421 635 633 852 614 291 911 954 826 612 42
2079 10 5159 127 476 731 421 635 633 291 911 895 660 973 254 954 826 612 42 852 614 379 395
3079 10 5159 291 911 852 614 127 476 379 395 973 254 895 660 731 421 635 633 954 826 612 42
4079 10 5159 852 614 291 911 954 826 973 254 127 476 731 421 635 633 895 660 612 42 379 395
5079 10 5159 379 395 635 633 612 42 954 826 895 660 731 421 127 476 973 254 291 911 852 614
6079 10 5159 612 42 291 911 731 421 895 660 852 614 635 633 127 476 973 254 379 395 954 826
7079 10 5159 954 826 852 614 127 476 291 911 731 421 635 633 612 42 973 254 379 395 895 660
8079 10 5159 973 254 954 826 291 911 852 614 731 421 895 660 379 395 612 42 127 476 635 633
9079 10 5159 635 633 973 254 954 826 612 42 895 660 291 911 731 421 127 476 379 395 852 614
10079 10 5159 291 911 731 421 127 476 973 254 379 395 635 633 895 660 612 42 954 826 852 614
1080 10 4100 181 494 374 395 456 924 448 644 766 979 680 835 234 148 694 1000 947 267 345 806
2080 10 4100 345 806 456 924 947 267 766 979 680 835 234 148 694 1000 181 494 448 644 374 395
3080 10 4100 345 806 456 924 234 148 766 979 181 494 694 1000 680 835 947 267 374 395 448 644
4080 10 4100 234 148 680 835 456 924 181 494 694 1000 766 979 374 395 947 267 345 806 448 644
5080 10 4100 456 924 234 148 374 395 694 1000 181 494 766 979 680 835 448 644 947 267 345 806
6080 10 4100 766 979 374 395 345 806 694 1000 234 148 448 644 181 494 456 924 947 267 680 835
7080 10 4100 181 494 766 979 456 924 694 1000 234 148 680 835 374 395 345 806 947 267 448 644
8080 10 4100 181 494 947 267 694 1000 766 979 448 644 345 806 680 835 234 148 456 924 374 395
9080 10 4100 234 148 374 395 680 835 181 494 766 979 456 924 947 267 345 806 694 1000 448 644
10080 10 4100 947 267 234 148 181 494 456 924 766 979 680 835 374 395 694 1000 345 806 448 644
1081 10 5873 656 369 832 368 529 873 960 76 503 168 883 732 318 928 937 49 965 305 759 826
2081 10 5873 960 76 759 826 656 369 883 732 318 928 832 368 937 49 529 873 965 305 503 168
3081 10 5873 832 368 960 76 965 305 529 873 656 369 937 49 318 928 503 168 883 732 759 826
4081 10 5873 965 305 883 732 503 168 656 369 759 826 937 49 529 873 960 76 832 368 318 928
5081 10 5873 965 305 529 873 318 928 503 168 937 49 759 826 656 369 883 732 832 368 960 76
6081 10 5873 318 928 832 368 883 732 937 49 503 168 759 826 960 76 656 369 965 305 529 873
7081 10 5873 832 368 937 49 883 732 656 369 759 826 960 76 965 305 503 168 529 873 318 928
8081 10 5873 318 928 832 368 759 826 960 76 965 305 503 168 883 732 529 873 656 369 937 49
9081 10 5873 529 873 656 369 318 928 832 368 960 76 965 305 759 826 503 168 883 732 937 49
10081 10 5873 937 49 656 369 832 368 965 305 759 826 960 76 318 928 529 873 883 732 503 168
1082 10 4515 870 451 813 81 787 686 555 611 559 917 843 444 95 277 497 583 284 300 341 425
2082 10 4515 787 686 870 451 95 277 813 81 341 425 497 583 559 917 284 300 843 444 555 611
3082 10 4515 284 300 843 444 555 611 813 81 870 451 497 583 341 425 95 277 559 917 787 686
4082 10 4515 284 300 555 611 843 444 497 583 341 425 870 451 95 277 813 81 787 686 559 917
5082 10 4515 870 451 787 686 284 300 555 611 95 277 341 425 843 444 813 81 497 583 559 917
6082 10 4515 497 583 843 444 559 917 95 277 341 425 813 81 284 300 787 686 870 451 555 611
7082 10 4515 497 583 843 444 559 917 813 81 870 451 787 686 341 425 95 277 555 611 284 300
8082 10 4515 341 425 787 686 813 81 559 917 870 451 497 583 95 277 555 611 284 300 843 444
9082 10 4515 559 917 284 300 813 81 787 686 870 451 497 583 555 611 341 425 95 277 843 444
10082 10 4515 497 583 843 444 870 451 555 611 284 300 95 277 813 81 341 425 559 917 787 686
1083 10 6192 771 130 903 66 952 52 800 361 887 978 917 650 505 622 855 558 743 110 408 840
2083 10 6192 903 66 952 52 855 558 505 622 771 130 743 110 408 840 917 650 800 361 887 978
3083 10 6192 800 361 771 130 505 622 917 650 743 110 887 978 903 66 408 840 952 52 855 558
4083 10 6192 917 650 771 130 743 110 952 52 408 840 855 558 800 361 505 622 903 66 887 978
5083 10 6192 505 622 855 558 952 52 743 110 771 130 903 66 800 361 917 650 887 978 408 840
6083 10 6192 855 558 743 110 771 130 408 840 917 650 952 52 505 622 800 361 903 66 887 978
7083 10 6192 917 650 743 110 855 558 800 361 952 52 505 622 408 840 887 978 771 130 903 66
8083 10 6192 505 622 903 66 800 361 887 978 917 650 855 558 771 130 743 110 408 840 952 52
9083 10 6192 952 52 855 558 800 361 408 840 917 650 771 130 505 622 887 978 903 66 743 110
10083 10 6192 505 622 771 130 903 66 855 558 743 110 952 52 408 840 800 361 917 650 887 978
1084 10 5327 939 254 965 365 753 549 636 570 713 537 338 132 766 887 821 75 639 536 89 296
2084 10 5327 766 887 639 536 939 254 753 549 965 365 636 570 713 537 338 132 89 296 821 75
3084 10 5327 639 536 939 254 636 570 713 537 753 549 766 887 338 132 89 296 965 365 821 75
4084 10 5327 753 549 639 536 713 537 89 296 939 254 338 132 766 887 636 570 965 365 821 75
5084 10 5327 713 537 636 570 965 365 821 75 639 536 766 887 753 549 338 132 939 254 89 296
6084 10 5327 939 254 753 549 636 570 89 296 639 536 713 537 766 887 338 132 821 75 965 365
7084 10 5327 713 537 766 887 965 365 636 570 821 75 939 254 338 132 639 536 753 549 89 296
8084 10 5327 753 549 636 570 89 296 338 132 821 75 939 254 766 887 639 536 713 537 965 365
9084 10 5327 89 296 965 365 338 132 766 887 636 570 821 75 639 536 939 254 713 537 753 549
10084 10 5327 89 296 338 132 965 365 636 570 939 254 766 887 821 75 713 537 639 536 753 549
1085 10 4989 814 177 425 87 257 117 349 477 205 432 806 408 919 298 858 849 754 689 850 524
2085 10 4989 754 689 850 524 205 432 814 177 919 298 806 408 858 849 425 87 257 117 349 477
3085 10 4989 754 689 850 524 349 477 814 177 919 298 858 849 257 117 425 87 806 408 205 432
4085 10 4989 754 689 858 849 349 477 806 408 919 298 425 87 257 117 205 432 814 177 850 524
5085 10 4989 425 87 814 177 850 524 257 117 806 408 858 849 919 298 754 689 349 477 205 432
6085 10 4989 814 177 349 477 806 408 205 432 850 524 257 117 858 849 919 298 425 87 754 689
7085 10 4989 919 298 205 432 754 689 349 477 425 87 858 849 814 177 806 408 257 117 850 524
8085 10 4989 919 298 814 177 806 408 858 849 850 524 754 689 349 477 205 432 257 117 425 87
9085 10 4989 850 524 205 432 754 689 425 87 257 117 349 477 858 849 814 177 806 408 919 298
10085 10 4989 754 689 349 477 806 408 425 87 205 432 919 298 850 524 257 117 858 849 814 177
1086 10 4889 996 459 168 801 707 976 603 887 616 377 772 80 580 832 901 604 560 423 209 426
2086 10 4889 603 887 616 377 580 832 168 801 560 423 772 80 996 459 901 604 707 976 209 426
3086 10 4889 772 80 707 976 901 604 209 426 616 377 996 459 580 832 168 801 560 423 603 887
4086 10 4889 996 459 772 80 580 832 560 423 616 377 603 887 901 604 168 801 209 426 707 976
5086 10 4889 616 377 707 976 580 832 168 801 209 426 996 459 560 423 603 887 901 604 772 80
6086 10 4889 209 426 580 832 901 604 772 80 996 459 168 801 560 423 603 887 707 976 616 377
7086 10 4889 560 423 772 80 616 377 209 426 603 887 168 801 901 604 996 459 580 832 707 976
8086 10 4889 772 80 560 423 209 426 707 976 901 604 580 832 168 801 616 377 603 887 996 459
9086 10 4889 580 832 772 80 901 604 168 801 707 976 996 459 603 887 616 377 560 423 209 426
10086 10 4889 603 887 168 801 560 423 772 80 580 832 901 604 707 976 996 459 616 377 209 426
1087 10 5283 345 828 234 815 635 878 474 581 931 464 945 10 344 360 837 37 902 858 957 745
2087 10 5283 902 858 344 360 837 37 957 745 931 464 345 828 945 10 635 878 234 815 474 581
3087 10 5283 957 745 902 858 344 360 345 828 234 815 635 878 945 10 837 37 931 464 474 581
4087 10 5283 945 10 344 360 635 878 837 37 345 828 474 581 902 858 234 815 931 464 957 745
5087 10 5283 474 581 345 828 945 10 957 745 837 37 902 858 635 878 931 464 344 360 234 815
6087 10 5283 234 815 837 37 957 745 344 360 635 878 945 10 474 581 902 858 345 828 931 464
7087 10 5283 945 10 957 745 474 581 345 828 902 858 344 360 931 464 234 815 635 878 837 37
8087 10 5283 931 464 474 581 344 360 945 10 234 815 345 828 957 745 902 858 635 878 837 37
9087 10 5283 345 828 635 878 957 745 234 815 344 360 474 581 945 10 837 37 902 858 931 464
10087 10 5283 957 745 345 828 234 815 837 37 474 581 931 464 945 10 635 878 902 858 344 360
1088 10 4989 90 732 963 765 546 337 819 690 704 263 390 461 676 698 644 346 421 805 984 461
2088 10 4989 390 461 644 346 819 690 421 805 546 337 963 765 676 698 704 263 90 732 984 461
3088 10 4989 546 337 644 346 984 461 676 698 704 263 90 732 390 461 421 805 963 765 819 690
4088 10 4989 963 765 90 732 421 805 644 346 390 461 704 263 984 461 819 690 676 698 546 337
5088 10 4989 390 461 676 698 90 732 704 263 421 805 963 765 819 690 984 461 546 337 644 346
6088 10 4989 819 690 984 461 704 263 421 805 390 461 546 337 963 765 676 698 644 346 90 732
7088 10 4989 90 732 390 461 421 805 963 765 704 263 644 346 819 690 676 698 984 461 546 337
8088 10 4989 676 698 984 461 644 346 90 732 819 690 704 263 546 337 421 805 963 765 390 461
9088 10 4989 90 732 390 461 546 337 676 698 421 805 963 765 819 690 704 263 984 461 644 346
10088 10 4989 90 732 421 805 819 690 984 461 644 346 963 765 390 461 676 698 704 263 546 337
1089 10 5678 747 943 579 130 926 14 681 395 987 656 792 978 278 177 851 262 290 921 967 629
2089 10 5678 747 943 851 262 926 14 681 395 967 629 290 921 792 978 987 656 278 177 579 130
3089 10 5678 926 14 987 656 681 395 579 130 290 921 792 978 278 177 967 629 747 943 851 262
4089 10 5678 290 921 681 395 926 14 579 130 792 978 987 656 967 629 747 943 278 177 851 262
5089 10 5678 290 921 579 130 851 262 681 395 967 629 278 177 792 978 747 943 926 14 987 656
6089 10 5678 278 177 967 629 987 656 579 130 792 978 681 395 747 943 290 921 851 262 926 14
7089 10 5678 792 978 747 943 987 656 579 130 681 395 290 921 278 177 967 629 926 14 851 262
8089 10 5678 967 629 290 921 987 656 851 262 278 177 579 130 681 395 747 943 926 14 792 978
9089 10 5678 792 978 967 629 681 395 926 14 290 921 278 177 747 943 987 656 579 130 851 262
10089 10 5678 278 177 747 943 290 921 987 656 851 262 579 130 967 629 792 978 681 395 926 14
1090 10 5157 112 331 957 682 770 476 782 831 730 267 878 540 406 727 554 299 370 571 888 787
2090 10 5157 554 299 770 476 878 540 406 727 888 787 957 682 782 831 112 331 370 571 730 267
3090 10 5157 878 540 888 787 957 682 554 299 370 571 770 476 112 331 730 267 782 831 406 727
4090 10 5157 888 787 406 727 370 571 957 682 112 331 730 267 770 476 878 540 554 299 782 831
5090 10 5157 370 571 770 476 730 267 112 331 878 540 957 682 888 787 406 727 554 299 782 831
6090 10 5157 782 831 730 267 878 540 370 571 770 476 112 331 957 682 554 299 888 787 406 727
7090 10 5157 770 476 554 299 782 831 888 787 730 267 878 540 406 727 370 571 112 331 957 682
8090 10 5157 782 831 554 299 878 540 112 331 370 571 888 787 770 476 957 682 730 267 406 727
9090 10 5157 878 540 770 476 957 682 888 787 782 831 112 331 370 571 730 267 406 727 554 299
10090 10 5157 878 540 782 831 406 727 770 476 730 267 554 299 888 787 112 331 370 571 957 682
1091 10 4531 611 446 439 176 553 973 344 235 894 487 970 327 408 511 244 747 360 714 841 522
2091 10 4531 970 327 244 747 360 714 553 973 344 235 408 511 439 176 611 446 894 487 841 522
3091 10 4531 439 176 244 747 611 446 553 973 841 522 894 487 408 511 344 235 970 327 360 714
4091 10 4531 841 522 344 235 408 511 970 327 553 973 360 714 244 747 611 446 894 487 439 176
5091 10 4531 841 522 553 973 894 487 360 714 611 446 244 747 970 327 408 511 439 176 344 235
6091 10 4531 408 511 344 235 360 714 439 176 970 327 841 522 553 973 894 487 244 747 611 446
7091 10 4531 553 973 408 511 344 235 611 446 360 714 244 747 970 327 894 487 841 522 439 176
8091 10 4531 970 327 244 747 894 487 360 714 841 522 611 446 553 973 344 235 408 511 439 176
9091 10 4531 841 522 611 446 970 327 244 747 360 714 553 973 894 487 439 176 344 235 408 511
10091 10 4531 408 511 841 522 244 747 894 487 970 327 439 176 360 714 611 446 344 235 553 973
1092 10 5076 770 313 886 532 873 992 977 146 469 820 49 684 990 878 816 434 455 403 60 169
2092 10 5076 977 146 49 684 469 820 770 313 816 434 60 169 873 992 455 403 990 878 886 532
3092 10 5076 816 434 469 820 977 146 770 313 990 878 60 169 455 403 886 532 49 684 873 992
4092 10 5076 455 403 977 146 60 169 990 878 816 434 873 992 886 532 469 820 770 313 49 684
5092 10 5076 816 434 886 532 469 820 455 403 770 313 49 684 990 878 977 146 60 169 873 992
6092 10 5076 770 313 990 878 469 820 816 434 886 532 977 146 49 684 60 169 873 992 455 403
7092 10 5076 60 169 455 403 816 434 990 878 49 684 977 146 770 313 886 532 873 992 469 820
8092 10 5076 469 820 873 992 60 169 816 434 886 532 770 313 49 684 990 878 455 403 977 146
9092 10 5076 60 169 770 313 990 878 455 403 49 684 977 146 873 992 886 532 469 820 816 434
10092 10 5076 977 146 469 820 60 169 455 403 816 434 873 992 886 532 770 313 49 684 990 878
1093 10 4446 649 505 391 463 25 314 631 798 690 644 583 915 806 949 617 548 399 792 767 879
2093 10 4446 617 548 649 505 391 463 690 644 399 792 767 879 631 798 583 915 806 949 25 314
3093 10 4446 767 879 649 505 690 644 617 548 391 463 25 314 631 798 583 915 399 792 806 949
4093 10 4446 690 644 631 798 399 792 806 949 583 915 767 879 25 314 391 463 649 505 617 548
5093 10 4446 583 915 391 463 690 644 631 798 806 949 399 792 25 314 649 505 617 548 767 879
6093 10 4446 631 798 399 792 690 644 617 548 391 463 583 915 25 314 806 949 767 879 649 505
7093 10 4446 649 505 399 792 25 314 767 879 806 949 690 644 391 463 631 798 583 915 617 548
8093 10 4446 617 548 690 644 806 949 399 792 391 463 649 505 631 798 25 314 583 915 767 879
9093 10 4446 583 915 806 949 617 548 399 792 690 644 631 798 25 314 391 463 649 505 767 879
10093 10 4446 25 314 631 798 617 548 649 505 767 879 391 463 690 644 806 949 583 915 399 792
1094 10 5774 580 279 335 485 799 732 494 666 958 118 945 258 781 84 932 581 762 965 632 617
2094 10 5774 958 118 580 279 945 258 632 617 762 965 799 732 335 485 781 84 932 581 494 666
3094 10 5774 494 666 762 965 945 258 580 279 932 581 335 485 958 118 632 617 799 732 781 84
4094 10 5774 945 258 781 84 632 617 762 965 799 732 494 666 580 279 335 485 958 118 932 581
5094 10 5774 494 666 580 279 781 84 799 732 335 485 958 118 632 617 762 965 945 258 932 581
6094 10 5774 781 84 932 581 762 965 335 485 799 732 494 666 958 118 945 258 580 279 632 617
7094 10 5774 799 732 945 258 632 617 958 118 781 84 335 485 762 965 494 666 580 279 932 581
8094 10 5774 762 965 932 581 632 617 958 118 580 279 945 258 781 84 335 485 799 732 494 666
9094 10 5774 932 581 632 617 958 118 494 666 799 732 580 279 945 258 335 485 762 965 781 84
10094 10 5774 494 666 335 485 781 84 958 118 762 965 632 617 580 279 945 258 932 581 799 732
1095 10 5156 521 202 515 702 949 677 810 305 252 654 797 111 458 351 400 302 758 38 986 593
2095 10 5156 758 38 400 302 458 351 810 305 252 654 986 593 949 677 797 111 515 702 521 202
3095 10 5156 400 302 797 111 515 702 252 654 986 593 521 202 810 305 758 38 949 677 458 351
4095 10 5156 400 302 758 38 521 202 797 111 810 305 252 654 986 593 949 677 458 351 515 702
5095 10 5156 521 202 810 305 986 593 758 38 400 302 458 351 797 111 949 677 515 702 252 654
6095 10 5156 949 677 986 593 521 202 252 654 400 302 810 305 515 702 458 351 797 111 758 38
7095 10 5156 797 111 810 305 400 302 521 202 458 351 986 593 515 702 252 654 758 38 949 677
8095 10 5156 521 202 986 593 810 305 458 351 400 302 949 677 515 702 797 111 758 38 252 654
9095 10 5156 515 702 252 654 986 593 521 202 797 111 400 302 458 351 810 305 949 677 758 38
10095 10 5156 515 702 252 654 458 351 758 38 949 677 797 111 986 593 521 202 400 302 810 305
1096 10 4769 366 732 854 202 975 684 521 114 315 977 619 551 681 433 866 40 591 544 174 237
2096 10 4769 681 433 315 977 521 114 366 732 174 237 866 40 975 684 619 551 591 544 854 202
3096 10 4769 619 551 174 237 315 977 975 684 681 433 521 114 366 732 591 544 866 40 854 202
4096 10 4769 866 40 521 114 315 977 681 433 366 732 854 202 975 684 174 237 619 551 591 544
5096 10 4769 619 551 975 684 681 433 591 544 521 114 866 40 315 977 174 237 366 732 854 202
6096 10 4769 315 977 174 237 521 114 975 684 619 551 866 40 681 433 591 544 366 732 854 202
7096 10 4769 366 732 975 684 521 114 315 977 591 544 174 237 854 202 681 433 619 551 866 40
8096 10 4769 681 433 975 684 521 114 866 40 619 551 174 237 591 544 366 732 854 202 315 977
9096 10 4769 619 551 975 684 315 977 366 732 521 114 854 202 174 237 866 40 681 433 591 544
10096 10 4769 591 544 681 433 521 114 315 977 975 684 366 732 619 551 854 202 174 237 866 40
1097 10 4916 648 106 225 961 528 516 707 408 658 968 647 194 489 711 965 111 420 889 858 834
2097 10 4916 528 516 647 194 658 968 965 111 225 961 858 834 707 408 420 889 489 711 648 106
3097 10 4916 489 711 965 111 648 106 647 194 658 968 225 961 528 516 420 889 858 834 707 408
4097 10 4916 858 834 528 516 965 111 658 968 707 408 489 711 225 961 420 889 647 194 648 106
5097 10 4916 528 516 707 408 647 194 965 111 658 968 489 711 225 961 858 834 420 889 648 106
6097 10 4916 658 968 647 194 965 111 707 408 528 516 225 961 420 889 648 106 858 834 489 711
7097 10 4916 647 194 965 111 528 516 225 961 658 968 489 711 707 408 858 834 648 106 420 889
8097 10 4916 225 961 965 111 489 711 420 889 528 516 648 106 858 834 647 194 658 968 707 408
9097 10 4916 648 106 225 961 647 194 707 408 658 968 858 834 489 711 420 889 528 516 965 111
10097 10 4916 420 889 965 111 647 194 658 968 225 961 858 834 528 516 707 408 648 106 489 711
1098 10 6120 993 323 957 705 576 397 323 959 958 919 759 755 471 44 870 239 912 602 832 134
2098 10 6120 471 44 323 959 993 323 958 919 832 134 912 602 576 397 957 705 759 755 870 239
3098 10 6120 832 134 576 397 957 705 993 323 912 602 870 239 958 919 759 755 323 959 471 44
4098 10 6120 958 919 993 323 759 755 832 134 870 239 576 397 323 959 912 602 957 705 471 44
5098 10 6120 870 239 832 134 957 705 759 755 576 397 323 959 912 602 993 323 958 919 471 44
6098 10 6120 471 44 759 755 993 323 323 959 832 134 957 705 912 602 958 919 576 397 870 239
7098 10 6120 471 44 870 239 912 602 832 134 957 705 323 959 993 323 958 919 759 755 576 397
8098 10 6120 759 755 912 602 993 323 323 959 957 705 832 134 576 397 958 919 870 239 471 44
9098 10 6120 993 323 576 397 832 134 912 602 471 44 957 705 958 919 323 959 870 239 759 755
10098 10 6120 323 959 471 44 957 705 870 239 576 397 912 602 993 323 759 755 958 919 832 134
1099 10 5449 954 993 691 653 146 47 951 867 193 163 662 510 404 402 902 595 995 668 914 438
2099 10 5449 914 438 193 163 902 595 954 993 146 47 662 510 691 653 404 402 995 668 951 867
3099 10 5449 146 47 193 163 902 595 951 867 662 510 954 993 404 402 691 653 914 438 995 668
4099 10 5449 954 993 691 653 404 402 662 510 146 47 914 438 902 595 995 668 951 867 193 163
5099 10 5449 193 163 146 47 691 653 902 595 951 867 995 668 404 402 954 993 914 438 662 510
6099 10 5449 914 438 404 402 193 163 995 668 902 595 662 510 954 993 146 47 951 867 691 653
7099 10 5449 193 163 995 668 914 438 146 47 902 595 951 867 404 402 691 653 662 510 954 993
8099 10 5449 995 668 914 438 404 402 691 653 902 595 146 47 662 510 951 867 954 993 193 163
9099 10 5449 193 163 995 668 404 402 662 510 951 867 691 653 902 595 146 47 914 438 954 993
10099 10 5449 193 163 914 438 404 402 902 595 146 47 995 668 691 653 662 510 954 993 951 867
1100 10 6212 997 601 953 47 744 104 891 420 222 479 891 461 631 286 588 112 864 129 984 646
2100 10 6212 891 420 588 112 631 286 744 104 953 47 222 479 864 129 997 601 984 646 891 461
3100 10 6212 588 112 222 479 891 420 864 129 631 286 891 461 984 646 744 104 953 47 997 601
4100 10 6212 891 420 864 129 744 104 222 479 984 646 588 112 891 461 631 286 953 47 997 601
5100 10 6212 953 47 864 129 631 286 997 601 984 646 891 461 222 479 891 420 588 112 744 104
6100 10 6212 953 47 891 420 222 479 864 129 891 461 997 601 631 286 588 112 984 646 744 104
7100 10 6212 631 286 891 420 864 129 984 646 891 461 588 112 744 104 997 601 953 47 222 479
8100 10 6212 631 286 864 129 997 601 744 104 891 461 891 420 588 112 222 479 953 47 984 646
9100 10 6212 744 104 891 461 984 646 588 112 222 479 953 47 864 129 997 601 631 286 891 420
10100 10 6212 864 129 891 420 588 112 631 286 984 646 997 601 953 47 891 461 744 104 222 479
