1001 10 4208 834 259 144 172 242 568 547 660 543 800 566 89 856 269 702 297 216 586 610 401
2001 10 4208 242 568 834 259 543 800 702 297 144 172 216 586 856 269 547 660 610 401 566 89
3001 10 4208 610 401 216 586 144 172 566 89 702 297 242 568 543 800 834 259 547 660 856 269
4001 10 4208 610 401 216 586 547 660 543 800 834 259 144 172 702 297 856 269 242 568 566 89
5001 10 4208 834 259 702 297 547 660 144 172 856 269 543 800 566 89 216 586 610 401 242 568
6001 10 4208 547 660 216 586 834 259 702 297 242 568 144 172 543 800 566 89 610 401 856 269
7001 10 4208 610 401 566 89 702 297 543 800 216 586 834 259 144 172 547 660 856 269 242 568
8001 10 4208 144 172 856 269 543 800 242 568 216 586 702 297 834 259 547 660 566 89 610 401
9001 10 4208 543 800 834 259 547 660 216 586 610 401 144 172 856 269 702 297 242 568 566 89
10001 10 4208 216 586 543 800 242 568 856 269 566 89 547 660 610 401 834 259 144 172 702 297
1002 10 5309 937 833 530 197 829 354 130 852 936 334 671 572 675 298 548 189 640 166 741 877
2002 10 5309 937 833 936 334 829 354 530 197 548 189 640 166 671 572 741 877 675 298 130 852
3002 10 5309 937 833 130 852 640 166 741 877 675 298 530 197 936 334 671 572 829 354 548 189
4002 10 5309 741 877 671 572 829 354 937 833 936 334 640 166 675 298 130 852 548 189 530 197
5002 10 5309 675 298 548 189 640 166 530 197 671 572 130 852 829 354 741 877 937 833 936 334
6002 10 5309 530 197 936 334 671 572 640 166 937 833 130 852 741 877 829 354 675 298 548 189
7002 10 5309 130 852 640 166 829 354 675 298 936 334 530 197 548 189 937 833 671 572 741 877
8002 10 5309 675 298 741 877 530 197 671 572 829 354 936 334 130 852 548 189 937 833 640 166
9002 10 5309 640 166 936 334 829 354 675 298 671 572 548 189 741 877 530 197 130 852 937 833
10002 10 5309 937 833 640 166 675 298 671 572 530 197 936 334 548 189 741 877 829 354 130 852
1003 10 5276 956 588 743 782 427 67 962 607 701 86 650 708 751 307 345 270 862 833 199 951
2003 10 5276 862 833 345 270 199 951 962 607 427 67 956 588 743 782 650 708 751 307 701 86
3003 10 5276 199 951 427 67 962 607 650 708 345 270 751 307 862 833 956 588 701 86 743 782
4003 10 5276 956 588 701 86 862 833 650 708 345 270 199 951 962 607 743 782 751 307 427 67
5003 10 5276 743 782 962 607 956 588 701 86 427 67 650 708 345 270 862 833 199 951 751 307
6003 10 5276 862 833 345 270 956 588 650 708 751 307 962 607 701 86 199 951 743 782 427 67
7003 10 5276 956 588 743 782 751 307 701 86 345 270 962 607 427 67 862 833 650 708 199 951
8003 10 5276 199 951 701 86 862 833 751 307 956 588 427 67 962 607 650 708 743 782 345 270
9003 10 5276 427 67 962 607 743 782 650 708 199 951 701 86 956 588 862 833 345 270 751 307
10003 10 5276 345 270 751 307 427 67 862 833 962 607 650 708 701 86 199 951 956 588 743 782
1004 10 4870 316 768 813 448 571 682 543 780 722 332 392 933 818 102 219 643 744 138 950 48
2004 10 4870 813 448 950 48 219 643 722 332 571 682 818 102 744 138 316 768 543 780 392 933
3004 10 4870 571 682 392 933 722 332 950 48 219 643 316 768 818 102 744 138 543 780 813 448
4004 10 4870 722 332 950 48 316 768 219 643 818 102 813 448 392 933 571 682 543 780 744 138
5004 10 4870 316 768 744 138 722 332 950 48 813 448 543 780 219 643 392 933 818 102 571 682
6004 10 4870 316 768 950 48 543 780 392 933 813 448 722 332 818 102 219 643 744 138 571 682
7004 10 4870 744 138 813 448 219 643 818 102 571 682 543 780 950 48 316 768 722 332 392 933
8004 10 4870 744 138 722 332 219 643 950 48 543 780 818 102 813 448 316 768 571 682 392 933
9004 10 4870 813 448 219 643 543 780 744 138 818 102 392 933 316 768 571 682 722 332 950 48
10004 10 4870 813 448 543 780 722 332 818 102 316 768 950 48 392 933 571 682 219 643 744 138
1005 10 5179 927 437 268 887 672 944 773 886 639 553 184 412 791 605 484 776 966 202 770 731
2005 10 5179 770 731 484 776 184 412 966 202 268 887 639 553 672 944 791 605 773 886 927 437
3005 10 5179 184 412 268 887 966 202 927 437 770 731 484 776 773 886 672 944 791 605 639 553
4005 10 5179 268 887 184 412 927 437 484 776 770 731 966 202 791 605 639 553 672 944 773 886
5005 10 5179 484 776 966 202 184 412 672 944 791 605 268 887 773 886 927 437 770 731 639 553
6005 10 5179 484 776 672 944 184 412 773 886 639 553 966 202 770 731 927 437 268 887 791 605
7005 10 5179 770 731 639 553 773 886 791 605 484 776 184 412 927 437 966 202 672 944 268 887
8005 10 5179 484 776 184 412 773 886 966 202 770 731 268 887 927 437 791 605 672 944 639 553
9005 10 5179 966 202 791 605 639 553 268 887 484 776 773 886 184 412 927 437 672 944 770 731
10005 10 5179 966 202 770 731 184 412 927 437 773 886 791 605 639 553 268 887 672 944 484 776
1006 10 4708 283 676 980 642 657 343 266 637 634 475 872 769 645 919 324 660 770 63 454 796
2006 10 4708 657 343 454 796 634 475 872 769 324 660 266 637 283 676 645 919 980 642 770 63
3006 10 4708 980 642 770 63 454 796 266 637 324 660 657 343 645 919 634 475 872 769 283 676
4006 10 4708 454 796 980 642 634 475 266 637 283 676 645 919 872 769 770 63 657 343 324 660
5006 10 4708 283 676 770 63 454 796 645 919 324 660 634 475 872 769 980 642 266 637 657 343
6006 10 4708 634 475 283 676 454 796 324 660 980 642 266 637 657 343 872 769 645 919 770 63
7006 10 4708 324 660 283 676 770 63 872 769 980 642 645 919 266 637 634 475 454 796 657 343
8006 10 4708 454 796 324 660 645 919 770 63 872 769 657 343 634 475 283 676 266 637 980 642
9006 10 4708 770 63 283 676 324 660 872 769 454 796 266 637 980 642 634 475 645 919 657 343
10006 10 4708 645 919 324 660 980 642 283 676 454 796 657 343 770 63 266 637 872 769 634 475
1007 10 5413 849 579 185 226 705 518 826 375 980 992 875 423 933 990 430 281 398 970 586 698
2007 10 5413 933 990 430 281 849 579 980 992 586 698 875 423 705 518 185 226 826 375 398 970
3007 10 5413 430 281 875 423 398 970 705 518 586 698 185 226 980 992 826 375 933 990 849 579
4007 10 5413 185 226 980 992 586 698 398 970 875 423 849 579 826 375 933 990 430 281 705 518
5007 10 5413 980 992 430 281 875 423 185 226 705 518 398 970 849 579 586 698 933 990 826 375
6007 10 5413 430 281 826 375 875 423 933 990 185 226 586 698 398 970 849 579 705 518 980 992
7007 10 5413 398 970 185 226 980 992 705 518 430 281 586 698 933 990 875 423 849 579 826 375
8007 10 5413 849 579 980 992 826 375 705 518 185 226 398 970 933 990 430 281 875 423 586 698
9007 10 5413 185 226 875 423 586 698 705 518 826 375 933 990 398 970 849 579 980 992 430 281
10007 10 5413 826 375 430 281 875 423 980 992 849 579 933 990 398 970 705 518 586 698 185 226
1008 10 4044 917 166 807 559 332 534 463 434 223 631 511 825 944 777 354 67 408 943 97 710
2008 10 4044 332 534 917 166 408 943 223 631 97 710 807 559 944 777 354 67 463 434 511 825
3008 10 4044 97 710 463 434 511 825 332 534 944 777 223 631 354 67 807 559 917 166 408 943
4008 10 4044 511 825 463 434 917 166 223 631 354 67 408 943 944 777 97 710 807 559 332 534
5008 10 4044 97 710 332 534 354 67 807 559 917 166 408 943 511 825 944 777 463 434 223 631
6008 10 4044 463 434 97 710 223 631 511 825 807 559 332 534 944 777 354 67 408 943 917 166
7008 10 4044 332 534 917 166 807 559 354 67 223 631 511 825 97 710 463 434 944 777 408 943
8008 10 4044 511 825 917 166 354 67 97 710 408 943 463 434 223 631 807 559 332 534 944 777
9008 10 4044 408 943 944 777 223 631 511 825 463 434 807 559 354 67 917 166 97 710 332 534
10008 10 4044 354 67 807 559 917 166 408 943 463 434 97 710 944 777 511 825 223 631 332 534
1009 10 5699 615 256 480 810 789 124 711 813 981 450 801 71 785 490 845 990 295 203 822 468
2009 10 5699 480 810 295 203 785 490 711 813 822 468 845 990 615 256 981 450 801 71 789 124
3009 10 5699 295 203 615 256 711 813 480 810 785 490 981 450 789 124 845 990 801 71 822 468
4009 10 5699 981 450 711 813 480 810 801 71 789 124 785 490 295 203 615 256 845 990 822 468
5009 10 5699 981 450 845 990 785 490 711 813 615 256 822 468 480 810 801 71 295 203 789 124
6009 10 5699 295 203 789 124 711 813 981 450 785 490 801 71 822 468 480 810 615 256 845 990
7009 10 5699 785 490 981 450 822 468 845 990 789 124 801 71 615 256 295 203 711 813 480 810
8009 10 5699 822 468 981 450 711 813 615 256 480 810 789 124 785 490 295 203 845 990 801 71
9009 10 5699 480 810 711 813 295 203 789 124 801 71 785 490 845 990 981 450 615 256 822 468
10009 10 5699 480 810 785 490 295 203 822 468 845 990 801 71 615 256 711 813 789 124 981 450
1010 10 3588 870 498 173 225 401 879 88 119 801 719 366 406 384 119 670 312 622 500 110 604
2010 10 3588 622 500 173 225 88 119 401 879 110 604 801 719 670 312 870 498 366 406 384 119
3010 10 3588 366 406 384 119 670 312 173 225 870 498 801 719 88 119 622 500 110 604 401 879
4010 10 3588 801 719 366 406 870 498 173 225 110 604 88 119 384 119 622 500 401 879 670 312
5010 10 3588 670 312 622 500 173 225 110 604 801 719 401 879 870 498 88 119 384 119 366 406
6010 10 3588 401 879 622 500 88 119 870 498 384 119 670 312 173 225 801 719 366 406 110 604
7010 10 3588 401 879 366 406 384 119 801 719 110 604 88 119 670 312 622 500 870 498 173 225
8010 10 3588 173 225 801 719 401 879 670 312 384 119 622 500 88 119 366 406 870 498 110 604
9010 10 3588 88 119 366 406 401 879 801 719 384 119 870 498 173 225 670 312 622 500 110 604
10010 10 3588 870 498 366 406 384 119 173 225 622 500 801 719 88 119 110 604 401 879 670 312
1011 10 4583 93 34 918 54 933 142 243 330 994 317 313 599 910 258 659 928 568 320 98 945
2011 10 4583 933 142 93 34 994 317 659 928 918 54 568 320 98 945 243 330 313 599 910 258
3011 10 4583 568 320 910 258 918 54 93 34 243 330 994 317 98 945 313 599 933 142 659 928
4011 10 4583 933 142 93 34 313 599 98 945 659 928 994 317 910 258 568 320 918 54 243 330
5011 10 4583 243 330 98 945 568 320 933 142 918 54 313 599 93 34 994 317 659 928 910 258
6011 10 4583 994 317 93 34 918 54 313 599 243 330 910 258 933 142 568 320 98 945 659 928
7011 10 4583 313 599 568 320 659 928 994 317 98 945 910 258 243 330 933 142 93 34 918 54
8011 10 4583 243 330 918 54 933 142 93 34 98 945 659 928 568 320 313 599 910 258 994 317
9011 10 4583 918 54 659 928 98 945 910 258 933 142 994 317 243 330 93 34 313 599 568 320
10011 10 4583 659 928 933 142 243 330 910 258 918 54 313 599 93 34 568 320 994 317 98 945
1012 10 4760 71 533 379 209 316 982 855 207 788 898 706 839 632 963 1000 6 928 489 276 746
2012 10 4760 706 839 788 898 276 746 71 533 855 207 316 982 1000 6 928 489 632 963 379 209
3012 10 4760 379 209 788 898 316 982 632 963 1000 6 855 207 928 489 71 533 706 839 276 746
4012 10 4760 276 746 855 207 928 489 788 898 1000 6 632 963 706 839 379 209 71 533 316 982
5012 10 4760 928 489 316 982 788 898 632 963 706 839 855 207 276 746 379 209 1000 6 71 533
6012 10 4760 928 489 855 207 379 209 316 982 706 839 71 533 1000 6 632 963 276 746 788 898
7012 10 4760 788 898 379 209 928 489 276 746 316 982 706 839 855 207 1000 6 71 533 632 963
8012 10 4760 276 746 316 982 928 489 632 963 71 533 706 839 1000 6 379 209 855 207 788 898
9012 10 4760 379 209 928 489 316 982 788 898 855 207 632 963 1000 6 276 746 71 533 706 839
10012 10 4760 706 839 632 963 316 982 1000 6 788 898 71 533 379 209 276 746 928 489 855 207
1013 10 4708 557 632 730 141 472 221 448 884 602 773 386 836 973 882 348 963 473 955 896 472
2013 10 4708 557 632 348 963 896 472 386 836 973 882 472 221 448 884 473 955 730 141 602 773
3013 10 4708 348 963 730 141 473 955 602 773 973 882 386 836 448 884 557 632 472 221 896 472
4013 10 4708 348 963 472 221 973 882 896 472 730 141 448 884 557 632 386 836 473 955 602 773
5013 10 4708 730 141 973 882 557 632 473 955 896 472 472 221 386 836 348 963 602 773 448 884
6013 10 4708 730 141 448 884 557 632 472 221 386 836 348 963 473 955 602 773 896 472 973 882
7013 10 4708 602 773 896 472 472 221 730 141 973 882 348 963 473 955 386 836 448 884 557 632
8013 10 4708 386 836 472 221 557 632 473 955 973 882 896 472 448 884 348 963 730 141 602 773
9013 10 4708 602 773 448 884 973 882 386 836 473 955 896 472 557 632 730 141 348 963 472 221
10013 10 4708 348 963 602 773 730 141 557 632 473 955 973 882 472 221 386 836 896 472 448 884
1014 10 4952 481 83 524 494 188 249 420 440 999 635 429 768 961 153 594 210 673 590 921 633
2014 10 4952 594 210 420 440 673 590 524 494 921 633 481 83 961 153 999 635 429 768 188 249
3014 10 4952 921 633 594 210 524 494 420 440 961 153 999 635 673 590 481 83 429 768 188 249
4014 10 4952 961 153 188 249 420 440 673 590 524 494 429 768 999 635 921 633 594 210 481 83
5014 10 4952 999 635 961 153 524 494 188 249 594 210 673 590 420 440 429 768 481 83 921 633
6014 10 4952 921 633 594 210 999 635 188 249 524 494 429 768 481 83 673 590 961 153 420 440
7014 10 4952 524 494 429 768 481 83 594 210 961 153 188 249 420 440 673 590 999 635 921 633
8014 10 4952 420 440 481 83 673 590 999 635 524 494 429 768 594 210 961 153 188 249 921 633
9014 10 4952 524 494 594 210 429 768 921 633 673 590 961 153 188 249 999 635 481 83 420 440
10014 10 4952 524 494 999 635 673 590 420 440 594 210 961 153 921 633 481 83 188 249 429 768
1015 10 5972 789 407 724 150 932 915 736 536 799 898 877 959 695 898 798 865 318 711 798 751
2015 10 5972 695 898 318 711 799 898 798 751 789 407 724 150 877 959 932 915 736 536 798 865
3015 10 5972 877 959 318 711 799 898 789 407 932 915 724 150 736 536 798 865 798 751 695 898
4015 10 5972 736 536 798 865 932 915 724 150 318 711 799 898 695 898 877 959 798 751 789 407
5015 10 5972 724 150 789 407 798 751 877 959 932 915 695 898 799 898 318 711 736 536 798 865
6015 10 5972 799 898 798 751 318 711 798 865 695 898 736 536 932 915 877 959 789 407 724 150
7015 10 5972 318 711 798 865 877 959 724 150 799 898 695 898 932 915 789 407 798 751 736 536
8015 10 5972 798 865 736 536 877 959 799 898 798 751 789 407 932 915 695 898 318 711 724 150
9015 10 5972 724 150 695 898 877 959 932 915 798 751 798 865 736 536 799 898 318 711 789 407
10015 10 5972 318 711 932 915 724 150 798 751 798 865 695 898 789 407 736 536 799 898 877 959
1016 10 5437 790 415 412 59 235 92 657 782 926 394 233 297 867 860 935 595 955 564 787 198
2016 10 5437 657 782 787 198 412 59 867 860 233 297 235 92 955 564 790 415 935 595 926 394
3016 10 5437 787 198 412 59 867 860 657 782 935 595 926 394 233 297 790 415 955 564 235 92
4016 10 5437 790 415 235 92 935 595 233 297 955 564 787 198 867 860 412 59 657 782 926 394
5016 10 5437 955 564 787 198 935 595 790 415 657 782 233 297 926 394 867 860 235 92 412 59
6016 10 5437 955 564 867 860 412 59 233 297 926 394 790 415 235 92 657 782 935 595 787 198
7016 10 5437 955 564 790 415 926 394 657 782 235 92 935 595 233 297 787 198 867 860 412 59
8016 10 5437 790 415 657 782 412 59 233 297 867 860 787 198 955 564 926 394 935 595 235 92
9016 10 5437 790 415 412 59 233 297 235 92 935 595 787 198 955 564 867 860 926 394 657 782
10016 10 5437 955 564 233 297 787 198 790 415 926 394 235 92 935 595 867 860 657 782 412 59
1017 10 5030 141 430 576 133 894 202 863 861 514 751 871 462 869 909 675 91 527 494 358 967
2017 10 5030 675 91 141 430 869 909 871 462 527 494 514 751 358 967 894 202 863 861 576 133
3017 10 5030 576 133 675 91 871 462 514 751 358 967 527 494 869 909 894 202 141 430 863 861
4017 10 5030 863 861 675 91 527 494 894 202 514 751 576 133 358 967 141 430 869 909 871 462
5017 10 5030 675 91 576 133 527 494 514 751 358 967 869 909 871 462 894 202 863 861 141 430
6017 10 5030 894 202 514 751 576 133 871 462 675 91 863 861 869 909 527 494 358 967 141 430
7017 10 5030 514 751 871 462 869 909 358 967 675 91 894 202 863 861 527 494 576 133 141 430
8017 10 5030 869 909 675 91 358 967 141 430 527 494 576 133 871 462 863 861 514 751 894 202
9017 10 5030 675 91 894 202 576 133 869 909 141 430 527 494 514 751 871 462 358 967 863 861
10017 10 5030 514 751 894 202 141 430 576 133 863 861 869 909 527 494 871 462 358 967 675 91
1018 10 4709 925 118 522 273 568 977 176 749 567 908 724 525 768 33 317 593 365 931 955 621
2018 10 4709 955 621 317 593 724 525 365 931 768 33 568 977 925 118 522 273 567 908 176 749
3018 10 4709 522 273 568 977 365 931 925 118 567 908 955 621 724 525 176 749 317 593 768 33
4018 10 4709 317 593 567 908 522 273 955 621 176 749 768 33 568 977 724 525 365 931 925 118
5018 10 4709 522 273 925 118 724 525 317 593 768 33 365 931 567 908 176 749 568 977 955 621
6018 10 4709 955 621 768 33 724 525 317 593 567 908 568 977 365 931 925 118 176 749 522 273
7018 10 4709 724 525 317 593 955 621 925 118 568 977 365 931 522 273 768 33 176 749 567 908
8018 10 4709 568 977 955 621 925 118 768 33 567 908 522 273 724 525 365 931 176 749 317 593
9018 10 4709 724 525 567 908 768 33 317 593 568 977 365 931 925 118 176 749 955 621 522 273
10018 10 4709 568 977 955 621 567 908 317 593 365 931 768 33 176 749 724 525 522 273 925 118
1019 10 4461 284 526 820 737 261 320 134 869 757 946 458 515 883 36 783 506 833 142 364 65
2019 10 4461 284 526 458 515 820 737 261 320 757 946 833 142 134 869 783 506 364 65 883 36
3019 10 4461 364 65 820 737 833 142 134 869 261 320 757 946 458 515 783 506 284 526 883 36
4019 10 4461 833 142 134 869 783 506 261 320 364 65 820 737 284 526 883 36 757 946 458 515
5019 10 4461 757 946 364 65 261 320 883 36 833 142 284 526 458 515 134 869 820 737 783 506
6019 10 4461 364 65 820 737 284 526 458 515 134 869 261 320 833 142 783 506 757 946 883 36
7019 10 4461 833 142 364 65 783 506 458 515 261 320 757 946 883 36 820 737 134 869 284 526
8019 10 4461 134 869 364 65 833 142 783 506 820 737 883 36 458 515 261 320 757 946 284 526
9019 10 4461 820 737 364 65 458 515 883 36 783 506 134 869 261 320 757 946 284 526 833 142
10019 10 4461 833 142 284 526 883 36 757 946 364 65 261 320 134 869 820 737 458 515 783 506
1020 10 4863 465 429 502 19 248 838 973 419 879 67 376 506 436 665 868 948 612 123 720 262
2020 10 4863 720 262 376 506 879 67 502 19 248 838 465 429 612 123 973 419 436 665 868 948
3020 10 4863 868 948 973 419 879 67 465 429 720 262 376 506 612 123 436 665 248 838 502 19
4020 10 4863 465 429 612 123 248 838 868 948 973 419 879 67 720 262 376 506 436 665 502 19
5020 10 4863 612 123 973 419 879 67 376 506 502 19 436 665 868 948 248 838 465 429 720 262
6020 10 4863 879 67 502 19 868 948 720 262 612 123 465 429 973 419 436 665 248 838 376 506
7020 10 4863 248 838 376 506 973 419 502 19 465 429 720 262 868 948 612 123 436 665 879 67
8020 10 4863 612 123 376 506 879 67 720 262 436 665 465 429 973 419 248 838 868 948 502 19
9020 10 4863 436 665 973 419 248 838 720 262 465 429 376 506 612 123 502 19 868 948 879 67
10020 10 4863 720 262 376 506 879 67 436 665 868 948 973 419 612 123 248 838 502 19 465 429
1021 10 5025 996 237 687 676 428 734 595 81 485 57 674 166 530 156 372 967 599 652 916 882
2021 10 5025 372 967 595 81 687 676 916 882 599 652 485 57 428 734 530 156 674 166 996 237
3021 10 5025 916 882 687 676 595 81 996 237 599 652 530 156 485 57 674 166 372 967 428 734
4021 10 5025 485 57 687 676 372 967 595 81 428 734 674 166 996 237 530 156 916 882 599 652
5021 10 5025 428 734 916 882 687 676 485 57 599 652 530 156 674 166 372 967 996 237 595 81
6021 10 5025 687 676 916 882 372 967 485 57 674 166 530 156 996 237 595 81 428 734 599 652
7021 10 5025 996 237 485 57 687 676 530 156 916 882 372 967 428 734 599 652 674 166 595 81
8021 10 5025 916 882 996 237 372 967 674 166 599 652 428 734 530 156 687 676 485 57 595 81
9021 10 5025 372 967 674 166 599 652 428 734 595 81 996 237 530 156 485 57 916 882 687 676
10021 10 5025 996 237 530 156 485 57 674 166 428 734 687 676 595 81 916 882 599 652 372 967
1022 10 5194 648 9 637 323 693 708 516 899 775 819 970 118 431 24 757 20 75 620 991 368
2022 10 5194 516 899 648 9 693 708 991 368 431 24 637 323 75 620 775 819 757 20 970 118
3022 10 5194 637 323 75 620 775 819 757 20 970 118 516 899 991 368 431 24 648 9 693 708
4022 10 5194 775 819 648 9 516 899 757 20 693 708 970 118 991 368 431 24 637 323 75 620
5022 10 5194 75 620 970 118 991 368 757 20 775 819 637 323 431 24 516 899 648 9 693 708
6022 10 5194 693 708 775 819 757 20 516 899 970 118 75 620 648 9 991 368 431 24 637 323
7022 10 5194 648 9 757 20 693 708 991 368 637 323 75 620 970 118 431 24 516 899 775 819
8022 10 5194 516 899 693 708 431 24 991 368 970 118 648 9 75 620 757 20 637 323 775 819
9022 10 5194 775 819 75 620 637 323 648 9 970 118 516 899 757 20 991 368 431 24 693 708
10022 10 5194 75 620 637 323 431 24 991 368 775 819 516 899 693 708 970 118 757 20 648 9
1023 10 6306 944 735 768 530 931 741 979 776 875 525 623 632 764 409 869 489 722 300 408 892
2023 10 6306 869 489 768 530 931 741 764 409 623 632 722 300 979 776 875 525 944 735 408 892
3023 10 6306 869 489 722 300 764 409 944 735 408 892 931 741 875 525 768 530 623 632 979 776
4023 10 6306 931 741 408 892 944 735 875 525 623 632 869 489 722 300 764 409 768 530 979 776
5023 10 6306 869 489 623 632 944 735 764 409 722 300 979 776 768 530 408 892 931 741 875 525
6023 10 6306 869 489 979 776 764 409 768 530 944 735 931 741 408 892 875 525 623 632 722 300
7023 10 6306 869 489 764 409 944 735 722 300 408 892 623 632 768 530 875 525 931 741 979 776
8023 10 6306 764 409 931 741 944 735 623 632 408 892 869 489 979 776 722 300 768 530 875 525
9023 10 6306 768 530 875 525 979 776 623 632 931 741 764 409 869 489 408 892 944 735 722 300
10023 10 6306 768 530 944 735 875 525 764 409 623 632 722 300 869 489 979 776 931 741 408 892
1024 10 4897 747 793 297 966 398 201 828 682 237 531 552 933 976 494 997 381 495 771 595 99
2024 10 4897 997 381 595 99 747 793 297 966 237 531 976 494 495 771 398 201 828 682 552 933
3024 10 4897 997 381 398 201 747 793 595 99 828 682 237 531 976 494 297 966 552 933 495 771
4024 10 4897 828 682 552 933 997 381 237 531 398 201 495 771 747 793 976 494 595 99 297 966
5024 10 4897 595 99 495 771 237 531 552 933 297 966 747 793 976 494 828 682 398 201 997 381
6024 10 4897 976 494 552 933 237 531 398 201 495 771 595 99 997 381 828 682 297 966 747 793
7024 10 4897 552 933 997 381 495 771 976 494 297 966 398 201 828 682 595 99 237 531 747 793
8024 10 4897 297 966 828 682 595 99 237 531 747 793 997 381 495 771 552 933 398 201 976 494
9024 10 4897 747 793 495 771 828 682 297 966 237 531 976 494 997 381 595 99 398 201 552 933
10024 10 4897 398 201 747 793 997 381 495 771 237 531 595 99 552 933 297 966 976 494 828 682
1025 10 5449 992 304 820 909 540 288 972 837 140 540 642 84 450 480 561 969 828 789 867 241
2025 10 5449 642 84 540 288 450 480 867 241 972 837 561 969 140 540 820 909 992 304 828 789
3025 10 5449 992 304 540 288 867 241 450 480 820 909 140 540 828 789 642 84 972 837 561 969
4025 10 5449 450 480 820 909 140 540 972 837 540 288 561 969 992 304 867 241 828 789 642 84
5025 10 5449 140 540 992 304 972 837 867 241 561 969 828 789 642 84 820 909 540 288 450 480
6025 10 5449 820 909 140 540 992 304 642 84 561 969 972 837 828 789 450 480 540 288 867 241
7025 10 5449 992 304 450 480 972 837 140 540 540 288 820 909 828 789 867 241 642 84 561 969
8025 10 5449 820 909 867 241 992 304 561 969 828 789 540 288 972 837 450 480 140 540 642 84
9025 10 5449 450 480 820 909 828 789 561 969 642 84 540 288 972 837 992 304 140 540 867 241
10025 10 5449 450 480 992 304 972 837 867 241 820 909 540 288 828 789 140 540 561 969 642 84
1026 10 4124 256 932 218 942 978 364 459 398 457 535 390 798 762 447 500 756 370 864 766 165
2026 10 4124 459 398 457 535 218 942 390 798 256 932 370 864 766 165 978 364 762 447 500 756
3026 10 4124 766 165 218 942 457 535 762 447 370 864 256 932 390 798 978 364 459 398 500 756
4026 10 4124 459 398 218 942 500 756 370 864 457 535 256 932 390 798 766 165 978 364 762 447
5026 10 4124 218 942 370 864 459 398 390 798 762 447 457 535 766 165 500 756 978 364 256 932
6026 10 4124 256 932 370 864 459 398 390 798 457 535 762 447 978 364 766 165 218 942 500 756
7026 10 4124 390 798 256 932 978 364 762 447 218 942 370 864 459 398 457 535 500 756 766 165
8026 10 4124 256 932 370 864 218 942 390 798 978 364 500 756 762 447 459 398 766 165 457 535
9026 10 4124 978 364 457 535 390 798 500 756 459 398 762 447 256 932 766 165 218 942 370 864
10026 10 4124 500 756 390 798 459 398 256 932 370 864 978 364 762 447 457 535 218 942 766 165
1027 10 5419 638 900 674 420 790 325 293 496 784 924 341 439 834 848 857 766 983 457 580 179
2027 10 5419 638 900 983 457 674 420 857 766 834 848 790 325 341 439 784 924 580 179 293 496
3027 10 5419 790 325 674 420 834 848 638 900 983 457 857 766 293 496 580 179 341 439 784 924
4027 10 5419 341 439 580 179 790 325 857 766 638 900 784 924 674 420 293 496 983 457 834 848
5027 10 5419 834 848 293 496 857 766 580 179 674 420 341 439 784 924 638 900 983 457 790 325
6027 10 5419 293 496 834 848 580 179 784 924 857 766 674 420 341 439 638 900 983 457 790 325
7027 10 5419 790 325 341 439 638 900 674 420 580 179 834 848 983 457 293 496 784 924 857 766
8027 10 5419 784 924 674 420 790 325 293 496 857 766 834 848 341 439 638 900 580 179 983 457
9027 10 5419 580 179 834 848 790 325 293 496 341 439 983 457 674 420 857 766 638 900 784 924
10027 10 5419 790 325 983 457 580 179 341 439 674 420 293 496 857 766 834 848 638 900 784 924
1028 10 6020 914 738 895 840 965 355 851 678 951 53 484 946 850 454 654 916 578 222 384 839
2028 10 6020 578 222 850 454 851 678 914 738 965 355 654 916 895 840 384 839 951 53 484 946
3028 10 6020 951 53 851 678 914 738 895 840 965 355 384 839 484 946 578 222 654 916 850 454
4028 10 6020 578 222 951 53 654 916 484 946 895 840 965 355 384 839 851 678 850 454 914 738
5028 10 6020 850 454 951 53 384 839 484 946 654 916 578 222 851 678 965 355 914 738 895 840
6028 10 6020 914 738 654 916 951 53 850 454 578 222 895 840 484 946 965 355 851 678 384 839
7028 10 6020 384 839 914 738 895 840 951 53 965 355 850 454 578 222 851 678 654 916 484 946
8028 10 6020 895 840 914 738 384 839 965 355 654 916 484 946 951 53 850 454 578 222 851 678
9028 10 6020 654 916 914 738 965 355 851 678 578 222 895 840 384 839 484 946 951 53 850 454
10028 10 6020 578 222 654 916 951 53 850 454 895 840 384 839 965 355 914 738 851 678 484 946
1029 10 4505 425 149 533 913 604 298 989 931 428 921 157 481 703 345 706 948 539 316 548 522
2029 10 4505 425 149 539 316 604 298 548 522 703 345 989 931 428 921 706 948 533 913 157 481
3029 10 4505 539 316 703 345 425 149 157 481 989 931 548 522 604 298 706 948 533 913 428 921
4029 10 4505 428 921 539 316 157 481 604 298 533 913 989 931 548 522 706 948 425 149 703 345
5029 10 4505 548 522 539 316 157 481 703 345 533 913 989 931 425 149 706 948 604 298 428 921
6029 10 4505 989 931 425 149 604 298 533 913 428 921 703 345 539 316 548 522 706 948 157 481
7029 10 4505 539 316 533 913 706 948 703 345 425 149 989 931 548 522 428 921 604 298 157 481
8029 10 4505 533 913 425 149 706 948 548 522 428 921 539 316 989 931 604 298 703 345 157 481
9029 10 4505 989 931 533 913 706 948 425 149 604 298 157 481 428 921 548 522 539 316 703 345
10029 10 4505 428 921 989 931 539 316 425 149 157 481 548 522 706 948 533 913 604 298 703 345
1030 10 5168 584 359 787 976 597 188 469 476 968 422 643 736 271 487 803 556 856 728 482 365
2030 10 5168 271 487 803 556 469 476 968 422 584 359 856 728 643 736 482 365 787 976 597 188
3030 10 5168 968 422 482 365 584 359 643 736 271 487 597 188 469 476 787 976 856 728 803 556
4030 10 5168 482 365 597 188 271 487 803 556 856 728 469 476 787 976 584 359 643 736 968 422
5030 10 5168 469 476 968 422 787 976 584 359 856 728 803 556 271 487 482 365 643 736 597 188
6030 10 5168 803 556 469 476 856 728 787 976 968 422 584 359 271 487 482 365 597 188 643 736
7030 10 5168 787 976 469 476 968 422 597 188 856 728 643 736 482 365 271 487 584 359 803 556
8030 10 5168 787 976 597 188 643 736 856 728 469 476 482 365 271 487 803 556 968 422 584 359
9030 10 5168 271 487 968 422 856 728 597 188 787 976 584 359 469 476 803 556 643 736 482 365
10030 10 5168 787 976 968 422 643 736 803 556 597 188 469 476 271 487 856 728 584 359 482 365
1031 10 4475 606 1 142 856 580 1000 615 992 724 806 700 946 695 322 790 658 226 116 516 754
2031 10 4475 516 754 226 116 790 658 142 856 606 1 700 946 580 1000 695 322 615 992 724 806
3031 10 4475 615 992 226 116 700 946 142 856 606 1 695 322 580 1000 724 806 516 754 790 658
4031 10 4475 790 658 516 754 695 322 615 992 142 856 226 116 580 1000 700 946 606 1 724 806
5031 10 4475 700 946 580 1000 226 116 724 806 790 658 695 322 606 1 615 992 142 856 516 754
6031 10 4475 700 946 516 754 615 992 142 856 606 1 580 1000 724 806 790 658 226 116 695 322
7031 10 4475 615 992 226 116 700 946 142 856 516 754 790 658 695 322 724 806 606 1 580 1000
8031 10 4475 226 116 516 754 790 658 700 946 615 992 580 1000 606 1 724 806 695 322 142 856
9031 10 4475 142 856 695 322 226 116 606 1 700 946 615 992 724 806 790 658 580 1000 516 754
10031 10 4475 695 322 790 658 226 116 516 754 580 1000 606 1 615 992 700 946 142 856 724 806
1032 10 5412 780 52 755 46 401 636 919 783 303 976 912 180 586 25 927 583 538 244 645 187
2032 10 5412 919 783 538 244 303 976 401 636 645 187 927 583 586 25 912 180 755 46 780 52
3032 10 5412 401 636 780 52 927 583 919 783 912 180 645 187 538 244 303 976 755 46 586 25
4032 10 5412 401 636 755 46 780 52 912 180 303 976 645 187 586 25 919 783 538 244 927 583
5032 10 5412 401 636 919 783 586 25 927 583 303 976 912 180 780 52 755 46 645 187 538 244
6032 10 5412 401 636 303 976 919 783 586 25 755 46 538 244 912 180 780 52 645 187 927 583
7032 10 5412 401 636 303 976 645 187 927 583 755 46 586 25 919 783 538 244 780 52 912 180
8032 10 5412 912 180 303 976 645 187 401 636 586 25 780 52 538 244 927 583 755 46 919 783
9032 10 5412 912 180 538 244 303 976 919 783 755 46 780 52 927 583 645 187 586 25 401 636
10032 10 5412 586 25 927 583 645 187 755 46 303 976 538 244 912 180 780 52 401 636 919 783
1033 10 4560 397 90 998 315 759 705 371 968 248 199 221 153 808 623 181 254 879 558 838 784
2033 10 4560 371 968 248 199 221 153 879 558 759 705 397 90 808 623 998 315 181 254 838 784
3033 10 4560 879 558 838 784 759 705 371 968 397 90 808 623 181 254 248 199 998 315 221 153
4033 10 4560 371 968 181 254 397 90 221 153 838 784 248 199 808 623 879 558 759 705 998 315
5033 10 4560 371 968 879 558 808 623 998 315 221 153 838 784 759 705 397 90 248 199 181 254
6033 10 4560 879 558 838 784 221 153 998 315 808 623 759 705 371 968 397 90 181 254 248 199
7033 10 4560 879 558 248 199 371 968 181 254 838 784 998 315 397 90 221 153 759 705 808 623
8033 10 4560 221 153 879 558 759 705 371 968 248 199 808 623 397 90 181 254 998 315 838 784
9033 10 4560 838 784 181 254 397 90 248 199 808 623 371 968 998 315 221 153 759 705 879 558
10033 10 4560 998 315 181 254 248 199 838 784 808 623 759 705 879 558 397 90 221 153 371 968
1034 10 5227 315 80 369 366 510 794 730 53 850 474 895 51 686 720 515 196 758 949 906 543
2034 10 5227 315 80 895 51 758 949 906 543 850 474 730 53 369 366 510 794 686 720 515 196
3034 10 5227 315 80 369 366 730 53 850 474 686 720 895 51 515 196 758 949 906 543 510 794
4034 10 5227 369 366 850 474 895 51 315 80 730 53 686 720 515 196 758 949 906 543 510 794
5034 10 5227 895 51 369 366 515 196 758 949 730 53 315 80 510 794 850 474 686 720 906 543
6034 10 5227 315 80 758 949 515 196 895 51 510 794 369 366 906 543 730 53 850 474 686 720
7034 10 5227 850 474 895 51 758 949 315 80 515 196 510 794 906 543 730 53 369 366 686 720
8034 10 5227 369 366 895 51 906 543 515 196 510 794 730 53 686 720 850 474 758 949 315 80
9034 10 5227 369 366 315 80 510 794 850 474 895 51 515 196 686 720 906 543 730 53 758 949
10034 10 5227 758 949 315 80 686 720 895 51 730 53 850 474 369 366 906 543 515 196 510 794
1035 10 4523 675 187 463 796 643 585 989 724 426 257 532 638 306 800 547 448 364 40 709 209
2035 10 4523 547 448 532 638 306 800 643 585 426 257 463 796 989 724 364 40 675 187 709 209
3035 10 4523 709 209 643 585 364 40 463 796 532 638 426 257 306 800 675 187 547 448 989 724
4035 10 4523 306 800 364 40 675 187 532 638 643 585 709 209 426 257 989 724 463 796 547 448
5035 10 4523 426 257 547 448 989 724 675 187 463 796 643 585 709 209 364 40 306 800 532 638
6035 10 4523 306 800 547 448 463 796 364 40 426 257 532 638 675 187 643 585 709 209 989 724
7035 10 4523 532 638 709 209 306 800 364 40 643 585 426 257 463 796 547 448 989 724 675 187
8035 10 4523 463 796 989 724 426 257 709 209 547 448 675 187 364 40 306 800 532 638 643 585
9035 10 4523 643 585 426 257 364 40 532 638 463 796 306 800 547 448 675 187 989 724 709 209
10035 10 4523 306 800 675 187 532 638 547 448 426 257 463 796 364 40 989 724 643 585 709 209
1036 10 5064 79 461 299 526 378 455 467 208 916 360 969 918 670 947 756 555 974 376 823 704
2036 10 5064 467 208 974 376 823 704 670 947 969 918 756 555 916 360 378 455 79 461 299 526
3036 10 5064 823 704 670 947 974 376 467 208 299 526 916 360 969 918 79 461 756 555 378 455
4036 10 5064 79 461 378 455 974 376 969 918 823 704 916 360 467 208 670 947 756 555 299 526
5036 10 5064 670 947 823 704 756 555 378 455 969 918 916 360 79 461 467 208 974 376 299 526
6036 10 5064 670 947 79 461 756 555 299 526 974 376 916 360 467 208 969 918 378 455 823 704
7036 10 5064 916 360 670 947 974 376 823 704 467 208 79 461 969 918 378 455 299 526 756 555
8036 10 5064 467 208 969 918 299 526 823 704 670 947 916 360 79 461 378 455 974 376 756 555
9036 10 5064 79 461 467 208 916 360 670 947 974 376 378 455 969 918 299 526 756 555 823 704
10036 10 5064 974 376 969 918 79 461 467 208 299 526 823 704 670 947 378 455 756 555 916 360
1037 10 4907 416 9 240 256 931 567 645 369 548 16 658 494 490 384 604 55 996 163 606 303
2037 10 4907 658 494 240 256 606 303 416 9 996 163 604 55 931 567 548 16 645 369 490 384
3037 10 4907 548 16 416 9 996 163 604 55 606 303 240 256 490 384 658 494 645 369 931 567
4037 10 4907 490 384 996 163 548 16 658 494 931 567 606 303 240 256 416 9 645 369 604 55
5037 10 4907 658 494 548 16 996 163 604 55 931 567 416 9 645 369 490 384 606 303 240 256
6037 10 4907 996 163 931 567 416 9 658 494 490 384 645 369 548 16 606 303 240 256 604 55
7037 10 4907 490 384 548 16 606 303 416 9 240 256 645 369 658 494 996 163 604 55 931 567
8037 10 4907 606 303 645 369 548 16 490 384 931 567 658 494 996 163 240 256 604 55 416 9
9037 10 4907 931 567 490 384 604 55 240 256 606 303 996 163 416 9 548 16 658 494 645 369
10037 10 4907 416 9 240 256 604 55 548 16 658 494 996 163 645 369 606 303 490 384 931 567
1038 10 6116 422 846 812 69 721 269 147 960 961 41 973 976 749 232 964 490 938 630 958 155
2038 10 6116 812 69 958 155 422 846 721 269 961 41 147 960 938 630 973 976 964 490 749 232
3038 10 6116 938 630 721 269 964 490 422 846 958 155 749 232 973 976 812 69 961 41 147 960
4038 10 6116 973 976 964 490 812 69 721 269 958 155 749 232 147 960 938 630 422 846 961 41
5038 10 6116 964 490 812 69 422 846 721 269 961 41 749 232 147 960 938 630 973 976 958 155
6038 10 6116 721 269 961 41 973 976 812 69 964 490 422 846 749 232 147 960 958 155 938 630
7038 10 6116 147 960 961 41 422 846 964 490 973 976 938 630 812 69 958 155 721 269 749 232
8038 10 6116 973 976 147 960 422 846 961 41 812 69 938 630 964 490 958 155 749 232 721 269
9038 10 6116 973 976 961 41 422 846 147 960 749 232 812 69 721 269 938 630 958 155 964 490
10038 10 6116 964 490 961 41 812 69 973 976 422 846 938 630 749 232 958 155 721 269 147 960
1039 10 4367 180 868 205 594 301 256 879 692 367 940 780 400 849 872 952 38 33 493 913 545
2039 10 4367 301 256 33 493 205 594 913 545 180 868 367 940 780 400 879 692 952 38 849 872
3039 10 4367 33 493 952 38 301 256 367 940 913 545 780 400 205 594 180 868 879 692 849 872
4039 10 4367 301 256 780 400 33 493 180 868 879 692 205 594 913 545 367 940 952 38 849 872
5039 10 4367 301 256 913 545 180 868 879 692 952 38 780 400 849 872 33 493 205 594 367 940
6039 10 4367 367 940 952 38 301 256 33 493 913 545 180 868 780 400 879 692 205 594 849 872
7039 10 4367 205 594 849 872 367 940 301 256 180 868 913 545 33 493 952 38 780 400 879 692
8039 10 4367 301 256 780 400 205 594 367 940 849 872 33 493 913 545 952 38 879 692 180 868
9039 10 4367 952 38 879 692 33 493 913 545 205 594 301 256 849 872 180 868 367 940 780 400
10039 10 4367 879 692 849 872 205 594 180 868 952 38 301 256 780 400 367 940 33 493 913 545
1040 10 3884 132 50 639 22 511 500 917 553 553 213 348 933 85 412 484 51 397 737 790 38
2040 10 3884 790 38 639 22 132 50 553 213 484 51 511 500 397 737 917 553 348 933 85 412
3040 10 3884 397 737 553 213 85 412 348 933 917 553 132 50 790 38 484 51 511 500 639 22
4040 10 3884 553 213 132 50 511 500 917 553 639 22 85 412 790 38 348 933 484 51 397 737
5040 10 3884 85 412 484 51 790 38 397 737 917 553 132 50 639 22 553 213 348 933 511 500
6040 10 3884 917 553 553 213 397 737 348 933 85 412 132 50 511 500 484 51 790 38 639 22
7040 10 3884 639 22 917 553 397 737 553 213 511 500 790 38 132 50 484 51 348 933 85 412
8040 10 3884 132 50 639 22 917 553 397 737 511 500 484 51 85 412 553 213 348 933 790 38
9040 10 3884 348 933 511 500 917 553 85 412 790 38 553 213 639 22 397 737 484 51 132 50
10040 10 3884 917 553 790 38 639 22 484 51 397 737 553 213 132 50 85 412 348 933 511 500
1041 10 4874 650 251 415 557 631 140 982 374 711 624 688 801 398 15 721 255 379 638 518 916
2041 10 4874 688 801 415 557 721 255 379 638 650 251 982 374 398 15 631 140 518 916 711 624
3041 10 4874 711 624 688 801 650 251 379 638 982 374 721 255 415 557 631 140 518 916 398 15
4041 10 4874 982 374 415 557 631 140 711 624 398 15 721 255 518 916 379 638 650 251 688 801
5041 10 4874 415 557 711 624 379 638 398 15 518 916 631 140 982 374 650 251 721 255 688 801
6041 10 4874 711 624 650 251 721 255 518 916 631 140 415 557 398 15 379 638 982 374 688 801
7041 10 4874 631 140 415 557 379 638 982 374 721 255 398 15 650 251 711 624 518 916 688 801
8041 10 4874 518 916 650 251 982 374 415 557 721 255 711 624 688 801 398 15 631 140 379 638
9041 10 4874 631 140 415 557 688 801 650 251 721 255 379 638 982 374 398 15 518 916 711 624
10041 10 4874 982 374 650 251 711 624 415 557 631 140 379 638 518 916 398 15 688 801 721 255
1042 10 5293 979 386 951 201 775 369 379 824 545 427 636 304 726 473 201 569 865 50 560 215
2042 10 5293 726 473 379 824 951 201 560 215 545 427 775 369 201 569 979 386 636 304 865 50
3042 10 5293 775 369 201 569 951 201 636 304 560 215 545 427 865 50 379 824 726 473 979 386
4042 10 5293 775 369 636 304 379 824 979 386 726 473 865 50 201 569 951 201 545 427 560 215
5042 10 5293 545 427 775 369 201 569 979 386 951 201 726 473 560 215 379 824 636 304 865 50
6042 10 5293 726 473 379 824 775 369 560 215 979 386 865 50 951 201 545 427 636 304 201 569
7042 10 5293 379 824 775 369 636 304 201 569 951 201 560 215 726 473 979 386 545 427 865 50
8042 10 5293 726 473 979 386 865 50 201 569 379 824 775 369 951 201 545 427 560 215 636 304
9042 10 5293 865 50 636 304 775 369 951 201 201 569 560 215 979 386 545 427 379 824 726 473
10042 10 5293 775 369 545 427 726 473 865 50 560 215 951 201 636 304 201 569 979 386 379 824
1043 10 5256 500 914 744 449 978 765 898 760 907 941 410 470 742 350 490 662 131 400 771 32
2043 10 5256 978 765 742 350 744 449 907 941 490 662 131 400 771 32 500 914 898 760 410 470
3043 10 5256 742 350 490 662 131 400 410 470 771 32 898 760 978 765 744 449 907 941 500 914
4043 10 5256 131 400 410 470 898 760 744 449 771 32 742 350 907 941 500 914 490 662 978 765
5043 10 5256 410 470 978 765 131 400 500 914 771 32 490 662 742 350 744 449 898 760 907 941
6043 10 5256 898 760 500 914 978 765 907 941 410 470 490 662 771 32 131 400 742 350 744 449
7043 10 5256 771 32 907 941 742 350 898 760 978 765 500 914 131 400 410 470 490 662 744 449
8043 10 5256 490 662 131 400 744 449 898 760 742 350 978 765 771 32 500 914 907 941 410 470
9043 10 5256 771 32 744 449 742 350 131 400 898 760 978 765 410 470 490 662 500 914 907 941
10043 10 5256 131 400 978 765 490 662 744 449 898 760 410 470 771 32 742 350 907 941 500 914
1044 10 5535 538 924 998 769 863 430 331 601 608 851 939 24 600 49 367 44 800 142 875 159
2044 10 5535 939 24 608 851 367 44 998 769 538 924 800 142 331 601 875 159 600 49 863 430
3044 10 5535 538 924 331 601 875 159 998 769 600 49 800 142 863 430 608 851 367 44 939 24
4044 10 5535 875 159 538 924 608 851 800 142 998 769 600 49 939 24 367 44 331 601 863 430
5044 10 5535 863 430 600 49 538 924 800 142 608 851 939 24 998 769 367 44 875 159 331 601
6044 10 5535 367 44 538 924 875 159 998 769 863 430 331 601 608 851 600 49 939 24 800 142
7044 10 5535 800 142 939 24 863 430 608 851 600 49 998 769 367 44 875 159 331 601 538 924
8044 10 5535 331 601 800 142 998 769 538 924 875 159 939 24 367 44 600 49 608 851 863 430
9044 10 5535 538 924 863 430 367 44 600 49 800 142 331 601 939 24 875 159 608 851 998 769
10044 10 5535 875 159 538 924 608 851 600 49 863 430 367 44 939 24 800 142 998 769 331 601
1045 10 4282 330 7 653 341 290 633 396 797 315 340 540 589 763 849 426 367 824 651 816 447
2045 10 4282 315 340 426 367 330 7 653 341 290 633 763 849 540 589 816 447 396 797 824 651
3045 10 4282 824 651 653 341 330 7 763 849 396 797 290 633 540 589 315 340 816 447 426 367
4045 10 4282 824 651 816 447 330 7 315 340 396 797 763 849 290 633 540 589 426 367 653 341
5045 10 4282 540 589 763 849 816 447 824 651 426 367 315 340 396 797 330 7 653 341 290 633
6045 10 4282 540 589 396 797 290 633 426 367 315 340 824 651 763 849 653 341 330 7 816 447
7045 10 4282 816 447 763 849 330 7 653 341 290 633 396 797 540 589 824 651 315 340 426 367
8045 10 4282 315 340 824 651 816 447 396 797 426 367 653 341 330 7 290 633 763 849 540 589
9045 10 4282 763 849 330 7 290 633 315 340 426 367 816 447 824 651 540 589 653 341 396 797
10045 10 4282 824 651 763 849 330 7 315 340 426 367 396 797 290 633 540 589 653 341 816 447
1046 10 4336 443 338 825 326 374 259 906 370 640 495 325 971 791 609 279 898 713 778 124 377
2046 10 4336 906 370 374 259 325 971 279 898 640 495 443 338 825 326 713 778 791 609 124 377
3046 10 4336 713 778 640 495 906 370 374 259 325 971 124 377 443 338 279 898 825 326 791 609
4046 10 4336 791 609 279 898 325 971 713 778 443 338 640 495 124 377 906 370 374 259 825 326
5046 10 4336 279 898 640 495 713 778 325 971 124 377 443 338 791 609 825 326 906 370 374 259
6046 10 4336 906 370 713 778 279 898 791 609 124 377 640 495 374 259 443 338 325 971 825 326
7046 10 4336 791 609 443 338 124 377 374 259 325 971 279 898 825 326 640 495 906 370 713 778
8046 10 4336 124 377 374 259 443 338 279 898 791 609 825 326 640 495 325 971 713 778 906 370
9046 10 4336 825 326 713 778 791 609 374 259 443 338 906 370 640 495 325 971 279 898 124 377
10046 10 4336 279 898 374 259 825 326 640 495 443 338 124 377 713 778 906 370 325 971 791 609
1047 10 6124 615 726 436 637 741 45 577 51 826 268 904 511 904 747 964 6 865 62 824 370
2047 10 6124 577 51 436 637 824 370 741 45 826 268 904 511 615 726 865 62 904 747 964 6
3047 10 6124 615 726 577 51 826 268 436 637 964 6 904 511 741 45 904 747 865 62 824 370
4047 10 6124 577 51 865 62 436 637 904 511 826 268 824 370 741 45 904 747 964 6 615 726
5047 10 6124 436 637 826 268 615 726 865 62 824 370 741 45 904 747 904 511 577 51 964 6
6047 10 6124 904 511 577 51 904 747 436 637 826 268 741 45 615 726 865 62 824 370 964 6
7047 10 6124 436 637 964 6 826 268 741 45 865 62 615 726 577 51 904 747 904 511 824 370
8047 10 6124 615 726 964 6 577 51 741 45 826 268 904 511 904 747 824 370 865 62 436 637
9047 10 6124 741 45 826 268 615 726 865 62 964 6 904 511 824 370 436 637 904 747 577 51
10047 10 6124 826 268 577 51 904 747 964 6 824 370 904 511 615 726 865 62 436 637 741 45
1048 10 4017 844 766 184 216 343 11 652 373 915 302 597 186 84 456 666 159 179 516 558 843
2048 10 4017 84 456 666 159 343 11 597 186 179 516 844 766 652 373 184 216 558 843 915 302
3048 10 4017 558 843 915 302 666 159 597 186 179 516 844 766 84 456 343 11 652 373 184 216
4048 10 4017 844 766 558 843 179 516 343 11 666 159 597 186 184 216 84 456 915 302 652 373
5048 10 4017 343 11 84 456 915 302 184 216 844 766 652 373 666 159 597 186 558 843 179 516
6048 10 4017 915 302 84 456 597 186 184 216 844 766 652 373 558 843 179 516 666 159 343 11
7048 10 4017 597 186 844 766 652 373 343 11 179 516 558 843 184 216 84 456 666 159 915 302
8048 10 4017 84 456 915 302 666 159 597 186 343 11 652 373 184 216 558 843 844 766 179 516
9048 10 4017 558 843 915 302 652 373 179 516 84 456 184 216 343 11 844 766 666 159 597 186
10048 10 4017 597 186 343 11 84 456 915 302 184 216 179 516 844 766 666 159 558 843 652 373
1049 10 4779 880 59 538 959 534 550 433 685 463 534 799 890 713 717 648 674 55 146 911 428
2049 10 4779 799 890 911 428 534 550 433 685 648 674 463 534 55 146 880 59 713 717 538 959
3049 10 4779 534 550 911 428 433 685 648 674 55 146 880 59 538 959 713 717 799 890 463 534
4049 10 4779 713 717 880 59 534 550 55 146 463 534 911 428 538 959 433 685 799 890 648 674
5049 10 4779 55 146 534 550 911 428 648 674 463 534 713 717 538 959 880 59 799 890 433 685
6049 10 4779 534 550 799 890 648 674 538 959 713 717 463 534 911 428 433 685 55 146 880 59
7049 10 4779 799 890 713 717 534 550 538 959 55 146 911 428 433 685 463 534 648 674 880 59
8049 10 4779 534 550 433 685 880 59 538 959 911 428 648 674 55 146 713 717 799 890 463 534
9049 10 4779 648 674 538 959 799 890 433 685 880 59 534 550 463 534 911 428 713 717 55 146
10049 10 4779 433 685 911 428 713 717 55 146 463 534 538 959 799 890 534 550 880 59 648 674
1050 10 5213 587 762 811 95 992 647 707 626 345 700 953 474 936 962 257 736 120 607 809 212
2050 10 5213 811 95 257 736 345 700 120 607 707 626 992 647 936 962 953 474 809 212 587 762
3050 10 5213 811 95 707 626 345 700 120 607 257 736 953 474 936 962 992 647 587 762 809 212
4050 10 5213 936 962 953 474 809 212 120 607 345 700 811 95 707 626 587 762 257 736 992 647
5050 10 5213 707 626 809 212 992 647 587 762 257 736 811 95 345 700 936 962 953 474 120 607
6050 10 5213 120 607 936 962 992 647 587 762 811 95 345 700 257 736 707 626 953 474 809 212
7050 10 5213 120 607 811 95 707 626 953 474 345 700 992 647 587 762 257 736 809 212 936 962
8050 10 5213 936 962 953 474 257 736 345 700 120 607 811 95 809 212 992 647 587 762 707 626
9050 10 5213 811 95 345 700 257 736 587 762 707 626 953 474 936 962 120 607 809 212 992 647
10050 10 5213 811 95 707 626 936 962 257 736 587 762 120 607 345 700 953 474 992 647 809 212
1051 10 4848 798 930 640 556 844 441 200 199 852 293 733 342 810 233 279 462 662 824 242 482
2051 10 4848 279 462 242 482 662 824 844 441 798 930 200 199 852 293 733 342 810 233 640 556
3051 10 4848 662 824 810 233 200 199 844 441 852 293 242 482 640 556 279 462 733 342 798 930
4051 10 4848 844 441 640 556 798 930 733 342 279 462 662 824 242 482 852 293 200 199 810 233
5051 10 4848 662 824 640 556 279 462 852 293 844 441 242 482 810 233 733 342 200 199 798 930
6051 10 4848 662 824 852 293 242 482 640 556 810 233 279 462 733 342 200 199 798 930 844 441
7051 10 4848 640 556 798 930 200 199 844 441 279 462 662 824 852 293 733 342 242 482 810 233
8051 10 4848 810 233 640 556 852 293 200 199 279 462 662 824 798 930 844 441 242 482 733 342
9051 10 4848 798 930 852 293 200 199 279 462 640 556 662 824 733 342 810 233 242 482 844 441
10051 10 4848 733 342 844 441 279 462 798 930 662 824 640 556 852 293 200 199 242 482 810 233
1052 10 5884 815 202 577 3 816 768 889 842 873 560 667 586 934 840 566 583 862 123 357 382
2052 10 5884 577 3 889 842 873 560 815 202 934 840 566 583 357 382 816 768 862 123 667 586
3052 10 5884 667 586 577 3 566 583 815 202 357 382 816 768 873 560 889 842 862 123 934 840
4052 10 5884 667 586 815 202 566 583 357 382 577 3 873 560 862 123 816 768 889 842 934 840
5052 10 5884 815 202 862 123 889 842 816 768 667 586 357 382 566 583 934 840 577 3 873 560
6052 10 5884 566 583 816 768 667 586 862 123 357 382 815 202 873 560 934 840 889 842 577 3
7052 10 5884 889 842 667 586 566 583 816 768 357 382 577 3 862 123 873 560 934 840 815 202
8052 10 5884 816 768 566 583 862 123 815 202 873 560 357 382 889 842 934 840 667 586 577 3
9052 10 5884 889 842 357 382 566 583 862 123 815 202 816 768 934 840 873 560 577 3 667 586
10052 10 5884 862 123 667 586 815 202 577 3 934 840 566 583 889 842 816 768 357 382 873 560
1053 10 5086 545 775 857 518 426 813 466 504 585 315 878 274 676 141 795 1 387 746 743 681
2053 10 5086 585 315 426 813 387 746 743 681 466 504 676 141 795 1 857 518 878 274 545 775
3053 10 5086 545 775 426 813 676 141 466 504 743 681 878 274 857 518 795 1 585 315 387 746
4053 10 5086 676 141 878 274 387 746 857 518 426 813 585 315 545 775 743 681 466 504 795 1
5053 10 5086 585 315 466 504 857 518 795 1 426 813 743 681 545 775 387 746 878 274 676 141
6053 10 5086 387 746 743 681 795 1 466 504 676 141 426 813 857 518 878 274 545 775 585 315
7053 10 5086 545 775 676 141 426 813 743 681 387 746 466 504 585 315 878 274 795 1 857 518
8053 10 5086 857 518 545 775 676 141 585 315 387 746 466 504 743 681 878 274 795 1 426 813
9053 10 5086 426 813 676 141 743 681 857 518 466 504 878 274 585 315 795 1 387 746 545 775
10053 10 5086 585 315 795 1 878 274 743 681 387 746 857 518 426 813 545 775 466 504 676 141
1054 10 4076 391 952 407 729 479 150 558 620 528 177 338 423 859 694 719 350 689 49 127 676
2054 10 4076 859 694 528 177 719 350 407 729 338 423 558 620 391 952 479 150 689 49 127 676
3054 10 4076 479 150 859 694 528 177 127 676 689 49 338 423 407 729 719 350 558 620 391 952
4054 10 4076 127 676 407 729 859 694 391 952 719 350 338 423 479 150 689 49 528 177 558 620
5054 10 4076 407 729 558 620 689 49 719 350 859 694 479 150 338 423 127 676 391 952 528 177
6054 10 4076 407 729 391 952 338 423 479 150 719 350 689 49 127 676 558 620 528 177 859 694
7054 10 4076 528 177 407 729 719 350 479 150 859 694 558 620 391 952 338 423 127 676 689 49
8054 10 4076 407 729 719 350 338 423 127 676 859 694 689 49 528 177 479 150 558 620 391 952
9054 10 4076 558 620 719 350 127 676 528 177 859 694 407 729 338 423 689 49 391 952 479 150
10054 10 4076 407 729 338 423 719 350 689 49 391 952 127 676 859 694 479 150 528 177 558 620
1055 10 2266 93 618 93 65 329 622 185 884 985 387 201 985 176 442 145 296 311 718 315 652
2055 10 2266 185 884 201 985 985 387 93 65 176 442 329 622 145 296 311 718 315 652 93 618
3055 10 2266 185 884 329 622 145 296 93 65 315 652 176 442 985 387 311 718 93 618 201 985
4055 10 2266 201 985 176 442 145 296 315 652 185 884 311 718 93 618 93 65 985 387 329 622
5055 10 2266 93 618 315 652 985 387 185 884 176 442 145 296 329 622 93 65 311 718 201 985
6055 10 2266 201 985 93 65 329 622 985 387 176 442 93 618 145 296 185 884 311 718 315 652
7055 10 2266 329 622 93 618 145 296 201 985 176 442 315 652 93 65 985 387 311 718 185 884
8055 10 2266 93 65 93 618 311 718 145 296 176 442 329 622 185 884 315 652 201 985 985 387
9055 10 2266 311 718 315 652 145 296 93 65 329 622 93 618 176 442 201 985 985 387 185 884
10055 10 2266 985 387 176 442 93 65 315 652 311 718 185 884 329 622 201 985 145 296 93 618
1056 10 3501 495 151 361 858 286 1 150 501 276 387 811 844 667 478 505 953 333 996 493 918
2056 10 3501 505 953 286 1 667 478 276 387 493 918 333 996 495 151 361 858 811 844 150 501
3056 10 3501 505 953 361 858 811 844 495 151 150 501 286 1 493 918 333 996 276 387 667 478
4056 10 3501 361 858 276 387 667 478 811 844 505 953 493 918 333 996 150 501 286 1 495 151
5056 10 3501 493 918 811 844 667 478 495 151 333 996 361 858 276 387 286 1 505 953 150 501
6056 10 3501 150 501 493 918 495 151 505 953 811 844 361 858 667 478 286 1 276 387 333 996
7056 10 3501 150 501 333 996 493 918 276 387 495 151 667 478 505 953 361 858 811 844 286 1
8056 10 3501 286 1 495 151 361 858 811 844 505 953 667 478 333 996 276 387 493 918 150 501
9056 10 3501 667 478 493 918 150 501 361 858 505 953 333 996 276 387 286 1 811 844 495 151
10056 10 3501 505 953 811 844 493 918 150 501 333 996 286 1 495 151 667 478 276 387 361 858
1057 10 5042 793 569 364 543 378 919 572 298 974 176 853 855 647 906 649 709 695 714 378 156
2057 10 5042 793 569 378 919 853 855 974 176 647 906 364 543 695 714 572 298 649 709 378 156
3057 10 5042 974 176 649 709 364 543 572 298 793 569 378 919 378 156 853 855 695 714 647 906
4057 10 5042 647 906 378 919 649 709 572 298 853 855 695 714 793 569 364 543 974 176 378 156
5057 10 5042 695 714 378 156 378 919 649 709 572 298 974 176 853 855 364 543 793 569 647 906
6057 10 5042 647 906 695 714 649 709 378 919 572 298 793 569 853 855 974 176 364 543 378 156
7057 10 5042 647 906 572 298 649 709 378 156 974 176 378 919 793 569 695 714 853 855 364 543
8057 10 5042 649 709 974 176 647 906 572 298 378 156 853 855 793 569 695 714 378 919 364 543
9057 10 5042 649 709 364 543 378 919 572 298 974 176 793 569 647 906 695 714 853 855 378 156
10057 10 5042 974 176 378 919 572 298 649 709 378 156 364 543 853 855 695 714 793 569 647 906
1058 10 4100 622 419 84 456 430 122 124 996 991 521 937 137 670 888 163 472 612 628 493 121
2058 10 4100 124 996 430 122 84 456 493 121 163 472 937 137 991 521 670 888 612 628 622 419
3058 10 4100 622 419 84 456 991 521 124 996 163 472 670 888 493 121 430 122 612 628 937 137
4058 10 4100 937 137 124 996 612 628 493 121 84 456 622 419 991 521 670 888 430 122 163 472
5058 10 4100 430 122 493 121 163 472 612 628 84 456 124 996 937 137 991 521 622 419 670 888
6058 10 4100 612 628 622 419 670 888 124 996 430 122 937 137 163 472 991 521 84 456 493 121
7058 10 4100 430 122 612 628 163 472 622 419 124 996 84 456 670 888 937 137 493 121 991 521
8058 10 4100 622 419 493 121 670 888 991 521 163 472 84 456 612 628 124 996 937 137 430 122
9058 10 4100 163 472 84 456 670 888 991 521 124 996 493 121 430 122 937 137 622 419 612 628
10058 10 4100 991 521 493 121 622 419 612 628 84 456 670 888 163 472 124 996 937 137 430 122
1059 10 5160 773 302 741 818 794 70 655 361 821 894 249 232 346 461 903 604 205 487 964 214
2059 10 5160 346 461 794 70 964 214 773 302 903 604 205 487 655 361 821 894 741 818 249 232
3059 10 5160 655 361 205 487 794 70 249 232 346 461 821 894 964 214 773 302 903 604 741 818
4059 10 5160 249 232 741 818 794 70 903 604 346 461 773 302 821 894 655 361 964 214 205 487
5059 10 5160 741 818 655 361 964 214 773 302 821 894 205 487 794 70 903 604 346 461 249 232
6059 10 5160 741 818 903 604 964 214 773 302 794 70 205 487 655 361 249 232 821 894 346 461
7059 10 5160 655 361 346 461 249 232 794 70 964 214 903 604 741 818 205 487 821 894 773 302
8059 10 5160 655 361 741 818 346 461 903 604 205 487 821 894 794 70 964 214 249 232 773 302
9059 10 5160 773 302 346 461 205 487 655 361 249 232 964 214 903 604 821 894 741 818 794 70
10059 10 5160 964 214 655 361 741 818 346 461 773 302 821 894 249 232 903 604 205 487 794 70
1060 10 4717 638 321 469 184 637 650 888 599 755 769 404 717 982 780 55 975 425 535 644 277
2060 10 4717 638 321 644 277 637 650 982 780 404 717 425 535 755 769 55 975 888 599 469 184
3060 10 4717 425 535 637 650 404 717 469 184 55 975 755 769 888 599 982 780 644 277 638 321
4060 10 4717 638 321 404 717 637 650 982 780 425 535 888 599 55 975 755 769 644 277 469 184
5060 10 4717 55 975 644 277 982 780 469 184 888 599 425 535 755 769 404 717 637 650 638 321
6060 10 4717 888 599 644 277 55 975 469 184 637 650 425 535 404 717 638 321 982 780 755 769
7060 10 4717 469 184 55 975 888 599 755 769 404 717 638 321 982 780 425 535 644 277 637 650
8060 10 4717 404 717 425 535 637 650 469 184 55 975 755 769 982 780 888 599 644 277 638 321
9060 10 4717 55 975 982 780 637 650 425 535 638 321 755 769 644 277 469 184 888 599 404 717
10060 10 4717 469 184 55 975 982 780 644 277 425 535 404 717 888 599 638 321 755 769 637 650
1061 10 5595 823 262 711 426 859 350 536 708 946 231 997 239 30 125 642 77 807 445 643 374
2061 10 5595 946 231 30 125 536 708 711 426 642 77 643 374 997 239 823 262 807 445 859 350
3061 10 5595 823 262 536 708 807 445 30 125 946 231 997 239 711 426 642 77 859 350 643 374
4061 10 5595 711 426 997 239 946 231 859 350 643 374 807 445 536 708 30 125 642 77 823 262
5061 10 5595 997 239 711 426 536 708 946 231 30 125 807 445 859 350 642 77 643 374 823 262
6061 10 5595 643 374 642 77 536 708 30 125 823 262 711 426 946 231 859 350 807 445 997 239
7061 10 5595 642 77 946 231 859 350 823 262 30 125 643 374 997 239 807 445 536 708 711 426
8061 10 5595 997 239 946 231 642 77 536 708 823 262 711 426 807 445 30 125 859 350 643 374
9061 10 5595 946 231 30 125 859 350 642 77 643 374 711 426 823 262 536 708 997 239 807 445
10061 10 5595 642 77 711 426 823 262 859 350 643 374 30 125 807 445 536 708 997 239 946 231
1062 10 3996 587 851 980 861 762 257 222 246 420 647 818 177 375 445 163 522 559 266 109 958
2062 10 3996 980 861 818 177 587 851 762 257 559 266 222 246 375 445 109 958 420 647 163 522
3062 10 3996 163 522 818 177 222 246 762 257 109 958 559 266 375 445 420 647 980 861 587 851
4062 10 3996 420 647 163 522 222 246 587 851 375 445 980 861 559 266 818 177 762 257 109 958
5062 10 3996 980 861 587 851 762 257 420 647 109 958 818 177 163 522 559 266 375 445 222 246
6062 10 3996 222 246 163 522 587 851 818 177 762 257 559 266 420 647 980 861 375 445 109 958
7062 10 3996 559 266 222 246 109 958 980 861 163 522 762 257 420 647 587 851 818 177 375 445
8062 10 3996 420 647 222 246 587 851 559 266 163 522 762 257 375 445 980 861 109 958 818 177
9062 10 3996 163 522 818 177 980 861 559 266 587 851 222 246 375 445 420 647 109 958 762 257
10062 10 3996 818 177 980 861 222 246 559 266 375 445 420 647 762 257 587 851 163 522 109 958
1063 10 4675 955 458 617 184 902 682 382 183 275 891 659 650 356 389 631 772 675 924 392 694
2063 10 4675 659 650 955 458 675 924 275 891 631 772 382 183 902 682 392 694 356 389 617 184
3063 10 4675 955 458 902 682 617 184 659 650 356 389 675 924 382 183 275 891 631 772 392 694
4063 10 4675 356 389 902 682 955 458 617 184 675 924 275 891 392 694 659 650 382 183 631 772
5063 10 4675 392 694 382 183 675 924 631 772 659 650 617 184 356 389 955 458 275 891 902 682
6063 10 4675 382 183 275 891 675 924 356 389 617 184 902 682 631 772 955 458 392 694 659 650
7063 10 4675 275 891 955 458 392 694 902 682 631 772 617 184 382 183 675 924 659 650 356 389
8063 10 4675 617 184 631 772 382 183 955 458 356 389 392 694 275 891 659 650 902 682 675 924
9063 10 4675 955 458 617 184 902 682 675 924 275 891 631 772 356 389 382 183 392 694 659 650
10063 10 4675 675 924 275 891 955 458 392 694 659 650 382 183 631 772 902 682 356 389 617 184
1064 10 3596 591 101 312 502 475 545 337 289 122 154 591 12 435 155 547 157 780 471 306 810
2064 10 3596 337 289 591 101 306 810 435 155 780 471 547 157 591 12 312 502 475 545 122 154
3064 10 3596 337 289 591 101 780 471 122 154 475 545 591 12 312 502 435 155 547 157 306 810
4064 10 3596 337 289 306 810 475 545 780 471 591 101 547 157 591 12 312 502 122 154 435 155
5064 10 3596 547 157 312 502 337 289 591 101 435 155 591 12 780 471 122 154 306 810 475 545
6064 10 3596 306 810 337 289 591 101 435 155 547 157 591 12 780 471 312 502 122 154 475 545
7064 10 3596 435 155 591 12 306 810 591 101 312 502 337 289 475 545 122 154 547 157 780 471
8064 10 3596 312 502 435 155 337 289 475 545 780 471 306 810 591 101 591 12 547 157 122 154
9064 10 3596 337 289 306 810 475 545 312 502 591 12 780 471 591 101 435 155 547 157 122 154
10064 10 3596 591 12 337 289 435 155 312 502 306 810 122 154 780 471 547 157 475 545 591 101
1065 10 4105 902 359 423 34 943 641 676 916 123 409 147 883 661 275 433 783 729 817 95 592
2065 10 4105 433 783 729 817 676 916 902 359 95 592 423 34 123 409 661 275 147 883 943 641
3065 10 4105 95 592 423 34 676 916 147 883 433 783 902 359 661 275 729 817 123 409 943 641
4065 10 4105 729 817 423 34 943 641 147 883 661 275 902 359 433 783 123 409 676 916 95 592
5065 10 4105 943 641 902 359 95 592 123 409 729 817 423 34 676 916 661 275 433 783 147 883
6065 10 4105 676 916 433 783 661 275 147 883 95 592 423 34 902 359 123 409 943 641 729 817
7065 10 4105 423 34 661 275 943 641 123 409 433 783 95 592 902 359 147 883 676 916 729 817
8065 10 4105 123 409 943 641 661 275 147 883 676 916 729 817 433 783 95 592 423 34 902 359
9065 10 4105 147 883 95 592 943 641 902 359 123 409 433 783 661 275 676 916 423 34 729 817
10065 10 4105 661 275 123 409 433 783 729 817 423 34 902 359 147 883 676 916 95 592 943 641
1066 10 5281 648 449 796 459 677 934 747 685 802 973 824 594 918 164 100 757 914 9 176 858
2066 10 5281 914 9 176 858 802 973 648 449 100 757 824 594 747 685 677 934 796 459 918 164
3066 10 5281 824 594 796 459 747 685 648 449 914 9 802 973 100 757 918 164 176 858 677 934
4066 10 5281 802 973 796 459 747 685 918 164 677 934 100 757 648 449 176 858 914 9 824 594
5066 10 5281 796 459 100 757 824 594 747 685 176 858 648 449 802 973 914 9 677 934 918 164
6066 10 5281 802 973 747 685 648 449 100 757 796 459 918 164 176 858 677 934 914 9 824 594
7066 10 5281 100 757 747 685 677 934 824 594 918 164 796 459 914 9 648 449 802 973 176 858
8066 10 5281 918 164 176 858 914 9 747 685 796 459 648 449 824 594 802 973 677 934 100 757
9066 10 5281 796 459 677 934 747 685 176 858 918 164 824 594 100 757 802 973 914 9 648 449
10066 10 5281 176 858 824 594 100 757 648 449 914 9 802 973 918 164 796 459 747 685 677 934
1067 10 5093 480 330 374 401 759 783 498 98 971 295 836 83 502 101 721 709 801 131 425 336
2067 10 5093 498 98 721 709 971 295 759 783 374 401 502 101 425 336 836 83 480 330 801 131
3067 10 5093 498 98 721 709 425 336 759 783 836 83 480 330 801 131 374 401 971 295 502 101
4067 10 5093 801 131 759 783 502 101 498 98 721 709 374 401 836 83 425 336 480 330 971 295
5067 10 5093 498 98 425 336 801 131 721 709 502 101 480 330 374 401 836 83 971 295 759 783
6067 10 5093 502 101 425 336 721 709 801 131 836 83 759 783 971 295 374 401 498 98 480 330
7067 10 5093 374 401 759 783 721 709 498 98 502 101 425 336 480 330 801 131 971 295 836 83
8067 10 5093 759 783 502 101 721 709 374 401 971 295 425 336 480 330 836 83 801 131 498 98
9067 10 5093 502 101 498 98 374 401 836 83 971 295 480 330 721 709 801 131 425 336 759 783
10067 10 5093 759 783 801 131 721 709 971 295 836 83 480 330 502 101 374 401 425 336 498 98
1068 10 3753 261 960 484 271 620 798 476 907 808 150 133 874 483 624 165 99 997 949 265 636
2068 10 3753 265 636 476 907 808 150 484 271 620 798 997 949 165 99 483 624 261 960 133 874
3068 10 3753 484 271 165 99 808 150 620 798 261 960 483 624 476 907 133 874 265 636 997 949
4068 10 3753 484 271 620 798 808 150 133 874 483 624 265 636 476 907 997 949 261 960 165 99
5068 10 3753 808 150 997 949 165 99 261 960 484 271 133 874 620 798 265 636 483 624 476 907
6068 10 3753 484 271 808 150 476 907 483 624 997 949 133 874 261 960 620 798 265 636 165 99
7068 10 3753 133 874 261 960 484 271 483 624 620 798 265 636 476 907 808 150 997 949 165 99
8068 10 3753 476 907 165 99 620 798 808 150 265 636 483 624 261 960 997 949 484 271 133 874
9068 10 3753 476 907 484 271 483 624 808 150 620 798 133 874 265 636 997 949 261 960 165 99
10068 10 3753 808 150 261 960 483 624 484 271 476 907 133 874 265 636 997 949 165 99 620 798
1069 10 4289 58 826 83 899 815 267 934 106 891 666 718 487 876 850 521 5 114 661 352 411
2069 10 4289 352 411 934 106 83 899 114 661 815 267 876 850 891 666 521 5 718 487 58 826
3069 10 4289 718 487 58 826 352 411 521 5 83 899 876 850 934 106 114 661 815 267 891 666
4069 10 4289 83 899 718 487 876 850 891 666 521 5 934 106 114 661 58 826 815 267 352 411
5069 10 4289 876 850 58 826 934 106 114 661 521 5 891 666 815 267 718 487 83 899 352 411
6069 10 4289 521 5 114 661 352 411 718 487 876 850 83 899 891 666 815 267 934 106 58 826
7069 10 4289 521 5 891 666 934 106 718 487 815 267 876 850 83 899 114 661 58 826 352 411
8069 10 4289 521 5 114 661 352 411 934 106 876 850 891 666 718 487 58 826 83 899 815 267
9069 10 4289 891 666 352 411 83 899 934 106 718 487 815 267 114 661 521 5 58 826 876 850
10069 10 4289 718 487 352 411 83 899 58 826 876 850 815 267 891 666 934 106 114 661 521 5
1070 10 5018 409 199 834 886 234 742 743 969 953 424 979 50 300 719 961 703 348 422 512 136
2070 10 5018 743 969 300 719 979 50 961 703 234 742 953 424 834 886 348 422 409 199 512 136
3070 10 5018 834 886 409 199 961 703 979 50 743 969 348 422 512 136 234 742 300 719 953 424
4070 10 5018 348 422 834 886 300 719 409 199 979 50 234 742 961 703 743 969 512 136 953 424
5070 10 5018 300 719 834 886 743 969 348 422 979 50 961 703 512 136 409 199 953 424 234 742
6070 10 5018 979 50 743 969 512 136 409 199 234 742 834 886 961 703 300 719 953 424 348 422
7070 10 5018 234 742 300 719 961 703 409 199 512 136 834 886 979 50 348 422 953 424 743 969
8070 10 5018 300 719 961 703 834 886 979 50 512 136 953 424 234 742 743 969 348 422 409 199
9070 10 5018 979 50 348 422 409 199 743 969 953 424 961 703 834 886 300 719 512 136 234 742
10070 10 5018 834 886 234 742 979 50 409 199 961 703 512 136 348 422 300 719 743 969 953 424
1071 10 4727 366 536 670 146 485 596 74 453 943 648 941 671 289 508 856 451 906 637 379 950
2071 10 4727 943 648 289 508 74 453 366 536 906 637 670 146 941 671 485 596 379 950 856 451
3071 10 4727 485 596 670 146 906 637 74 453 941 671 856 451 366 536 379 950 943 648 289 508
4071 10 4727 74 453 943 648 366 536 941 671 485 596 670 146 906 637 379 950 856 451 289 508
5071 10 4727 379 950 856 451 906 637 485 596 289 508 670 146 943 648 74 453 366 536 941 671
6071 10 4727 906 637 670 146 856 451 941 671 289 508 485 596 366 536 943 648 379 950 74 453
7071 10 4727 485 596 366 536 289 508 906 637 856 451 941 671 379 950 943 648 670 146 74 453
8071 10 4727 379 950 366 536 670 146 856 451 289 508 943 648 906 637 485 596 74 453 941 671
9071 10 4727 670 146 485 596 906 637 379 950 941 671 943 648 366 536 74 453 289 508 856 451
10071 10 4727 74 453 670 146 906 637 289 508 485 596 941 671 856 451 379 950 943 648 366 536
1072 10 4553 763 814 502 6 962 186 241 31 275 70 210 547 711 597 405 131 658 242 965 642
2072 10 4553 502 6 711 597 962 186 965 642 210 547 275 70 658 242 763 814 405 131 241 31
3072 10 4553 658 242 962 186 502 6 210 547 711 597 275 70 405 131 763 814 965 642 241 31
4072 10 4553 241 31 658 242 763 814 965 642 405 131 962 186 502 6 275 70 711 597 210 547
5072 10 4553 658 242 241 31 405 131 502 6 965 642 711 597 763 814 275 70 210 547 962 186
6072 10 4553 210 547 962 186 275 70 502 6 241 31 711 597 763 814 965 642 658 242 405 131
7072 10 4553 962 186 405 131 711 597 763 814 241 31 502 6 275 70 210 547 658 242 965 642
8072 10 4553 502 6 711 597 241 31 763 814 275 70 962 186 210 547 405 131 658 242 965 642
9072 10 4553 965 642 763 814 962 186 711 597 241 31 658 242 502 6 210 547 275 70 405 131
10072 10 4553 658 242 405 131 962 186 275 70 763 814 502 6 210 547 965 642 711 597 241 31
1073 10 4751 234 786 935 134 213 453 788 134 810 209 178 403 941 903 876 933 754 857 210 813
2073 10 4751 941 903 754 857 810 209 210 813 178 403 876 933 234 786 788 134 213 453 935 134
3073 10 4751 178 403 876 933 234 786 935 134 810 209 210 813 788 134 754 857 213 453 941 903
4073 10 4751 210 813 234 786 876 933 213 453 178 403 935 134 941 903 788 134 754 857 810 209
5073 10 4751 210 813 810 209 234 786 178 403 876 933 935 134 213 453 754 857 941 903 788 134
6073 10 4751 810 209 178 403 213 453 876 933 788 134 210 813 941 903 234 786 754 857 935 134
7073 10 4751 234 786 210 813 810 209 941 903 935 134 178 403 213 453 876 933 754 857 788 134
8073 10 4751 810 209 788 134 935 134 213 453 234 786 754 857 210 813 178 403 941 903 876 933
9073 10 4751 788 134 178 403 234 786 810 209 754 857 941 903 213 453 935 134 210 813 876 933
10073 10 4751 210 813 234 786 810 209 213 453 876 933 754 857 788 134 935 134 178 403 941 903
1074 10 4445 606 759 620 698 487 39 693 930 799 537 674 808 287 947 394 67 648 996 349 904
2074 10 4445 799 537 674 808 620 698 648 996 349 904 693 930 287 947 606 759 394 67 487 39
3074 10 4445 648 996 620 698 349 904 799 537 287 947 487 39 394 67 693 930 606 759 674 808
4074 10 4445 487 39 394 67 648 996 287 947 799 537 693 930 349 904 674 808 620 698 606 759
5074 10 4445 693 930 487 39 799 537 674 808 606 759 648 996 287 947 349 904 394 67 620 698
6074 10 4445 394 67 799 537 648 996 349 904 287 947 620 698 693 930 487 39 674 808 606 759
7074 10 4445 620 698 799 537 674 808 648 996 287 947 693 930 606 759 394 67 487 39 349 904
8074 10 4445 394 67 648 996 487 39 799 537 287 947 620 698 349 904 606 759 693 930 674 808
9074 10 4445 620 698 693 930 799 537 674 808 394 67 487 39 606 759 287 947 349 904 648 996
10074 10 4445 648 996 394 67 674 808 349 904 487 39 693 930 620 698 606 759 287 947 799 537
1075 10 5749 520 432 629 360 837 80 785 810 906 512 545 247 809 592 954 23 637 409 565 124
2075 10 5749 545 247 809 592 785 810 629 360 520 432 906 512 565 124 637 409 837 80 954 23
3075 10 5749 954 23 545 247 837 80 906 512 637 409 629 360 565 124 785 810 520 432 809 592
4075 10 5749 837 80 545 247 906 512 785 810 520 432 637 409 954 23 629 360 809 592 565 124
5075 10 5749 545 247 954 23 629 360 837 80 520 432 637 409 906 512 565 124 809 592 785 810
6075 10 5749 809 592 545 247 629 360 906 512 520 432 565 124 954 23 785 810 837 80 637 409
7075 10 5749 906 512 785 810 637 409 837 80 520 432 565 124 954 23 809 592 545 247 629 360
8075 10 5749 785 810 520 432 545 247 906 512 837 80 565 124 629 360 954 23 809 592 637 409
9075 10 5749 629 360 906 512 637 409 809 592 785 810 565 124 837 80 954 23 520 432 545 247
10075 10 5749 520 432 906 512 565 124 785 810 837 80 629 360 637 409 954 23 545 247 809 592
1076 10 4641 696 760 383 442 550 710 969 279 663 101 524 299 164 932 892 118 226 147 735 781
2076 10 4641 550 710 383 442 892 118 696 760 735 781 524 299 164 932 969 279 663 101 226 147
3076 10 4641 550 710 226 147 383 442 969 279 735 781 696 760 524 299 663 101 892 118 164 932
4076 10 4641 524 299 226 147 550 710 663 101 892 118 383 442 696 760 735 781 164 932 969 279
5076 10 4641 524 299 164 932 735 781 696 760 226 147 663 101 969 279 892 118 383 442 550 710
6076 10 4641 383 442 663 101 735 781 892 118 550 710 696 760 164 932 226 147 969 279 524 299
7076 10 4641 164 932 892 118 383 442 550 710 735 781 226 147 969 279 696 760 524 299 663 101
8076 10 4641 735 781 892 118 383 442 969 279 550 710 663 101 524 299 696 760 164 932 226 147
9076 10 4641 550 710 383 442 663 101 524 299 164 932 735 781 969 279 696 760 226 147 892 118
10076 10 4641 892 118 550 710 735 781 383 442 696 760 226 147 164 932 663 101 969 279 524 299
1077 10 4180 400 700 458 653 559 311 726 399 647 884 260 563 881 98 430 197 477 780 387 310
2077 10 4180 559 311 387 310 430 197 726 399 458 653 400 700 477 780 260 563 881 98 647 884
3077 10 4180 647 884 400 700 260 563 559 311 458 653 726 399 430 197 881 98 387 310 477 780
4077 10 4180 430 197 260 563 387 310 477 780 458 653 559 311 726 399 400 700 647 884 881 98
5077 10 4180 647 884 260 563 559 311 477 780 458 653 430 197 726 399 881 98 400 700 387 310
6077 10 4180 647 884 430 197 400 700 559 311 477 780 387 310 881 98 726 399 260 563 458 653
7077 10 4180 559 311 400 700 387 310 260 563 726 399 881 98 430 197 458 653 477 780 647 884
8077 10 4180 881 98 387 310 559 311 726 399 260 563 430 197 647 884 477 780 400 700 458 653
9077 10 4180 726 399 881 98 260 563 458 653 430 197 400 700 387 310 647 884 559 311 477 780
10077 10 4180 260 563 458 653 647 884 400 700 430 197 477 780 881 98 726 399 387 310 559 311
1078 10 3701 24 648 284 401 324 160 459 824 730 342 461 790 960 80 95 951 866 723 424 271
2078 10 3701 459 824 730 342 24 648 95 951 284 401 424 271 461 790 866 723 324 160 960 80
3078 10 3701 461 790 866 723 424 271 24 648 324 160 284 401 459 824 730 342 960 80 95 951
4078 10 3701 461 790 324 160 730 342 424 271 95 951 24 648 866 723 960 80 284 401 459 824
5078 10 3701 24 648 960 80 424 271 461 790 284 401 866 723 730 342 459 824 324 160 95 951
6078 10 3701 424 271 866 723 324 160 730 342 95 951 960 80 284 401 24 648 459 824 461 790
7078 10 3701 459 824 284 401 866 723 24 648 324 160 461 790 95 951 960 80 424 271 730 342
8078 10 3701 461 790 284 401 459 824 95 951 324 160 866 723 730 342 960 80 24 648 424 271
9078 10 3701 866 723 24 648 324 160 424 271 459 824 730 342 95 951 461 790 960 80 284 401
10078 10 3701 24 648 866 723 324 160 461 790 459 824 960 80 424 271 284 401 730 342 95 951
1079 10 3856 685 635 694 3 656 486 681 747 383 956 231 663 788 69 286 319 172 425 245 958
2079 10 3856 681 747 383 956 231 663 286 319 656 486 685 635 172 425 245 958 788 69 694 3
3079 10 3856 286 319 788 69 681 747 694 3 685 635 656 486 383 956 231 663 172 425 245 958
4079 10 3856 788 69 286 319 172 425 685 635 681 747 383 956 231 663 656 486 245 958 694 3
5079 10 3856 694 3 231 663 245 958 172 425 656 486 383 956 681 747 685 635 286 319 788 69
6079 10 3856 245 958 286 319 383 956 656 486 788 69 231 663 681 747 685 635 694 3 172 425
7079 10 3856 172 425 788 69 681 747 286 319 383 956 231 663 245 958 685 635 694 3 656 486
8079 10 3856 685 635 172 425 286 319 788 69 383 956 656 486 694 3 245 958 681 747 231 663
9079 10 3856 231 663 685 635 172 425 245 958 656 486 286 319 383 956 681 747 694 3 788 69
10079 10 3856 286 319 383 956 681 747 685 635 694 3 231 663 656 486 245 958 172 425 788 69
1080 10 6048 610 979 469 129 728 368 839 905 991 285 773 800 911 144 505 615 760 786 974 41
2080 10 6048 974 41 728 368 760 786 991 285 773 800 911 144 505 615 610 979 839 905 469 129
3080 10 6048 974 41 728 368 911 144 991 285 610 979 505 615 773 800 760 786 469 129 839 905
4080 10 6048 911 144 773 800 728 368 610 979 505 615 991 285 469 129 760 786 974 41 839 905
5080 10 6048 728 368 911 144 469 129 505 615 610 979 991 285 773 800 839 905 760 786 974 41
6080 10 6048 991 285 469 129 974 41 505 615 911 144 839 905 610 979 728 368 760 786 773 800
7080 10 6048 610 979 991 285 728 368 505 615 911 144 773 800 469 129 974 41 760 786 839 905
8080 10 6048 610 979 760 786 505 615 991 285 839 905 974 41 773 800 911 144 728 368 469 129
9080 10 6048 911 144 469 129 773 800 610 979 991 285 728 368 760 786 974 41 505 615 839 905
10080 10 6048 760 786 911 144 610 979 728 368 991 285 773 800 469 129 505 615 974 41 839 905
1081 10 3819 459 113 789 224 636 142 777 494 180 985 669 956 81 263 274 658 113 792 796 730
2081 10 3819 777 494 796 730 459 113 669 956 81 263 789 224 274 658 636 142 113 792 180 985
3081 10 3819 789 224 777 494 113 792 636 142 459 113 274 658 81 263 180 985 669 956 796 730
4081 10 3819 113 792 669 956 180 985 459 113 796 730 274 658 636 142 777 494 789 224 81 263
5081 10 3819 113 792 636 142 81 263 180 985 274 658 796 730 459 113 669 956 789 224 777 494
6081 10 3819 81 263 789 224 669 956 274 658 180 985 796 730 777 494 459 113 113 792 636 142
7081 10 3819 789 224 274 658 669 956 459 113 796 730 777 494 113 792 180 985 636 142 81 263
8081 10 3819 81 263 789 224 796 730 777 494 113 792 180 985 669 956 636 142 459 113 274 658
9081 10 3819 636 142 459 113 81 263 789 224 777 494 113 792 796 730 180 985 669 956 274 658
10081 10 3819 274 658 459 113 789 224 113 792 796 730 777 494 81 263 636 142 669 956 180 985
1082 10 4514 698 678 578 1000 964 308 485 593 865 578 48 288 797 928 37 784 349 125 822 156
2082 10 4514 964 308 698 678 797 928 578 1000 822 156 37 784 865 578 349 125 48 288 485 593
3082 10 4514 349 125 48 288 485 593 578 1000 698 678 37 784 822 156 797 928 865 578 964 308
4082 10 4514 349 125 485 593 48 288 37 784 822 156 698 678 797 928 578 1000 964 308 865 578
5082 10 4514 698 678 964 308 349 125 485 593 797 928 822 156 48 288 578 1000 37 784 865 578
6082 10 4514 37 784 48 288 865 578 797 928 822 156 578 1000 349 125 964 308 698 678 485 593
7082 10 4514 37 784 48 288 865 578 578 1000 698 678 964 308 822 156 797 928 485 593 349 125
8082 10 4514 822 156 964 308 578 1000 865 578 698 678 37 784 797 928 485 593 349 125 48 288
9082 10 4514 865 578 349 125 578 1000 964 308 698 678 37 784 485 593 822 156 797 928 48 288
10082 10 4514 37 784 48 288 698 678 485 593 349 125 797 928 578 1000 822 156 865 578 964 308
1083 10 5276 550 205 503 650 694 915 778 754 996 975 571 164 270 33 690 550 765 384 779 217
2083 10 5276 503 650 694 915 690 550 270 33 550 205 765 384 779 217 571 164 778 754 996 975
3083 10 5276 778 754 550 205 270 33 571 164 765 384 996 975 503 650 779 217 694 915 690 550
4083 10 5276 571 164 550 205 765 384 694 915 779 217 690 550 778 754 270 33 503 650 996 975
5083 10 5276 270 33 690 550 694 915 765 384 550 205 503 650 778 754 571 164 996 975 779 217
6083 10 5276 690 550 765 384 550 205 779 217 571 164 694 915 270 33 778 754 503 650 996 975
7083 10 5276 571 164 765 384 690 550 778 754 694 915 270 33 779 217 996 975 550 205 503 650
8083 10 5276 270 33 503 650 778 754 996 975 571 164 690 550 550 205 765 384 779 217 694 915
9083 10 5276 694 915 690 550 778 754 779 217 571 164 550 205 270 33 996 975 503 650 765 384
10083 10 5276 270 33 550 205 503 650 690 550 765 384 694 915 779 217 778 754 571 164 996 975
1084 10 5567 916 729 765 80 954 319 728 448 838 10 760 622 567 514 193 660 336 779 902 974
2084 10 5567 567 514 336 779 916 729 954 319 765 80 728 448 838 10 760 622 902 974 193 660
3084 10 5567 336 779 916 729 728 448 838 10 954 319 567 514 760 622 902 974 765 80 193 660
4084 10 5567 954 319 336 779 838 10 902 974 916 729 760 622 567 514 728 448 765 80 193 660
5084 10 5567 838 10 728 448 765 80 193 660 336 779 567 514 954 319 760 622 916 729 902 974
6084 10 5567 916 729 954 319 728 448 902 974 336 779 838 10 567 514 760 622 193 660 765 80
7084 10 5567 838 10 567 514 765 80 728 448 193 660 916 729 760 622 336 779 954 319 902 974
8084 10 5567 954 319 728 448 902 974 760 622 193 660 916 729 567 514 336 779 838 10 765 80
9084 10 5567 902 974 765 80 760 622 567 514 728 448 193 660 336 779 916 729 838 10 954 319
10084 10 5567 902 974 760 622 765 80 728 448 916 729 567 514 193 660 838 10 336 779 954 319
1085 10 6748 680 465 808 966 912 146 802 203 820 726 798 713 873 815 840 329 984 929 919 635
2085 10 6748 984 929 919 635 820 726 680 465 873 815 798 713 840 329 808 966 912 146 802 203
3085 10 6748 984 929 919 635 802 203 680 465 873 815 840 329 912 146 808 966 798 713 820 726
4085 10 6748 984 929 840 329 802 203 798 713 873 815 808 966 912 146 820 726 680 465 919 635
5085 10 6748 808 966 680 465 919 635 912 146 798 713 840 329 873 815 984 929 802 203 820 726
6085 10 6748 680 465 802 203 798 713 820 726 919 635 912 146 840 329 873 815 808 966 984 929
7085 10 6748 873 815 820 726 984 929 802 203 808 966 840 329 680 465 798 713 912 146 919 635
8085 10 6748 873 815 680 465 798 713 840 329 919 635 984 929 802 203 820 726 912 146 808 966
9085 10 6748 919 635 820 726 984 929 808 966 912 146 802 203 840 329 680 465 798 713 873 815
10085 10 6748 984 929 802 203 798 713 808 966 820 726 873 815 919 635 912 146 840 329 680 465
1086 10 4884 325 982 505 510 635 455 861 498 75 893 638 537 676 857 597 658 920 937 873 106
2086 10 4884 861 498 75 893 676 857 505 510 920 937 638 537 325 982 597 658 635 455 873 106
3086 10 4884 638 537 635 455 597 658 873 106 75 893 325 982 676 857 505 510 920 937 861 498
4086 10 4884 325 982 638 537 676 857 920 937 75 893 861 498 597 658 505 510 873 106 635 455
5086 10 4884 75 893 635 455 676 857 505 510 873 106 325 982 920 937 861 498 597 658 638 537
6086 10 4884 873 106 676 857 597 658 638 537 325 982 505 510 920 937 861 498 635 455 75 893
7086 10 4884 920 937 638 537 75 893 873 106 861 498 505 510 597 658 325 982 676 857 635 455
8086 10 4884 638 537 920 937 873 106 635 455 597 658 676 857 505 510 75 893 861 498 325 982
9086 10 4884 676 857 638 537 597 658 505 510 635 455 325 982 861 498 75 893 920 937 873 106
10086 10 4884 861 498 505 510 920 937 638 537 676 857 597 658 635 455 325 982 75 893 873 106
1087 10 4684 377 817 804 736 866 867 767 677 48 831 944 291 535 763 804 509 556 731 155 766
2087 10 4684 556 731 535 763 804 509 155 766 48 831 377 817 944 291 866 867 804 736 767 677
3087 10 4684 155 766 556 731 535 763 377 817 804 736 866 867 944 291 804 509 48 831 767 677
4087 10 4684 944 291 535 763 866 867 804 509 377 817 767 677 556 731 804 736 48 831 155 766
5087 10 4684 767 677 377 817 944 291 155 766 804 509 556 731 866 867 48 831 535 763 804 736
6087 10 4684 804 736 804 509 155 766 535 763 866 867 944 291 767 677 556 731 377 817 48 831
7087 10 4684 944 291 155 766 767 677 377 817 556 731 535 763 48 831 804 736 866 867 804 509
8087 10 4684 48 831 767 677 535 763 944 291 804 736 377 817 155 766 556 731 866 867 804 509
9087 10 4684 377 817 866 867 155 766 804 736 535 763 767 677 944 291 804 509 556 731 48 831
10087 10 4684 155 766 377 817 804 736 804 509 767 677 48 831 944 291 866 867 556 731 535 763
1088 10 4416 951 47 168 827 414 375 370 720 544 752 899 199 852 256 278 421 420 738 624 201
2088 10 4416 899 199 278 421 370 720 420 738 414 375 168 827 852 256 544 752 951 47 624 201
3088 10 4416 414 375 278 421 624 201 852 256 544 752 951 47 899 199 420 738 168 827 370 720
4088 10 4416 168 827 951 47 420 738 278 421 899 199 544 752 624 201 370 720 852 256 414 375
5088 10 4416 899 199 852 256 951 47 544 752 420 738 168 827 370 720 624 201 414 375 278 421
6088 10 4416 370 720 624 201 544 752 420 738 899 199 414 375 168 827 852 256 278 421 951 47
7088 10 4416 951 47 899 199 420 738 168 827 544 752 278 421 370 720 852 256 624 201 414 375
8088 10 4416 852 256 624 201 278 421 951 47 370 720 544 752 414 375 420 738 168 827 899 199
9088 10 4416 951 47 899 199 414 375 852 256 420 738 168 827 370 720 544 752 624 201 278 421
10088 10 4416 951 47 420 738 370 720 624 201 278 421 168 827 899 199 852 256 544 752 414 375
1089 10 4709 211 605 913 112 603 148 618 435 847 379 906 948 53 960 240 160 667 948 829 506
2089 10 4709 211 605 240 160 603 148 618 435 829 506 667 948 906 948 847 379 53 960 913 112
3089 10 4709 603 148 847 379 618 435 913 112 667 948 906 948 53 960 829 506 211 605 240 160
4089 10 4709 667 948 618 435 603 148 913 112 906 948 847 379 829 506 211 605 53 960 240 160
5089 10 4709 667 948 913 112 240 160 618 435 829 506 53 960 906 948 211 605 603 148 847 379
6089 10 4709 53 960 829 506 847 379 913 112 906 948 618 435 211 605 667 948 240 160 603 148
7089 10 4709 906 948 211 605 847 379 913 112 618 435 667 948 53 960 829 506 603 148 240 160
8089 10 4709 829 506 667 948 847 379 240 160 53 960 913 112 618 435 211 605 603 148 906 948
9089 10 4709 906 948 829 506 618 435 603 148 667 948 53 960 211 605 847 379 913 112 240 160
10089 10 4709 53 960 211 605 667 948 847 379 240 160 913 112 829 506 906 948 618 435 603 148
1090 10 5647 600 107 59 632 901 330 799 788 895 534 750 431 462 899 814 713 842 566 937 365
2090 10 5647 814 713 901 330 750 431 462 899 937 365 59 632 799 788 600 107 842 566 895 534
3090 10 5647 750 431 937 365 59 632 814 713 842 566 901 330 600 107 895 534 799 788 462 899
4090 10 5647 937 365 462 899 842 566 59 632 600 107 895 534 901 330 750 431 814 713 799 788
5090 10 5647 842 566 901 330 895 534 600 107 750 431 59 632 937 365 462 899 814 713 799 788
6090 10 5647 799 788 895 534 750 431 842 566 901 330 600 107 59 632 814 713 937 365 462 899
7090 10 5647 901 330 814 713 799 788 937 365 895 534 750 431 462 899 842 566 600 107 59 632
8090 10 5647 799 788 814 713 750 431 600 107 842 566 937 365 901 330 59 632 895 534 462 899
9090 10 5647 750 431 901 330 59 632 937 365 799 788 600 107 842 566 895 534 462 899 814 713
10090 10 5647 750 431 799 788 462 899 901 330 895 534 814 713 937 365 600 107 842 566 59 632
1091 10 5061 883 962 472 748 425 570 410 151 970 442 974 274 848 595 139 942 799 459 407 393
2091 10 5061 974 274 139 942 799 459 425 570 410 151 848 595 472 748 883 962 970 442 407 393
3091 10 5061 472 748 139 942 883 962 425 570 407 393 970 442 848 595 410 151 974 274 799 459
4091 10 5061 407 393 410 151 848 595 974 274 425 570 799 459 139 942 883 962 970 442 472 748
5091 10 5061 407 393 425 570 970 442 799 459 883 962 139 942 974 274 848 595 472 748 410 151
6091 10 5061 848 595 410 151 799 459 472 748 974 274 407 393 425 570 970 442 139 942 883 962
7091 10 5061 425 570 848 595 410 151 883 962 799 459 139 942 974 274 970 442 407 393 472 748
8091 10 5061 974 274 139 942 970 442 799 459 407 393 883 962 425 570 410 151 848 595 472 748
9091 10 5061 407 393 883 962 974 274 139 942 799 459 425 570 970 442 472 748 410 151 848 595
10091 10 5061 848 595 407 393 139 942 970 442 974 274 472 748 799 459 883 962 410 151 425 570
1092 10 6036 978 116 65 662 930 4 667 810 714 731 749 801 962 235 632 189 939 324 909 273
2092 10 6036 667 810 749 801 714 731 978 116 632 189 909 273 930 4 939 324 962 235 65 662
3092 10 6036 632 189 714 731 667 810 978 116 962 235 909 273 939 324 65 662 749 801 930 4
4092 10 6036 939 324 667 810 909 273 962 235 632 189 930 4 65 662 714 731 978 116 749 801
5092 10 6036 632 189 65 662 714 731 939 324 978 116 749 801 962 235 667 810 909 273 930 4
6092 10 6036 978 116 962 235 714 731 632 189 65 662 667 810 749 801 909 273 930 4 939 324
7092 10 6036 909 273 939 324 632 189 962 235 749 801 667 810 978 116 65 662 930 4 714 731
8092 10 6036 714 731 930 4 909 273 632 189 65 662 978 116 749 801 962 235 939 324 667 810
9092 10 6036 909 273 978 116 962 235 939 324 749 801 667 810 930 4 65 662 714 731 632 189
10092 10 6036 667 810 714 731 909 273 939 324 632 189 930 4 65 662 978 116 749 801 962 235
1093 10 4533 47 870 798 533 372 455 161 184 517 237 899 611 900 799 236 953 934 328 803 882
2093 10 4533 236 953 47 870 798 533 517 237 934 328 803 882 161 184 899 611 900 799 372 455
3093 10 4533 803 882 47 870 517 237 236 953 798 533 372 455 161 184 899 611 934 328 900 799
4093 10 4533 517 237 161 184 934 328 900 799 899 611 803 882 372 455 798 533 47 870 236 953
5093 10 4533 899 611 798 533 517 237 161 184 900 799 934 328 372 455 47 870 236 953 803 882
6093 10 4533 161 184 934 328 517 237 236 953 798 533 899 611 372 455 900 799 803 882 47 870
7093 10 4533 47 870 934 328 372 455 803 882 900 799 517 237 798 533 161 184 899 611 236 953
8093 10 4533 236 953 517 237 900 799 934 328 798 533 47 870 161 184 372 455 899 611 803 882
9093 10 4533 899 611 900 799 236 953 934 328 517 237 161 184 372 455 798 533 47 870 803 882
10093 10 4533 372 455 161 184 236 953 47 870 803 882 798 533 517 237 900 799 899 611 934 328
1094 10 4500 689 52 264 286 838 229 706 488 511 635 421 158 914 322 587 747 225 621 471 665
2094 10 4500 511 635 689 52 421 158 471 665 225 621 838 229 264 286 914 322 587 747 706 488
3094 10 4500 706 488 225 621 421 158 689 52 587 747 264 286 511 635 471 665 838 229 914 322
4094 10 4500 421 158 914 322 471 665 225 621 838 229 706 488 689 52 264 286 511 635 587 747
5094 10 4500 706 488 689 52 914 322 838 229 264 286 511 635 471 665 225 621 421 158 587 747
6094 10 4500 914 322 587 747 225 621 264 286 838 229 706 488 511 635 421 158 689 52 471 665
7094 10 4500 838 229 421 158 471 665 511 635 914 322 264 286 225 621 706 488 689 52 587 747
8094 10 4500 225 621 587 747 471 665 511 635 689 52 421 158 914 322 264 286 838 229 706 488
9094 10 4500 587 747 471 665 511 635 706 488 838 229 689 52 421 158 264 286 225 621 914 322
10094 10 4500 706 488 264 286 914 322 511 635 225 621 471 665 689 52 421 158 587 747 838 229
1095 10 4700 933 369 457 997 894 878 531 34 805 401 303 781 263 99 772 757 424 998 493 271
2095 10 4700 424 998 772 757 263 99 531 34 805 401 493 271 894 878 303 781 457 997 933 369
3095 10 4700 772 757 303 781 457 997 805 401 493 271 933 369 531 34 424 998 894 878 263 99
4095 10 4700 772 757 424 998 933 369 303 781 531 34 805 401 493 271 894 878 263 99 457 997
5095 10 4700 933 369 531 34 493 271 424 998 772 757 263 99 303 781 894 878 457 997 805 401
6095 10 4700 894 878 493 271 933 369 805 401 772 757 531 34 457 997 263 99 303 781 424 998
7095 10 4700 303 781 531 34 772 757 933 369 263 99 493 271 457 997 805 401 424 998 894 878
8095 10 4700 933 369 493 271 531 34 263 99 772 757 894 878 457 997 303 781 424 998 805 401
9095 10 4700 457 997 805 401 493 271 933 369 303 781 772 757 263 99 531 34 894 878 424 998
10095 10 4700 457 997 805 401 263 99 424 998 894 878 303 781 493 271 933 369 772 757 531 34
1096 10 4368 747 902 262 518 182 772 700 46 606 172 684 52 559 881 534 919 298 342 889 712
2096 10 4368 559 881 606 172 700 46 747 902 889 712 534 919 182 772 684 52 298 342 262 518
3096 10 4368 684 52 889 712 606 172 182 772 559 881 700 46 747 902 298 342 534 919 262 518
4096 10 4368 534 919 700 46 606 172 559 881 747 902 262 518 182 772 889 712 684 52 298 342
5096 10 4368 684 52 182 772 559 881 298 342 700 46 534 919 606 172 889 712 747 902 262 518
6096 10 4368 606 172 889 712 700 46 182 772 684 52 534 919 559 881 298 342 747 902 262 518
7096 10 4368 747 902 182 772 700 46 606 172 298 342 889 712 262 518 559 881 684 52 534 919
8096 10 4368 559 881 182 772 700 46 534 919 684 52 889 712 298 342 747 902 262 518 606 172
9096 10 4368 684 52 182 772 606 172 747 902 700 46 262 518 889 712 534 919 559 881 298 342
10096 10 4368 298 342 559 881 700 46 606 172 182 772 747 902 684 52 262 518 889 712 534 919
1097 10 5140 255 876 656 359 127 476 973 254 986 544 794 474 446 106 845 861 709 402 635 633
2097 10 5140 127 476 794 474 986 544 845 861 656 359 635 633 973 254 709 402 446 106 255 876
3097 10 5140 446 106 845 861 255 876 794 474 986 544 656 359 127 476 709 402 635 633 973 254
4097 10 5140 635 633 127 476 845 861 986 544 973 254 446 106 656 359 709 402 794 474 255 876
5097 10 5140 127 476 973 254 794 474 845 861 986 544 446 106 656 359 635 633 709 402 255 876
6097 10 5140 986 544 794 474 845 861 973 254 127 476 656 359 709 402 255 876 635 633 446 106
7097 10 5140 794 474 845 861 127 476 656 359 986 544 446 106 973 254 635 633 255 876 709 402
8097 10 5140 656 359 845 861 446 106 709 402 127 476 255 876 635 633 794 474 986 544 973 254
9097 10 5140 255 876 656 359 794 474 973 254 986 544 635 633 446 106 709 402 127 476 845 861
10097 10 5140 709 402 845 861 794 474 986 544 656 359 635 633 127 476 973 254 255 876 446 106
1098 10 5236 550 125 421 811 620 500 949 190 660 167 852 614 379 395 733 291 880 661 502 612
2098 10 5236 379 395 949 190 550 125 660 167 502 612 880 661 620 500 421 811 852 614 733 291
3098 10 5236 502 612 620 500 421 811 550 125 880 661 733 291 660 167 852 614 949 190 379 395
4098 10 5236 660 167 550 125 852 614 502 612 733 291 620 500 949 190 880 661 421 811 379 395
5098 10 5236 733 291 502 612 421 811 852 614 620 500 949 190 880 661 550 125 660 167 379 395
6098 10 5236 379 395 852 614 550 125 949 190 502 612 421 811 880 661 660 167 620 500 733 291
7098 10 5236 379 395 733 291 880 661 502 612 421 811 949 190 550 125 660 167 852 614 620 500
8098 10 5236 852 614 880 661 550 125 949 190 421 811 502 612 620 500 660 167 733 291 379 395
9098 10 5236 550 125 620 500 502 612 880 661 379 395 421 811 660 167 949 190 733 291 852 614
10098 10 5236 949 190 379 395 421 811 733 291 620 500 880 661 550 125 852 614 660 167 502 612
1099 10 5130 181 494 694 1000 979 726 373 456 345 806 781 119 859 164 610 749 644 619 947 267
2099 10 5130 947 267 345 806 610 749 181 494 979 726 781 119 694 1000 859 164 644 619 373 456
3099 10 5130 979 726 345 806 610 749 373 456 781 119 181 494 859 164 694 1000 947 267 644 619
4099 10 5130 181 494 694 1000 859 164 781 119 979 726 947 267 610 749 644 619 373 456 345 806
5099 10 5130 345 806 979 726 694 1000 610 749 373 456 644 619 859 164 181 494 947 267 781 119
6099 10 5130 947 267 859 164 345 806 644 619 610 749 781 119 181 494 979 726 373 456 694 1000
7099 10 5130 345 806 644 619 947 267 979 726 610 749 373 456 859 164 694 1000 781 119 181 494
8099 10 5130 644 619 947 267 859 164 694 1000 610 749 979 726 781 119 373 456 181 494 345 806
9099 10 5130 345 806 644 619 859 164 781 119 373 456 694 1000 610 749 979 726 947 267 181 494
10099 10 5130 345 806 947 267 859 164 610 749 979 726 644 619 694 1000 781 119 181 494 373 456
1100 10 4500 529 873 471 617 486 556 759 826 234 148 965 305 894 834 79 111 374 395 835 938
2100 10 4500 759 826 79 111 894 834 486 556 471 617 234 148 374 395 529 873 835 938 965 305
3100 10 4500 79 111 234 148 759 826 374 395 894 834 965 305 835 938 486 556 471 617 529 873
4100 10 4500 759 826 374 395 486 556 234 148 835 938 79 111 965 305 894 834 471 617 529 873
5100 10 4500 471 617 374 395 894 834 529 873 835 938 965 305 234 148 759 826 79 111 486 556
6100 10 4500 471 617 759 826 234 148 374 395 965 305 529 873 894 834 79 111 835 938 486 556
7100 10 4500 894 834 759 826 374 395 835 938 965 305 79 111 486 556 529 873 471 617 234 148
8100 10 4500 894 834 374 395 529 873 486 556 965 305 759 826 79 111 234 148 471 617 835 938
9100 10 4500 486 556 965 305 835 938 79 111 234 148 471 617 374 395 529 873 894 834 759 826
10100 10 4500 374 395 759 826 79 111 894 834 835 938 529 873 471 617 965 305 486 556 234 148
