1001 10 3319 172 2257 144 6 595 4168 586 599 61 2840 216 1474 109 1292 856 2284 808 187 602 1210
2001 10 3319 595 4168 172 2257 61 2840 856 2284 144 6 808 187 109 1292 586 599 602 1210 216 1474
3001 10 3319 602 1210 808 187 144 6 216 1474 856 2284 595 4168 61 2840 172 2257 586 599 109 1292
4001 10 3319 602 1210 808 187 586 599 61 2840 172 2257 144 6 856 2284 109 1292 595 4168 216 1474
5001 10 3319 172 2257 856 2284 586 599 144 6 109 1292 61 2840 216 1474 808 187 602 1210 595 4168
6001 10 3319 586 599 808 187 172 2257 856 2284 595 4168 144 6 61 2840 216 1474 602 1210 109 1292
7001 10 3319 602 1210 216 1474 856 2284 61 2840 808 187 172 2257 144 6 586 599 109 1292 595 4168
8001 10 3319 144 6 109 1292 61 2840 595 4168 808 187 856 2284 172 2257 586 599 216 1474 602 1210
9001 10 3319 61 2840 172 2257 586 599 808 187 602 1210 144 6 109 1292 856 2284 595 4168 216 1474
10001 10 3319 808 187 61 2840 595 4168 109 1292 216 1474 586 599 602 1210 172 2257 144 6 856 2284
1002 10 4115 514 3297 610 445 470 3652 617 4885 901 4752 566 145 401 2713 89 140 776 2734 200 2427
2002 10 4115 514 3297 901 4752 470 3652 610 445 89 140 776 2734 566 145 200 2427 401 2713 617 4885
3002 10 4115 514 3297 617 4885 776 2734 200 2427 401 2713 610 445 901 4752 566 145 470 3652 89 140
4002 10 4115 200 2427 566 145 470 3652 514 3297 901 4752 776 2734 401 2713 617 4885 89 140 610 445
5002 10 4115 401 2713 89 140 776 2734 610 445 566 145 617 4885 470 3652 200 2427 514 3297 901 4752
6002 10 4115 610 445 901 4752 566 145 776 2734 514 3297 617 4885 200 2427 470 3652 401 2713 89 140
7002 10 4115 617 4885 776 2734 470 3652 401 2713 901 4752 610 445 89 140 514 3297 566 145 200 2427
8002 10 4115 401 2713 200 2427 610 445 566 145 470 3652 901 4752 617 4885 89 140 514 3297 776 2734
9002 10 4115 776 2734 901 4752 470 3652 401 2713 566 145 89 140 200 2427 610 445 617 4885 514 3297
10002 10 4115 514 3297 776 2734 401 2713 566 145 610 445 901 4752 89 140 200 2427 470 3652 617 4885
1003 10 4049 800 3509 548 1750 657 4677 170 2856 852 3352 130 149 189 3006 520 1667 506 1481 690 159
2003 10 4049 506 1481 520 1667 690 159 170 2856 657 4677 800 3509 548 1750 130 149 189 3006 852 3352
3003 10 4049 690 159 657 4677 170 2856 130 149 520 1667 189 3006 506 1481 800 3509 852 3352 548 1750
4003 10 4049 800 3509 852 3352 506 1481 130 149 520 1667 690 159 170 2856 548 1750 189 3006 657 4677
5003 10 4049 548 1750 170 2856 800 3509 852 3352 657 4677 130 149 520 1667 506 1481 690 159 189 3006
6003 10 4049 506 1481 520 1667 800 3509 130 149 189 3006 170 2856 852 3352 690 159 548 1750 657 4677
7003 10 4049 800 3509 548 1750 189 3006 852 3352 520 1667 170 2856 657 4677 506 1481 130 149 690 159
8003 10 4049 690 159 852 3352 506 1481 189 3006 800 3509 657 4677 170 2856 130 149 548 1750 520 1667
9003 10 4049 657 4677 170 2856 548 1750 130 149 690 159 852 3352 800 3509 506 1481 520 1667 189 3006
10003 10 4049 520 1667 189 3006 657 4677 506 1481 170 2856 130 149 852 3352 690 159 800 3509 548 1750
1004 10 3146 354 1466 640 3950 654 3702 59 4161 829 347 342 1487 162 4385 197 3372 166 4681 530 1171
2004 10 3146 640 3950 530 1171 197 3372 829 347 654 3702 162 4385 166 4681 354 1466 59 4161 342 1487
3004 10 3146 654 3702 342 1487 829 347 530 1171 197 3372 354 1466 162 4385 166 4681 59 4161 640 3950
4004 10 3146 829 347 530 1171 354 1466 197 3372 162 4385 640 3950 342 1487 654 3702 59 4161 166 4681
5004 10 3146 354 1466 166 4681 829 347 530 1171 640 3950 59 4161 197 3372 342 1487 162 4385 654 3702
6004 10 3146 354 1466 530 1171 59 4161 342 1487 640 3950 829 347 162 4385 197 3372 166 4681 654 3702
7004 10 3146 166 4681 640 3950 197 3372 162 4385 654 3702 59 4161 530 1171 354 1466 829 347 342 1487
8004 10 3146 166 4681 829 347 197 3372 530 1171 59 4161 162 4385 640 3950 354 1466 654 3702 342 1487
9004 10 3146 640 3950 197 3372 59 4161 166 4681 162 4385 342 1487 354 1466 654 3702 829 347 530 1171
10004 10 3146 640 3950 59 4161 829 347 162 4385 354 1466 530 1171 342 1487 654 3702 197 3372 166 4681
1005 10 4491 549 4715 345 356 629 4768 199 1076 951 2134 592 334 270 3246 535 4161 956 1065 588 4310
2005 10 4491 588 4310 535 4161 592 334 956 1065 345 356 951 2134 629 4768 270 3246 199 1076 549 4715
3005 10 4491 592 334 345 356 956 1065 549 4715 588 4310 535 4161 199 1076 629 4768 270 3246 951 2134
4005 10 4491 345 356 592 334 549 4715 535 4161 588 4310 956 1065 270 3246 951 2134 629 4768 199 1076
5005 10 4491 535 4161 956 1065 592 334 629 4768 270 3246 345 356 199 1076 549 4715 588 4310 951 2134
6005 10 4491 535 4161 629 4768 592 334 199 1076 951 2134 956 1065 588 4310 549 4715 345 356 270 3246
7005 10 4491 588 4310 951 2134 199 1076 270 3246 535 4161 592 334 549 4715 956 1065 629 4768 345 356
8005 10 4491 535 4161 592 334 199 1076 956 1065 588 4310 345 356 549 4715 270 3246 629 4768 951 2134
9005 10 4491 956 1065 270 3246 951 2134 345 356 535 4161 199 1076 592 334 549 4715 629 4768 588 4310
10005 10 4491 956 1065 588 4310 592 334 549 4715 199 1076 270 3246 951 2134 345 356 629 4768 535 4161
1006 10 4360 751 3454 152 689 448 3716 607 3713 708 3502 248 430 307 3537 813 230 962 2385 454 3908
2006 10 4360 448 3716 454 3908 708 3502 248 430 813 230 607 3713 751 3454 307 3537 152 689 962 2385
3006 10 4360 152 689 962 2385 454 3908 607 3713 813 230 448 3716 307 3537 708 3502 248 430 751 3454
4006 10 4360 454 3908 152 689 708 3502 607 3713 751 3454 307 3537 248 430 962 2385 448 3716 813 230
5006 10 4360 751 3454 962 2385 454 3908 307 3537 813 230 708 3502 248 430 152 689 607 3713 448 3716
6006 10 4360 708 3502 751 3454 454 3908 813 230 152 689 607 3713 448 3716 248 430 307 3537 962 2385
7006 10 4360 813 230 751 3454 962 2385 248 430 152 689 307 3537 607 3713 708 3502 454 3908 448 3716
8006 10 4360 454 3908 813 230 307 3537 962 2385 248 430 448 3716 708 3502 751 3454 607 3713 152 689
9006 10 4360 962 2385 751 3454 813 230 248 430 454 3908 607 3713 152 689 708 3502 307 3537 448 3716
10006 10 4360 307 3537 813 230 152 689 751 3454 454 3908 448 3716 962 2385 607 3713 248 430 708 3502
1007 10 3783 332 989 571 1521 905 1577 466 4334 108 1647 137 2355 620 1750 722 2692 175 3840 693 3900
2007 10 3783 620 1750 722 2692 332 989 108 1647 693 3900 137 2355 905 1577 571 1521 466 4334 175 3840
3007 10 3783 722 2692 137 2355 175 3840 905 1577 693 3900 571 1521 108 1647 466 4334 620 1750 332 989
4007 10 3783 571 1521 108 1647 693 3900 175 3840 137 2355 332 989 466 4334 620 1750 722 2692 905 1577
5007 10 3783 108 1647 722 2692 137 2355 571 1521 905 1577 175 3840 332 989 693 3900 620 1750 466 4334
6007 10 3783 722 2692 466 4334 137 2355 620 1750 571 1521 693 3900 175 3840 332 989 905 1577 108 1647
7007 10 3783 175 3840 571 1521 108 1647 905 1577 722 2692 693 3900 620 1750 137 2355 332 989 466 4334
8007 10 3783 332 989 108 1647 466 4334 905 1577 571 1521 175 3840 620 1750 722 2692 137 2355 693 3900
9007 10 3783 571 1521 137 2355 693 3900 905 1577 466 4334 620 1750 175 3840 332 989 108 1647 722 2692
10007 10 3783 466 4334 722 2692 137 2355 108 1647 332 989 620 1750 175 3840 905 1577 693 3900 571 1521
1008 10 3872 322 4906 261 4662 503 1563 818 3699 928 4631 219 500 102 4746 643 1958 666 236 379 3975
2008 10 3872 503 1563 322 4906 666 236 928 4631 379 3975 261 4662 102 4746 643 1958 818 3699 219 500
3008 10 3872 379 3975 818 3699 219 500 503 1563 102 4746 928 4631 643 1958 261 4662 322 4906 666 236
4008 10 3872 219 500 818 3699 322 4906 928 4631 643 1958 666 236 102 4746 379 3975 261 4662 503 1563
5008 10 3872 379 3975 503 1563 643 1958 261 4662 322 4906 666 236 219 500 102 4746 818 3699 928 4631
6008 10 3872 818 3699 379 3975 928 4631 219 500 261 4662 503 1563 102 4746 643 1958 666 236 322 4906
7008 10 3872 503 1563 322 4906 261 4662 643 1958 928 4631 219 500 379 3975 818 3699 102 4746 666 236
8008 10 3872 219 500 322 4906 643 1958 379 3975 666 236 818 3699 928 4631 261 4662 503 1563 102 4746
9008 10 3872 666 236 102 4746 928 4631 219 500 818 3699 261 4662 643 1958 322 4906 379 3975 503 1563
10008 10 3872 643 1958 261 4662 322 4906 666 236 818 3699 379 3975 102 4746 219 500 928 4631 503 1563
1009 10 4299 776 3861 774 3651 966 1036 484 508 638 4717 801 3846 202 2874 228 3085 437 3360 68 4195
2009 10 4299 774 3651 437 3360 202 2874 484 508 68 4195 228 3085 776 3861 638 4717 801 3846 966 1036
3009 10 4299 437 3360 776 3861 484 508 774 3651 202 2874 638 4717 966 1036 228 3085 801 3846 68 4195
4009 10 4299 638 4717 484 508 774 3651 801 3846 966 1036 202 2874 437 3360 776 3861 228 3085 68 4195
5009 10 4299 638 4717 228 3085 202 2874 484 508 776 3861 68 4195 774 3651 801 3846 437 3360 966 1036
6009 10 4299 437 3360 966 1036 484 508 638 4717 202 2874 801 3846 68 4195 774 3651 776 3861 228 3085
7009 10 4299 202 2874 638 4717 68 4195 228 3085 966 1036 801 3846 776 3861 437 3360 484 508 774 3651
8009 10 4299 68 4195 638 4717 484 508 776 3861 774 3651 966 1036 202 2874 437 3360 228 3085 801 3846
9009 10 4299 774 3651 484 508 437 3360 966 1036 801 3846 202 2874 228 3085 638 4717 776 3861 68 4195
10009 10 4299 774 3651 202 2874 437 3360 68 4195 228 3085 801 3846 776 3861 484 508 966 1036 638 4717
1010 10 4974 184 1299 866 3193 382 4434 628 809 412 801 886 3862 409 2764 906 480 791 3979 754 1339
2010 10 4974 791 3979 866 3193 628 809 382 4434 754 1339 412 801 906 480 184 1299 886 3862 409 2764
3010 10 4974 886 3862 409 2764 906 480 866 3193 184 1299 412 801 628 809 791 3979 754 1339 382 4434
4010 10 4974 412 801 886 3862 184 1299 866 3193 754 1339 628 809 409 2764 791 3979 382 4434 906 480
5010 10 4974 906 480 791 3979 866 3193 754 1339 412 801 382 4434 184 1299 628 809 409 2764 886 3862
6010 10 4974 382 4434 791 3979 628 809 184 1299 409 2764 906 480 866 3193 412 801 886 3862 754 1339
7010 10 4974 382 4434 886 3862 409 2764 412 801 754 1339 628 809 906 480 791 3979 184 1299 866 3193
8010 10 4974 866 3193 412 801 382 4434 906 480 409 2764 791 3979 628 809 886 3862 184 1299 754 1339
9010 10 4974 628 809 886 3862 382 4434 412 801 409 2764 184 1299 866 3193 906 480 791 3979 754 1339
10010 10 4974 184 1299 886 3862 409 2764 866 3193 791 3979 412 801 628 809 754 1339 382 4434 906 480
1011 10 5011 586 313 733 3849 769 657 476 938 784 3169 383 4740 904 2787 65 494 872 1994 692 2375
2011 10 5011 769 657 586 313 784 3169 65 494 733 3849 872 1994 692 2375 476 938 383 4740 904 2787
3011 10 5011 872 1994 904 2787 733 3849 586 313 476 938 784 3169 692 2375 383 4740 769 657 65 494
4011 10 5011 769 657 586 313 383 4740 692 2375 65 494 784 3169 904 2787 872 1994 733 3849 476 938
5011 10 5011 476 938 692 2375 872 1994 769 657 733 3849 383 4740 586 313 784 3169 65 494 904 2787
6011 10 5011 784 3169 586 313 733 3849 383 4740 476 938 904 2787 769 657 872 1994 692 2375 65 494
7011 10 5011 383 4740 872 1994 65 494 784 3169 692 2375 904 2787 476 938 769 657 586 313 733 3849
8011 10 5011 476 938 733 3849 769 657 586 313 692 2375 65 494 872 1994 383 4740 904 2787 784 3169
9011 10 5011 733 3849 65 494 692 2375 904 2787 769 657 784 3169 476 938 586 313 383 4740 872 1994
10011 10 5011 65 494 769 657 476 938 904 2787 733 3849 383 4740 586 313 872 1994 784 3169 692 2375
1012 10 3988 877 1619 435 3376 645 2639 919 1159 796 1414 56 3297 44 4448 454 1318 635 3229 125 3185
2012 10 3988 56 3297 796 1414 125 3185 877 1619 919 1159 645 2639 454 1318 635 3229 44 4448 435 3376
3012 10 3988 435 3376 796 1414 645 2639 44 4448 454 1318 919 1159 635 3229 877 1619 56 3297 125 3185
4012 10 3988 125 3185 919 1159 635 3229 796 1414 454 1318 44 4448 56 3297 435 3376 877 1619 645 2639
5012 10 3988 635 3229 645 2639 796 1414 44 4448 56 3297 919 1159 125 3185 435 3376 454 1318 877 1619
6012 10 3988 635 3229 919 1159 435 3376 645 2639 56 3297 877 1619 454 1318 44 4448 125 3185 796 1414
7012 10 3988 796 1414 435 3376 635 3229 125 3185 645 2639 56 3297 919 1159 454 1318 877 1619 44 4448
8012 10 3988 125 3185 645 2639 635 3229 44 4448 877 1619 56 3297 454 1318 435 3376 919 1159 796 1414
9012 10 3988 435 3376 635 3229 645 2639 796 1414 919 1159 44 4448 454 1318 125 3185 877 1619 56 3297
10012 10 3988 56 3297 44 4448 645 2639 454 1318 796 1414 877 1619 435 3376 125 3185 635 3229 919 1159
1013 10 4495 242 1713 642 4264 980 3753 698 4127 809 3285 502 4313 586 1541 575 2881 471 1874 114 2991
2013 10 4495 242 1713 575 2881 114 2991 502 4313 586 1541 980 3753 698 4127 471 1874 642 4264 809 3285
3013 10 4495 575 2881 642 4264 471 1874 809 3285 586 1541 502 4313 698 4127 242 1713 980 3753 114 2991
4013 10 4495 575 2881 980 3753 586 1541 114 2991 642 4264 698 4127 242 1713 502 4313 471 1874 809 3285
5013 10 4495 642 4264 586 1541 242 1713 471 1874 114 2991 980 3753 502 4313 575 2881 809 3285 698 4127
6013 10 4495 642 4264 698 4127 242 1713 980 3753 502 4313 575 2881 471 1874 809 3285 114 2991 586 1541
7013 10 4495 809 3285 114 2991 980 3753 642 4264 586 1541 575 2881 471 1874 502 4313 698 4127 242 1713
8013 10 4495 502 4313 980 3753 242 1713 471 1874 586 1541 114 2991 698 4127 575 2881 642 4264 809 3285
9013 10 4495 809 3285 698 4127 586 1541 502 4313 471 1874 114 2991 242 1713 642 4264 575 2881 980 3753
10013 10 4495 575 2881 809 3285 642 4264 242 1713 471 1874 586 1541 980 3753 502 4313 114 2991 698 4127
1014 10 5257 849 835 705 1323 194 4948 503 4850 341 1401 992 923 518 1987 980 2285 579 4664 911 4373
2014 10 5257 980 2285 503 4850 579 4664 705 1323 911 4373 849 835 518 1987 341 1401 992 923 194 4948
3014 10 5257 911 4373 980 2285 705 1323 503 4850 518 1987 341 1401 579 4664 849 835 992 923 194 4948
4014 10 5257 518 1987 194 4948 503 4850 579 4664 705 1323 992 923 341 1401 911 4373 980 2285 849 835
5014 10 5257 341 1401 518 1987 705 1323 194 4948 980 2285 579 4664 503 4850 992 923 849 835 911 4373
6014 10 5257 911 4373 980 2285 341 1401 194 4948 705 1323 992 923 849 835 579 4664 518 1987 503 4850
7014 10 5257 705 1323 992 923 849 835 980 2285 518 1987 194 4948 503 4850 579 4664 341 1401 911 4373
8014 10 5257 503 4850 849 835 579 4664 341 1401 705 1323 992 923 980 2285 518 1987 194 4948 911 4373
9014 10 5257 705 1323 980 2285 992 923 911 4373 579 4664 518 1987 194 4948 341 1401 849 835 503 4850
10014 10 5257 705 1323 341 1401 579 4664 503 4850 980 2285 518 1987 911 4373 849 835 194 4948 992 923
1015 10 3564 232 1128 223 2167 319 3314 944 1089 423 922 777 2037 300 2315 75 4541 917 4293 245 4711
2015 10 3564 300 2315 917 4293 423 922 245 4711 232 1128 223 2167 777 2037 319 3314 944 1089 75 4541
3015 10 3564 777 2037 917 4293 423 922 232 1128 319 3314 223 2167 944 1089 75 4541 245 4711 300 2315
4015 10 3564 944 1089 75 4541 319 3314 223 2167 917 4293 423 922 300 2315 777 2037 245 4711 232 1128
5015 10 3564 223 2167 232 1128 245 4711 777 2037 319 3314 300 2315 423 922 917 4293 944 1089 75 4541
6015 10 3564 423 922 245 4711 917 4293 75 4541 300 2315 944 1089 319 3314 777 2037 232 1128 223 2167
7015 10 3564 917 4293 75 4541 777 2037 223 2167 423 922 300 2315 319 3314 232 1128 245 4711 944 1089
8015 10 3564 75 4541 944 1089 777 2037 423 922 245 4711 232 1128 319 3314 300 2315 917 4293 223 2167
9015 10 3564 223 2167 300 2315 777 2037 319 3314 245 4711 75 4541 944 1089 423 922 917 4293 232 1128
10015 10 3564 917 4293 319 3314 223 2167 245 4711 75 4541 300 2315 232 1128 944 1089 423 922 777 2037
1016 10 2682 354 50 459 4624 539 4204 281 4124 379 3154 97 915 387 3502 80 1501 67 4033 710 2553
2016 10 2682 281 4124 710 2553 459 4624 387 3502 97 915 539 4204 67 4033 354 50 80 1501 379 3154
3016 10 2682 710 2553 459 4624 387 3502 281 4124 80 1501 379 3154 97 915 354 50 67 4033 539 4204
4016 10 2682 354 50 539 4204 80 1501 97 915 67 4033 710 2553 387 3502 459 4624 281 4124 379 3154
5016 10 2682 67 4033 710 2553 80 1501 354 50 281 4124 97 915 379 3154 387 3502 539 4204 459 4624
6016 10 2682 67 4033 387 3502 459 4624 97 915 379 3154 354 50 539 4204 281 4124 80 1501 710 2553
7016 10 2682 67 4033 354 50 379 3154 281 4124 539 4204 80 1501 97 915 710 2553 387 3502 459 4624
8016 10 2682 354 50 281 4124 459 4624 97 915 387 3502 710 2553 67 4033 379 3154 80 1501 539 4204
9016 10 2682 354 50 459 4624 97 915 539 4204 80 1501 710 2553 67 4033 387 3502 379 3154 281 4124
10016 10 2682 67 4033 97 915 710 2553 354 50 379 3154 539 4204 80 1501 387 3502 281 4124 459 4624
1017 10 2912 559 1658 203 4905 789 418 295 2641 223 2240 288 2250 361 2666 167 2449 124 3921 631 785
2017 10 2912 167 2449 559 1658 361 2666 288 2250 124 3921 223 2240 631 785 789 418 295 2641 203 4905
3017 10 2912 203 4905 167 2449 288 2250 223 2240 631 785 124 3921 361 2666 789 418 559 1658 295 2641
4017 10 2912 295 2641 167 2449 124 3921 789 418 223 2240 203 4905 631 785 559 1658 361 2666 288 2250
5017 10 2912 167 2449 203 4905 124 3921 223 2240 631 785 361 2666 288 2250 789 418 295 2641 559 1658
6017 10 2912 789 418 223 2240 203 4905 288 2250 167 2449 295 2641 361 2666 124 3921 631 785 559 1658
7017 10 2912 223 2240 288 2250 361 2666 631 785 167 2449 789 418 295 2641 124 3921 203 4905 559 1658
8017 10 2912 361 2666 167 2449 631 785 559 1658 124 3921 203 4905 288 2250 295 2641 223 2240 789 418
9017 10 2912 167 2449 789 418 203 4905 361 2666 559 1658 124 3921 223 2240 288 2250 631 785 295 2641
10017 10 2912 223 2240 789 418 559 1658 203 4905 295 2641 361 2666 124 3921 288 2250 631 785 167 2449
1018 10 4862 480 257 823 351 454 4285 256 1183 845 590 402 2336 810 4106 615 2220 403 4065 990 3552
2018 10 4862 990 3552 615 2220 402 2336 403 4065 810 4106 454 4285 480 257 823 351 845 590 256 1183
3018 10 4862 823 351 454 4285 403 4065 480 257 845 590 990 3552 402 2336 256 1183 615 2220 810 4106
4018 10 4862 615 2220 845 590 823 351 990 3552 256 1183 810 4106 454 4285 402 2336 403 4065 480 257
5018 10 4862 823 351 480 257 402 2336 615 2220 810 4106 403 4065 845 590 256 1183 454 4285 990 3552
6018 10 4862 990 3552 810 4106 402 2336 615 2220 845 590 454 4285 403 4065 480 257 256 1183 823 351
7018 10 4862 402 2336 615 2220 990 3552 480 257 454 4285 403 4065 823 351 810 4106 256 1183 845 590
8018 10 4862 454 4285 990 3552 480 257 810 4106 845 590 823 351 402 2336 403 4065 256 1183 615 2220
9018 10 4862 402 2336 845 590 810 4106 615 2220 454 4285 403 4065 480 257 256 1183 990 3552 823 351
10018 10 4862 454 4285 990 3552 845 590 615 2220 403 4065 810 4106 256 1183 402 2336 823 351 480 257
1019 10 3287 297 2028 890 4733 62 1124 243 4634 326 2487 384 750 119 2541 312 863 670 2489 806 4346
2019 10 3287 297 2028 384 750 890 4733 62 1124 326 2487 670 2489 243 4634 312 863 806 4346 119 2541
3019 10 3287 806 4346 890 4733 670 2489 243 4634 62 1124 326 2487 384 750 312 863 297 2028 119 2541
4019 10 3287 670 2489 243 4634 312 863 62 1124 806 4346 890 4733 297 2028 119 2541 326 2487 384 750
5019 10 3287 326 2487 806 4346 62 1124 119 2541 670 2489 297 2028 384 750 243 4634 890 4733 312 863
6019 10 3287 806 4346 890 4733 297 2028 384 750 243 4634 62 1124 670 2489 312 863 326 2487 119 2541
7019 10 3287 670 2489 806 4346 312 863 384 750 62 1124 326 2487 119 2541 890 4733 243 4634 297 2028
8019 10 3287 243 4634 806 4346 670 2489 312 863 890 4733 119 2541 384 750 62 1124 326 2487 297 2028
9019 10 3287 890 4733 806 4346 384 750 119 2541 312 863 243 4634 62 1124 326 2487 297 2028 670 2489
10019 10 3287 670 2489 297 2028 119 2541 326 2487 806 4346 62 1124 243 4634 890 4733 384 750 312 863
1020 10 4150 88 1369 119 2214 573 547 263 3019 990 1499 385 3591 701 4005 401 1170 879 1886 789 2199
2020 10 4150 789 2199 385 3591 990 1499 119 2214 573 547 88 1369 879 1886 263 3019 701 4005 401 1170
3020 10 4150 401 1170 263 3019 990 1499 88 1369 789 2199 385 3591 879 1886 701 4005 573 547 119 2214
4020 10 4150 88 1369 879 1886 573 547 401 1170 263 3019 990 1499 789 2199 385 3591 701 4005 119 2214
5020 10 4150 879 1886 263 3019 990 1499 385 3591 119 2214 701 4005 401 1170 573 547 88 1369 789 2199
6020 10 4150 990 1499 119 2214 401 1170 789 2199 879 1886 88 1369 263 3019 701 4005 573 547 385 3591
7020 10 4150 573 547 385 3591 263 3019 119 2214 88 1369 789 2199 401 1170 879 1886 701 4005 990 1499
8020 10 4150 879 1886 385 3591 990 1499 789 2199 701 4005 88 1369 263 3019 573 547 401 1170 119 2214
9020 10 4150 701 4005 263 3019 573 547 789 2199 88 1369 385 3591 879 1886 119 2214 401 1170 990 1499
10020 10 4150 789 2199 385 3591 990 1499 701 4005 401 1170 263 3019 879 1886 573 547 119 2214 88 1369
1021 10 4176 500 210 340 1583 269 1646 258 4966 386 4806 622 2306 928 1211 910 1476 659 36 348 3383
2021 10 4176 910 1476 258 4966 340 1583 348 3383 659 36 386 4806 269 1646 928 1211 622 2306 500 210
3021 10 4176 348 3383 340 1583 258 4966 500 210 659 36 928 1211 386 4806 622 2306 910 1476 269 1646
4021 10 4176 386 4806 340 1583 910 1476 258 4966 269 1646 622 2306 500 210 928 1211 348 3383 659 36
5021 10 4176 269 1646 348 3383 340 1583 386 4806 659 36 928 1211 622 2306 910 1476 500 210 258 4966
6021 10 4176 340 1583 348 3383 910 1476 386 4806 622 2306 928 1211 500 210 258 4966 269 1646 659 36
7021 10 4176 500 210 386 4806 340 1583 928 1211 348 3383 910 1476 269 1646 659 36 622 2306 258 4966
8021 10 4176 348 3383 500 210 910 1476 622 2306 659 36 269 1646 928 1211 340 1583 386 4806 258 4966
9021 10 4176 910 1476 622 2306 659 36 269 1646 258 4966 500 210 928 1211 386 4806 348 3383 340 1583
10021 10 4176 500 210 928 1211 386 4806 622 2306 269 1646 340 1583 258 4966 348 3383 659 36 910 1476
1022 10 2756 817 461 4 4724 283 2899 58 168 170 710 918 4256 568 3209 320 4661 253 4876 54 1442
2022 10 2756 58 168 817 461 283 2899 54 1442 568 3209 4 4724 253 4876 170 710 320 4661 918 4256
3022 10 2756 4 4724 253 4876 170 710 320 4661 918 4256 58 168 54 1442 568 3209 817 461 283 2899
4022 10 2756 170 710 817 461 58 168 320 4661 283 2899 918 4256 54 1442 568 3209 4 4724 253 4876
5022 10 2756 253 4876 918 4256 54 1442 320 4661 170 710 4 4724 568 3209 58 168 817 461 283 2899
6022 10 2756 283 2899 170 710 320 4661 58 168 918 4256 253 4876 817 461 54 1442 568 3209 4 4724
7022 10 2756 817 461 320 4661 283 2899 54 1442 4 4724 253 4876 918 4256 568 3209 58 168 170 710
8022 10 2756 58 168 283 2899 568 3209 54 1442 918 4256 817 461 253 4876 320 4661 4 4724 170 710
9022 10 2756 170 710 253 4876 4 4724 817 461 918 4256 58 168 320 4661 54 1442 568 3209 283 2899
10022 10 2756 253 4876 4 4724 568 3209 54 1442 170 710 58 168 283 2899 918 4256 320 4661 817 461
1023 10 2816 392 2992 6 3936 209 3159 429 4487 98 4815 379 1300 192 3728 15 1380 801 4475 1000 1620
2023 10 2816 15 1380 6 3936 209 3159 192 3728 379 1300 801 4475 429 4487 98 4815 392 2992 1000 1620
3023 10 2816 15 1380 801 4475 192 3728 392 2992 1000 1620 209 3159 98 4815 6 3936 379 1300 429 4487
4023 10 2816 209 3159 1000 1620 392 2992 98 4815 379 1300 15 1380 801 4475 192 3728 6 3936 429 4487
5023 10 2816 15 1380 379 1300 392 2992 192 3728 801 4475 429 4487 6 3936 1000 1620 209 3159 98 4815
6023 10 2816 15 1380 429 4487 192 3728 6 3936 392 2992 209 3159 1000 1620 98 4815 379 1300 801 4475
7023 10 2816 15 1380 192 3728 392 2992 801 4475 1000 1620 379 1300 6 3936 98 4815 209 3159 429 4487
8023 10 2816 192 3728 209 3159 392 2992 379 1300 1000 1620 15 1380 429 4487 801 4475 6 3936 98 4815
9023 10 2816 6 3936 98 4815 429 4487 379 1300 209 3159 192 3728 15 1380 1000 1620 392 2992 801 4475
10023 10 2816 6 3936 392 2992 98 4815 192 3728 379 1300 801 4475 15 1380 429 4487 209 3159 1000 1620
1024 10 4059 324 4906 71 746 533 3528 207 4639 855 1 537 2444 332 2142 781 4193 660 33 774 1577
2024 10 4059 781 4193 774 1577 324 4906 71 746 855 1 332 2142 660 33 533 3528 207 4639 537 2444
3024 10 4059 781 4193 533 3528 324 4906 774 1577 207 4639 855 1 332 2142 71 746 537 2444 660 33
4024 10 4059 207 4639 537 2444 781 4193 855 1 533 3528 660 33 324 4906 332 2142 774 1577 71 746
5024 10 4059 774 1577 660 33 855 1 537 2444 71 746 324 4906 332 2142 207 4639 533 3528 781 4193
6024 10 4059 332 2142 537 2444 855 1 533 3528 660 33 774 1577 781 4193 207 4639 71 746 324 4906
7024 10 4059 537 2444 781 4193 660 33 332 2142 71 746 533 3528 207 4639 774 1577 855 1 324 4906
8024 10 4059 71 746 207 4639 774 1577 855 1 324 4906 781 4193 660 33 537 2444 533 3528 332 2142
9024 10 4059 324 4906 660 33 207 4639 71 746 855 1 332 2142 781 4193 774 1577 533 3528 537 2444
10024 10 4059 533 3528 324 4906 781 4193 660 33 855 1 774 1577 537 2444 71 746 332 2142 207 4639
1025 10 4431 875 2360 501 1105 120 3865 386 1388 557 754 836 2358 348 332 963 3009 321 3823 632 4478
2025 10 4431 836 2358 120 3865 348 332 632 4478 386 1388 963 3009 557 754 501 1105 875 2360 321 3823
3025 10 4431 875 2360 120 3865 632 4478 348 332 501 1105 557 754 321 3823 836 2358 386 1388 963 3009
4025 10 4431 348 332 501 1105 557 754 386 1388 120 3865 963 3009 875 2360 632 4478 321 3823 836 2358
5025 10 4431 557 754 875 2360 386 1388 632 4478 963 3009 321 3823 836 2358 501 1105 120 3865 348 332
6025 10 4431 501 1105 557 754 875 2360 836 2358 963 3009 386 1388 321 3823 348 332 120 3865 632 4478
7025 10 4431 875 2360 348 332 386 1388 557 754 120 3865 501 1105 321 3823 632 4478 836 2358 963 3009
8025 10 4431 501 1105 632 4478 875 2360 963 3009 321 3823 120 3865 386 1388 348 332 557 754 836 2358
9025 10 4431 348 332 501 1105 321 3823 963 3009 836 2358 120 3865 386 1388 875 2360 557 754 632 4478
10025 10 4431 348 332 875 2360 386 1388 632 4478 501 1105 120 3865 321 3823 557 754 963 3009 836 2358
1026 10 5213 653 4519 591 2237 194 701 999 2973 473 1507 882 871 973 2959 955 1878 646 4331 151 4418
2026 10 5213 999 2973 473 1507 591 2237 882 871 653 4519 646 4331 151 4418 194 701 973 2959 955 1878
3026 10 5213 151 4418 591 2237 473 1507 973 2959 646 4331 653 4519 882 871 194 701 999 2973 955 1878
4026 10 5213 999 2973 591 2237 955 1878 646 4331 473 1507 653 4519 882 871 151 4418 194 701 973 2959
5026 10 5213 591 2237 646 4331 999 2973 882 871 973 2959 473 1507 151 4418 955 1878 194 701 653 4519
6026 10 5213 653 4519 646 4331 999 2973 882 871 473 1507 973 2959 194 701 151 4418 591 2237 955 1878
7026 10 5213 882 871 653 4519 194 701 973 2959 591 2237 646 4331 999 2973 473 1507 955 1878 151 4418
8026 10 5213 653 4519 646 4331 591 2237 882 871 194 701 955 1878 973 2959 999 2973 151 4418 473 1507
9026 10 5213 194 701 473 1507 882 871 955 1878 999 2973 973 2959 653 4519 151 4418 591 2237 646 4331
10026 10 5213 955 1878 882 871 999 2973 653 4519 646 4331 194 701 973 2959 473 1507 591 2237 151 4418
1027 10 2706 153 2100 249 2620 961 2365 172 2470 164 4781 165 2200 188 1137 481 3289 83 3363 767 2950
2027 10 2706 153 2100 83 3363 249 2620 481 3289 188 1137 961 2365 165 2200 164 4781 767 2950 172 2470
3027 10 2706 961 2365 249 2620 188 1137 153 2100 83 3363 481 3289 172 2470 767 2950 165 2200 164 4781
4027 10 2706 165 2200 767 2950 961 2365 481 3289 153 2100 164 4781 249 2620 172 2470 83 3363 188 1137
5027 10 2706 188 1137 172 2470 481 3289 767 2950 249 2620 165 2200 164 4781 153 2100 83 3363 961 2365
6027 10 2706 172 2470 188 1137 767 2950 164 4781 481 3289 249 2620 165 2200 153 2100 83 3363 961 2365
7027 10 2706 961 2365 165 2200 153 2100 249 2620 767 2950 188 1137 83 3363 172 2470 164 4781 481 3289
8027 10 2706 164 4781 249 2620 961 2365 172 2470 481 3289 188 1137 165 2200 153 2100 767 2950 83 3363
9027 10 2706 767 2950 188 1137 961 2365 172 2470 165 2200 83 3363 249 2620 481 3289 153 2100 164 4781
10027 10 2706 961 2365 83 3363 767 2950 165 2200 249 2620 172 2470 481 3289 188 1137 153 2100 164 4781
1028 10 4588 385 4558 815 1807 896 3995 505 2970 291 1049 429 2102 697 3164 768 598 169 4489 780 4601
2028 10 4588 169 4489 697 3164 505 2970 385 4558 896 3995 768 598 815 1807 780 4601 291 1049 429 2102
3028 10 4588 291 1049 505 2970 385 4558 815 1807 896 3995 780 4601 429 2102 169 4489 768 598 697 3164
4028 10 4588 169 4489 291 1049 768 598 429 2102 815 1807 896 3995 780 4601 505 2970 697 3164 385 4558
5028 10 4588 697 3164 291 1049 780 4601 429 2102 768 598 169 4489 505 2970 896 3995 385 4558 815 1807
6028 10 4588 385 4558 768 598 291 1049 697 3164 169 4489 815 1807 429 2102 896 3995 505 2970 780 4601
7028 10 4588 780 4601 385 4558 815 1807 291 1049 896 3995 697 3164 169 4489 505 2970 768 598 429 2102
8028 10 4588 815 1807 385 4558 780 4601 896 3995 768 598 429 2102 291 1049 697 3164 169 4489 505 2970
9028 10 4588 768 598 385 4558 896 3995 505 2970 169 4489 815 1807 780 4601 429 2102 291 1049 697 3164
10028 10 4588 169 4489 768 598 291 1049 697 3164 815 1807 780 4601 896 3995 385 4558 505 2970 429 2102
1029 10 3922 695 2193 851 3942 736 4130 116 4517 898 3616 100 1877 415 2035 163 4791 536 4384 393 750
2029 10 3922 695 2193 536 4384 736 4130 393 750 415 2035 116 4517 898 3616 163 4791 851 3942 100 1877
3029 10 3922 536 4384 415 2035 695 2193 100 1877 116 4517 393 750 736 4130 163 4791 851 3942 898 3616
4029 10 3922 898 3616 536 4384 100 1877 736 4130 851 3942 116 4517 393 750 163 4791 695 2193 415 2035
5029 10 3922 393 750 536 4384 100 1877 415 2035 851 3942 116 4517 695 2193 163 4791 736 4130 898 3616
6029 10 3922 116 4517 695 2193 736 4130 851 3942 898 3616 415 2035 536 4384 393 750 163 4791 100 1877
7029 10 3922 536 4384 851 3942 163 4791 415 2035 695 2193 116 4517 393 750 898 3616 736 4130 100 1877
8029 10 3922 851 3942 695 2193 163 4791 393 750 898 3616 536 4384 116 4517 736 4130 415 2035 100 1877
9029 10 3922 116 4517 851 3942 163 4791 695 2193 736 4130 100 1877 898 3616 393 750 536 4384 415 2035
10029 10 3922 898 3616 116 4517 536 4384 695 2193 100 1877 393 750 163 4791 851 3942 736 4130 415 2035
1030 10 3930 413 4696 75 4573 200 1668 935 4200 595 194 318 1187 798 2080 711 275 3 3752 865 4659
2030 10 3930 798 2080 711 275 935 4200 595 194 413 4696 3 3752 318 1187 865 4659 75 4573 200 1668
3030 10 3930 595 194 865 4659 413 4696 318 1187 798 2080 200 1668 935 4200 75 4573 3 3752 711 275
4030 10 3930 865 4659 200 1668 798 2080 711 275 3 3752 935 4200 75 4573 413 4696 318 1187 595 194
5030 10 3930 935 4200 595 194 75 4573 413 4696 3 3752 711 275 798 2080 865 4659 318 1187 200 1668
6030 10 3930 711 275 935 4200 3 3752 75 4573 595 194 413 4696 798 2080 865 4659 200 1668 318 1187
7030 10 3930 75 4573 935 4200 595 194 200 1668 3 3752 318 1187 865 4659 798 2080 413 4696 711 275
8030 10 3930 75 4573 200 1668 318 1187 3 3752 935 4200 865 4659 798 2080 711 275 595 194 413 4696
9030 10 3930 798 2080 595 194 3 3752 200 1668 75 4573 413 4696 935 4200 711 275 318 1187 865 4659
10030 10 3930 75 4573 595 194 318 1187 711 275 200 1668 935 4200 798 2080 3 3752 413 4696 865 4659
1031 10 3609 200 4513 860 17 450 3910 867 52 297 1481 316 3438 198 3282 787 840 376 1163 161 3891
2031 10 3609 161 3891 376 1163 787 840 860 17 200 4513 316 3438 450 3910 198 3282 867 52 297 1481
3031 10 3609 867 52 376 1163 316 3438 860 17 200 4513 198 3282 450 3910 297 1481 161 3891 787 840
4031 10 3609 787 840 161 3891 198 3282 867 52 860 17 376 1163 450 3910 316 3438 200 4513 297 1481
5031 10 3609 316 3438 450 3910 376 1163 297 1481 787 840 198 3282 200 4513 867 52 860 17 161 3891
6031 10 3609 316 3438 161 3891 867 52 860 17 200 4513 450 3910 297 1481 787 840 376 1163 198 3282
7031 10 3609 867 52 376 1163 316 3438 860 17 161 3891 787 840 198 3282 297 1481 200 4513 450 3910
8031 10 3609 376 1163 161 3891 787 840 316 3438 867 52 450 3910 200 4513 297 1481 198 3282 860 17
9031 10 3609 860 17 198 3282 376 1163 200 4513 316 3438 867 52 297 1481 787 840 450 3910 161 3891
10031 10 3609 198 3282 787 840 376 1163 161 3891 450 3910 200 4513 867 52 316 3438 860 17 297 1481
1032 10 3148 235 2054 979 1399 92 2057 297 294 754 701 16 3987 415 4775 165 1970 790 2042 192 2820
2032 10 3148 297 294 790 2042 754 701 92 2057 192 2820 165 1970 415 4775 16 3987 979 1399 235 2054
3032 10 3148 92 2057 235 2054 165 1970 297 294 16 3987 192 2820 790 2042 754 701 979 1399 415 4775
4032 10 3148 92 2057 979 1399 235 2054 16 3987 754 701 192 2820 415 4775 297 294 790 2042 165 1970
5032 10 3148 92 2057 297 294 415 4775 165 1970 754 701 16 3987 235 2054 979 1399 192 2820 790 2042
6032 10 3148 92 2057 754 701 297 294 415 4775 979 1399 790 2042 16 3987 235 2054 192 2820 165 1970
7032 10 3148 92 2057 754 701 192 2820 165 1970 979 1399 415 4775 297 294 790 2042 235 2054 16 3987
8032 10 3148 16 3987 754 701 192 2820 92 2057 415 4775 235 2054 790 2042 165 1970 979 1399 297 294
9032 10 3148 16 3987 790 2042 754 701 297 294 979 1399 235 2054 165 1970 192 2820 415 4775 92 2057
10032 10 3148 415 4775 165 1970 192 2820 979 1399 754 701 790 2042 16 3987 235 2054 92 2057 297 294
1033 10 4512 430 1363 349 3063 514 2324 543 4834 794 4545 863 1577 751 1492 738 1787 33 2297 626 4344
2033 10 4512 543 4834 794 4545 863 1577 33 2297 514 2324 430 1363 751 1492 349 3063 738 1787 626 4344
3033 10 4512 33 2297 626 4344 514 2324 543 4834 430 1363 751 1492 738 1787 794 4545 349 3063 863 1577
4033 10 4512 543 4834 738 1787 430 1363 863 1577 626 4344 794 4545 751 1492 33 2297 514 2324 349 3063
5033 10 4512 543 4834 33 2297 751 1492 349 3063 863 1577 626 4344 514 2324 430 1363 794 4545 738 1787
6033 10 4512 33 2297 626 4344 863 1577 349 3063 751 1492 514 2324 543 4834 430 1363 738 1787 794 4545
7033 10 4512 33 2297 794 4545 543 4834 738 1787 626 4344 349 3063 430 1363 863 1577 514 2324 751 1492
8033 10 4512 863 1577 33 2297 514 2324 543 4834 794 4545 751 1492 430 1363 738 1787 349 3063 626 4344
9033 10 4512 626 4344 738 1787 430 1363 794 4545 751 1492 543 4834 349 3063 863 1577 514 2324 33 2297
10033 10 4512 349 3063 738 1787 794 4545 626 4344 751 1492 514 2324 33 2297 430 1363 863 1577 543 4834
1034 10 4864 452 95 630 2468 716 2631 202 910 857 4351 576 182 933 2002 688 2307 894 3082 133 2828
2034 10 4864 452 95 576 182 894 3082 133 2828 857 4351 202 910 630 2468 716 2631 933 2002 688 2307
3034 10 4864 452 95 630 2468 202 910 857 4351 933 2002 576 182 688 2307 894 3082 133 2828 716 2631
4034 10 4864 630 2468 857 4351 576 182 452 95 202 910 933 2002 688 2307 894 3082 133 2828 716 2631
5034 10 4864 576 182 630 2468 688 2307 894 3082 202 910 452 95 716 2631 857 4351 933 2002 133 2828
6034 10 4864 452 95 894 3082 688 2307 576 182 716 2631 630 2468 133 2828 202 910 857 4351 933 2002
7034 10 4864 857 4351 576 182 894 3082 452 95 688 2307 716 2631 133 2828 202 910 630 2468 933 2002
8034 10 4864 630 2468 576 182 133 2828 688 2307 716 2631 202 910 933 2002 857 4351 894 3082 452 95
9034 10 4864 630 2468 452 95 716 2631 857 4351 576 182 688 2307 933 2002 133 2828 202 910 894 3082
10034 10 4864 894 3082 452 95 933 2002 576 182 202 910 857 4351 630 2468 133 2828 688 2307 716 2631
1035 10 3868 118 3840 411 1364 779 2837 619 2609 451 454 241 165 43 4883 525 935 724 522 925 2648
2035 10 3868 525 935 241 165 43 4883 779 2837 451 454 411 1364 619 2609 724 522 118 3840 925 2648
3035 10 3868 925 2648 779 2837 724 522 411 1364 241 165 451 454 43 4883 118 3840 525 935 619 2609
4035 10 3868 43 4883 724 522 118 3840 241 165 779 2837 925 2648 451 454 619 2609 411 1364 525 935
5035 10 3868 451 454 525 935 619 2609 118 3840 411 1364 779 2837 925 2648 724 522 43 4883 241 165
6035 10 3868 43 4883 525 935 411 1364 724 522 451 454 241 165 118 3840 779 2837 925 2648 619 2609
7035 10 3868 241 165 925 2648 43 4883 724 522 779 2837 451 454 411 1364 525 935 619 2609 118 3840
8035 10 3868 411 1364 619 2609 451 454 925 2648 525 935 118 3840 724 522 43 4883 241 165 779 2837
9035 10 3868 779 2837 451 454 724 522 241 165 411 1364 43 4883 525 935 118 3840 619 2609 925 2648
10035 10 3868 43 4883 118 3840 241 165 525 935 451 454 411 1364 724 522 619 2609 779 2837 925 2648
1036 10 3772 129 3743 216 2627 593 877 505 1822 621 717 955 704 317 371 512 4539 512 4655 356 1419
2036 10 3772 505 1822 512 4655 356 1419 317 371 955 704 512 4539 621 717 593 877 129 3743 216 2627
3036 10 3772 356 1419 317 371 512 4655 505 1822 216 2627 621 717 955 704 129 3743 512 4539 593 877
4036 10 3772 129 3743 593 877 512 4655 955 704 356 1419 621 717 505 1822 317 371 512 4539 216 2627
5036 10 3772 317 371 356 1419 512 4539 593 877 955 704 621 717 129 3743 505 1822 512 4655 216 2627
6036 10 3772 317 371 129 3743 512 4539 216 2627 512 4655 621 717 505 1822 955 704 593 877 356 1419
7036 10 3772 621 717 317 371 512 4655 356 1419 505 1822 129 3743 955 704 593 877 216 2627 512 4539
8036 10 3772 505 1822 955 704 216 2627 356 1419 317 371 621 717 129 3743 593 877 512 4655 512 4539
9036 10 3772 129 3743 505 1822 621 717 317 371 512 4655 593 877 955 704 216 2627 512 4539 356 1419
10036 10 3772 512 4655 955 704 129 3743 505 1822 216 2627 356 1419 317 371 593 877 512 4539 621 717
1037 10 4493 458 1533 470 4243 783 3470 39 4342 661 4625 913 707 737 4165 820 2282 230 1598 506 1304
2037 10 4493 913 707 470 4243 506 1304 458 1533 230 1598 820 2282 783 3470 661 4625 39 4342 737 4165
3037 10 4493 661 4625 458 1533 230 1598 820 2282 506 1304 470 4243 737 4165 913 707 39 4342 783 3470
4037 10 4493 737 4165 230 1598 661 4625 913 707 783 3470 506 1304 470 4243 458 1533 39 4342 820 2282
5037 10 4493 913 707 661 4625 230 1598 820 2282 783 3470 458 1533 39 4342 737 4165 506 1304 470 4243
6037 10 4493 230 1598 783 3470 458 1533 913 707 737 4165 39 4342 661 4625 506 1304 470 4243 820 2282
7037 10 4493 737 4165 661 4625 506 1304 458 1533 470 4243 39 4342 913 707 230 1598 820 2282 783 3470
8037 10 4493 506 1304 39 4342 661 4625 737 4165 783 3470 913 707 230 1598 470 4243 820 2282 458 1533
9037 10 4493 783 3470 737 4165 820 2282 470 4243 506 1304 230 1598 458 1533 661 4625 913 707 39 4342
10037 10 4493 458 1533 470 4243 820 2282 661 4625 913 707 230 1598 39 4342 506 1304 737 4165 783 3470
1038 10 4198 720 1178 230 321 371 4528 130 3323 262 2179 883 4520 946 4059 913 1816 757 2847 36 2634
2038 10 4198 230 321 36 2634 720 1178 371 4528 262 2179 130 3323 757 2847 883 4520 913 1816 946 4059
3038 10 4198 757 2847 371 4528 913 1816 720 1178 36 2634 946 4059 883 4520 230 321 262 2179 130 3323
4038 10 4198 883 4520 913 1816 230 321 371 4528 36 2634 946 4059 130 3323 757 2847 720 1178 262 2179
5038 10 4198 913 1816 230 321 720 1178 371 4528 262 2179 946 4059 130 3323 757 2847 883 4520 36 2634
6038 10 4198 371 4528 262 2179 883 4520 230 321 913 1816 720 1178 946 4059 130 3323 36 2634 757 2847
7038 10 4198 130 3323 262 2179 720 1178 913 1816 883 4520 757 2847 230 321 36 2634 371 4528 946 4059
8038 10 4198 883 4520 130 3323 720 1178 262 2179 230 321 757 2847 913 1816 36 2634 946 4059 371 4528
9038 10 4198 883 4520 262 2179 720 1178 130 3323 946 4059 230 321 371 4528 757 2847 36 2634 913 1816
10038 10 4198 913 1816 262 2179 230 321 883 4520 720 1178 757 2847 946 4059 36 2634 371 4528 130 3323
1039 10 3793 364 2529 429 923 876 1877 267 95 159 3292 472 213 771 2509 381 19 465 3029 558 281
2039 10 3793 876 1877 465 3029 429 923 558 281 364 2529 159 3292 472 213 267 95 381 19 771 2509
3039 10 3793 465 3029 381 19 876 1877 159 3292 558 281 472 213 429 923 364 2529 267 95 771 2509
4039 10 3793 876 1877 472 213 465 3029 364 2529 267 95 429 923 558 281 159 3292 381 19 771 2509
5039 10 3793 876 1877 558 281 364 2529 267 95 381 19 472 213 771 2509 465 3029 429 923 159 3292
6039 10 3793 159 3292 381 19 876 1877 465 3029 558 281 364 2529 472 213 267 95 429 923 771 2509
7039 10 3793 429 923 771 2509 159 3292 876 1877 364 2529 558 281 465 3029 381 19 472 213 267 95
8039 10 3793 876 1877 472 213 429 923 159 3292 771 2509 465 3029 558 281 381 19 267 95 364 2529
9039 10 3793 381 19 267 95 465 3029 558 281 429 923 876 1877 771 2509 364 2529 159 3292 472 213
10039 10 3793 267 95 771 2509 429 923 364 2529 381 19 876 1877 472 213 159 3292 465 3029 558 281
1040 10 4828 540 2422 122 613 849 332 948 2858 464 1226 868 4077 261 2094 898 3058 838 4864 248 581
2040 10 4828 248 581 122 613 540 2422 464 1226 898 3058 849 332 838 4864 948 2858 868 4077 261 2094
3040 10 4828 838 4864 464 1226 261 2094 868 4077 948 2858 540 2422 248 581 898 3058 849 332 122 613
4040 10 4828 464 1226 540 2422 849 332 948 2858 122 613 261 2094 248 581 868 4077 898 3058 838 4864
5040 10 4828 261 2094 898 3058 248 581 838 4864 948 2858 540 2422 122 613 464 1226 868 4077 849 332
6040 10 4828 948 2858 464 1226 838 4864 868 4077 261 2094 540 2422 849 332 898 3058 248 581 122 613
7040 10 4828 122 613 948 2858 838 4864 464 1226 849 332 248 581 540 2422 898 3058 868 4077 261 2094
8040 10 4828 540 2422 122 613 948 2858 838 4864 849 332 898 3058 261 2094 464 1226 868 4077 248 581
9040 10 4828 868 4077 849 332 948 2858 261 2094 248 581 464 1226 122 613 838 4864 898 3058 540 2422
10040 10 4828 948 2858 248 581 122 613 898 3058 838 4864 464 1226 540 2422 261 2094 868 4077 849 332
1041 10 4240 950 2995 78 3259 873 3711 309 827 237 784 280 2848 530 3465 990 3275 996 3435 57 3366
2041 10 4240 280 2848 78 3259 990 3275 996 3435 950 2995 309 827 530 3465 873 3711 57 3366 237 784
3041 10 4240 237 784 280 2848 950 2995 996 3435 309 827 990 3275 78 3259 873 3711 57 3366 530 3465
4041 10 4240 309 827 78 3259 873 3711 237 784 530 3465 990 3275 57 3366 996 3435 950 2995 280 2848
5041 10 4240 78 3259 237 784 996 3435 530 3465 57 3366 873 3711 309 827 950 2995 990 3275 280 2848
6041 10 4240 237 784 950 2995 990 3275 57 3366 873 3711 78 3259 530 3465 996 3435 309 827 280 2848
7041 10 4240 873 3711 78 3259 996 3435 309 827 990 3275 530 3465 950 2995 237 784 57 3366 280 2848
8041 10 4240 57 3366 950 2995 309 827 78 3259 990 3275 237 784 280 2848 530 3465 873 3711 996 3435
9041 10 4240 873 3711 78 3259 280 2848 950 2995 990 3275 996 3435 309 827 530 3465 57 3366 237 784
10041 10 4240 309 827 950 2995 237 784 78 3259 873 3711 996 3435 57 3366 530 3465 280 2848 990 3275
1042 10 5760 846 1293 428 2469 967 1142 899 2973 372 1466 734 358 462 402 812 4407 965 2650 715 4576
2042 10 5760 462 402 899 2973 428 2469 715 4576 372 1466 967 1142 812 4407 846 1293 734 358 965 2650
3042 10 5760 967 1142 812 4407 428 2469 734 358 715 4576 372 1466 965 2650 899 2973 462 402 846 1293
4042 10 5760 967 1142 734 358 899 2973 846 1293 462 402 965 2650 812 4407 428 2469 372 1466 715 4576
5042 10 5760 372 1466 967 1142 812 4407 846 1293 428 2469 462 402 715 4576 899 2973 734 358 965 2650
6042 10 5760 462 402 899 2973 967 1142 715 4576 846 1293 965 2650 428 2469 372 1466 734 358 812 4407
7042 10 5760 899 2973 967 1142 734 358 812 4407 428 2469 715 4576 462 402 846 1293 372 1466 965 2650
8042 10 5760 462 402 846 1293 965 2650 812 4407 899 2973 967 1142 428 2469 372 1466 715 4576 734 358
9042 10 5760 965 2650 734 358 967 1142 428 2469 812 4407 715 4576 846 1293 372 1466 899 2973 462 402
10042 10 5760 967 1142 372 1466 462 402 965 2650 715 4576 428 2469 734 358 812 4407 846 1293 899 2973
1043 10 2973 652 3435 80 3377 819 3465 24 1276 3 1611 775 93 56 3185 519 3784 358 97 431 2754
2043 10 2973 819 3465 56 3185 80 3377 3 1611 519 3784 358 97 431 2754 652 3435 24 1276 775 93
3043 10 2973 56 3185 519 3784 358 97 775 93 431 2754 24 1276 819 3465 80 3377 3 1611 652 3435
4043 10 2973 358 97 775 93 24 1276 80 3377 431 2754 56 3185 3 1611 652 3435 519 3784 819 3465
5043 10 2973 775 93 819 3465 358 97 652 3435 431 2754 519 3784 56 3185 80 3377 24 1276 3 1611
6043 10 2973 24 1276 652 3435 819 3465 3 1611 775 93 519 3784 431 2754 358 97 56 3185 80 3377
7043 10 2973 431 2754 3 1611 56 3185 24 1276 819 3465 652 3435 358 97 775 93 519 3784 80 3377
8043 10 2973 519 3784 358 97 80 3377 24 1276 56 3185 819 3465 431 2754 652 3435 3 1611 775 93
9043 10 2973 431 2754 80 3377 56 3185 358 97 24 1276 819 3465 775 93 519 3784 652 3435 3 1611
10043 10 2973 358 97 819 3465 519 3784 80 3377 24 1276 775 93 431 2754 56 3185 3 1611 652 3435
1044 10 4983 708 3199 249 590 991 410 368 2865 991 1873 968 32 939 3239 94 3767 653 4847 268 3035
2044 10 4983 968 32 991 1873 94 3767 249 590 708 3199 653 4847 368 2865 268 3035 939 3239 991 410
3044 10 4983 708 3199 368 2865 268 3035 249 590 939 3239 653 4847 991 410 991 1873 94 3767 968 32
4044 10 4983 268 3035 708 3199 991 1873 653 4847 249 590 939 3239 968 32 94 3767 368 2865 991 410
5044 10 4983 991 410 939 3239 708 3199 653 4847 991 1873 968 32 249 590 94 3767 268 3035 368 2865
6044 10 4983 94 3767 708 3199 268 3035 249 590 991 410 368 2865 991 1873 939 3239 968 32 653 4847
7044 10 4983 653 4847 968 32 991 410 991 1873 939 3239 249 590 94 3767 268 3035 368 2865 708 3199
8044 10 4983 368 2865 653 4847 249 590 708 3199 268 3035 968 32 94 3767 939 3239 991 1873 991 410
9044 10 4983 708 3199 991 410 94 3767 939 3239 653 4847 368 2865 968 32 268 3035 991 1873 249 590
10044 10 4983 268 3035 708 3199 991 1873 939 3239 991 410 94 3767 968 32 653 4847 249 590 368 2865
1045 10 3764 288 3674 457 4625 944 1401 714 2444 620 2420 764 119 9 2578 100 4494 75 160 735 4345
2045 10 3764 620 2420 100 4494 288 3674 457 4625 944 1401 9 2578 764 119 735 4345 714 2444 75 160
3045 10 3764 75 160 457 4625 288 3674 9 2578 714 2444 944 1401 764 119 620 2420 735 4345 100 4494
4045 10 3764 75 160 735 4345 288 3674 620 2420 714 2444 9 2578 944 1401 764 119 100 4494 457 4625
5045 10 3764 764 119 9 2578 735 4345 75 160 100 4494 620 2420 714 2444 288 3674 457 4625 944 1401
6045 10 3764 764 119 714 2444 944 1401 100 4494 620 2420 75 160 9 2578 457 4625 288 3674 735 4345
7045 10 3764 735 4345 9 2578 288 3674 457 4625 944 1401 714 2444 764 119 75 160 620 2420 100 4494
8045 10 3764 620 2420 75 160 735 4345 714 2444 100 4494 457 4625 288 3674 944 1401 9 2578 764 119
9045 10 3764 9 2578 288 3674 944 1401 620 2420 100 4494 735 4345 75 160 764 119 457 4625 714 2444
10045 10 3764 75 160 9 2578 288 3674 620 2420 100 4494 714 2444 944 1401 764 119 457 4625 735 4345
1046 10 4086 623 1929 112 3150 722 2934 713 4894 530 1571 632 4651 768 667 300 2037 131 3880 577 4458
2046 10 4086 713 4894 722 2934 632 4651 300 2037 530 1571 623 1929 112 3150 131 3880 768 667 577 4458
3046 10 4086 131 3880 530 1571 713 4894 722 2934 632 4651 577 4458 623 1929 300 2037 112 3150 768 667
4046 10 4086 768 667 300 2037 632 4651 131 3880 623 1929 530 1571 577 4458 713 4894 722 2934 112 3150
5046 10 4086 300 2037 530 1571 131 3880 632 4651 577 4458 623 1929 768 667 112 3150 713 4894 722 2934
6046 10 4086 713 4894 131 3880 300 2037 768 667 577 4458 530 1571 722 2934 623 1929 632 4651 112 3150
7046 10 4086 768 667 623 1929 577 4458 722 2934 632 4651 300 2037 112 3150 530 1571 713 4894 131 3880
8046 10 4086 577 4458 722 2934 623 1929 300 2037 768 667 112 3150 530 1571 632 4651 131 3880 713 4894
9046 10 4086 112 3150 131 3880 768 667 722 2934 623 1929 713 4894 530 1571 632 4651 300 2037 577 4458
10046 10 4086 300 2037 722 2934 112 3150 530 1571 623 1929 577 4458 131 3880 713 4894 632 4651 768 667
1047 10 3686 469 4372 406 2972 494 673 37 495 122 2474 976 2684 907 2622 130 4071 326 3855 741 667
2047 10 3686 37 495 406 2972 741 667 494 673 122 2474 976 2684 469 4372 326 3855 907 2622 130 4071
3047 10 3686 469 4372 37 495 122 2474 406 2972 130 4071 976 2684 494 673 907 2622 326 3855 741 667
4047 10 3686 37 495 326 3855 406 2972 976 2684 122 2474 741 667 494 673 907 2622 130 4071 469 4372
5047 10 3686 406 2972 122 2474 469 4372 326 3855 741 667 494 673 907 2622 976 2684 37 495 130 4071
6047 10 3686 976 2684 37 495 907 2622 406 2972 122 2474 494 673 469 4372 326 3855 741 667 130 4071
7047 10 3686 406 2972 130 4071 122 2474 494 673 326 3855 469 4372 37 495 907 2622 976 2684 741 667
8047 10 3686 469 4372 130 4071 37 495 494 673 122 2474 976 2684 907 2622 741 667 326 3855 406 2972
9047 10 3686 494 673 122 2474 469 4372 326 3855 130 4071 976 2684 741 667 406 2972 907 2622 37 495
10047 10 3686 122 2474 37 495 907 2622 130 4071 741 667 976 2684 469 4372 326 3855 406 2972 494 673
1048 10 3940 924 4138 531 1597 753 3408 237 1952 398 1842 552 2126 933 1481 119 4290 167 4826 311 3961
2048 10 3940 933 1481 119 4290 753 3408 552 2126 167 4826 924 4138 237 1952 531 1597 311 3961 398 1842
3048 10 3940 311 3961 398 1842 119 4290 552 2126 167 4826 924 4138 933 1481 753 3408 237 1952 531 1597
4048 10 3940 924 4138 311 3961 167 4826 753 3408 119 4290 552 2126 531 1597 933 1481 398 1842 237 1952
5048 10 3940 753 3408 933 1481 398 1842 531 1597 924 4138 237 1952 119 4290 552 2126 311 3961 167 4826
6048 10 3940 398 1842 933 1481 552 2126 531 1597 924 4138 237 1952 311 3961 167 4826 119 4290 753 3408
7048 10 3940 552 2126 924 4138 237 1952 753 3408 167 4826 311 3961 531 1597 933 1481 119 4290 398 1842
8048 10 3940 933 1481 398 1842 119 4290 552 2126 753 3408 237 1952 531 1597 311 3961 924 4138 167 4826
9048 10 3940 311 3961 398 1842 237 1952 167 4826 933 1481 531 1597 753 3408 924 4138 119 4290 552 2126
10048 10 3940 552 2126 753 3408 933 1481 398 1842 531 1597 167 4826 924 4138 119 4290 311 3961 237 1952
1049 10 3844 288 700 867 3958 542 4841 480 2803 450 1641 20 2698 381 4194 241 4959 540 2756 997 67
2049 10 3844 20 2698 997 67 542 4841 480 2803 241 4959 450 1641 540 2756 288 700 381 4194 867 3958
3049 10 3844 542 4841 997 67 480 2803 241 4959 540 2756 288 700 867 3958 381 4194 20 2698 450 1641
4049 10 3844 381 4194 288 700 542 4841 540 2756 450 1641 997 67 867 3958 480 2803 20 2698 241 4959
5049 10 3844 540 2756 542 4841 997 67 241 4959 450 1641 381 4194 867 3958 288 700 20 2698 480 2803
6049 10 3844 542 4841 20 2698 241 4959 867 3958 381 4194 450 1641 997 67 480 2803 540 2756 288 700
7049 10 3844 20 2698 381 4194 542 4841 867 3958 540 2756 997 67 480 2803 450 1641 241 4959 288 700
8049 10 3844 542 4841 480 2803 288 700 867 3958 997 67 241 4959 540 2756 381 4194 20 2698 450 1641
9049 10 3844 241 4959 867 3958 20 2698 480 2803 288 700 542 4841 450 1641 997 67 381 4194 540 2756
10049 10 3844 480 2803 997 67 381 4194 540 2756 450 1641 867 3958 20 2698 542 4841 288 700 241 4959
1050 10 3180 115 4181 81 2325 866 4857 389 4666 155 4993 828 3917 84 4099 642 1679 512 4541 304 2237
2050 10 3180 81 2325 642 1679 155 4993 512 4541 389 4666 866 4857 84 4099 828 3917 304 2237 115 4181
3050 10 3180 81 2325 389 4666 155 4993 512 4541 642 1679 828 3917 84 4099 866 4857 115 4181 304 2237
4050 10 3180 84 4099 828 3917 304 2237 512 4541 155 4993 81 2325 389 4666 115 4181 642 1679 866 4857
5050 10 3180 389 4666 304 2237 866 4857 115 4181 642 1679 81 2325 155 4993 84 4099 828 3917 512 4541
6050 10 3180 512 4541 84 4099 866 4857 115 4181 81 2325 155 4993 642 1679 389 4666 828 3917 304 2237
7050 10 3180 512 4541 81 2325 389 4666 828 3917 155 4993 866 4857 115 4181 642 1679 304 2237 84 4099
8050 10 3180 84 4099 828 3917 642 1679 155 4993 512 4541 81 2325 304 2237 866 4857 115 4181 389 4666
9050 10 3180 81 2325 155 4993 642 1679 115 4181 389 4666 828 3917 84 4099 512 4541 304 2237 866 4857
10050 10 3180 81 2325 389 4666 84 4099 642 1679 115 4181 512 4541 155 4993 828 3917 866 4857 304 2237
1051 10 3878 864 3809 390 75 165 1278 123 2232 370 442 798 1089 884 4889 37 4708 766 4351 451 1819
2051 10 3878 37 4708 451 1819 766 4351 165 1278 864 3809 123 2232 370 442 798 1089 884 4889 390 75
3051 10 3878 766 4351 884 4889 123 2232 165 1278 370 442 451 1819 390 75 37 4708 798 1089 864 3809
4051 10 3878 165 1278 390 75 864 3809 798 1089 37 4708 766 4351 451 1819 370 442 123 2232 884 4889
5051 10 3878 766 4351 390 75 37 4708 370 442 165 1278 451 1819 884 4889 798 1089 123 2232 864 3809
6051 10 3878 766 4351 370 442 451 1819 390 75 884 4889 37 4708 798 1089 123 2232 864 3809 165 1278
7051 10 3878 390 75 864 3809 123 2232 165 1278 37 4708 766 4351 370 442 798 1089 451 1819 884 4889
8051 10 3878 884 4889 390 75 370 442 123 2232 37 4708 766 4351 864 3809 165 1278 451 1819 798 1089
9051 10 3878 864 3809 370 442 123 2232 37 4708 390 75 766 4351 798 1089 884 4889 451 1819 165 1278
10051 10 3878 798 1089 165 1278 37 4708 864 3809 766 4351 390 75 370 442 123 2232 451 1819 884 4889
1052 10 3627 13 3826 24 2671 756 86 500 3363 348 1989 932 2282 213 4284 720 2295 393 1442 635 1931
2052 10 3627 24 2671 500 3363 348 1989 13 3826 213 4284 720 2295 635 1931 756 86 393 1442 932 2282
3052 10 3627 932 2282 24 2671 720 2295 13 3826 635 1931 756 86 348 1989 500 3363 393 1442 213 4284
4052 10 3627 932 2282 13 3826 720 2295 635 1931 24 2671 348 1989 393 1442 756 86 500 3363 213 4284
5052 10 3627 13 3826 393 1442 500 3363 756 86 932 2282 635 1931 720 2295 213 4284 24 2671 348 1989
6052 10 3627 720 2295 756 86 932 2282 393 1442 635 1931 13 3826 348 1989 213 4284 500 3363 24 2671
7052 10 3627 500 3363 932 2282 720 2295 756 86 635 1931 24 2671 393 1442 348 1989 213 4284 13 3826
8052 10 3627 756 86 720 2295 393 1442 13 3826 348 1989 635 1931 500 3363 213 4284 932 2282 24 2671
9052 10 3627 500 3363 635 1931 720 2295 393 1442 13 3826 756 86 213 4284 348 1989 24 2671 932 2282
10052 10 3627 393 1442 932 2282 13 3826 24 2671 213 4284 720 2295 500 3363 756 86 635 1931 348 1989
1053 10 4529 411 2281 889 3370 580 2366 164 3283 900 4954 716 4619 179 3919 848 1686 834 314 141 4545
2053 10 4529 900 4954 580 2366 834 314 141 4545 164 3283 179 3919 848 1686 889 3370 716 4619 411 2281
3053 10 4529 411 2281 580 2366 179 3919 164 3283 141 4545 716 4619 889 3370 848 1686 900 4954 834 314
4053 10 4529 179 3919 716 4619 834 314 889 3370 580 2366 900 4954 411 2281 141 4545 164 3283 848 1686
5053 10 4529 900 4954 164 3283 889 3370 848 1686 580 2366 141 4545 411 2281 834 314 716 4619 179 3919
6053 10 4529 834 314 141 4545 848 1686 164 3283 179 3919 580 2366 889 3370 716 4619 411 2281 900 4954
7053 10 4529 411 2281 179 3919 580 2366 141 4545 834 314 164 3283 900 4954 716 4619 848 1686 889 3370
8053 10 4529 889 3370 411 2281 179 3919 900 4954 834 314 164 3283 141 4545 716 4619 848 1686 580 2366
9053 10 4529 580 2366 179 3919 141 4545 889 3370 164 3283 716 4619 900 4954 848 1686 834 314 411 2281
10053 10 4529 900 4954 848 1686 716 4619 141 4545 834 314 889 3370 580 2366 411 2281 164 3283 179 3919
1054 10 2800 90 4496 790 3599 420 1461 658 3186 325 1494 84 1745 341 2028 156 2477 439 2150 197 2518
2054 10 2800 341 2028 325 1494 156 2477 790 3599 84 1745 658 3186 90 4496 420 1461 439 2150 197 2518
3054 10 2800 420 1461 341 2028 325 1494 197 2518 439 2150 84 1745 790 3599 156 2477 658 3186 90 4496
4054 10 2800 197 2518 790 3599 341 2028 90 4496 156 2477 84 1745 420 1461 439 2150 325 1494 658 3186
5054 10 2800 790 3599 658 3186 439 2150 156 2477 341 2028 420 1461 84 1745 197 2518 90 4496 325 1494
6054 10 2800 790 3599 90 4496 84 1745 420 1461 156 2477 439 2150 197 2518 658 3186 325 1494 341 2028
7054 10 2800 325 1494 790 3599 156 2477 420 1461 341 2028 658 3186 90 4496 84 1745 197 2518 439 2150
8054 10 2800 790 3599 156 2477 84 1745 197 2518 341 2028 439 2150 325 1494 420 1461 658 3186 90 4496
9054 10 2800 658 3186 156 2477 197 2518 325 1494 341 2028 790 3599 84 1745 439 2150 90 4496 420 1461
10054 10 2800 790 3599 84 1745 156 2477 439 2150 90 4496 197 2518 341 2028 420 1461 325 1494 658 3186
1055 10 4587 951 279 484 585 871 390 130 3390 467 3686 199 4542 928 3269 53 4569 705 4255 946 2649
2055 10 4587 130 3390 199 4542 467 3686 484 585 928 3269 871 390 53 4569 705 4255 946 2649 951 279
3055 10 4587 130 3390 871 390 53 4569 484 585 946 2649 928 3269 467 3686 705 4255 951 279 199 4542
4055 10 4587 199 4542 928 3269 53 4569 946 2649 130 3390 705 4255 951 279 484 585 467 3686 871 390
5055 10 4587 951 279 946 2649 467 3686 130 3390 928 3269 53 4569 871 390 484 585 705 4255 199 4542
6055 10 4587 199 4542 484 585 871 390 467 3686 928 3269 951 279 53 4569 130 3390 705 4255 946 2649
7055 10 4587 871 390 951 279 53 4569 199 4542 928 3269 946 2649 484 585 467 3686 705 4255 130 3390
8055 10 4587 484 585 951 279 705 4255 53 4569 928 3269 871 390 130 3390 946 2649 199 4542 467 3686
9055 10 4587 705 4255 946 2649 53 4569 484 585 871 390 951 279 928 3269 199 4542 467 3686 130 3390
10055 10 4587 467 3686 928 3269 484 585 946 2649 705 4255 130 3390 871 390 199 4542 53 4569 951 279
1056 10 4584 140 2535 836 4598 916 4473 839 4248 665 2269 520 31 111 4196 384 2009 965 623 355 866
2056 10 4584 384 2009 916 4473 111 4196 665 2269 355 866 965 623 140 2535 836 4598 520 31 839 4248
3056 10 4584 384 2009 836 4598 520 31 140 2535 839 4248 916 4473 355 866 965 623 665 2269 111 4196
4056 10 4584 836 4598 665 2269 111 4196 520 31 384 2009 355 866 965 623 839 4248 916 4473 140 2535
5056 10 4584 355 866 520 31 111 4196 140 2535 965 623 836 4598 665 2269 916 4473 384 2009 839 4248
6056 10 4584 839 4248 355 866 140 2535 384 2009 520 31 836 4598 111 4196 916 4473 665 2269 965 623
7056 10 4584 839 4248 965 623 355 866 665 2269 140 2535 111 4196 384 2009 836 4598 520 31 916 4473
8056 10 4584 916 4473 140 2535 836 4598 520 31 384 2009 111 4196 965 623 665 2269 355 866 839 4248
9056 10 4584 111 4196 355 866 839 4248 836 4598 384 2009 965 623 665 2269 916 4473 520 31 140 2535
10056 10 4584 384 2009 520 31 355 866 839 4248 965 623 916 4473 140 2535 111 4196 665 2269 836 4598
1057 10 3037 533 689 157 1108 452 1722 302 4316 481 2125 913 3515 75 743 578 505 222 3679 84 4781
2057 10 3037 533 689 452 1722 913 3515 481 2125 75 743 157 1108 222 3679 302 4316 578 505 84 4781
3057 10 3037 481 2125 578 505 157 1108 302 4316 533 689 452 1722 84 4781 913 3515 222 3679 75 743
4057 10 3037 75 743 452 1722 578 505 302 4316 913 3515 222 3679 533 689 157 1108 481 2125 84 4781
5057 10 3037 222 3679 84 4781 452 1722 578 505 302 4316 481 2125 913 3515 157 1108 533 689 75 743
6057 10 3037 75 743 222 3679 578 505 452 1722 302 4316 533 689 913 3515 481 2125 157 1108 84 4781
7057 10 3037 75 743 302 4316 578 505 84 4781 481 2125 452 1722 533 689 222 3679 913 3515 157 1108
8057 10 3037 578 505 481 2125 75 743 302 4316 84 4781 913 3515 533 689 222 3679 452 1722 157 1108
9057 10 3037 578 505 157 1108 452 1722 302 4316 481 2125 533 689 75 743 222 3679 913 3515 84 4781
10057 10 3037 481 2125 452 1722 302 4316 578 505 84 4781 157 1108 913 3515 222 3679 533 689 75 743
1058 10 4022 522 3018 128 2511 334 3855 548 1785 989 1947 453 4601 539 3473 316 3527 574 1490 625 4740
2058 10 4022 548 1785 334 3855 128 2511 625 4740 316 3527 453 4601 989 1947 539 3473 574 1490 522 3018
3058 10 4022 522 3018 128 2511 989 1947 548 1785 316 3527 539 3473 625 4740 334 3855 574 1490 453 4601
4058 10 4022 453 4601 548 1785 574 1490 625 4740 128 2511 522 3018 989 1947 539 3473 334 3855 316 3527
5058 10 4022 334 3855 625 4740 316 3527 574 1490 128 2511 548 1785 453 4601 989 1947 522 3018 539 3473
6058 10 4022 574 1490 522 3018 539 3473 548 1785 334 3855 453 4601 316 3527 989 1947 128 2511 625 4740
7058 10 4022 334 3855 574 1490 316 3527 522 3018 548 1785 128 2511 539 3473 453 4601 625 4740 989 1947
8058 10 4022 522 3018 625 4740 539 3473 989 1947 316 3527 128 2511 574 1490 548 1785 453 4601 334 3855
9058 10 4022 316 3527 128 2511 539 3473 989 1947 548 1785 625 4740 334 3855 453 4601 522 3018 574 1490
10058 10 4022 989 1947 625 4740 522 3018 574 1490 128 2511 539 3473 316 3527 548 1785 453 4601 334 3855
1059 10 4204 271 2509 803 2497 787 369 487 2408 976 582 108 4278 458 3638 508 1825 677 3212 181 3676
2059 10 4204 458 3638 787 369 181 3676 271 2509 508 1825 677 3212 487 2408 976 582 803 2497 108 4278
3059 10 4204 487 2408 677 3212 787 369 108 4278 458 3638 976 582 181 3676 271 2509 508 1825 803 2497
4059 10 4204 108 4278 803 2497 787 369 508 1825 458 3638 271 2509 976 582 487 2408 181 3676 677 3212
5059 10 4204 803 2497 487 2408 181 3676 271 2509 976 582 677 3212 787 369 508 1825 458 3638 108 4278
6059 10 4204 803 2497 508 1825 181 3676 271 2509 787 369 677 3212 487 2408 108 4278 976 582 458 3638
7059 10 4204 487 2408 458 3638 108 4278 787 369 181 3676 508 1825 803 2497 677 3212 976 582 271 2509
8059 10 4204 487 2408 803 2497 458 3638 508 1825 677 3212 976 582 787 369 181 3676 108 4278 271 2509
9059 10 4204 271 2509 458 3638 677 3212 487 2408 108 4278 181 3676 508 1825 976 582 803 2497 787 369
10059 10 4204 181 3676 487 2408 803 2497 458 3638 271 2509 976 582 108 4278 508 1825 677 3212 787 369
1060 10 4548 422 2984 584 1905 639 2380 359 2345 992 1944 968 1500 334 4730 615 570 751 937 21 3498
2060 10 4548 422 2984 21 3498 639 2380 334 4730 968 1500 751 937 992 1944 615 570 359 2345 584 1905
3060 10 4548 751 937 639 2380 968 1500 584 1905 615 570 992 1944 359 2345 334 4730 21 3498 422 2984
4060 10 4548 422 2984 968 1500 639 2380 334 4730 751 937 359 2345 615 570 992 1944 21 3498 584 1905
5060 10 4548 615 570 21 3498 334 4730 584 1905 359 2345 751 937 992 1944 968 1500 639 2380 422 2984
6060 10 4548 359 2345 21 3498 615 570 584 1905 639 2380 751 937 968 1500 422 2984 334 4730 992 1944
7060 10 4548 584 1905 615 570 359 2345 992 1944 968 1500 422 2984 334 4730 751 937 21 3498 639 2380
8060 10 4548 968 1500 751 937 639 2380 584 1905 615 570 992 1944 334 4730 359 2345 21 3498 422 2984
9060 10 4548 615 570 334 4730 639 2380 751 937 422 2984 992 1944 21 3498 584 1905 359 2345 968 1500
10060 10 4548 584 1905 615 570 334 4730 21 3498 751 937 968 1500 359 2345 422 2984 992 1944 639 2380
1061 10 5043 856 1126 142 1366 724 550 562 3770 806 3228 676 2578 825 1855 606 154 994 2193 113 578
2061 10 5043 806 3228 825 1855 562 3770 142 1366 606 154 113 578 676 2578 856 1126 994 2193 724 550
3061 10 5043 856 1126 562 3770 994 2193 825 1855 806 3228 676 2578 142 1366 606 154 724 550 113 578
4061 10 5043 142 1366 676 2578 806 3228 724 550 113 578 994 2193 562 3770 825 1855 606 154 856 1126
5061 10 5043 676 2578 142 1366 562 3770 806 3228 825 1855 994 2193 724 550 606 154 113 578 856 1126
6061 10 5043 113 578 606 154 562 3770 825 1855 856 1126 142 1366 806 3228 724 550 994 2193 676 2578
7061 10 5043 606 154 806 3228 724 550 856 1126 825 1855 113 578 676 2578 994 2193 562 3770 142 1366
8061 10 5043 676 2578 806 3228 606 154 562 3770 856 1126 142 1366 994 2193 825 1855 724 550 113 578
9061 10 5043 806 3228 825 1855 724 550 606 154 113 578 142 1366 856 1126 562 3770 676 2578 994 2193
10061 10 5043 606 154 142 1366 856 1126 724 550 113 578 825 1855 994 2193 562 3770 676 2578 806 3228
1062 10 4065 790 4130 658 3471 346 1608 1000 3831 583 3899 580 2982 5 1908 36 2773 927 3756 157 2961
2062 10 4065 658 3471 580 2982 790 4130 346 1608 927 3756 1000 3831 5 1908 157 2961 583 3899 36 2773
3062 10 4065 36 2773 580 2982 1000 3831 346 1608 157 2961 927 3756 5 1908 583 3899 658 3471 790 4130
4062 10 4065 583 3899 36 2773 1000 3831 790 4130 5 1908 658 3471 927 3756 580 2982 346 1608 157 2961
5062 10 4065 658 3471 790 4130 346 1608 583 3899 157 2961 580 2982 36 2773 927 3756 5 1908 1000 3831
6062 10 4065 1000 3831 36 2773 790 4130 580 2982 346 1608 927 3756 583 3899 658 3471 5 1908 157 2961
7062 10 4065 927 3756 1000 3831 157 2961 658 3471 36 2773 346 1608 583 3899 790 4130 580 2982 5 1908
8062 10 4065 583 3899 1000 3831 790 4130 927 3756 36 2773 346 1608 5 1908 658 3471 157 2961 580 2982
9062 10 4065 36 2773 580 2982 658 3471 927 3756 790 4130 1000 3831 5 1908 583 3899 157 2961 346 1608
10062 10 4065 580 2982 658 3471 1000 3831 927 3756 5 1908 583 3899 346 1608 790 4130 36 2773 157 2961
1063 10 3420 25 3221 895 2689 633 4595 783 3108 52 2003 919 1257 586 2447 11 3178 217 1218 155 3524
2063 10 3420 919 1257 25 3221 217 1218 52 2003 11 3178 783 3108 633 4595 155 3524 586 2447 895 2689
3063 10 3420 25 3221 633 4595 895 2689 919 1257 586 2447 217 1218 783 3108 52 2003 11 3178 155 3524
4063 10 3420 586 2447 633 4595 25 3221 895 2689 217 1218 52 2003 155 3524 919 1257 783 3108 11 3178
5063 10 3420 155 3524 783 3108 217 1218 11 3178 919 1257 895 2689 586 2447 25 3221 52 2003 633 4595
6063 10 3420 783 3108 52 2003 217 1218 586 2447 895 2689 633 4595 11 3178 25 3221 155 3524 919 1257
7063 10 3420 52 2003 25 3221 155 3524 633 4595 11 3178 895 2689 783 3108 217 1218 919 1257 586 2447
8063 10 3420 895 2689 11 3178 783 3108 25 3221 586 2447 155 3524 52 2003 919 1257 633 4595 217 1218
9063 10 3420 25 3221 895 2689 633 4595 217 1218 52 2003 11 3178 586 2447 783 3108 155 3524 919 1257
10063 10 3420 217 1218 52 2003 25 3221 155 3524 919 1257 783 3108 11 3178 633 4595 586 2447 895 2689
1064 10 3861 513 496 979 1983 46 1511 548 4878 670 477 123 896 168 449 755 2159 187 4556 838 1359
2064 10 3861 548 4878 513 496 838 1359 168 449 187 4556 755 2159 123 896 979 1983 46 1511 670 477
3064 10 3861 548 4878 513 496 187 4556 670 477 46 1511 123 896 979 1983 168 449 755 2159 838 1359
4064 10 3861 548 4878 838 1359 46 1511 187 4556 513 496 755 2159 123 896 979 1983 670 477 168 449
5064 10 3861 755 2159 979 1983 548 4878 513 496 168 449 123 896 187 4556 670 477 838 1359 46 1511
6064 10 3861 838 1359 548 4878 513 496 168 449 755 2159 123 896 187 4556 979 1983 670 477 46 1511
7064 10 3861 168 449 123 896 838 1359 513 496 979 1983 548 4878 46 1511 670 477 755 2159 187 4556
8064 10 3861 979 1983 168 449 548 4878 46 1511 187 4556 838 1359 513 496 123 896 755 2159 670 477
9064 10 3861 548 4878 838 1359 46 1511 979 1983 123 896 187 4556 513 496 168 449 755 2159 670 477
10064 10 3861 123 896 548 4878 168 449 979 1983 838 1359 670 477 187 4556 755 2159 46 1511 513 496
1065 10 4467 179 1270 808 3742 968 1957 623 905 248 1311 993 4988 730 3523 199 3795 371 2415 465 1572
2065 10 4467 199 3795 371 2415 623 905 179 1270 465 1572 808 3742 248 1311 730 3523 993 4988 968 1957
3065 10 4467 465 1572 808 3742 623 905 993 4988 199 3795 179 1270 730 3523 371 2415 248 1311 968 1957
4065 10 4467 371 2415 808 3742 968 1957 993 4988 730 3523 179 1270 199 3795 248 1311 623 905 465 1572
5065 10 4467 968 1957 179 1270 465 1572 248 1311 371 2415 808 3742 623 905 730 3523 199 3795 993 4988
6065 10 4467 623 905 199 3795 730 3523 993 4988 465 1572 808 3742 179 1270 248 1311 968 1957 371 2415
7065 10 4467 808 3742 730 3523 968 1957 248 1311 199 3795 465 1572 179 1270 993 4988 623 905 371 2415
8065 10 4467 248 1311 968 1957 730 3523 993 4988 623 905 371 2415 199 3795 465 1572 808 3742 179 1270
9065 10 4467 993 4988 465 1572 968 1957 179 1270 248 1311 199 3795 730 3523 623 905 808 3742 371 2415
10065 10 4467 730 3523 248 1311 199 3795 371 2415 808 3742 179 1270 993 4988 623 905 465 1572 968 1957
1066 10 3542 727 4530 38 3403 591 2787 51 1758 221 547 346 2711 153 939 720 4250 895 2580 686 2359
2066 10 3542 895 2580 686 2359 221 547 727 4530 720 4250 346 2711 51 1758 591 2787 38 3403 153 939
3066 10 3542 346 2711 38 3403 51 1758 727 4530 895 2580 221 547 720 4250 153 939 686 2359 591 2787
4066 10 3542 221 547 38 3403 51 1758 153 939 591 2787 720 4250 727 4530 686 2359 895 2580 346 2711
5066 10 3542 38 3403 720 4250 346 2711 51 1758 686 2359 727 4530 221 547 895 2580 591 2787 153 939
6066 10 3542 221 547 51 1758 727 4530 720 4250 38 3403 153 939 686 2359 591 2787 895 2580 346 2711
7066 10 3542 720 4250 51 1758 591 2787 346 2711 153 939 38 3403 895 2580 727 4530 221 547 686 2359
8066 10 3542 153 939 686 2359 895 2580 51 1758 38 3403 727 4530 346 2711 221 547 591 2787 720 4250
9066 10 3542 38 3403 591 2787 51 1758 686 2359 153 939 346 2711 720 4250 221 547 895 2580 727 4530
10066 10 3542 686 2359 346 2711 720 4250 727 4530 895 2580 221 547 153 939 38 3403 51 1758 591 2787
1067 10 3432 949 3646 474 2573 772 4400 82 980 538 3967 758 3016 315 1971 315 263 80 2550 8 2295
2067 10 3432 82 980 315 263 538 3967 772 4400 474 2573 315 1971 8 2295 758 3016 949 3646 80 2550
3067 10 3432 82 980 315 263 8 2295 772 4400 758 3016 949 3646 80 2550 474 2573 538 3967 315 1971
4067 10 3432 80 2550 772 4400 315 1971 82 980 315 263 474 2573 758 3016 8 2295 949 3646 538 3967
5067 10 3432 82 980 8 2295 80 2550 315 263 315 1971 949 3646 474 2573 758 3016 538 3967 772 4400
6067 10 3432 315 1971 8 2295 315 263 80 2550 758 3016 772 4400 538 3967 474 2573 82 980 949 3646
7067 10 3432 474 2573 772 4400 315 263 82 980 315 1971 8 2295 949 3646 80 2550 538 3967 758 3016
8067 10 3432 772 4400 315 1971 315 263 474 2573 538 3967 8 2295 949 3646 758 3016 80 2550 82 980
9067 10 3432 315 1971 82 980 474 2573 758 3016 538 3967 949 3646 315 263 80 2550 8 2295 772 4400
10067 10 3432 772 4400 80 2550 315 263 538 3967 758 3016 949 3646 315 1971 474 2573 8 2295 82 980
1068 10 4810 598 1828 667 1726 180 3977 834 2130 724 2311 709 419 125 1282 989 2833 978 3375 209 1227
2068 10 4810 209 1227 834 2130 724 2311 667 1726 180 3977 978 3375 989 2833 125 1282 598 1828 709 419
3068 10 4810 667 1726 989 2833 724 2311 180 3977 598 1828 125 1282 834 2130 709 419 209 1227 978 3375
4068 10 4810 667 1726 180 3977 724 2311 709 419 125 1282 209 1227 834 2130 978 3375 598 1828 989 2833
5068 10 4810 724 2311 978 3375 989 2833 598 1828 667 1726 709 419 180 3977 209 1227 125 1282 834 2130
6068 10 4810 667 1726 724 2311 834 2130 125 1282 978 3375 709 419 598 1828 180 3977 209 1227 989 2833
7068 10 4810 709 419 598 1828 667 1726 125 1282 180 3977 209 1227 834 2130 724 2311 978 3375 989 2833
8068 10 4810 834 2130 989 2833 180 3977 724 2311 209 1227 125 1282 598 1828 978 3375 667 1726 709 419
9068 10 4810 834 2130 667 1726 125 1282 724 2311 180 3977 709 419 209 1227 978 3375 598 1828 989 2833
10068 10 4810 724 2311 598 1828 125 1282 667 1726 834 2130 709 419 209 1227 978 3375 989 2833 180 3977
1069 10 2364 187 2660 125 1965 364 2867 247 3998 40 2734 643 1296 244 3187 4 2236 517 4116 585 1526
2069 10 2364 585 1526 247 3998 125 1965 517 4116 364 2867 244 3187 40 2734 4 2236 643 1296 187 2660
3069 10 2364 643 1296 187 2660 585 1526 4 2236 125 1965 244 3187 247 3998 517 4116 364 2867 40 2734
4069 10 2364 125 1965 643 1296 244 3187 40 2734 4 2236 247 3998 517 4116 187 2660 364 2867 585 1526
5069 10 2364 244 3187 187 2660 247 3998 517 4116 4 2236 40 2734 364 2867 643 1296 125 1965 585 1526
6069 10 2364 4 2236 517 4116 585 1526 643 1296 244 3187 125 1965 40 2734 364 2867 247 3998 187 2660
7069 10 2364 4 2236 40 2734 247 3998 643 1296 364 2867 244 3187 125 1965 517 4116 187 2660 585 1526
8069 10 2364 4 2236 517 4116 585 1526 247 3998 244 3187 40 2734 643 1296 187 2660 125 1965 364 2867
9069 10 2364 40 2734 585 1526 125 1965 247 3998 643 1296 364 2867 517 4116 4 2236 187 2660 244 3187
10069 10 2364 643 1296 585 1526 125 1965 187 2660 244 3187 364 2867 40 2734 247 3998 517 4116 4 2236
1070 10 4693 164 4588 974 106 360 2333 677 3956 209 1036 555 1626 278 3681 978 4843 756 3563 916 727
2070 10 4693 677 3956 278 3681 555 1626 978 4843 360 2333 209 1036 974 106 756 3563 164 4588 916 727
3070 10 4693 974 106 164 4588 978 4843 555 1626 677 3956 756 3563 916 727 360 2333 278 3681 209 1036
4070 10 4693 756 3563 974 106 278 3681 164 4588 555 1626 360 2333 978 4843 677 3956 916 727 209 1036
5070 10 4693 278 3681 974 106 677 3956 756 3563 555 1626 978 4843 916 727 164 4588 209 1036 360 2333
6070 10 4693 555 1626 677 3956 916 727 164 4588 360 2333 974 106 978 4843 278 3681 209 1036 756 3563
7070 10 4693 360 2333 278 3681 978 4843 164 4588 916 727 974 106 555 1626 756 3563 209 1036 677 3956
8070 10 4693 278 3681 978 4843 974 106 555 1626 916 727 209 1036 360 2333 677 3956 756 3563 164 4588
9070 10 4693 555 1626 756 3563 164 4588 677 3956 209 1036 978 4843 974 106 278 3681 916 727 360 2333
10070 10 4693 974 106 360 2333 555 1626 164 4588 978 4843 916 727 756 3563 278 3681 677 3956 209 1036
1071 10 3760 299 662 947 1888 219 3519 79 984 461 3177 526 3139 369 2275 943 4112 187 2233 670 2891
2071 10 3760 461 3177 369 2275 79 984 299 662 187 2233 947 1888 526 3139 219 3519 670 2891 943 4112
3071 10 3760 219 3519 947 1888 187 2233 79 984 526 3139 943 4112 299 662 670 2891 461 3177 369 2275
4071 10 3760 79 984 461 3177 299 662 526 3139 219 3519 947 1888 187 2233 670 2891 943 4112 369 2275
5071 10 3760 670 2891 943 4112 187 2233 219 3519 369 2275 947 1888 461 3177 79 984 299 662 526 3139
6071 10 3760 187 2233 947 1888 943 4112 526 3139 369 2275 219 3519 299 662 461 3177 670 2891 79 984
7071 10 3760 219 3519 299 662 369 2275 187 2233 943 4112 526 3139 670 2891 461 3177 947 1888 79 984
8071 10 3760 670 2891 299 662 947 1888 943 4112 369 2275 461 3177 187 2233 219 3519 79 984 526 3139
9071 10 3760 947 1888 219 3519 187 2233 670 2891 526 3139 461 3177 299 662 79 984 369 2275 943 4112
10071 10 3760 79 984 947 1888 187 2233 369 2275 219 3519 526 3139 943 4112 670 2891 461 3177 299 662
1072 10 3408 240 532 658 3511 256 2737 737 79 604 3267 55 2449 245 1919 494 846 741 1842 230 4368
2072 10 3408 658 3511 245 1919 256 2737 230 4368 55 2449 604 3267 741 1842 240 532 494 846 737 79
3072 10 3408 741 1842 256 2737 658 3511 55 2449 245 1919 604 3267 494 846 240 532 230 4368 737 79
4072 10 3408 737 79 741 1842 240 532 230 4368 494 846 256 2737 658 3511 604 3267 245 1919 55 2449
5072 10 3408 741 1842 737 79 494 846 658 3511 230 4368 245 1919 240 532 604 3267 55 2449 256 2737
6072 10 3408 55 2449 256 2737 604 3267 658 3511 737 79 245 1919 240 532 230 4368 741 1842 494 846
7072 10 3408 256 2737 494 846 245 1919 240 532 737 79 658 3511 604 3267 55 2449 741 1842 230 4368
8072 10 3408 658 3511 245 1919 737 79 240 532 604 3267 256 2737 55 2449 494 846 741 1842 230 4368
9072 10 3408 230 4368 240 532 256 2737 245 1919 737 79 741 1842 658 3511 55 2449 604 3267 494 846
10072 10 3408 741 1842 494 846 256 2737 604 3267 240 532 658 3511 55 2449 230 4368 245 1919 737 79
1073 10 3585 468 4725 170 4503 879 3028 103 45 931 4208 163 2079 996 3995 18 1514 187 4528 567 2659
2073 10 3585 996 3995 187 4528 931 4208 567 2659 163 2079 18 1514 468 4725 103 45 879 3028 170 4503
3073 10 3585 163 2079 18 1514 468 4725 170 4503 931 4208 567 2659 103 45 187 4528 879 3028 996 3995
4073 10 3585 567 2659 468 4725 18 1514 879 3028 163 2079 170 4503 996 3995 103 45 187 4528 931 4208
5073 10 3585 567 2659 931 4208 468 4725 163 2079 18 1514 170 4503 879 3028 187 4528 996 3995 103 45
6073 10 3585 931 4208 163 2079 879 3028 18 1514 103 45 567 2659 996 3995 468 4725 187 4528 170 4503
7073 10 3585 468 4725 567 2659 931 4208 996 3995 170 4503 163 2079 879 3028 18 1514 187 4528 103 45
8073 10 3585 931 4208 103 45 170 4503 879 3028 468 4725 187 4528 567 2659 163 2079 996 3995 18 1514
9073 10 3585 103 45 163 2079 468 4725 931 4208 187 4528 996 3995 879 3028 170 4503 567 2659 18 1514
10073 10 3585 567 2659 468 4725 931 4208 879 3028 18 1514 187 4528 103 45 170 4503 163 2079 996 3995
1074 10 5636 549 1158 490 4058 976 4790 540 4062 973 871 630 3741 372 344 614 775 938 78 964 3511
2074 10 5636 973 871 630 3741 490 4058 938 78 964 3511 540 4062 372 344 549 1158 614 775 976 4790
3074 10 5636 938 78 490 4058 964 3511 973 871 372 344 976 4790 614 775 540 4062 549 1158 630 3741
4074 10 5636 976 4790 614 775 938 78 372 344 973 871 540 4062 964 3511 630 3741 490 4058 549 1158
5074 10 5636 540 4062 976 4790 973 871 630 3741 549 1158 938 78 372 344 964 3511 614 775 490 4058
6074 10 5636 614 775 973 871 938 78 964 3511 372 344 490 4058 540 4062 976 4790 630 3741 549 1158
7074 10 5636 490 4058 973 871 630 3741 938 78 372 344 540 4062 549 1158 614 775 976 4790 964 3511
8074 10 5636 614 775 938 78 976 4790 973 871 372 344 490 4058 964 3511 549 1158 540 4062 630 3741
9074 10 5636 490 4058 540 4062 973 871 630 3741 614 775 976 4790 549 1158 372 344 964 3511 938 78
10074 10 5636 938 78 614 775 630 3741 964 3511 976 4790 540 4062 490 4058 549 1158 372 344 973 871
1075 10 3691 269 3212 411 4001 642 4382 961 1747 276 4797 721 3156 54 4227 913 2131 326 3122 41 735
2075 10 3691 721 3156 54 4227 961 1747 411 4001 269 3212 276 4797 41 735 326 3122 642 4382 913 2131
3075 10 3691 913 2131 721 3156 642 4382 276 4797 326 3122 411 4001 41 735 961 1747 269 3212 54 4227
4075 10 3691 642 4382 721 3156 276 4797 961 1747 269 3212 326 3122 913 2131 411 4001 54 4227 41 735
5075 10 3691 721 3156 913 2131 411 4001 642 4382 269 3212 326 3122 276 4797 41 735 54 4227 961 1747
6075 10 3691 54 4227 721 3156 411 4001 276 4797 269 3212 41 735 913 2131 961 1747 642 4382 326 3122
7075 10 3691 276 4797 961 1747 326 3122 642 4382 269 3212 41 735 913 2131 54 4227 721 3156 411 4001
8075 10 3691 961 1747 269 3212 721 3156 276 4797 642 4382 41 735 411 4001 913 2131 54 4227 326 3122
9075 10 3691 411 4001 276 4797 326 3122 54 4227 961 1747 41 735 642 4382 913 2131 269 3212 721 3156
10075 10 3691 269 3212 276 4797 41 735 961 1747 642 4382 411 4001 326 3122 913 2131 721 3156 54 4227
1076 10 3264 368 4340 493 1023 523 1997 411 3896 706 899 301 1457 256 586 952 1827 33 202 38 291
2076 10 3264 523 1997 493 1023 952 1827 368 4340 38 291 301 1457 256 586 411 3896 706 899 33 202
3076 10 3264 523 1997 33 202 493 1023 411 3896 38 291 368 4340 301 1457 706 899 952 1827 256 586
4076 10 3264 301 1457 33 202 523 1997 706 899 952 1827 493 1023 368 4340 38 291 256 586 411 3896
5076 10 3264 301 1457 256 586 38 291 368 4340 33 202 706 899 411 3896 952 1827 493 1023 523 1997
6076 10 3264 493 1023 706 899 38 291 952 1827 523 1997 368 4340 256 586 33 202 411 3896 301 1457
7076 10 3264 256 586 952 1827 493 1023 523 1997 38 291 33 202 411 3896 368 4340 301 1457 706 899
8076 10 3264 38 291 952 1827 493 1023 411 3896 523 1997 706 899 301 1457 368 4340 256 586 33 202
9076 10 3264 523 1997 493 1023 706 899 301 1457 256 586 38 291 411 3896 368 4340 33 202 952 1827
10076 10 3264 952 1827 523 1997 38 291 493 1023 368 4340 33 202 256 586 706 899 411 3896 301 1457
1077 10 4252 790 4197 542 2497 879 2325 243 4358 594 4244 227 4696 692 1832 38 911 392 2095 918 2551
2077 10 4252 879 2325 918 2551 38 911 243 4358 542 2497 790 4197 392 2095 227 4696 692 1832 594 4244
3077 10 4252 594 4244 790 4197 227 4696 879 2325 542 2497 243 4358 38 911 692 1832 918 2551 392 2095
4077 10 4252 38 911 227 4696 918 2551 392 2095 542 2497 879 2325 243 4358 790 4197 594 4244 692 1832
5077 10 4252 594 4244 227 4696 879 2325 392 2095 542 2497 38 911 243 4358 692 1832 790 4197 918 2551
6077 10 4252 594 4244 38 911 790 4197 879 2325 392 2095 918 2551 692 1832 243 4358 227 4696 542 2497
7077 10 4252 879 2325 790 4197 918 2551 227 4696 243 4358 692 1832 38 911 542 2497 392 2095 594 4244
8077 10 4252 692 1832 918 2551 879 2325 243 4358 227 4696 38 911 594 4244 392 2095 790 4197 542 2497
9077 10 4252 243 4358 692 1832 227 4696 542 2497 38 911 790 4197 918 2551 594 4244 879 2325 392 2095
10077 10 4252 227 4696 542 2497 594 4244 790 4197 38 911 392 2095 692 1832 243 4358 918 2551 879 2325
1078 10 3368 1 2761 348 1374 51 3193 737 422 726 109 337 4417 197 2058 933 4585 484 1640 397 2432
2078 10 3368 737 422 726 109 1 2761 933 4585 348 1374 397 2432 337 4417 484 1640 51 3193 197 2058
3078 10 3368 337 4417 484 1640 397 2432 1 2761 51 3193 348 1374 737 422 726 109 197 2058 933 4585
4078 10 3368 337 4417 51 3193 726 109 397 2432 933 4585 1 2761 484 1640 197 2058 348 1374 737 422
5078 10 3368 1 2761 197 2058 397 2432 337 4417 348 1374 484 1640 726 109 737 422 51 3193 933 4585
6078 10 3368 397 2432 484 1640 51 3193 726 109 933 4585 197 2058 348 1374 1 2761 737 422 337 4417
7078 10 3368 737 422 348 1374 484 1640 1 2761 51 3193 337 4417 933 4585 197 2058 397 2432 726 109
8078 10 3368 337 4417 348 1374 737 422 933 4585 51 3193 484 1640 726 109 197 2058 1 2761 397 2432
9078 10 3368 484 1640 1 2761 51 3193 397 2432 737 422 726 109 933 4585 337 4417 197 2058 348 1374
10078 10 3368 1 2761 484 1640 51 3193 337 4417 737 422 197 2058 397 2432 348 1374 726 109 933 4585
1079 10 3739 407 2762 886 1867 50 1299 453 1063 323 3375 809 752 916 4909 518 3075 132 962 180 2844
2079 10 3739 453 1063 323 3375 809 752 518 3075 50 1299 407 2762 132 962 180 2844 916 4909 886 1867
3079 10 3739 518 3075 916 4909 453 1063 886 1867 407 2762 50 1299 323 3375 809 752 132 962 180 2844
4079 10 3739 916 4909 518 3075 132 962 407 2762 453 1063 323 3375 809 752 50 1299 180 2844 886 1867
5079 10 3739 886 1867 809 752 180 2844 132 962 50 1299 323 3375 453 1063 407 2762 518 3075 916 4909
6079 10 3739 180 2844 518 3075 323 3375 50 1299 916 4909 809 752 453 1063 407 2762 886 1867 132 962
7079 10 3739 132 962 916 4909 453 1063 518 3075 323 3375 809 752 180 2844 407 2762 886 1867 50 1299
8079 10 3739 407 2762 132 962 518 3075 916 4909 323 3375 50 1299 886 1867 180 2844 453 1063 809 752
9079 10 3739 809 752 407 2762 132 962 180 2844 50 1299 518 3075 323 3375 453 1063 886 1867 916 4909
10079 10 3739 518 3075 323 3375 453 1063 407 2762 886 1867 809 752 50 1299 180 2844 132 962 916 4909
1080 10 3234 140 3997 140 1051 435 4915 638 687 497 3551 334 3118 631 3663 217 4002 632 3440 379 2169
2080 10 3234 379 2169 435 4915 632 3440 497 3551 334 3118 631 3663 217 4002 140 3997 638 687 140 1051
3080 10 3234 379 2169 435 4915 631 3663 497 3551 140 3997 217 4002 334 3118 632 3440 140 1051 638 687
4080 10 3234 631 3663 334 3118 435 4915 140 3997 217 4002 497 3551 140 1051 632 3440 379 2169 638 687
5080 10 3234 435 4915 631 3663 140 1051 217 4002 140 3997 497 3551 334 3118 638 687 632 3440 379 2169
6080 10 3234 497 3551 140 1051 379 2169 217 4002 631 3663 638 687 140 3997 435 4915 632 3440 334 3118
7080 10 3234 140 3997 497 3551 435 4915 217 4002 631 3663 334 3118 140 1051 379 2169 632 3440 638 687
8080 10 3234 140 3997 632 3440 217 4002 497 3551 638 687 379 2169 334 3118 631 3663 435 4915 140 1051
9080 10 3234 631 3663 140 1051 334 3118 140 3997 497 3551 435 4915 632 3440 379 2169 217 4002 638 687
10080 10 3234 632 3440 631 3663 140 3997 435 4915 497 3551 334 3118 140 1051 217 4002 379 2169 638 687
1081 10 3224 266 3090 310 73 763 4908 415 42 557 1989 229 1251 721 3306 255 3249 57 4017 457 4030
2081 10 3224 415 42 457 4030 266 3090 229 1251 721 3306 310 73 255 3249 763 4908 57 4017 557 1989
3081 10 3224 310 73 415 42 57 4017 763 4908 266 3090 255 3249 721 3306 557 1989 229 1251 457 4030
4081 10 3224 57 4017 229 1251 557 1989 266 3090 457 4030 255 3249 763 4908 415 42 310 73 721 3306
5081 10 3224 57 4017 763 4908 721 3306 557 1989 255 3249 457 4030 266 3090 229 1251 310 73 415 42
6081 10 3224 721 3306 310 73 229 1251 255 3249 557 1989 457 4030 415 42 266 3090 57 4017 763 4908
7081 10 3224 310 73 255 3249 229 1251 266 3090 457 4030 415 42 57 4017 557 1989 763 4908 721 3306
8081 10 3224 721 3306 310 73 457 4030 415 42 57 4017 557 1989 229 1251 763 4908 266 3090 255 3249
9081 10 3224 763 4908 266 3090 721 3306 310 73 415 42 57 4017 457 4030 557 1989 229 1251 255 3249
10081 10 3224 255 3249 266 3090 310 73 57 4017 457 4030 415 42 721 3306 763 4908 229 1251 557 1989
1082 10 4545 569 3021 685 1517 386 2800 979 1872 101 4429 683 1072 201 1145 201 3180 951 4065 926 2725
2082 10 4545 386 2800 569 3021 201 1145 685 1517 926 2725 201 3180 101 4429 951 4065 683 1072 979 1872
3082 10 4545 951 4065 683 1072 979 1872 685 1517 569 3021 201 3180 926 2725 201 1145 101 4429 386 2800
4082 10 4545 951 4065 979 1872 683 1072 201 3180 926 2725 569 3021 201 1145 685 1517 386 2800 101 4429
5082 10 4545 569 3021 386 2800 951 4065 979 1872 201 1145 926 2725 683 1072 685 1517 201 3180 101 4429
6082 10 4545 201 3180 683 1072 101 4429 201 1145 926 2725 685 1517 951 4065 386 2800 569 3021 979 1872
7082 10 4545 201 3180 683 1072 101 4429 685 1517 569 3021 386 2800 926 2725 201 1145 979 1872 951 4065
8082 10 4545 926 2725 386 2800 685 1517 101 4429 569 3021 201 3180 201 1145 979 1872 951 4065 683 1072
9082 10 4545 101 4429 951 4065 685 1517 386 2800 569 3021 201 3180 979 1872 926 2725 201 1145 683 1072
10082 10 4545 201 3180 683 1072 569 3021 979 1872 951 4065 201 1145 685 1517 926 2725 101 4429 386 2800
1083 10 4488 941 3724 998 2312 584 4120 50 2452 753 1892 865 2032 20 1842 961 3874 11 1908 427 768
2083 10 4488 998 2312 584 4120 961 3874 20 1842 941 3724 11 1908 427 768 865 2032 50 2452 753 1892
3083 10 4488 50 2452 941 3724 20 1842 865 2032 11 1908 753 1892 998 2312 427 768 584 4120 961 3874
4083 10 4488 865 2032 941 3724 11 1908 584 4120 427 768 961 3874 50 2452 20 1842 998 2312 753 1892
5083 10 4488 20 1842 961 3874 584 4120 11 1908 941 3724 998 2312 50 2452 865 2032 753 1892 427 768
6083 10 4488 961 3874 11 1908 941 3724 427 768 865 2032 584 4120 20 1842 50 2452 998 2312 753 1892
7083 10 4488 865 2032 11 1908 961 3874 50 2452 584 4120 20 1842 427 768 753 1892 941 3724 998 2312
8083 10 4488 20 1842 998 2312 50 2452 753 1892 865 2032 961 3874 941 3724 11 1908 427 768 584 4120
9083 10 4488 584 4120 961 3874 50 2452 427 768 865 2032 941 3724 20 1842 753 1892 998 2312 11 1908
10083 10 4488 20 1842 941 3724 998 2312 961 3874 11 1908 584 4120 427 768 50 2452 865 2032 753 1892
1084 10 2797 45 2362 744 2387 404 2500 449 3706 581 4566 509 4671 212 1746 32 577 342 3101 179 2236
2084 10 2797 212 1746 342 3101 45 2362 404 2500 744 2387 449 3706 581 4566 509 4671 179 2236 32 577
3084 10 2797 342 3101 45 2362 449 3706 581 4566 404 2500 212 1746 509 4671 179 2236 744 2387 32 577
4084 10 2797 404 2500 342 3101 581 4566 179 2236 45 2362 509 4671 212 1746 449 3706 744 2387 32 577
5084 10 2797 581 4566 449 3706 744 2387 32 577 342 3101 212 1746 404 2500 509 4671 45 2362 179 2236
6084 10 2797 45 2362 404 2500 449 3706 179 2236 342 3101 581 4566 212 1746 509 4671 32 577 744 2387
7084 10 2797 581 4566 212 1746 744 2387 449 3706 32 577 45 2362 509 4671 342 3101 404 2500 179 2236
8084 10 2797 404 2500 449 3706 179 2236 509 4671 32 577 45 2362 212 1746 342 3101 581 4566 744 2387
9084 10 2797 179 2236 744 2387 509 4671 212 1746 449 3706 32 577 342 3101 45 2362 581 4566 404 2500
10084 10 2797 179 2236 509 4671 744 2387 449 3706 45 2362 212 1746 32 577 581 4566 342 3101 404 2500
1085 10 3434 394 3796 616 4270 32 4489 314 4203 813 4532 83 2685 490 2980 217 3494 563 4704 771 3513
2085 10 3434 563 4704 771 3513 813 4532 394 3796 490 2980 83 2685 217 3494 616 4270 32 4489 314 4203
3085 10 3434 563 4704 771 3513 314 4203 394 3796 490 2980 217 3494 32 4489 616 4270 83 2685 813 4532
4085 10 3434 563 4704 217 3494 314 4203 83 2685 490 2980 616 4270 32 4489 813 4532 394 3796 771 3513
5085 10 3434 616 4270 394 3796 771 3513 32 4489 83 2685 217 3494 490 2980 563 4704 314 4203 813 4532
6085 10 3434 394 3796 314 4203 83 2685 813 4532 771 3513 32 4489 217 3494 490 2980 616 4270 563 4704
7085 10 3434 490 2980 813 4532 563 4704 314 4203 616 4270 217 3494 394 3796 83 2685 32 4489 771 3513
8085 10 3434 490 2980 394 3796 83 2685 217 3494 771 3513 563 4704 314 4203 813 4532 32 4489 616 4270
9085 10 3434 771 3513 813 4532 563 4704 616 4270 32 4489 314 4203 217 3494 394 3796 83 2685 490 2980
10085 10 3434 563 4704 314 4203 83 2685 616 4270 813 4532 490 2980 771 3513 32 4489 217 3494 394 3796
1086 10 4640 385 2346 538 1261 131 1003 924 2256 840 2047 69 3583 400 897 765 753 978 308 771 1660
2086 10 4640 924 2256 840 2047 400 897 538 1261 978 308 69 3583 385 2346 765 753 131 1003 771 1660
3086 10 4640 69 3583 131 1003 765 753 771 1660 840 2047 385 2346 400 897 538 1261 978 308 924 2256
4086 10 4640 385 2346 69 3583 400 897 978 308 840 2047 924 2256 765 753 538 1261 771 1660 131 1003
5086 10 4640 840 2047 131 1003 400 897 538 1261 771 1660 385 2346 978 308 924 2256 765 753 69 3583
6086 10 4640 771 1660 400 897 765 753 69 3583 385 2346 538 1261 978 308 924 2256 131 1003 840 2047
7086 10 4640 978 308 69 3583 840 2047 771 1660 924 2256 538 1261 765 753 385 2346 400 897 131 1003
8086 10 4640 69 3583 978 308 771 1660 131 1003 765 753 400 897 538 1261 840 2047 924 2256 385 2346
9086 10 4640 400 897 69 3583 765 753 538 1261 131 1003 385 2346 924 2256 840 2047 978 308 771 1660
10086 10 4640 924 2256 538 1261 978 308 69 3583 400 897 765 753 131 1003 385 2346 840 2047 771 1660
1087 10 3774 256 706 828 792 939 1067 162 2149 331 2322 24 3999 998 3521 44 4311 769 4373 367 991
2087 10 3774 769 4373 998 3521 44 4311 367 991 331 2322 256 706 24 3999 939 1067 828 792 162 2149
3087 10 3774 367 991 769 4373 998 3521 256 706 828 792 939 1067 24 3999 44 4311 331 2322 162 2149
4087 10 3774 24 3999 998 3521 939 1067 44 4311 256 706 162 2149 769 4373 828 792 331 2322 367 991
5087 10 3774 162 2149 256 706 24 3999 367 991 44 4311 769 4373 939 1067 331 2322 998 3521 828 792
6087 10 3774 828 792 44 4311 367 991 998 3521 939 1067 24 3999 162 2149 769 4373 256 706 331 2322
7087 10 3774 24 3999 367 991 162 2149 256 706 769 4373 998 3521 331 2322 828 792 939 1067 44 4311
8087 10 3774 331 2322 162 2149 998 3521 24 3999 828 792 256 706 367 991 769 4373 939 1067 44 4311
9087 10 3774 256 706 939 1067 367 991 828 792 998 3521 162 2149 24 3999 44 4311 769 4373 331 2322
10087 10 3774 367 991 256 706 828 792 44 4311 162 2149 331 2322 24 3999 939 1067 769 4373 998 3521
1088 10 4179 608 23 851 4013 426 2014 884 3811 367 1650 648 244 190 4242 50 2131 928 2997 272 32
2088 10 4179 648 244 50 2131 884 3811 928 2997 426 2014 851 4013 190 4242 367 1650 608 23 272 32
3088 10 4179 426 2014 50 2131 272 32 190 4242 367 1650 608 23 648 244 928 2997 851 4013 884 3811
4088 10 4179 851 4013 608 23 928 2997 50 2131 648 244 367 1650 272 32 884 3811 190 4242 426 2014
5088 10 4179 648 244 190 4242 608 23 367 1650 928 2997 851 4013 884 3811 272 32 426 2014 50 2131
6088 10 4179 884 3811 272 32 367 1650 928 2997 648 244 426 2014 851 4013 190 4242 50 2131 608 23
7088 10 4179 608 23 648 244 928 2997 851 4013 367 1650 50 2131 884 3811 190 4242 272 32 426 2014
8088 10 4179 190 4242 272 32 50 2131 608 23 884 3811 367 1650 426 2014 928 2997 851 4013 648 244
9088 10 4179 608 23 648 244 426 2014 190 4242 928 2997 851 4013 884 3811 367 1650 272 32 50 2131
10088 10 4179 608 23 928 2997 884 3811 272 32 50 2131 851 4013 648 244 190 4242 367 1650 426 2014
1089 10 3384 633 4080 69 2928 797 2696 45 1704 10 2235 396 2371 651 1572 516 1698 290 1605 824 3024
2089 10 3384 633 4080 516 1698 797 2696 45 1704 824 3024 290 1605 396 2371 10 2235 651 1572 69 2928
3089 10 3384 797 2696 10 2235 45 1704 69 2928 290 1605 396 2371 651 1572 824 3024 633 4080 516 1698
4089 10 3384 290 1605 45 1704 797 2696 69 2928 396 2371 10 2235 824 3024 633 4080 651 1572 516 1698
5089 10 3384 290 1605 69 2928 516 1698 45 1704 824 3024 651 1572 396 2371 633 4080 797 2696 10 2235
6089 10 3384 651 1572 824 3024 10 2235 69 2928 396 2371 45 1704 633 4080 290 1605 516 1698 797 2696
7089 10 3384 396 2371 633 4080 10 2235 69 2928 45 1704 290 1605 651 1572 824 3024 797 2696 516 1698
8089 10 3384 824 3024 290 1605 10 2235 516 1698 651 1572 69 2928 45 1704 633 4080 797 2696 396 2371
9089 10 3384 396 2371 824 3024 45 1704 797 2696 290 1605 651 1572 633 4080 10 2235 69 2928 516 1698
10089 10 3384 651 1572 633 4080 290 1605 10 2235 516 1698 69 2928 824 3024 396 2371 45 1704 797 2696
1090 10 3133 374 1402 124 110 398 4488 506 3044 640 2165 155 1847 589 3013 259 1395 495 4529 377 3952
2090 10 3133 259 1395 398 4488 155 1847 589 3013 377 3952 124 110 506 3044 374 1402 495 4529 640 2165
3090 10 3133 155 1847 377 3952 124 110 259 1395 495 4529 398 4488 374 1402 640 2165 506 3044 589 3013
4090 10 3133 377 3952 589 3013 495 4529 124 110 374 1402 640 2165 398 4488 155 1847 259 1395 506 3044
5090 10 3133 495 4529 398 4488 640 2165 374 1402 155 1847 124 110 377 3952 589 3013 259 1395 506 3044
6090 10 3133 506 3044 640 2165 155 1847 495 4529 398 4488 374 1402 124 110 259 1395 377 3952 589 3013
7090 10 3133 398 4488 259 1395 506 3044 377 3952 640 2165 155 1847 589 3013 495 4529 374 1402 124 110
8090 10 3133 506 3044 259 1395 155 1847 374 1402 495 4529 377 3952 398 4488 124 110 640 2165 589 3013
9090 10 3133 155 1847 398 4488 124 110 377 3952 506 3044 374 1402 495 4529 640 2165 589 3013 259 1395
10090 10 3133 155 1847 506 3044 589 3013 398 4488 640 2165 259 1395 377 3952 374 1402 495 4529 124 110
1091 10 4692 789 3561 619 1687 971 2095 262 3889 325 495 554 3074 326 2214 824 3313 825 198 370 325
2091 10 4692 554 3074 824 3313 825 198 971 2095 262 3889 326 2214 619 1687 789 3561 325 495 370 325
3091 10 4692 619 1687 824 3313 789 3561 971 2095 370 325 325 495 326 2214 262 3889 554 3074 825 198
4091 10 4692 370 325 262 3889 326 2214 554 3074 971 2095 825 198 824 3313 789 3561 325 495 619 1687
5091 10 4692 370 325 971 2095 325 495 825 198 789 3561 824 3313 554 3074 326 2214 619 1687 262 3889
6091 10 4692 326 2214 262 3889 825 198 619 1687 554 3074 370 325 971 2095 325 495 824 3313 789 3561
7091 10 4692 971 2095 326 2214 262 3889 789 3561 825 198 824 3313 554 3074 325 495 370 325 619 1687
8091 10 4692 554 3074 824 3313 325 495 825 198 370 325 789 3561 971 2095 262 3889 326 2214 619 1687
9091 10 4692 370 325 789 3561 554 3074 824 3313 825 198 971 2095 325 495 619 1687 262 3889 326 2214
10091 10 4692 326 2214 370 325 824 3313 325 495 554 3074 619 1687 825 198 789 3561 262 3889 971 2095
1092 10 3629 564 4517 6 1396 726 4518 461 308 501 2553 100 4634 826 1933 268 4321 121 3733 964 4224
2092 10 3629 461 308 100 4634 501 2553 564 4517 268 4321 964 4224 726 4518 121 3733 826 1933 6 1396
3092 10 3629 268 4321 501 2553 461 308 564 4517 826 1933 964 4224 121 3733 6 1396 100 4634 726 4518
4092 10 3629 121 3733 461 308 964 4224 826 1933 268 4321 726 4518 6 1396 501 2553 564 4517 100 4634
5092 10 3629 268 4321 6 1396 501 2553 121 3733 564 4517 100 4634 826 1933 461 308 964 4224 726 4518
6092 10 3629 564 4517 826 1933 501 2553 268 4321 6 1396 461 308 100 4634 964 4224 726 4518 121 3733
7092 10 3629 964 4224 121 3733 268 4321 826 1933 100 4634 461 308 564 4517 6 1396 726 4518 501 2553
8092 10 3629 501 2553 726 4518 964 4224 268 4321 6 1396 564 4517 100 4634 826 1933 121 3733 461 308
9092 10 3629 964 4224 564 4517 826 1933 121 3733 100 4634 461 308 726 4518 6 1396 501 2553 268 4321
10092 10 3629 461 308 501 2553 964 4224 121 3733 268 4321 726 4518 6 1396 564 4517 100 4634 826 1933
1093 10 4525 972 970 94 4952 895 2881 578 3484 637 563 436 1042 615 796 320 225 840 2786 270 252
2093 10 4525 320 225 972 970 94 4952 637 563 840 2786 270 252 578 3484 436 1042 615 796 895 2881
3093 10 4525 270 252 972 970 637 563 320 225 94 4952 895 2881 578 3484 436 1042 840 2786 615 796
4093 10 4525 637 563 578 3484 840 2786 615 796 436 1042 270 252 895 2881 94 4952 972 970 320 225
5093 10 4525 436 1042 94 4952 637 563 578 3484 615 796 840 2786 895 2881 972 970 320 225 270 252
6093 10 4525 578 3484 840 2786 637 563 320 225 94 4952 436 1042 895 2881 615 796 270 252 972 970
7093 10 4525 972 970 840 2786 895 2881 270 252 615 796 637 563 94 4952 578 3484 436 1042 320 225
8093 10 4525 320 225 637 563 615 796 840 2786 94 4952 972 970 578 3484 895 2881 436 1042 270 252
9093 10 4525 436 1042 615 796 320 225 840 2786 637 563 578 3484 895 2881 94 4952 972 970 270 252
10093 10 4525 895 2881 578 3484 320 225 972 970 270 252 94 4952 637 563 615 796 436 1042 840 2786
1094 10 4390 843 955 728 49 701 919 373 641 150 4941 107 1080 345 3327 628 795 652 3800 961 1466
2094 10 4390 150 4941 843 955 107 1080 961 1466 652 3800 701 919 728 49 345 3327 628 795 373 641
3094 10 4390 373 641 652 3800 107 1080 843 955 628 795 728 49 150 4941 961 1466 701 919 345 3327
4094 10 4390 107 1080 345 3327 961 1466 652 3800 701 919 373 641 843 955 728 49 150 4941 628 795
5094 10 4390 373 641 843 955 345 3327 701 919 728 49 150 4941 961 1466 652 3800 107 1080 628 795
6094 10 4390 345 3327 628 795 652 3800 728 49 701 919 373 641 150 4941 107 1080 843 955 961 1466
7094 10 4390 701 919 107 1080 961 1466 150 4941 345 3327 728 49 652 3800 373 641 843 955 628 795
8094 10 4390 652 3800 628 795 961 1466 150 4941 843 955 107 1080 345 3327 728 49 701 919 373 641
9094 10 4390 628 795 961 1466 150 4941 373 641 701 919 843 955 107 1080 728 49 652 3800 345 3327
10094 10 4390 373 641 728 49 345 3327 150 4941 652 3800 961 1466 843 955 107 1080 628 795 701 919
1095 10 3440 522 930 869 2531 84 404 95 4790 456 1607 894 2985 343 2701 11 2366 662 3826 365 3896
2095 10 3440 662 3826 11 2366 343 2701 95 4790 456 1607 365 3896 84 404 894 2985 869 2531 522 930
3095 10 3440 11 2366 894 2985 869 2531 456 1607 365 3896 522 930 95 4790 662 3826 84 404 343 2701
4095 10 3440 11 2366 662 3826 522 930 894 2985 95 4790 456 1607 365 3896 84 404 343 2701 869 2531
5095 10 3440 522 930 95 4790 365 3896 662 3826 11 2366 343 2701 894 2985 84 404 869 2531 456 1607
6095 10 3440 84 404 365 3896 522 930 456 1607 11 2366 95 4790 869 2531 343 2701 894 2985 662 3826
7095 10 3440 894 2985 95 4790 11 2366 522 930 343 2701 365 3896 869 2531 456 1607 662 3826 84 404
8095 10 3440 522 930 365 3896 95 4790 343 2701 11 2366 84 404 869 2531 894 2985 662 3826 456 1607
9095 10 3440 869 2531 456 1607 365 3896 522 930 894 2985 11 2366 343 2701 95 4790 84 404 662 3826
10095 10 3440 869 2531 456 1607 343 2701 662 3826 84 404 894 2985 365 3896 522 930 11 2366 95 4790
1096 10 3903 529 2138 557 4555 632 1508 715 4574 139 2241 717 2315 179 32 516 867 713 358 182 2370
2096 10 3903 179 32 139 2241 715 4574 529 2138 182 2370 516 867 632 1508 717 2315 713 358 557 4555
3096 10 3903 717 2315 182 2370 139 2241 632 1508 179 32 715 4574 529 2138 713 358 516 867 557 4555
4096 10 3903 516 867 715 4574 139 2241 179 32 529 2138 557 4555 632 1508 182 2370 717 2315 713 358
5096 10 3903 717 2315 632 1508 179 32 713 358 715 4574 516 867 139 2241 182 2370 529 2138 557 4555
6096 10 3903 139 2241 182 2370 715 4574 632 1508 717 2315 516 867 179 32 713 358 529 2138 557 4555
7096 10 3903 529 2138 632 1508 715 4574 139 2241 713 358 182 2370 557 4555 179 32 717 2315 516 867
8096 10 3903 179 32 632 1508 715 4574 516 867 717 2315 182 2370 713 358 529 2138 557 4555 139 2241
9096 10 3903 717 2315 632 1508 139 2241 529 2138 715 4574 557 4555 182 2370 516 867 179 32 713 358
10096 10 3903 713 358 179 32 715 4574 139 2241 632 1508 529 2138 717 2315 557 4555 182 2370 516 867
1097 10 3641 51 3424 664 2033 505 2035 544 807 12 730 447 4003 534 3255 534 2165 711 271 550 46
2097 10 3641 505 2035 447 4003 12 730 534 2165 664 2033 550 46 544 807 711 271 534 3255 51 3424
3097 10 3641 534 3255 534 2165 51 3424 447 4003 12 730 664 2033 505 2035 711 271 550 46 544 807
4097 10 3641 550 46 505 2035 534 2165 12 730 544 807 534 3255 664 2033 711 271 447 4003 51 3424
5097 10 3641 505 2035 544 807 447 4003 534 2165 12 730 534 3255 664 2033 550 46 711 271 51 3424
6097 10 3641 12 730 447 4003 534 2165 544 807 505 2035 664 2033 711 271 51 3424 550 46 534 3255
7097 10 3641 447 4003 534 2165 505 2035 664 2033 12 730 534 3255 544 807 550 46 51 3424 711 271
8097 10 3641 664 2033 534 2165 534 3255 711 271 505 2035 51 3424 550 46 447 4003 12 730 544 807
9097 10 3641 51 3424 664 2033 447 4003 544 807 12 730 550 46 534 3255 711 271 505 2035 534 2165
10097 10 3641 711 271 534 2165 447 4003 12 730 664 2033 550 46 505 2035 544 807 51 3424 534 3255
1098 10 3976 75 1733 248 292 74 4793 167 3482 746 4400 890 4026 983 2686 799 1950 863 2142 125 4244
2098 10 3976 983 2686 167 3482 75 1733 746 4400 125 4244 863 2142 74 4793 248 292 890 4026 799 1950
3098 10 3976 125 4244 74 4793 248 292 75 1733 863 2142 799 1950 746 4400 890 4026 167 3482 983 2686
4098 10 3976 746 4400 75 1733 890 4026 125 4244 799 1950 74 4793 167 3482 863 2142 248 292 983 2686
5098 10 3976 799 1950 125 4244 248 292 890 4026 74 4793 167 3482 863 2142 75 1733 746 4400 983 2686
6098 10 3976 983 2686 890 4026 75 1733 167 3482 125 4244 248 292 863 2142 746 4400 74 4793 799 1950
7098 10 3976 983 2686 799 1950 863 2142 125 4244 248 292 167 3482 75 1733 746 4400 890 4026 74 4793
8098 10 3976 890 4026 863 2142 75 1733 167 3482 248 292 125 4244 74 4793 746 4400 799 1950 983 2686
9098 10 3976 75 1733 74 4793 125 4244 863 2142 983 2686 248 292 746 4400 167 3482 799 1950 890 4026
10098 10 3976 167 3482 983 2686 248 292 799 1950 74 4793 863 2142 75 1733 890 4026 746 4400 125 4244
1099 10 4250 992 1086 866 4045 397 3678 294 1057 647 2931 359 3810 811 1507 653 3370 95 1282 199 159
2099 10 4250 199 159 647 2931 653 3370 992 1086 397 3678 359 3810 866 4045 811 1507 95 1282 294 1057
3099 10 4250 397 3678 647 2931 653 3370 294 1057 359 3810 992 1086 811 1507 866 4045 199 159 95 1282
4099 10 4250 992 1086 866 4045 811 1507 359 3810 397 3678 199 159 653 3370 95 1282 294 1057 647 2931
5099 10 4250 647 2931 397 3678 866 4045 653 3370 294 1057 95 1282 811 1507 992 1086 199 159 359 3810
6099 10 4250 199 159 811 1507 647 2931 95 1282 653 3370 359 3810 992 1086 397 3678 294 1057 866 4045
7099 10 4250 647 2931 95 1282 199 159 397 3678 653 3370 294 1057 811 1507 866 4045 359 3810 992 1086
8099 10 4250 95 1282 199 159 811 1507 866 4045 653 3370 397 3678 359 3810 294 1057 992 1086 647 2931
9099 10 4250 647 2931 95 1282 811 1507 359 3810 294 1057 866 4045 653 3370 397 3678 199 159 992 1086
10099 10 4250 647 2931 199 159 811 1507 653 3370 397 3678 95 1282 866 4045 359 3810 992 1086 294 1057
1100 10 4430 606 3128 743 4809 840 458 71 3354 120 1287 415 4015 688 3534 710 513 607 183 738 4683
2100 10 4430 71 3354 710 513 688 3534 840 458 743 4809 120 1287 607 183 606 3128 738 4683 415 4015
3100 10 4430 710 513 120 1287 71 3354 607 183 688 3534 415 4015 738 4683 840 458 743 4809 606 3128
4100 10 4430 71 3354 607 183 840 458 120 1287 738 4683 710 513 415 4015 688 3534 743 4809 606 3128
5100 10 4430 743 4809 607 183 688 3534 606 3128 738 4683 415 4015 120 1287 71 3354 710 513 840 458
6100 10 4430 743 4809 71 3354 120 1287 607 183 415 4015 606 3128 688 3534 710 513 738 4683 840 458
7100 10 4430 688 3534 71 3354 607 183 738 4683 415 4015 710 513 840 458 606 3128 743 4809 120 1287
8100 10 4430 688 3534 607 183 606 3128 840 458 415 4015 71 3354 710 513 120 1287 743 4809 738 4683
9100 10 4430 840 458 415 4015 738 4683 710 513 120 1287 743 4809 607 183 606 3128 688 3534 71 3354
10100 10 4430 607 183 71 3354 710 513 688 3534 738 4683 606 3128 743 4809 415 4015 840 458 120 1287
