1001 10 3800 167 259 857 172 759 568 454 660 458 800 435 89 145 269 299 297 785 586 391 401
2001 10 3800 759 568 167 259 458 800 299 297 857 172 785 586 145 269 454 660 391 401 435 89
3001 10 3800 391 401 785 586 857 172 435 89 299 297 759 568 458 800 167 259 454 660 145 269
4001 10 3800 391 401 785 586 454 660 458 800 167 259 857 172 299 297 145 269 759 568 435 89
5001 10 3800 167 259 299 297 454 660 857 172 145 269 458 800 435 89 785 586 391 401 759 568
6001 10 3800 454 660 785 586 167 259 299 297 759 568 857 172 458 800 435 89 391 401 145 269
7001 10 3800 391 401 435 89 299 297 458 800 785 586 167 259 857 172 454 660 145 269 759 568
8001 10 3800 857 172 145 269 458 800 759 568 785 586 299 297 167 259 454 660 435 89 391 401
9001 10 3800 458 800 167 259 454 660 785 586 391 401 857 172 145 269 299 297 759 568 435 89
10001 10 3800 785 586 458 800 759 568 145 269 435 89 454 660 391 401 167 259 857 172 299 297
1002 10 2698 64 833 471 197 172 354 871 852 65 334 330 572 326 298 453 189 361 166 260 877
2002 10 2698 64 833 65 334 172 354 471 197 453 189 361 166 330 572 260 877 326 298 871 852
3002 10 2698 64 833 871 852 361 166 260 877 326 298 471 197 65 334 330 572 172 354 453 189
4002 10 2698 260 877 330 572 172 354 64 833 65 334 361 166 326 298 871 852 453 189 471 197
5002 10 2698 326 298 453 189 361 166 471 197 330 572 871 852 172 354 260 877 64 833 65 334
6002 10 2698 471 197 65 334 330 572 361 166 64 833 871 852 260 877 172 354 326 298 453 189
7002 10 2698 871 852 361 166 172 354 326 298 65 334 471 197 453 189 64 833 330 572 260 877
8002 10 2698 326 298 260 877 471 197 330 572 172 354 65 334 871 852 453 189 64 833 361 166
9002 10 2698 361 166 65 334 172 354 326 298 330 572 453 189 260 877 471 197 871 852 64 833
10002 10 2698 64 833 361 166 326 298 330 572 471 197 65 334 453 189 260 877 172 354 871 852
1003 10 2731 45 588 258 782 574 67 39 607 300 86 351 708 250 307 656 270 139 833 802 951
2003 10 2731 139 833 656 270 802 951 39 607 574 67 45 588 258 782 351 708 250 307 300 86
3003 10 2731 802 951 574 67 39 607 351 708 656 270 250 307 139 833 45 588 300 86 258 782
4003 10 2731 45 588 300 86 139 833 351 708 656 270 802 951 39 607 258 782 250 307 574 67
5003 10 2731 258 782 39 607 45 588 300 86 574 67 351 708 656 270 139 833 802 951 250 307
6003 10 2731 139 833 656 270 45 588 351 708 250 307 39 607 300 86 802 951 258 782 574 67
7003 10 2731 45 588 258 782 250 307 300 86 656 270 39 607 574 67 139 833 351 708 802 951
8003 10 2731 802 951 300 86 139 833 250 307 45 588 574 67 39 607 351 708 258 782 656 270
9003 10 2731 574 67 39 607 258 782 351 708 802 951 300 86 45 588 139 833 656 270 250 307
10003 10 2731 656 270 250 307 574 67 139 833 39 607 351 708 300 86 802 951 45 588 258 782
1004 10 3137 685 768 188 448 430 682 458 780 279 332 609 933 183 102 782 643 257 138 51 48
2004 10 3137 188 448 51 48 782 643 279 332 430 682 183 102 257 138 685 768 458 780 609 933
3004 10 3137 430 682 609 933 279 332 51 48 782 643 685 768 183 102 257 138 458 780 188 448
4004 10 3137 279 332 51 48 685 768 782 643 183 102 188 448 609 933 430 682 458 780 257 138
5004 10 3137 685 768 257 138 279 332 51 48 188 448 458 780 782 643 609 933 183 102 430 682
6004 10 3137 685 768 51 48 458 780 609 933 188 448 279 332 183 102 782 643 257 138 430 682
7004 10 3137 257 138 188 448 782 643 183 102 430 682 458 780 51 48 685 768 279 332 609 933
8004 10 3137 257 138 279 332 782 643 51 48 458 780 183 102 188 448 685 768 430 682 609 933
9004 10 3137 188 448 782 643 458 780 257 138 183 102 609 933 685 768 430 682 279 332 51 48
10004 10 3137 188 448 458 780 279 332 183 102 685 768 51 48 609 933 430 682 782 643 257 138
1005 10 2828 74 437 733 887 329 944 228 886 362 553 817 412 210 605 517 776 35 202 231 731
2005 10 2828 231 731 517 776 817 412 35 202 733 887 362 553 329 944 210 605 228 886 74 437
3005 10 2828 817 412 733 887 35 202 74 437 231 731 517 776 228 886 329 944 210 605 362 553
4005 10 2828 733 887 817 412 74 437 517 776 231 731 35 202 210 605 362 553 329 944 228 886
5005 10 2828 517 776 35 202 817 412 329 944 210 605 733 887 228 886 74 437 231 731 362 553
6005 10 2828 517 776 329 944 817 412 228 886 362 553 35 202 231 731 74 437 733 887 210 605
7005 10 2828 231 731 362 553 228 886 210 605 517 776 817 412 74 437 35 202 329 944 733 887
8005 10 2828 517 776 817 412 228 886 35 202 231 731 733 887 74 437 210 605 329 944 362 553
9005 10 2828 35 202 210 605 362 553 733 887 517 776 228 886 817 412 74 437 329 944 231 731
10005 10 2828 35 202 231 731 817 412 74 437 228 886 210 605 362 553 733 887 329 944 517 776
1006 10 3300 718 676 21 642 344 343 735 637 367 475 129 769 356 919 677 660 231 63 547 796
2006 10 3300 344 343 547 796 367 475 129 769 677 660 735 637 718 676 356 919 21 642 231 63
3006 10 3300 21 642 231 63 547 796 735 637 677 660 344 343 356 919 367 475 129 769 718 676
4006 10 3300 547 796 21 642 367 475 735 637 718 676 356 919 129 769 231 63 344 343 677 660
5006 10 3300 718 676 231 63 547 796 356 919 677 660 367 475 129 769 21 642 735 637 344 343
6006 10 3300 367 475 718 676 547 796 677 660 21 642 735 637 344 343 129 769 356 919 231 63
7006 10 3300 677 660 718 676 231 63 129 769 21 642 356 919 735 637 367 475 547 796 344 343
8006 10 3300 547 796 677 660 356 919 231 63 129 769 344 343 367 475 718 676 735 637 21 642
9006 10 3300 231 63 718 676 677 660 129 769 547 796 735 637 21 642 367 475 356 919 344 343
10006 10 3300 356 919 677 660 21 642 718 676 547 796 344 343 231 63 735 637 129 769 367 475
1007 10 2594 152 579 816 226 296 518 175 375 21 992 126 423 68 990 571 281 603 970 415 698
2007 10 2594 68 990 571 281 152 579 21 992 415 698 126 423 296 518 816 226 175 375 603 970
3007 10 2594 571 281 126 423 603 970 296 518 415 698 816 226 21 992 175 375 68 990 152 579
4007 10 2594 816 226 21 992 415 698 603 970 126 423 152 579 175 375 68 990 571 281 296 518
5007 10 2594 21 992 571 281 126 423 816 226 296 518 603 970 152 579 415 698 68 990 175 375
6007 10 2594 571 281 175 375 126 423 68 990 816 226 415 698 603 970 152 579 296 518 21 992
7007 10 2594 603 970 816 226 21 992 296 518 571 281 415 698 68 990 126 423 152 579 175 375
8007 10 2594 152 579 21 992 175 375 296 518 816 226 603 970 68 990 571 281 126 423 415 698
9007 10 2594 816 226 126 423 415 698 296 518 175 375 68 990 603 970 152 579 21 992 571 281
10007 10 2594 175 375 571 281 126 423 21 992 152 579 68 990 603 970 296 518 415 698 816 226
1008 10 3963 84 166 194 559 669 534 538 434 778 631 490 825 57 777 647 67 593 943 904 710
2008 10 3963 669 534 84 166 593 943 778 631 904 710 194 559 57 777 647 67 538 434 490 825
3008 10 3963 904 710 538 434 490 825 669 534 57 777 778 631 647 67 194 559 84 166 593 943
4008 10 3963 490 825 538 434 84 166 778 631 647 67 593 943 57 777 904 710 194 559 669 534
5008 10 3963 904 710 669 534 647 67 194 559 84 166 593 943 490 825 57 777 538 434 778 631
6008 10 3963 538 434 904 710 778 631 490 825 194 559 669 534 57 777 647 67 593 943 84 166
7008 10 3963 669 534 84 166 194 559 647 67 778 631 490 825 904 710 538 434 57 777 593 943
8008 10 3963 490 825 84 166 647 67 904 710 593 943 538 434 778 631 194 559 669 534 57 777
9008 10 3963 593 943 57 777 778 631 490 825 538 434 194 559 647 67 84 166 904 710 669 534
10008 10 3963 647 67 194 559 84 166 593 943 538 434 904 710 57 777 490 825 778 631 669 534
1009 10 2308 386 256 521 810 212 124 290 813 20 450 200 71 216 490 156 990 706 203 179 468
2009 10 2308 521 810 706 203 216 490 290 813 179 468 156 990 386 256 20 450 200 71 212 124
3009 10 2308 706 203 386 256 290 813 521 810 216 490 20 450 212 124 156 990 200 71 179 468
4009 10 2308 20 450 290 813 521 810 200 71 212 124 216 490 706 203 386 256 156 990 179 468
5009 10 2308 20 450 156 990 216 490 290 813 386 256 179 468 521 810 200 71 706 203 212 124
6009 10 2308 706 203 212 124 290 813 20 450 216 490 200 71 179 468 521 810 386 256 156 990
7009 10 2308 216 490 20 450 179 468 156 990 212 124 200 71 386 256 706 203 290 813 521 810
8009 10 2308 179 468 20 450 290 813 386 256 521 810 212 124 216 490 706 203 156 990 200 71
9009 10 2308 521 810 290 813 706 203 212 124 200 71 216 490 156 990 20 450 386 256 179 468
10009 10 2308 521 810 216 490 706 203 179 468 156 990 200 71 386 256 290 813 212 124 20 450
1010 10 4420 131 498 828 225 600 879 913 119 200 719 635 406 617 119 331 312 379 500 891 604
2010 10 4420 379 500 828 225 913 119 600 879 891 604 200 719 331 312 131 498 635 406 617 119
3010 10 4420 635 406 617 119 331 312 828 225 131 498 200 719 913 119 379 500 891 604 600 879
4010 10 4420 200 719 635 406 131 498 828 225 891 604 913 119 617 119 379 500 600 879 331 312
5010 10 4420 331 312 379 500 828 225 891 604 200 719 600 879 131 498 913 119 617 119 635 406
6010 10 4420 600 879 379 500 913 119 131 498 617 119 331 312 828 225 200 719 635 406 891 604
7010 10 4420 600 879 635 406 617 119 200 719 891 604 913 119 331 312 379 500 131 498 828 225
8010 10 4420 828 225 200 719 600 879 331 312 617 119 379 500 913 119 635 406 131 498 891 604
9010 10 4420 913 119 635 406 600 879 200 719 617 119 131 498 828 225 331 312 379 500 891 604
10010 10 4420 131 498 635 406 617 119 828 225 379 500 200 719 913 119 891 604 600 879 331 312
1011 10 3424 908 34 83 54 68 142 758 330 7 317 688 599 91 258 342 928 433 320 903 945
2011 10 3424 68 142 908 34 7 317 342 928 83 54 433 320 903 945 758 330 688 599 91 258
3011 10 3424 433 320 91 258 83 54 908 34 758 330 7 317 903 945 688 599 68 142 342 928
4011 10 3424 68 142 908 34 688 599 903 945 342 928 7 317 91 258 433 320 83 54 758 330
5011 10 3424 758 330 903 945 433 320 68 142 83 54 688 599 908 34 7 317 342 928 91 258
6011 10 3424 7 317 908 34 83 54 688 599 758 330 91 258 68 142 433 320 903 945 342 928
7011 10 3424 688 599 433 320 342 928 7 317 903 945 91 258 758 330 68 142 908 34 83 54
8011 10 3424 758 330 83 54 68 142 908 34 903 945 342 928 433 320 688 599 91 258 7 317
9011 10 3424 83 54 342 928 903 945 91 258 68 142 7 317 758 330 908 34 688 599 433 320
10011 10 3424 342 928 68 142 758 330 91 258 83 54 688 599 908 34 433 320 7 317 903 945
1012 10 3247 930 533 622 209 685 982 146 207 213 898 295 839 369 963 1 6 73 489 725 746
2012 10 3247 295 839 213 898 725 746 930 533 146 207 685 982 1 6 73 489 369 963 622 209
3012 10 3247 622 209 213 898 685 982 369 963 1 6 146 207 73 489 930 533 295 839 725 746
4012 10 3247 725 746 146 207 73 489 213 898 1 6 369 963 295 839 622 209 930 533 685 982
5012 10 3247 73 489 685 982 213 898 369 963 295 839 146 207 725 746 622 209 1 6 930 533
6012 10 3247 73 489 146 207 622 209 685 982 295 839 930 533 1 6 369 963 725 746 213 898
7012 10 3247 213 898 622 209 73 489 725 746 685 982 295 839 146 207 1 6 930 533 369 963
8012 10 3247 725 746 685 982 73 489 369 963 930 533 295 839 1 6 622 209 146 207 213 898
9012 10 3247 622 209 73 489 685 982 213 898 146 207 369 963 1 6 725 746 930 533 295 839
10012 10 3247 295 839 369 963 685 982 1 6 213 898 930 533 622 209 725 746 73 489 146 207
1013 10 3300 444 632 271 141 529 221 553 884 399 773 615 836 28 882 653 963 528 955 105 472
2013 10 3300 444 632 653 963 105 472 615 836 28 882 529 221 553 884 528 955 271 141 399 773
3013 10 3300 653 963 271 141 528 955 399 773 28 882 615 836 553 884 444 632 529 221 105 472
4013 10 3300 653 963 529 221 28 882 105 472 271 141 553 884 444 632 615 836 528 955 399 773
5013 10 3300 271 141 28 882 444 632 528 955 105 472 529 221 615 836 653 963 399 773 553 884
6013 10 3300 271 141 553 884 444 632 529 221 615 836 653 963 528 955 399 773 105 472 28 882
7013 10 3300 399 773 105 472 529 221 271 141 28 882 653 963 528 955 615 836 553 884 444 632
8013 10 3300 615 836 529 221 444 632 528 955 28 882 105 472 553 884 653 963 271 141 399 773
9013 10 3300 399 773 553 884 28 882 615 836 528 955 105 472 444 632 271 141 653 963 529 221
10013 10 3300 653 963 399 773 271 141 444 632 528 955 28 882 529 221 615 836 105 472 553 884
1014 10 3056 520 83 477 494 813 249 581 440 2 635 572 768 40 153 407 210 328 590 80 633
2014 10 3056 407 210 581 440 328 590 477 494 80 633 520 83 40 153 2 635 572 768 813 249
3014 10 3056 80 633 407 210 477 494 581 440 40 153 2 635 328 590 520 83 572 768 813 249
4014 10 3056 40 153 813 249 581 440 328 590 477 494 572 768 2 635 80 633 407 210 520 83
5014 10 3056 2 635 40 153 477 494 813 249 407 210 328 590 581 440 572 768 520 83 80 633
6014 10 3056 80 633 407 210 2 635 813 249 477 494 572 768 520 83 328 590 40 153 581 440
7014 10 3056 477 494 572 768 520 83 407 210 40 153 813 249 581 440 328 590 2 635 80 633
8014 10 3056 581 440 520 83 328 590 2 635 477 494 572 768 407 210 40 153 813 249 80 633
9014 10 3056 477 494 407 210 572 768 80 633 328 590 40 153 813 249 2 635 520 83 581 440
10014 10 3056 477 494 2 635 328 590 581 440 407 210 40 153 80 633 520 83 813 249 572 768
1015 10 2035 212 407 277 150 69 915 265 536 202 898 124 959 306 898 203 865 683 711 203 751
2015 10 2035 306 898 683 711 202 898 203 751 212 407 277 150 124 959 69 915 265 536 203 865
3015 10 2035 124 959 683 711 202 898 212 407 69 915 277 150 265 536 203 865 203 751 306 898
4015 10 2035 265 536 203 865 69 915 277 150 683 711 202 898 306 898 124 959 203 751 212 407
5015 10 2035 277 150 212 407 203 751 124 959 69 915 306 898 202 898 683 711 265 536 203 865
6015 10 2035 202 898 203 751 683 711 203 865 306 898 265 536 69 915 124 959 212 407 277 150
7015 10 2035 683 711 203 865 124 959 277 150 202 898 306 898 69 915 212 407 203 751 265 536
8015 10 2035 203 865 265 536 124 959 202 898 203 751 212 407 69 915 306 898 683 711 277 150
9015 10 2035 277 150 306 898 124 959 69 915 203 751 203 865 265 536 202 898 683 711 212 407
10015 10 2035 683 711 69 915 277 150 203 751 203 865 306 898 212 407 265 536 202 898 124 959
1016 10 2570 211 415 589 59 766 92 344 782 75 394 768 297 134 860 66 595 46 564 214 198
2016 10 2570 344 782 214 198 589 59 134 860 768 297 766 92 46 564 211 415 66 595 75 394
3016 10 2570 214 198 589 59 134 860 344 782 66 595 75 394 768 297 211 415 46 564 766 92
4016 10 2570 211 415 766 92 66 595 768 297 46 564 214 198 134 860 589 59 344 782 75 394
5016 10 2570 46 564 214 198 66 595 211 415 344 782 768 297 75 394 134 860 766 92 589 59
6016 10 2570 46 564 134 860 589 59 768 297 75 394 211 415 766 92 344 782 66 595 214 198
7016 10 2570 46 564 211 415 75 394 344 782 766 92 66 595 768 297 214 198 134 860 589 59
8016 10 2570 211 415 344 782 589 59 768 297 134 860 214 198 46 564 75 394 66 595 766 92
9016 10 2570 211 415 589 59 768 297 766 92 66 595 214 198 46 564 134 860 75 394 344 782
10016 10 2570 46 564 768 297 214 198 211 415 75 394 766 92 66 595 134 860 344 782 589 59
1017 10 2977 860 430 425 133 107 202 138 861 487 751 130 462 132 909 326 91 474 494 643 967
2017 10 2977 326 91 860 430 132 909 130 462 474 494 487 751 643 967 107 202 138 861 425 133
3017 10 2977 425 133 326 91 130 462 487 751 643 967 474 494 132 909 107 202 860 430 138 861
4017 10 2977 138 861 326 91 474 494 107 202 487 751 425 133 643 967 860 430 132 909 130 462
5017 10 2977 326 91 425 133 474 494 487 751 643 967 132 909 130 462 107 202 138 861 860 430
6017 10 2977 107 202 487 751 425 133 130 462 326 91 138 861 132 909 474 494 643 967 860 430
7017 10 2977 487 751 130 462 132 909 643 967 326 91 107 202 138 861 474 494 425 133 860 430
8017 10 2977 132 909 326 91 643 967 860 430 474 494 425 133 130 462 138 861 487 751 107 202
9017 10 2977 326 91 107 202 425 133 132 909 860 430 474 494 487 751 130 462 643 967 138 861
10017 10 2977 487 751 107 202 860 430 425 133 138 861 132 909 474 494 130 462 643 967 326 91
1018 10 3298 76 118 479 273 433 977 825 749 434 908 277 525 233 33 684 593 636 931 46 621
2018 10 3298 46 621 684 593 277 525 636 931 233 33 433 977 76 118 479 273 434 908 825 749
3018 10 3298 479 273 433 977 636 931 76 118 434 908 46 621 277 525 825 749 684 593 233 33
4018 10 3298 684 593 434 908 479 273 46 621 825 749 233 33 433 977 277 525 636 931 76 118
5018 10 3298 479 273 76 118 277 525 684 593 233 33 636 931 434 908 825 749 433 977 46 621
6018 10 3298 46 621 233 33 277 525 684 593 434 908 433 977 636 931 76 118 825 749 479 273
7018 10 3298 277 525 684 593 46 621 76 118 433 977 636 931 479 273 233 33 825 749 434 908
8018 10 3298 433 977 46 621 76 118 233 33 434 908 479 273 277 525 636 931 825 749 684 593
9018 10 3298 277 525 434 908 233 33 684 593 433 977 636 931 76 118 825 749 46 621 479 273
10018 10 3298 433 977 46 621 434 908 684 593 636 931 233 33 825 749 277 525 479 273 76 118
1019 10 3546 717 526 181 737 740 320 867 869 244 946 543 515 118 36 218 506 168 142 637 65
2019 10 3546 717 526 543 515 181 737 740 320 244 946 168 142 867 869 218 506 637 65 118 36
3019 10 3546 637 65 181 737 168 142 867 869 740 320 244 946 543 515 218 506 717 526 118 36
4019 10 3546 168 142 867 869 218 506 740 320 637 65 181 737 717 526 118 36 244 946 543 515
5019 10 3546 244 946 637 65 740 320 118 36 168 142 717 526 543 515 867 869 181 737 218 506
6019 10 3546 637 65 181 737 717 526 543 515 867 869 740 320 168 142 218 506 244 946 118 36
7019 10 3546 168 142 637 65 218 506 543 515 740 320 244 946 118 36 181 737 867 869 717 526
8019 10 3546 867 869 637 65 168 142 218 506 181 737 118 36 543 515 740 320 244 946 717 526
9019 10 3546 181 737 637 65 543 515 118 36 218 506 867 869 740 320 244 946 717 526 168 142
10019 10 3546 168 142 717 526 118 36 244 946 637 65 740 320 867 869 181 737 543 515 218 506
1020 10 3144 536 429 499 19 753 838 28 419 122 67 625 506 565 665 133 948 389 123 281 262
2020 10 3144 281 262 625 506 122 67 499 19 753 838 536 429 389 123 28 419 565 665 133 948
3020 10 3144 133 948 28 419 122 67 536 429 281 262 625 506 389 123 565 665 753 838 499 19
4020 10 3144 536 429 389 123 753 838 133 948 28 419 122 67 281 262 625 506 565 665 499 19
5020 10 3144 389 123 28 419 122 67 625 506 499 19 565 665 133 948 753 838 536 429 281 262
6020 10 3144 122 67 499 19 133 948 281 262 389 123 536 429 28 419 565 665 753 838 625 506
7020 10 3144 753 838 625 506 28 419 499 19 536 429 281 262 133 948 389 123 565 665 122 67
8020 10 3144 389 123 625 506 122 67 281 262 565 665 536 429 28 419 753 838 133 948 499 19
9020 10 3144 565 665 28 419 753 838 281 262 536 429 625 506 389 123 499 19 133 948 122 67
10020 10 3144 281 262 625 506 122 67 565 665 133 948 28 419 389 123 753 838 499 19 536 429
1021 10 2982 5 237 314 676 573 734 406 81 516 57 327 166 471 156 629 967 402 652 85 882
2021 10 2982 629 967 406 81 314 676 85 882 402 652 516 57 573 734 471 156 327 166 5 237
3021 10 2982 85 882 314 676 406 81 5 237 402 652 471 156 516 57 327 166 629 967 573 734
4021 10 2982 516 57 314 676 629 967 406 81 573 734 327 166 5 237 471 156 85 882 402 652
5021 10 2982 573 734 85 882 314 676 516 57 402 652 471 156 327 166 629 967 5 237 406 81
6021 10 2982 314 676 85 882 629 967 516 57 327 166 471 156 5 237 406 81 573 734 402 652
7021 10 2982 5 237 516 57 314 676 471 156 85 882 629 967 573 734 402 652 327 166 406 81
8021 10 2982 85 882 5 237 629 967 327 166 402 652 573 734 471 156 314 676 516 57 406 81
9021 10 2982 629 967 327 166 402 652 573 734 406 81 5 237 471 156 516 57 85 882 314 676
10021 10 2982 5 237 471 156 516 57 327 166 573 734 314 676 406 81 85 882 402 652 629 967
1022 10 2813 353 9 364 323 308 708 485 899 226 819 31 118 570 24 244 20 926 620 10 368
2022 10 2813 485 899 353 9 308 708 10 368 570 24 364 323 926 620 226 819 244 20 31 118
3022 10 2813 364 323 926 620 226 819 244 20 31 118 485 899 10 368 570 24 353 9 308 708
4022 10 2813 226 819 353 9 485 899 244 20 308 708 31 118 10 368 570 24 364 323 926 620
5022 10 2813 926 620 31 118 10 368 244 20 226 819 364 323 570 24 485 899 353 9 308 708
6022 10 2813 308 708 226 819 244 20 485 899 31 118 926 620 353 9 10 368 570 24 364 323
7022 10 2813 353 9 244 20 308 708 10 368 364 323 926 620 31 118 570 24 485 899 226 819
8022 10 2813 485 899 308 708 570 24 10 368 31 118 353 9 926 620 244 20 364 323 226 819
9022 10 2813 226 819 926 620 364 323 353 9 31 118 485 899 244 20 10 368 570 24 308 708
10022 10 2813 926 620 364 323 570 24 10 368 226 819 485 899 308 708 31 118 244 20 353 9
1023 10 1701 57 735 233 530 70 741 22 776 126 525 378 632 237 409 132 489 279 300 593 892
2023 10 1701 132 489 233 530 70 741 237 409 378 632 279 300 22 776 126 525 57 735 593 892
3023 10 1701 132 489 279 300 237 409 57 735 593 892 70 741 126 525 233 530 378 632 22 776
4023 10 1701 70 741 593 892 57 735 126 525 378 632 132 489 279 300 237 409 233 530 22 776
5023 10 1701 132 489 378 632 57 735 237 409 279 300 22 776 233 530 593 892 70 741 126 525
6023 10 1701 132 489 22 776 237 409 233 530 57 735 70 741 593 892 126 525 378 632 279 300
7023 10 1701 132 489 237 409 57 735 279 300 593 892 378 632 233 530 126 525 70 741 22 776
8023 10 1701 237 409 70 741 57 735 378 632 593 892 132 489 22 776 279 300 233 530 126 525
9023 10 1701 233 530 126 525 22 776 378 632 70 741 237 409 132 489 593 892 57 735 279 300
10023 10 1701 233 530 57 735 126 525 237 409 378 632 279 300 132 489 22 776 70 741 593 892
1024 10 3110 254 793 704 966 603 201 173 682 764 531 449 933 25 494 4 381 506 771 406 99
2024 10 3110 4 381 406 99 254 793 704 966 764 531 25 494 506 771 603 201 173 682 449 933
3024 10 3110 4 381 603 201 254 793 406 99 173 682 764 531 25 494 704 966 449 933 506 771
4024 10 3110 173 682 449 933 4 381 764 531 603 201 506 771 254 793 25 494 406 99 704 966
5024 10 3110 406 99 506 771 764 531 449 933 704 966 254 793 25 494 173 682 603 201 4 381
6024 10 3110 25 494 449 933 764 531 603 201 506 771 406 99 4 381 173 682 704 966 254 793
7024 10 3110 449 933 4 381 506 771 25 494 704 966 603 201 173 682 406 99 764 531 254 793
8024 10 3110 704 966 173 682 406 99 764 531 254 793 4 381 506 771 449 933 603 201 25 494
9024 10 3110 254 793 506 771 173 682 704 966 764 531 25 494 4 381 406 99 603 201 449 933
10024 10 3110 603 201 254 793 4 381 506 771 764 531 406 99 449 933 704 966 25 494 173 682
1025 10 2558 9 304 181 909 461 288 29 837 861 540 359 84 551 480 440 969 173 789 134 241
2025 10 2558 359 84 461 288 551 480 134 241 29 837 440 969 861 540 181 909 9 304 173 789
3025 10 2558 9 304 461 288 134 241 551 480 181 909 861 540 173 789 359 84 29 837 440 969
4025 10 2558 551 480 181 909 861 540 29 837 461 288 440 969 9 304 134 241 173 789 359 84
5025 10 2558 861 540 9 304 29 837 134 241 440 969 173 789 359 84 181 909 461 288 551 480
6025 10 2558 181 909 861 540 9 304 359 84 440 969 29 837 173 789 551 480 461 288 134 241
7025 10 2558 9 304 551 480 29 837 861 540 461 288 181 909 173 789 134 241 359 84 440 969
8025 10 2558 181 909 134 241 9 304 440 969 173 789 461 288 29 837 551 480 861 540 359 84
9025 10 2558 551 480 181 909 173 789 440 969 359 84 461 288 29 837 9 304 861 540 134 241
10025 10 2558 551 480 9 304 29 837 134 241 181 909 461 288 173 789 861 540 440 969 359 84
1026 10 3883 745 932 783 942 23 364 542 398 544 535 611 798 239 447 501 756 631 864 235 165
2026 10 3883 542 398 544 535 783 942 611 798 745 932 631 864 235 165 23 364 239 447 501 756
3026 10 3883 235 165 783 942 544 535 239 447 631 864 745 932 611 798 23 364 542 398 501 756
4026 10 3883 542 398 783 942 501 756 631 864 544 535 745 932 611 798 235 165 23 364 239 447
5026 10 3883 783 942 631 864 542 398 611 798 239 447 544 535 235 165 501 756 23 364 745 932
6026 10 3883 745 932 631 864 542 398 611 798 544 535 239 447 23 364 235 165 783 942 501 756
7026 10 3883 611 798 745 932 23 364 239 447 783 942 631 864 542 398 544 535 501 756 235 165
8026 10 3883 745 932 631 864 783 942 611 798 23 364 501 756 239 447 542 398 235 165 544 535
9026 10 3883 23 364 544 535 611 798 501 756 542 398 239 447 745 932 235 165 783 942 631 864
10026 10 3883 501 756 611 798 542 398 745 932 631 864 23 364 239 447 544 535 783 942 235 165
1027 10 2588 363 900 327 420 211 325 708 496 217 924 660 439 167 848 144 766 18 457 421 179
2027 10 2588 363 900 18 457 327 420 144 766 167 848 211 325 660 439 217 924 421 179 708 496
3027 10 2588 211 325 327 420 167 848 363 900 18 457 144 766 708 496 421 179 660 439 217 924
4027 10 2588 660 439 421 179 211 325 144 766 363 900 217 924 327 420 708 496 18 457 167 848
5027 10 2588 167 848 708 496 144 766 421 179 327 420 660 439 217 924 363 900 18 457 211 325
6027 10 2588 708 496 167 848 421 179 217 924 144 766 327 420 660 439 363 900 18 457 211 325
7027 10 2588 211 325 660 439 363 900 327 420 421 179 167 848 18 457 708 496 217 924 144 766
8027 10 2588 217 924 327 420 211 325 708 496 144 766 167 848 660 439 363 900 421 179 18 457
9027 10 2588 421 179 167 848 211 325 708 496 660 439 18 457 327 420 144 766 363 900 217 924
10027 10 2588 211 325 18 457 421 179 660 439 327 420 708 496 144 766 167 848 363 900 217 924
1028 10 1987 87 738 106 840 36 355 150 678 50 53 517 946 151 454 347 916 423 222 617 839
2028 10 1987 423 222 151 454 150 678 87 738 36 355 347 916 106 840 617 839 50 53 517 946
3028 10 1987 50 53 150 678 87 738 106 840 36 355 617 839 517 946 423 222 347 916 151 454
4028 10 1987 423 222 50 53 347 916 517 946 106 840 36 355 617 839 150 678 151 454 87 738
5028 10 1987 151 454 50 53 617 839 517 946 347 916 423 222 150 678 36 355 87 738 106 840
6028 10 1987 87 738 347 916 50 53 151 454 423 222 106 840 517 946 36 355 150 678 617 839
7028 10 1987 617 839 87 738 106 840 50 53 36 355 151 454 423 222 150 678 347 916 517 946
8028 10 1987 106 840 87 738 617 839 36 355 347 916 517 946 50 53 151 454 423 222 150 678
9028 10 1987 347 916 87 738 36 355 150 678 423 222 106 840 617 839 517 946 50 53 151 454
10028 10 1987 423 222 347 916 50 53 151 454 106 840 617 839 36 355 87 738 150 678 517 946
1029 10 3502 576 149 468 913 397 298 12 931 573 921 844 481 298 345 295 948 462 316 453 522
2029 10 3502 576 149 462 316 397 298 453 522 298 345 12 931 573 921 295 948 468 913 844 481
3029 10 3502 462 316 298 345 576 149 844 481 12 931 453 522 397 298 295 948 468 913 573 921
4029 10 3502 573 921 462 316 844 481 397 298 468 913 12 931 453 522 295 948 576 149 298 345
5029 10 3502 453 522 462 316 844 481 298 345 468 913 12 931 576 149 295 948 397 298 573 921
6029 10 3502 12 931 576 149 397 298 468 913 573 921 298 345 462 316 453 522 295 948 844 481
7029 10 3502 462 316 468 913 295 948 298 345 576 149 12 931 453 522 573 921 397 298 844 481
8029 10 3502 468 913 576 149 295 948 453 522 573 921 462 316 12 931 397 298 298 345 844 481
9029 10 3502 12 931 468 913 295 948 576 149 397 298 844 481 573 921 453 522 462 316 298 345
10029 10 3502 573 921 12 931 462 316 576 149 844 481 453 522 295 948 468 913 397 298 298 345
1030 10 2840 417 359 214 976 404 188 532 476 33 422 358 736 730 487 198 556 145 728 519 365
2030 10 2840 730 487 198 556 532 476 33 422 417 359 145 728 358 736 519 365 214 976 404 188
3030 10 2840 33 422 519 365 417 359 358 736 730 487 404 188 532 476 214 976 145 728 198 556
4030 10 2840 519 365 404 188 730 487 198 556 145 728 532 476 214 976 417 359 358 736 33 422
5030 10 2840 532 476 33 422 214 976 417 359 145 728 198 556 730 487 519 365 358 736 404 188
6030 10 2840 198 556 532 476 145 728 214 976 33 422 417 359 730 487 519 365 404 188 358 736
7030 10 2840 214 976 532 476 33 422 404 188 145 728 358 736 519 365 730 487 417 359 198 556
8030 10 2840 214 976 404 188 358 736 145 728 532 476 519 365 730 487 198 556 33 422 417 359
9030 10 2840 730 487 33 422 145 728 404 188 214 976 417 359 532 476 198 556 358 736 519 365
10030 10 2840 214 976 33 422 358 736 198 556 404 188 532 476 730 487 145 728 417 359 519 365
1031 10 3532 395 1 859 856 421 1000 386 992 277 806 301 946 306 322 211 658 775 116 485 754
2031 10 3532 485 754 775 116 211 658 859 856 395 1 301 946 421 1000 306 322 386 992 277 806
3031 10 3532 386 992 775 116 301 946 859 856 395 1 306 322 421 1000 277 806 485 754 211 658
4031 10 3532 211 658 485 754 306 322 386 992 859 856 775 116 421 1000 301 946 395 1 277 806
5031 10 3532 301 946 421 1000 775 116 277 806 211 658 306 322 395 1 386 992 859 856 485 754
6031 10 3532 301 946 485 754 386 992 859 856 395 1 421 1000 277 806 211 658 775 116 306 322
7031 10 3532 386 992 775 116 301 946 859 856 485 754 211 658 306 322 277 806 395 1 421 1000
8031 10 3532 775 116 485 754 211 658 301 946 386 992 421 1000 395 1 277 806 306 322 859 856
9031 10 3532 859 856 306 322 775 116 395 1 301 946 386 992 277 806 211 658 421 1000 485 754
10031 10 3532 306 322 211 658 775 116 485 754 421 1000 395 1 386 992 301 946 859 856 277 806
1032 10 2595 221 52 246 46 600 636 82 783 698 976 89 180 415 25 74 583 463 244 356 187
2032 10 2595 82 783 463 244 698 976 600 636 356 187 74 583 415 25 89 180 246 46 221 52
3032 10 2595 600 636 221 52 74 583 82 783 89 180 356 187 463 244 698 976 246 46 415 25
4032 10 2595 600 636 246 46 221 52 89 180 698 976 356 187 415 25 82 783 463 244 74 583
5032 10 2595 600 636 82 783 415 25 74 583 698 976 89 180 221 52 246 46 356 187 463 244
6032 10 2595 600 636 698 976 82 783 415 25 246 46 463 244 89 180 221 52 356 187 74 583
7032 10 2595 600 636 698 976 356 187 74 583 246 46 415 25 82 783 463 244 221 52 89 180
8032 10 2595 89 180 698 976 356 187 600 636 415 25 221 52 463 244 74 583 246 46 82 783
9032 10 2595 89 180 463 244 698 976 82 783 246 46 221 52 74 583 356 187 415 25 600 636
10032 10 2595 415 25 74 583 356 187 246 46 698 976 463 244 89 180 221 52 600 636 82 783
1033 10 3448 604 90 3 315 242 705 630 968 753 199 780 153 193 623 820 254 122 558 163 784
2033 10 3448 630 968 753 199 780 153 122 558 242 705 604 90 193 623 3 315 820 254 163 784
3033 10 3448 122 558 163 784 242 705 630 968 604 90 193 623 820 254 753 199 3 315 780 153
4033 10 3448 630 968 820 254 604 90 780 153 163 784 753 199 193 623 122 558 242 705 3 315
5033 10 3448 630 968 122 558 193 623 3 315 780 153 163 784 242 705 604 90 753 199 820 254
6033 10 3448 122 558 163 784 780 153 3 315 193 623 242 705 630 968 604 90 820 254 753 199
7033 10 3448 122 558 753 199 630 968 820 254 163 784 3 315 604 90 780 153 242 705 193 623
8033 10 3448 780 153 122 558 242 705 630 968 753 199 193 623 604 90 820 254 3 315 163 784
9033 10 3448 163 784 820 254 604 90 753 199 193 623 630 968 3 315 780 153 242 705 122 558
10033 10 3448 3 315 820 254 753 199 163 784 193 623 242 705 122 558 604 90 780 153 630 968
1034 10 2780 686 80 632 366 491 794 271 53 151 474 106 51 315 720 486 196 243 949 95 543
2034 10 2780 686 80 106 51 243 949 95 543 151 474 271 53 632 366 491 794 315 720 486 196
3034 10 2780 686 80 632 366 271 53 151 474 315 720 106 51 486 196 243 949 95 543 491 794
4034 10 2780 632 366 151 474 106 51 686 80 271 53 315 720 486 196 243 949 95 543 491 794
5034 10 2780 106 51 632 366 486 196 243 949 271 53 686 80 491 794 151 474 315 720 95 543
6034 10 2780 686 80 243 949 486 196 106 51 491 794 632 366 95 543 271 53 151 474 315 720
7034 10 2780 151 474 106 51 243 949 686 80 486 196 491 794 95 543 271 53 632 366 315 720
8034 10 2780 632 366 106 51 95 543 486 196 491 794 271 53 315 720 151 474 243 949 686 80
9034 10 2780 632 366 686 80 491 794 151 474 106 51 486 196 315 720 95 543 271 53 243 949
10034 10 2780 243 949 686 80 315 720 106 51 271 53 151 474 632 366 95 543 486 196 491 794
1035 10 3484 326 187 538 796 358 585 12 724 575 257 469 638 695 800 454 448 637 40 292 209
2035 10 3484 454 448 469 638 695 800 358 585 575 257 538 796 12 724 637 40 326 187 292 209
3035 10 3484 292 209 358 585 637 40 538 796 469 638 575 257 695 800 326 187 454 448 12 724
4035 10 3484 695 800 637 40 326 187 469 638 358 585 292 209 575 257 12 724 538 796 454 448
5035 10 3484 575 257 454 448 12 724 326 187 538 796 358 585 292 209 637 40 695 800 469 638
6035 10 3484 695 800 454 448 538 796 637 40 575 257 469 638 326 187 358 585 292 209 12 724
7035 10 3484 469 638 292 209 695 800 637 40 358 585 575 257 538 796 454 448 12 724 326 187
8035 10 3484 538 796 12 724 575 257 292 209 454 448 326 187 637 40 695 800 469 638 358 585
9035 10 3484 358 585 575 257 637 40 469 638 538 796 695 800 454 448 326 187 12 724 292 209
10035 10 3484 695 800 326 187 469 638 454 448 575 257 538 796 637 40 12 724 358 585 292 209
1036 10 2943 922 461 702 526 623 455 534 208 85 360 32 918 331 947 245 555 27 376 178 704
2036 10 2943 534 208 27 376 178 704 331 947 32 918 245 555 85 360 623 455 922 461 702 526
3036 10 2943 178 704 331 947 27 376 534 208 702 526 85 360 32 918 922 461 245 555 623 455
4036 10 2943 922 461 623 455 27 376 32 918 178 704 85 360 534 208 331 947 245 555 702 526
5036 10 2943 331 947 178 704 245 555 623 455 32 918 85 360 922 461 534 208 27 376 702 526
6036 10 2943 331 947 922 461 245 555 702 526 27 376 85 360 534 208 32 918 623 455 178 704
7036 10 2943 85 360 331 947 27 376 178 704 534 208 922 461 32 918 623 455 702 526 245 555
8036 10 2943 534 208 32 918 702 526 178 704 331 947 85 360 922 461 623 455 27 376 245 555
9036 10 2943 922 461 534 208 85 360 331 947 27 376 623 455 32 918 702 526 245 555 178 704
10036 10 2943 27 376 32 918 922 461 534 208 702 526 178 704 331 947 623 455 245 555 85 360
1037 10 3100 585 9 761 256 70 567 356 369 453 16 343 494 511 384 397 55 5 163 395 303
2037 10 3100 343 494 761 256 395 303 585 9 5 163 397 55 70 567 453 16 356 369 511 384
3037 10 3100 453 16 585 9 5 163 397 55 395 303 761 256 511 384 343 494 356 369 70 567
4037 10 3100 511 384 5 163 453 16 343 494 70 567 395 303 761 256 585 9 356 369 397 55
5037 10 3100 343 494 453 16 5 163 397 55 70 567 585 9 356 369 511 384 395 303 761 256
6037 10 3100 5 163 70 567 585 9 343 494 511 384 356 369 453 16 395 303 761 256 397 55
7037 10 3100 511 384 453 16 395 303 585 9 761 256 356 369 343 494 5 163 397 55 70 567
8037 10 3100 395 303 356 369 453 16 511 384 70 567 343 494 5 163 761 256 397 55 585 9
9037 10 3100 70 567 511 384 397 55 761 256 395 303 5 163 585 9 453 16 343 494 356 369
10037 10 3100 585 9 761 256 397 55 453 16 343 494 5 163 356 369 395 303 511 384 70 567
1038 10 1892 579 846 189 69 280 269 854 960 40 41 28 976 252 232 37 490 63 630 43 155
2038 10 1892 189 69 43 155 579 846 280 269 40 41 854 960 63 630 28 976 37 490 252 232
3038 10 1892 63 630 280 269 37 490 579 846 43 155 252 232 28 976 189 69 40 41 854 960
4038 10 1892 28 976 37 490 189 69 280 269 43 155 252 232 854 960 63 630 579 846 40 41
5038 10 1892 37 490 189 69 579 846 280 269 40 41 252 232 854 960 63 630 28 976 43 155
6038 10 1892 280 269 40 41 28 976 189 69 37 490 579 846 252 232 854 960 43 155 63 630
7038 10 1892 854 960 40 41 579 846 37 490 28 976 63 630 189 69 43 155 280 269 252 232
8038 10 1892 28 976 854 960 579 846 40 41 189 69 63 630 37 490 43 155 252 232 280 269
9038 10 1892 28 976 40 41 579 846 854 960 252 232 189 69 280 269 63 630 43 155 37 490
10038 10 1892 37 490 40 41 189 69 28 976 579 846 63 630 252 232 43 155 280 269 854 960
1039 10 3640 821 868 796 594 700 256 122 692 634 940 221 400 152 872 49 38 968 493 88 545
2039 10 3640 700 256 968 493 796 594 88 545 821 868 634 940 221 400 122 692 49 38 152 872
3039 10 3640 968 493 49 38 700 256 634 940 88 545 221 400 796 594 821 868 122 692 152 872
4039 10 3640 700 256 221 400 968 493 821 868 122 692 796 594 88 545 634 940 49 38 152 872
5039 10 3640 700 256 88 545 821 868 122 692 49 38 221 400 152 872 968 493 796 594 634 940
6039 10 3640 634 940 49 38 700 256 968 493 88 545 821 868 221 400 122 692 796 594 152 872
7039 10 3640 796 594 152 872 634 940 700 256 821 868 88 545 968 493 49 38 221 400 122 692
8039 10 3640 700 256 221 400 796 594 634 940 152 872 968 493 88 545 49 38 122 692 821 868
9039 10 3640 49 38 122 692 968 493 88 545 796 594 700 256 152 872 821 868 634 940 221 400
10039 10 3640 122 692 152 872 796 594 821 868 49 38 700 256 221 400 634 940 968 493 88 545
1040 10 4123 869 50 362 22 490 500 84 553 448 213 653 933 916 412 517 51 604 737 211 38
2040 10 4123 211 38 362 22 869 50 448 213 517 51 490 500 604 737 84 553 653 933 916 412
3040 10 4123 604 737 448 213 916 412 653 933 84 553 869 50 211 38 517 51 490 500 362 22
4040 10 4123 448 213 869 50 490 500 84 553 362 22 916 412 211 38 653 933 517 51 604 737
5040 10 4123 916 412 517 51 211 38 604 737 84 553 869 50 362 22 448 213 653 933 490 500
6040 10 4123 84 553 448 213 604 737 653 933 916 412 869 50 490 500 517 51 211 38 362 22
7040 10 4123 362 22 84 553 604 737 448 213 490 500 211 38 869 50 517 51 653 933 916 412
8040 10 4123 869 50 362 22 84 553 604 737 490 500 517 51 916 412 448 213 653 933 211 38
9040 10 4123 653 933 490 500 84 553 916 412 211 38 448 213 362 22 604 737 517 51 869 50
10040 10 4123 84 553 211 38 362 22 517 51 604 737 448 213 869 50 916 412 653 933 490 500
1041 10 3133 351 251 586 557 370 140 19 374 290 624 313 801 603 15 280 255 622 638 483 916
2041 10 3133 313 801 586 557 280 255 622 638 351 251 19 374 603 15 370 140 483 916 290 624
3041 10 3133 290 624 313 801 351 251 622 638 19 374 280 255 586 557 370 140 483 916 603 15
4041 10 3133 19 374 586 557 370 140 290 624 603 15 280 255 483 916 622 638 351 251 313 801
5041 10 3133 586 557 290 624 622 638 603 15 483 916 370 140 19 374 351 251 280 255 313 801
6041 10 3133 290 624 351 251 280 255 483 916 370 140 586 557 603 15 622 638 19 374 313 801
7041 10 3133 370 140 586 557 622 638 19 374 280 255 603 15 351 251 290 624 483 916 313 801
8041 10 3133 483 916 351 251 19 374 586 557 280 255 290 624 313 801 603 15 370 140 622 638
9041 10 3133 370 140 586 557 313 801 351 251 280 255 622 638 19 374 603 15 483 916 290 624
10041 10 3133 19 374 351 251 290 624 586 557 370 140 622 638 483 916 603 15 313 801 280 255
1042 10 2714 22 386 50 201 226 369 622 824 456 427 365 304 275 473 800 569 136 50 441 215
2042 10 2714 275 473 622 824 50 201 441 215 456 427 226 369 800 569 22 386 365 304 136 50
3042 10 2714 226 369 800 569 50 201 365 304 441 215 456 427 136 50 622 824 275 473 22 386
4042 10 2714 226 369 365 304 622 824 22 386 275 473 136 50 800 569 50 201 456 427 441 215
5042 10 2714 456 427 226 369 800 569 22 386 50 201 275 473 441 215 622 824 365 304 136 50
6042 10 2714 275 473 622 824 226 369 441 215 22 386 136 50 50 201 456 427 365 304 800 569
7042 10 2714 622 824 226 369 365 304 800 569 50 201 441 215 275 473 22 386 456 427 136 50
8042 10 2714 275 473 22 386 136 50 800 569 622 824 226 369 50 201 456 427 441 215 365 304
9042 10 2714 136 50 365 304 226 369 50 201 800 569 441 215 22 386 456 427 622 824 275 473
10042 10 2714 226 369 456 427 275 473 136 50 441 215 50 201 365 304 800 569 22 386 622 824
1043 10 2751 501 914 257 449 23 765 103 760 94 941 591 470 259 350 511 662 870 400 230 32
2043 10 2751 23 765 259 350 257 449 94 941 511 662 870 400 230 32 501 914 103 760 591 470
3043 10 2751 259 350 511 662 870 400 591 470 230 32 103 760 23 765 257 449 94 941 501 914
4043 10 2751 870 400 591 470 103 760 257 449 230 32 259 350 94 941 501 914 511 662 23 765
5043 10 2751 591 470 23 765 870 400 501 914 230 32 511 662 259 350 257 449 103 760 94 941
6043 10 2751 103 760 501 914 23 765 94 941 591 470 511 662 230 32 870 400 259 350 257 449
7043 10 2751 230 32 94 941 259 350 103 760 23 765 501 914 870 400 591 470 511 662 257 449
8043 10 2751 511 662 870 400 257 449 103 760 259 350 23 765 230 32 501 914 94 941 591 470
9043 10 2751 230 32 257 449 259 350 870 400 103 760 23 765 591 470 511 662 501 914 94 941
10043 10 2751 870 400 23 765 511 662 257 449 103 760 591 470 230 32 259 350 94 941 501 914
1044 10 2472 463 924 3 769 138 430 670 601 393 851 62 24 401 49 634 44 201 142 126 159
2044 10 2472 62 24 393 851 634 44 3 769 463 924 201 142 670 601 126 159 401 49 138 430
3044 10 2472 463 924 670 601 126 159 3 769 401 49 201 142 138 430 393 851 634 44 62 24
4044 10 2472 126 159 463 924 393 851 201 142 3 769 401 49 62 24 634 44 670 601 138 430
5044 10 2472 138 430 401 49 463 924 201 142 393 851 62 24 3 769 634 44 126 159 670 601
6044 10 2472 634 44 463 924 126 159 3 769 138 430 670 601 393 851 401 49 62 24 201 142
7044 10 2472 201 142 62 24 138 430 393 851 401 49 3 769 634 44 126 159 670 601 463 924
8044 10 2472 670 601 201 142 3 769 463 924 126 159 62 24 634 44 401 49 393 851 138 430
9044 10 2472 463 924 138 430 634 44 401 49 201 142 670 601 62 24 126 159 393 851 3 769
10044 10 2472 126 159 463 924 393 851 401 49 138 430 634 44 62 24 201 142 3 769 670 601
1045 10 3725 671 7 348 341 711 633 605 797 686 340 461 589 238 849 575 367 177 651 185 447
2045 10 3725 686 340 575 367 671 7 348 341 711 633 238 849 461 589 185 447 605 797 177 651
3045 10 3725 177 651 348 341 671 7 238 849 605 797 711 633 461 589 686 340 185 447 575 367
4045 10 3725 177 651 185 447 671 7 686 340 605 797 238 849 711 633 461 589 575 367 348 341
5045 10 3725 461 589 238 849 185 447 177 651 575 367 686 340 605 797 671 7 348 341 711 633
6045 10 3725 461 589 605 797 711 633 575 367 686 340 177 651 238 849 348 341 671 7 185 447
7045 10 3725 185 447 238 849 671 7 348 341 711 633 605 797 461 589 177 651 686 340 575 367
8045 10 3725 686 340 177 651 185 447 605 797 575 367 348 341 671 7 711 633 238 849 461 589
9045 10 3725 238 849 671 7 711 633 686 340 575 367 185 447 177 651 461 589 348 341 605 797
10045 10 3725 177 651 238 849 671 7 686 340 575 367 605 797 711 633 461 589 348 341 185 447
1046 10 3672 558 338 176 326 627 259 95 370 361 495 676 971 210 609 722 898 288 778 877 377
2046 10 3672 95 370 627 259 676 971 722 898 361 495 558 338 176 326 288 778 210 609 877 377
3046 10 3672 288 778 361 495 95 370 627 259 676 971 877 377 558 338 722 898 176 326 210 609
4046 10 3672 210 609 722 898 676 971 288 778 558 338 361 495 877 377 95 370 627 259 176 326
5046 10 3672 722 898 361 495 288 778 676 971 877 377 558 338 210 609 176 326 95 370 627 259
6046 10 3672 95 370 288 778 722 898 210 609 877 377 361 495 627 259 558 338 676 971 176 326
7046 10 3672 210 609 558 338 877 377 627 259 676 971 722 898 176 326 361 495 95 370 288 778
8046 10 3672 877 377 627 259 558 338 722 898 210 609 176 326 361 495 676 971 288 778 95 370
9046 10 3672 176 326 288 778 210 609 627 259 558 338 95 370 361 495 676 971 722 898 877 377
10046 10 3672 722 898 627 259 176 326 361 495 558 338 877 377 288 778 95 370 676 971 210 609
1047 10 1883 386 726 565 637 260 45 424 51 175 268 97 511 97 747 37 6 136 62 177 370
2047 10 1883 424 51 565 637 177 370 260 45 175 268 97 511 386 726 136 62 97 747 37 6
3047 10 1883 386 726 424 51 175 268 565 637 37 6 97 511 260 45 97 747 136 62 177 370
4047 10 1883 424 51 136 62 565 637 97 511 175 268 177 370 260 45 97 747 37 6 386 726
5047 10 1883 565 637 175 268 386 726 136 62 177 370 260 45 97 747 97 511 424 51 37 6
6047 10 1883 97 511 424 51 97 747 565 637 175 268 260 45 386 726 136 62 177 370 37 6
7047 10 1883 565 637 37 6 175 268 260 45 136 62 386 726 424 51 97 747 97 511 177 370
8047 10 1883 386 726 37 6 424 51 260 45 175 268 97 511 97 747 177 370 136 62 565 637
9047 10 1883 260 45 175 268 386 726 136 62 37 6 97 511 177 370 565 637 97 747 424 51
10047 10 1883 175 268 424 51 97 747 37 6 177 370 97 511 386 726 136 62 565 637 260 45
1048 10 3990 157 766 817 216 658 11 349 373 86 302 404 186 917 456 335 159 822 516 443 843
2048 10 3990 917 456 335 159 658 11 404 186 822 516 157 766 349 373 817 216 443 843 86 302
3048 10 3990 443 843 86 302 335 159 404 186 822 516 157 766 917 456 658 11 349 373 817 216
4048 10 3990 157 766 443 843 822 516 658 11 335 159 404 186 817 216 917 456 86 302 349 373
5048 10 3990 658 11 917 456 86 302 817 216 157 766 349 373 335 159 404 186 443 843 822 516
6048 10 3990 86 302 917 456 404 186 817 216 157 766 349 373 443 843 822 516 335 159 658 11
7048 10 3990 404 186 157 766 349 373 658 11 822 516 443 843 817 216 917 456 335 159 86 302
8048 10 3990 917 456 86 302 335 159 404 186 658 11 349 373 817 216 443 843 157 766 822 516
9048 10 3990 443 843 86 302 349 373 822 516 917 456 817 216 658 11 157 766 335 159 404 186
10048 10 3990 404 186 658 11 917 456 86 302 817 216 822 516 157 766 335 159 443 843 349 373
1049 10 3228 121 59 463 959 467 550 568 685 538 534 202 890 288 717 353 674 946 146 90 428
2049 10 3228 202 890 90 428 467 550 568 685 353 674 538 534 946 146 121 59 288 717 463 959
3049 10 3228 467 550 90 428 568 685 353 674 946 146 121 59 463 959 288 717 202 890 538 534
4049 10 3228 288 717 121 59 467 550 946 146 538 534 90 428 463 959 568 685 202 890 353 674
5049 10 3228 946 146 467 550 90 428 353 674 538 534 288 717 463 959 121 59 202 890 568 685
6049 10 3228 467 550 202 890 353 674 463 959 288 717 538 534 90 428 568 685 946 146 121 59
7049 10 3228 202 890 288 717 467 550 463 959 946 146 90 428 568 685 538 534 353 674 121 59
8049 10 3228 467 550 568 685 121 59 463 959 90 428 353 674 946 146 288 717 202 890 538 534
9049 10 3228 353 674 463 959 202 890 568 685 121 59 467 550 538 534 90 428 288 717 946 146
10049 10 3228 568 685 90 428 288 717 946 146 538 534 463 959 202 890 467 550 121 59 353 674
1050 10 2794 414 762 190 95 9 647 294 626 656 700 48 474 65 962 744 736 881 607 192 212
2050 10 2794 190 95 744 736 656 700 881 607 294 626 9 647 65 962 48 474 192 212 414 762
3050 10 2794 190 95 294 626 656 700 881 607 744 736 48 474 65 962 9 647 414 762 192 212
4050 10 2794 65 962 48 474 192 212 881 607 656 700 190 95 294 626 414 762 744 736 9 647
5050 10 2794 294 626 192 212 9 647 414 762 744 736 190 95 656 700 65 962 48 474 881 607
6050 10 2794 881 607 65 962 9 647 414 762 190 95 656 700 744 736 294 626 48 474 192 212
7050 10 2794 881 607 190 95 294 626 48 474 656 700 9 647 414 762 744 736 192 212 65 962
8050 10 2794 65 962 48 474 744 736 656 700 881 607 190 95 192 212 9 647 414 762 294 626
9050 10 2794 190 95 656 700 744 736 414 762 294 626 48 474 65 962 881 607 192 212 9 647
10050 10 2794 190 95 294 626 65 962 744 736 414 762 881 607 656 700 48 474 9 647 192 212
1051 10 3160 203 930 361 556 157 441 801 199 149 293 268 342 191 233 722 462 339 824 759 482
2051 10 3160 722 462 759 482 339 824 157 441 203 930 801 199 149 293 268 342 191 233 361 556
3051 10 3160 339 824 191 233 801 199 157 441 149 293 759 482 361 556 722 462 268 342 203 930
4051 10 3160 157 441 361 556 203 930 268 342 722 462 339 824 759 482 149 293 801 199 191 233
5051 10 3160 339 824 361 556 722 462 149 293 157 441 759 482 191 233 268 342 801 199 203 930
6051 10 3160 339 824 149 293 759 482 361 556 191 233 722 462 268 342 801 199 203 930 157 441
7051 10 3160 361 556 203 930 801 199 157 441 722 462 339 824 149 293 268 342 759 482 191 233
8051 10 3160 191 233 361 556 149 293 801 199 722 462 339 824 203 930 157 441 759 482 268 342
9051 10 3160 203 930 149 293 801 199 722 462 361 556 339 824 268 342 191 233 759 482 157 441
10051 10 3160 268 342 157 441 722 462 203 930 339 824 361 556 149 293 801 199 759 482 191 233
1052 10 2123 186 202 424 3 185 768 112 842 128 560 334 586 67 840 435 583 139 123 644 382
2052 10 2123 424 3 112 842 128 560 186 202 67 840 435 583 644 382 185 768 139 123 334 586
3052 10 2123 334 586 424 3 435 583 186 202 644 382 185 768 128 560 112 842 139 123 67 840
4052 10 2123 334 586 186 202 435 583 644 382 424 3 128 560 139 123 185 768 112 842 67 840
5052 10 2123 186 202 139 123 112 842 185 768 334 586 644 382 435 583 67 840 424 3 128 560
6052 10 2123 435 583 185 768 334 586 139 123 644 382 186 202 128 560 67 840 112 842 424 3
7052 10 2123 112 842 334 586 435 583 185 768 644 382 424 3 139 123 128 560 67 840 186 202
8052 10 2123 185 768 435 583 139 123 186 202 128 560 644 382 112 842 67 840 334 586 424 3
9052 10 2123 112 842 644 382 435 583 139 123 186 202 185 768 67 840 128 560 424 3 334 586
10052 10 2123 139 123 334 586 186 202 424 3 67 840 435 583 112 842 185 768 644 382 128 560
1053 10 2921 456 775 144 518 575 813 535 504 416 315 123 274 325 141 206 1 614 746 258 681
2053 10 2921 416 315 575 813 614 746 258 681 535 504 325 141 206 1 144 518 123 274 456 775
3053 10 2921 456 775 575 813 325 141 535 504 258 681 123 274 144 518 206 1 416 315 614 746
4053 10 2921 325 141 123 274 614 746 144 518 575 813 416 315 456 775 258 681 535 504 206 1
5053 10 2921 416 315 535 504 144 518 206 1 575 813 258 681 456 775 614 746 123 274 325 141
6053 10 2921 614 746 258 681 206 1 535 504 325 141 575 813 144 518 123 274 456 775 416 315
7053 10 2921 456 775 325 141 575 813 258 681 614 746 535 504 416 315 123 274 206 1 144 518
8053 10 2921 144 518 456 775 325 141 416 315 614 746 535 504 258 681 123 274 206 1 575 813
9053 10 2921 575 813 325 141 258 681 144 518 535 504 123 274 416 315 206 1 614 746 456 775
10053 10 2921 416 315 206 1 123 274 258 681 614 746 144 518 575 813 456 775 535 504 325 141
1054 10 3932 610 952 594 729 522 150 443 620 473 177 663 423 142 694 282 350 312 49 874 676
2054 10 3932 142 694 473 177 282 350 594 729 663 423 443 620 610 952 522 150 312 49 874 676
3054 10 3932 522 150 142 694 473 177 874 676 312 49 663 423 594 729 282 350 443 620 610 952
4054 10 3932 874 676 594 729 142 694 610 952 282 350 663 423 522 150 312 49 473 177 443 620
5054 10 3932 594 729 443 620 312 49 282 350 142 694 522 150 663 423 874 676 610 952 473 177
6054 10 3932 594 729 610 952 663 423 522 150 282 350 312 49 874 676 443 620 473 177 142 694
7054 10 3932 473 177 594 729 282 350 522 150 142 694 443 620 610 952 663 423 874 676 312 49
8054 10 3932 594 729 282 350 663 423 874 676 142 694 312 49 473 177 522 150 443 620 610 952
9054 10 3932 443 620 282 350 874 676 473 177 142 694 594 729 663 423 312 49 610 952 522 150
10054 10 3932 594 729 663 423 282 350 312 49 610 952 874 676 142 694 522 150 473 177 443 620
1055 10 5741 908 618 908 65 672 622 816 884 16 387 800 985 825 442 856 296 690 718 686 652
2055 10 5741 816 884 800 985 16 387 908 65 825 442 672 622 856 296 690 718 686 652 908 618
3055 10 5741 816 884 672 622 856 296 908 65 686 652 825 442 16 387 690 718 908 618 800 985
4055 10 5741 800 985 825 442 856 296 686 652 816 884 690 718 908 618 908 65 16 387 672 622
5055 10 5741 908 618 686 652 16 387 816 884 825 442 856 296 672 622 908 65 690 718 800 985
6055 10 5741 800 985 908 65 672 622 16 387 825 442 908 618 856 296 816 884 690 718 686 652
7055 10 5741 672 622 908 618 856 296 800 985 825 442 686 652 908 65 16 387 690 718 816 884
8055 10 5741 908 65 908 618 690 718 856 296 825 442 672 622 816 884 686 652 800 985 16 387
9055 10 5741 690 718 686 652 856 296 908 65 672 622 908 618 825 442 800 985 16 387 816 884
10055 10 5741 16 387 825 442 908 65 686 652 690 718 816 884 672 622 800 985 856 296 908 618
1056 10 4506 506 151 640 858 715 1 851 501 725 387 190 844 334 478 496 953 668 996 508 918
2056 10 4506 496 953 715 1 334 478 725 387 508 918 668 996 506 151 640 858 190 844 851 501
3056 10 4506 496 953 640 858 190 844 506 151 851 501 715 1 508 918 668 996 725 387 334 478
4056 10 4506 640 858 725 387 334 478 190 844 496 953 508 918 668 996 851 501 715 1 506 151
5056 10 4506 508 918 190 844 334 478 506 151 668 996 640 858 725 387 715 1 496 953 851 501
6056 10 4506 851 501 508 918 506 151 496 953 190 844 640 858 334 478 715 1 725 387 668 996
7056 10 4506 851 501 668 996 508 918 725 387 506 151 334 478 496 953 640 858 190 844 715 1
8056 10 4506 715 1 506 151 640 858 190 844 496 953 334 478 668 996 725 387 508 918 851 501
9056 10 4506 334 478 508 918 851 501 640 858 496 953 668 996 725 387 715 1 190 844 506 151
10056 10 4506 496 953 190 844 508 918 851 501 668 996 715 1 506 151 334 478 725 387 640 858
1057 10 2965 208 569 637 543 623 919 429 298 27 176 148 855 354 906 352 709 306 714 623 156
2057 10 2965 208 569 623 919 148 855 27 176 354 906 637 543 306 714 429 298 352 709 623 156
3057 10 2965 27 176 352 709 637 543 429 298 208 569 623 919 623 156 148 855 306 714 354 906
4057 10 2965 354 906 623 919 352 709 429 298 148 855 306 714 208 569 637 543 27 176 623 156
5057 10 2965 306 714 623 156 623 919 352 709 429 298 27 176 148 855 637 543 208 569 354 906
6057 10 2965 354 906 306 714 352 709 623 919 429 298 208 569 148 855 27 176 637 543 623 156
7057 10 2965 354 906 429 298 352 709 623 156 27 176 623 919 208 569 306 714 148 855 637 543
8057 10 2965 352 709 27 176 354 906 429 298 623 156 148 855 208 569 306 714 623 919 637 543
9057 10 2965 352 709 637 543 623 919 429 298 27 176 208 569 354 906 306 714 148 855 623 156
10057 10 2965 27 176 623 919 429 298 352 709 623 156 637 543 148 855 306 714 208 569 354 906
1058 10 3907 379 419 917 456 571 122 877 996 10 521 64 137 331 888 838 472 389 628 508 121
2058 10 3907 877 996 571 122 917 456 508 121 838 472 64 137 10 521 331 888 389 628 379 419
3058 10 3907 379 419 917 456 10 521 877 996 838 472 331 888 508 121 571 122 389 628 64 137
4058 10 3907 64 137 877 996 389 628 508 121 917 456 379 419 10 521 331 888 571 122 838 472
5058 10 3907 571 122 508 121 838 472 389 628 917 456 877 996 64 137 10 521 379 419 331 888
6058 10 3907 389 628 379 419 331 888 877 996 571 122 64 137 838 472 10 521 917 456 508 121
7058 10 3907 571 122 389 628 838 472 379 419 877 996 917 456 331 888 64 137 508 121 10 521
8058 10 3907 379 419 508 121 331 888 10 521 838 472 917 456 389 628 877 996 64 137 571 122
9058 10 3907 838 472 917 456 331 888 10 521 877 996 508 121 571 122 64 137 379 419 389 628
10058 10 3907 10 521 508 121 379 419 389 628 917 456 331 888 838 472 877 996 64 137 571 122
1059 10 2847 228 302 260 818 207 70 346 361 180 894 752 232 655 461 98 604 796 487 37 214
2059 10 2847 655 461 207 70 37 214 228 302 98 604 796 487 346 361 180 894 260 818 752 232
3059 10 2847 346 361 796 487 207 70 752 232 655 461 180 894 37 214 228 302 98 604 260 818
4059 10 2847 752 232 260 818 207 70 98 604 655 461 228 302 180 894 346 361 37 214 796 487
5059 10 2847 260 818 346 361 37 214 228 302 180 894 796 487 207 70 98 604 655 461 752 232
6059 10 2847 260 818 98 604 37 214 228 302 207 70 796 487 346 361 752 232 180 894 655 461
7059 10 2847 346 361 655 461 752 232 207 70 37 214 98 604 260 818 796 487 180 894 228 302
8059 10 2847 346 361 260 818 655 461 98 604 796 487 180 894 207 70 37 214 752 232 228 302
9059 10 2847 228 302 655 461 796 487 346 361 752 232 37 214 98 604 180 894 260 818 207 70
10059 10 2847 37 214 346 361 260 818 655 461 228 302 180 894 752 232 98 604 796 487 207 70
1060 10 3290 363 321 532 184 364 650 113 599 246 769 597 717 19 780 946 975 576 535 357 277
2060 10 3290 363 321 357 277 364 650 19 780 597 717 576 535 246 769 946 975 113 599 532 184
3060 10 3290 576 535 364 650 597 717 532 184 946 975 246 769 113 599 19 780 357 277 363 321
4060 10 3290 363 321 597 717 364 650 19 780 576 535 113 599 946 975 246 769 357 277 532 184
5060 10 3290 946 975 357 277 19 780 532 184 113 599 576 535 246 769 597 717 364 650 363 321
6060 10 3290 113 599 357 277 946 975 532 184 364 650 576 535 597 717 363 321 19 780 246 769
7060 10 3290 532 184 946 975 113 599 246 769 597 717 363 321 19 780 576 535 357 277 364 650
8060 10 3290 597 717 576 535 364 650 532 184 946 975 246 769 19 780 113 599 357 277 363 321
9060 10 3290 946 975 19 780 364 650 576 535 363 321 246 769 357 277 532 184 113 599 597 717
10060 10 3290 532 184 946 975 19 780 357 277 576 535 597 717 113 599 363 321 246 769 364 650
1061 10 2412 178 262 290 426 142 350 465 708 55 231 4 239 971 125 359 77 194 445 358 374
2061 10 2412 55 231 971 125 465 708 290 426 359 77 358 374 4 239 178 262 194 445 142 350
3061 10 2412 178 262 465 708 194 445 971 125 55 231 4 239 290 426 359 77 142 350 358 374
4061 10 2412 290 426 4 239 55 231 142 350 358 374 194 445 465 708 971 125 359 77 178 262
5061 10 2412 4 239 290 426 465 708 55 231 971 125 194 445 142 350 359 77 358 374 178 262
6061 10 2412 358 374 359 77 465 708 971 125 178 262 290 426 55 231 142 350 194 445 4 239
7061 10 2412 359 77 55 231 142 350 178 262 971 125 358 374 4 239 194 445 465 708 290 426
8061 10 2412 4 239 55 231 359 77 465 708 178 262 290 426 194 445 971 125 142 350 358 374
9061 10 2412 55 231 971 125 142 350 359 77 358 374 290 426 178 262 465 708 4 239 194 445
10061 10 2412 359 77 290 426 178 262 142 350 358 374 971 125 194 445 465 708 4 239 55 231
1062 10 4012 414 851 21 861 239 257 779 246 581 647 183 177 626 445 838 522 442 266 892 958
2062 10 4012 21 861 183 177 414 851 239 257 442 266 779 246 626 445 892 958 581 647 838 522
3062 10 4012 838 522 183 177 779 246 239 257 892 958 442 266 626 445 581 647 21 861 414 851
4062 10 4012 581 647 838 522 779 246 414 851 626 445 21 861 442 266 183 177 239 257 892 958
5062 10 4012 21 861 414 851 239 257 581 647 892 958 183 177 838 522 442 266 626 445 779 246
6062 10 4012 779 246 838 522 414 851 183 177 239 257 442 266 581 647 21 861 626 445 892 958
7062 10 4012 442 266 779 246 892 958 21 861 838 522 239 257 581 647 414 851 183 177 626 445
8062 10 4012 581 647 779 246 414 851 442 266 838 522 239 257 626 445 21 861 892 958 183 177
9062 10 4012 838 522 183 177 21 861 442 266 414 851 779 246 626 445 581 647 892 958 239 257
10062 10 4012 183 177 21 861 779 246 442 266 626 445 581 647 239 257 414 851 838 522 892 958
1063 10 3332 46 458 384 184 99 682 619 183 726 891 342 650 645 389 370 772 326 924 609 694
2063 10 3332 342 650 46 458 326 924 726 891 370 772 619 183 99 682 609 694 645 389 384 184
3063 10 3332 46 458 99 682 384 184 342 650 645 389 326 924 619 183 726 891 370 772 609 694
4063 10 3332 645 389 99 682 46 458 384 184 326 924 726 891 609 694 342 650 619 183 370 772
5063 10 3332 609 694 619 183 326 924 370 772 342 650 384 184 645 389 46 458 726 891 99 682
6063 10 3332 619 183 726 891 326 924 645 389 384 184 99 682 370 772 46 458 609 694 342 650
7063 10 3332 726 891 46 458 609 694 99 682 370 772 384 184 619 183 326 924 342 650 645 389
8063 10 3332 384 184 370 772 619 183 46 458 645 389 609 694 726 891 342 650 99 682 326 924
9063 10 3332 46 458 384 184 99 682 326 924 726 891 370 772 645 389 619 183 609 694 342 650
10063 10 3332 326 924 726 891 46 458 609 694 342 650 619 183 370 772 99 682 645 389 384 184
1064 10 4411 410 101 689 502 526 545 664 289 879 154 410 12 566 155 454 157 221 471 695 810
2064 10 4411 664 289 410 101 695 810 566 155 221 471 454 157 410 12 689 502 526 545 879 154
3064 10 4411 664 289 410 101 221 471 879 154 526 545 410 12 689 502 566 155 454 157 695 810
4064 10 4411 664 289 695 810 526 545 221 471 410 101 454 157 410 12 689 502 879 154 566 155
5064 10 4411 454 157 689 502 664 289 410 101 566 155 410 12 221 471 879 154 695 810 526 545
6064 10 4411 695 810 664 289 410 101 566 155 454 157 410 12 221 471 689 502 879 154 526 545
7064 10 4411 566 155 410 12 695 810 410 101 689 502 664 289 526 545 879 154 454 157 221 471
8064 10 4411 689 502 566 155 664 289 526 545 221 471 695 810 410 101 410 12 454 157 879 154
9064 10 4411 664 289 695 810 526 545 689 502 410 12 221 471 410 101 566 155 454 157 879 154
10064 10 4411 410 12 664 289 566 155 689 502 695 810 879 154 221 471 454 157 526 545 410 101
1065 10 3902 99 359 578 34 58 641 325 916 878 409 854 883 340 275 568 783 272 817 906 592
2065 10 3902 568 783 272 817 325 916 99 359 906 592 578 34 878 409 340 275 854 883 58 641
3065 10 3902 906 592 578 34 325 916 854 883 568 783 99 359 340 275 272 817 878 409 58 641
4065 10 3902 272 817 578 34 58 641 854 883 340 275 99 359 568 783 878 409 325 916 906 592
5065 10 3902 58 641 99 359 906 592 878 409 272 817 578 34 325 916 340 275 568 783 854 883
6065 10 3902 325 916 568 783 340 275 854 883 906 592 578 34 99 359 878 409 58 641 272 817
7065 10 3902 578 34 340 275 58 641 878 409 568 783 906 592 99 359 854 883 325 916 272 817
8065 10 3902 878 409 58 641 340 275 854 883 325 916 272 817 568 783 906 592 578 34 99 359
9065 10 3902 854 883 906 592 58 641 99 359 878 409 568 783 340 275 325 916 578 34 272 817
10065 10 3902 340 275 878 409 568 783 272 817 578 34 99 359 854 883 325 916 906 592 58 641
1066 10 2726 353 449 205 459 324 934 254 685 199 973 177 594 83 164 901 757 87 9 825 858
2066 10 2726 87 9 825 858 199 973 353 449 901 757 177 594 254 685 324 934 205 459 83 164
3066 10 2726 177 594 205 459 254 685 353 449 87 9 199 973 901 757 83 164 825 858 324 934
4066 10 2726 199 973 205 459 254 685 83 164 324 934 901 757 353 449 825 858 87 9 177 594
5066 10 2726 205 459 901 757 177 594 254 685 825 858 353 449 199 973 87 9 324 934 83 164
6066 10 2726 199 973 254 685 353 449 901 757 205 459 83 164 825 858 324 934 87 9 177 594
7066 10 2726 901 757 254 685 324 934 177 594 83 164 205 459 87 9 353 449 199 973 825 858
8066 10 2726 83 164 825 858 87 9 254 685 205 459 353 449 177 594 199 973 324 934 901 757
9066 10 2726 205 459 324 934 254 685 825 858 83 164 177 594 901 757 199 973 87 9 353 449
10066 10 2726 825 858 177 594 901 757 353 449 87 9 199 973 83 164 205 459 254 685 324 934
1067 10 2914 521 330 627 401 242 783 503 98 30 295 165 83 499 101 280 709 200 131 576 336
2067 10 2914 503 98 280 709 30 295 242 783 627 401 499 101 576 336 165 83 521 330 200 131
3067 10 2914 503 98 280 709 576 336 242 783 165 83 521 330 200 131 627 401 30 295 499 101
4067 10 2914 200 131 242 783 499 101 503 98 280 709 627 401 165 83 576 336 521 330 30 295
5067 10 2914 503 98 576 336 200 131 280 709 499 101 521 330 627 401 165 83 30 295 242 783
6067 10 2914 499 101 576 336 280 709 200 131 165 83 242 783 30 295 627 401 503 98 521 330
7067 10 2914 627 401 242 783 280 709 503 98 499 101 576 336 521 330 200 131 30 295 165 83
8067 10 2914 242 783 499 101 280 709 627 401 30 295 576 336 521 330 165 83 200 131 503 98
9067 10 2914 499 101 503 98 627 401 165 83 30 295 521 330 280 709 200 131 576 336 242 783
10067 10 2914 242 783 200 131 280 709 30 295 165 83 521 330 499 101 627 401 576 336 503 98
1068 10 4254 740 960 517 271 381 798 525 907 193 150 868 874 518 624 836 99 4 949 736 636
2068 10 4254 736 636 525 907 193 150 517 271 381 798 4 949 836 99 518 624 740 960 868 874
3068 10 4254 517 271 836 99 193 150 381 798 740 960 518 624 525 907 868 874 736 636 4 949
4068 10 4254 517 271 381 798 193 150 868 874 518 624 736 636 525 907 4 949 740 960 836 99
5068 10 4254 193 150 4 949 836 99 740 960 517 271 868 874 381 798 736 636 518 624 525 907
6068 10 4254 517 271 193 150 525 907 518 624 4 949 868 874 740 960 381 798 736 636 836 99
7068 10 4254 868 874 740 960 517 271 518 624 381 798 736 636 525 907 193 150 4 949 836 99
8068 10 4254 525 907 836 99 381 798 193 150 736 636 518 624 740 960 4 949 517 271 868 874
9068 10 4254 525 907 517 271 518 624 193 150 381 798 868 874 736 636 4 949 740 960 836 99
10068 10 4254 193 150 740 960 518 624 517 271 525 907 868 874 736 636 4 949 836 99 381 798
1069 10 3718 943 826 918 899 186 267 67 106 110 666 283 487 125 850 480 5 887 661 649 411
2069 10 3718 649 411 67 106 918 899 887 661 186 267 125 850 110 666 480 5 283 487 943 826
3069 10 3718 283 487 943 826 649 411 480 5 918 899 125 850 67 106 887 661 186 267 110 666
4069 10 3718 918 899 283 487 125 850 110 666 480 5 67 106 887 661 943 826 186 267 649 411
5069 10 3718 125 850 943 826 67 106 887 661 480 5 110 666 186 267 283 487 918 899 649 411
6069 10 3718 480 5 887 661 649 411 283 487 125 850 918 899 110 666 186 267 67 106 943 826
7069 10 3718 480 5 110 666 67 106 283 487 186 267 125 850 918 899 887 661 943 826 649 411
8069 10 3718 480 5 887 661 649 411 67 106 125 850 110 666 283 487 943 826 918 899 186 267
9069 10 3718 110 666 649 411 918 899 67 106 283 487 186 267 887 661 480 5 943 826 125 850
10069 10 3718 283 487 649 411 918 899 943 826 125 850 186 267 110 666 67 106 887 661 480 5
1070 10 2989 592 199 167 886 767 742 258 969 48 424 22 50 701 719 40 703 653 422 489 136
2070 10 2989 258 969 701 719 22 50 40 703 767 742 48 424 167 886 653 422 592 199 489 136
3070 10 2989 167 886 592 199 40 703 22 50 258 969 653 422 489 136 767 742 701 719 48 424
4070 10 2989 653 422 167 886 701 719 592 199 22 50 767 742 40 703 258 969 489 136 48 424
5070 10 2989 701 719 167 886 258 969 653 422 22 50 40 703 489 136 592 199 48 424 767 742
6070 10 2989 22 50 258 969 489 136 592 199 767 742 167 886 40 703 701 719 48 424 653 422
7070 10 2989 767 742 701 719 40 703 592 199 489 136 167 886 22 50 653 422 48 424 258 969
8070 10 2989 701 719 40 703 167 886 22 50 489 136 48 424 767 742 258 969 653 422 592 199
9070 10 2989 22 50 653 422 592 199 258 969 48 424 40 703 167 886 701 719 489 136 767 742
10070 10 2989 167 886 767 742 22 50 592 199 40 703 489 136 653 422 701 719 258 969 48 424
1071 10 3280 635 536 331 146 516 596 927 453 58 648 60 671 712 508 145 451 95 637 622 950
2071 10 3280 58 648 712 508 927 453 635 536 95 637 331 146 60 671 516 596 622 950 145 451
3071 10 3280 516 596 331 146 95 637 927 453 60 671 145 451 635 536 622 950 58 648 712 508
4071 10 3280 927 453 58 648 635 536 60 671 516 596 331 146 95 637 622 950 145 451 712 508
5071 10 3280 622 950 145 451 95 637 516 596 712 508 331 146 58 648 927 453 635 536 60 671
6071 10 3280 95 637 331 146 145 451 60 671 712 508 516 596 635 536 58 648 622 950 927 453
7071 10 3280 516 596 635 536 712 508 95 637 145 451 60 671 622 950 58 648 331 146 927 453
8071 10 3280 622 950 635 536 331 146 145 451 712 508 58 648 95 637 516 596 927 453 60 671
9071 10 3280 331 146 516 596 95 637 622 950 60 671 58 648 635 536 927 453 712 508 145 451
10071 10 3280 927 453 331 146 95 637 712 508 516 596 60 671 145 451 622 950 58 648 635 536
1072 10 3454 238 814 499 6 39 186 760 31 726 70 791 547 290 597 596 131 343 242 36 642
2072 10 3454 499 6 290 597 39 186 36 642 791 547 726 70 343 242 238 814 596 131 760 31
3072 10 3454 343 242 39 186 499 6 791 547 290 597 726 70 596 131 238 814 36 642 760 31
4072 10 3454 760 31 343 242 238 814 36 642 596 131 39 186 499 6 726 70 290 597 791 547
5072 10 3454 343 242 760 31 596 131 499 6 36 642 290 597 238 814 726 70 791 547 39 186
6072 10 3454 791 547 39 186 726 70 499 6 760 31 290 597 238 814 36 642 343 242 596 131
7072 10 3454 39 186 596 131 290 597 238 814 760 31 499 6 726 70 791 547 343 242 36 642
8072 10 3454 499 6 290 597 760 31 238 814 726 70 39 186 791 547 596 131 343 242 36 642
9072 10 3454 36 642 238 814 39 186 290 597 760 31 343 242 499 6 791 547 726 70 596 131
10072 10 3454 343 242 596 131 39 186 726 70 238 814 499 6 791 547 36 642 290 597 760 31
1073 10 3256 767 786 66 134 788 453 213 134 191 209 823 403 60 903 125 933 247 857 791 813
2073 10 3256 60 903 247 857 191 209 791 813 823 403 125 933 767 786 213 134 788 453 66 134
3073 10 3256 823 403 125 933 767 786 66 134 191 209 791 813 213 134 247 857 788 453 60 903
4073 10 3256 791 813 767 786 125 933 788 453 823 403 66 134 60 903 213 134 247 857 191 209
5073 10 3256 791 813 191 209 767 786 823 403 125 933 66 134 788 453 247 857 60 903 213 134
6073 10 3256 191 209 823 403 788 453 125 933 213 134 791 813 60 903 767 786 247 857 66 134
7073 10 3256 767 786 791 813 191 209 60 903 66 134 823 403 788 453 125 933 247 857 213 134
8073 10 3256 191 209 213 134 66 134 788 453 767 786 247 857 791 813 823 403 60 903 125 933
9073 10 3256 213 134 823 403 767 786 191 209 247 857 60 903 788 453 66 134 791 813 125 933
10073 10 3256 791 813 767 786 191 209 788 453 125 933 247 857 213 134 66 134 823 403 60 903
1074 10 3562 395 759 381 698 514 39 308 930 202 537 327 808 714 947 607 67 353 996 652 904
2074 10 3562 202 537 327 808 381 698 353 996 652 904 308 930 714 947 395 759 607 67 514 39
3074 10 3562 353 996 381 698 652 904 202 537 714 947 514 39 607 67 308 930 395 759 327 808
4074 10 3562 514 39 607 67 353 996 714 947 202 537 308 930 652 904 327 808 381 698 395 759
5074 10 3562 308 930 514 39 202 537 327 808 395 759 353 996 714 947 652 904 607 67 381 698
6074 10 3562 607 67 202 537 353 996 652 904 714 947 381 698 308 930 514 39 327 808 395 759
7074 10 3562 381 698 202 537 327 808 353 996 714 947 308 930 395 759 607 67 514 39 652 904
8074 10 3562 607 67 353 996 514 39 202 537 714 947 381 698 652 904 395 759 308 930 327 808
9074 10 3562 381 698 308 930 202 537 327 808 607 67 514 39 395 759 714 947 652 904 353 996
10074 10 3562 353 996 607 67 327 808 652 904 514 39 308 930 381 698 395 759 714 947 202 537
1075 10 2258 481 432 372 360 164 80 216 810 95 512 456 247 192 592 47 23 364 409 436 124
2075 10 2258 456 247 192 592 216 810 372 360 481 432 95 512 436 124 364 409 164 80 47 23
3075 10 2258 47 23 456 247 164 80 95 512 364 409 372 360 436 124 216 810 481 432 192 592
4075 10 2258 164 80 456 247 95 512 216 810 481 432 364 409 47 23 372 360 192 592 436 124
5075 10 2258 456 247 47 23 372 360 164 80 481 432 364 409 95 512 436 124 192 592 216 810
6075 10 2258 192 592 456 247 372 360 95 512 481 432 436 124 47 23 216 810 164 80 364 409
7075 10 2258 95 512 216 810 364 409 164 80 481 432 436 124 47 23 192 592 456 247 372 360
8075 10 2258 216 810 481 432 456 247 95 512 164 80 436 124 372 360 47 23 192 592 364 409
9075 10 2258 372 360 95 512 364 409 192 592 216 810 436 124 164 80 47 23 481 432 456 247
10075 10 2258 481 432 95 512 436 124 216 810 164 80 372 360 364 409 47 23 456 247 192 592
1076 10 3366 305 760 618 442 451 710 32 279 338 101 477 299 837 932 109 118 775 147 266 781
2076 10 3366 451 710 618 442 109 118 305 760 266 781 477 299 837 932 32 279 338 101 775 147
3076 10 3366 451 710 775 147 618 442 32 279 266 781 305 760 477 299 338 101 109 118 837 932
4076 10 3366 477 299 775 147 451 710 338 101 109 118 618 442 305 760 266 781 837 932 32 279
5076 10 3366 477 299 837 932 266 781 305 760 775 147 338 101 32 279 109 118 618 442 451 710
6076 10 3366 618 442 338 101 266 781 109 118 451 710 305 760 837 932 775 147 32 279 477 299
7076 10 3366 837 932 109 118 618 442 451 710 266 781 775 147 32 279 305 760 477 299 338 101
8076 10 3366 266 781 109 118 618 442 32 279 451 710 338 101 477 299 305 760 837 932 775 147
9076 10 3366 451 710 618 442 338 101 477 299 837 932 266 781 32 279 305 760 775 147 109 118
10076 10 3366 109 118 451 710 266 781 618 442 305 760 775 147 837 932 338 101 32 279 477 299
1077 10 3828 601 700 543 653 442 311 275 399 354 884 741 563 120 98 571 197 524 780 614 310
2077 10 3828 442 311 614 310 571 197 275 399 543 653 601 700 524 780 741 563 120 98 354 884
3077 10 3828 354 884 601 700 741 563 442 311 543 653 275 399 571 197 120 98 614 310 524 780
4077 10 3828 571 197 741 563 614 310 524 780 543 653 442 311 275 399 601 700 354 884 120 98
5077 10 3828 354 884 741 563 442 311 524 780 543 653 571 197 275 399 120 98 601 700 614 310
6077 10 3828 354 884 571 197 601 700 442 311 524 780 614 310 120 98 275 399 741 563 543 653
7077 10 3828 442 311 601 700 614 310 741 563 275 399 120 98 571 197 543 653 524 780 354 884
8077 10 3828 120 98 614 310 442 311 275 399 741 563 571 197 354 884 524 780 601 700 543 653
9077 10 3828 275 399 120 98 741 563 543 653 571 197 601 700 614 310 354 884 442 311 524 780
10077 10 3828 741 563 543 653 354 884 601 700 571 197 524 780 120 98 275 399 614 310 442 311
1078 10 4306 977 648 717 401 677 160 542 824 271 342 540 790 41 80 906 951 135 723 577 271
2078 10 4306 542 824 271 342 977 648 906 951 717 401 577 271 540 790 135 723 677 160 41 80
3078 10 4306 540 790 135 723 577 271 977 648 677 160 717 401 542 824 271 342 41 80 906 951
4078 10 4306 540 790 677 160 271 342 577 271 906 951 977 648 135 723 41 80 717 401 542 824
5078 10 4306 977 648 41 80 577 271 540 790 717 401 135 723 271 342 542 824 677 160 906 951
6078 10 4306 577 271 135 723 677 160 271 342 906 951 41 80 717 401 977 648 542 824 540 790
7078 10 4306 542 824 717 401 135 723 977 648 677 160 540 790 906 951 41 80 577 271 271 342
8078 10 4306 540 790 717 401 542 824 906 951 677 160 135 723 271 342 41 80 977 648 577 271
9078 10 4306 135 723 977 648 677 160 577 271 542 824 271 342 906 951 540 790 41 80 717 401
10078 10 4306 977 648 135 723 677 160 540 790 542 824 41 80 577 271 717 401 271 342 906 951
1079 10 4151 316 635 307 3 345 486 320 747 618 956 770 663 213 69 715 319 829 425 756 958
2079 10 4151 320 747 618 956 770 663 715 319 345 486 316 635 829 425 756 958 213 69 307 3
3079 10 4151 715 319 213 69 320 747 307 3 316 635 345 486 618 956 770 663 829 425 756 958
4079 10 4151 213 69 715 319 829 425 316 635 320 747 618 956 770 663 345 486 756 958 307 3
5079 10 4151 307 3 770 663 756 958 829 425 345 486 618 956 320 747 316 635 715 319 213 69
6079 10 4151 756 958 715 319 618 956 345 486 213 69 770 663 320 747 316 635 307 3 829 425
7079 10 4151 829 425 213 69 320 747 715 319 618 956 770 663 756 958 316 635 307 3 345 486
8079 10 4151 316 635 829 425 715 319 213 69 618 956 345 486 307 3 756 958 320 747 770 663
9079 10 4151 770 663 316 635 829 425 756 958 345 486 715 319 618 956 320 747 307 3 213 69
10079 10 4151 715 319 618 956 320 747 316 635 307 3 770 663 345 486 756 958 829 425 213 69
1080 10 1960 391 979 532 129 273 368 162 905 10 285 228 800 90 144 496 615 241 786 27 41
2080 10 1960 27 41 273 368 241 786 10 285 228 800 90 144 496 615 391 979 162 905 532 129
3080 10 1960 27 41 273 368 90 144 10 285 391 979 496 615 228 800 241 786 532 129 162 905
4080 10 1960 90 144 228 800 273 368 391 979 496 615 10 285 532 129 241 786 27 41 162 905
5080 10 1960 273 368 90 144 532 129 496 615 391 979 10 285 228 800 162 905 241 786 27 41
6080 10 1960 10 285 532 129 27 41 496 615 90 144 162 905 391 979 273 368 241 786 228 800
7080 10 1960 391 979 10 285 273 368 496 615 90 144 228 800 532 129 27 41 241 786 162 905
8080 10 1960 391 979 241 786 496 615 10 285 162 905 27 41 228 800 90 144 273 368 532 129
9080 10 1960 90 144 532 129 228 800 391 979 10 285 273 368 241 786 27 41 496 615 162 905
10080 10 1960 241 786 90 144 391 979 273 368 10 285 228 800 532 129 496 615 27 41 162 905
1081 10 4188 542 113 212 224 365 142 224 494 821 985 332 956 920 263 727 658 888 792 205 730
2081 10 4188 224 494 205 730 542 113 332 956 920 263 212 224 727 658 365 142 888 792 821 985
3081 10 4188 212 224 224 494 888 792 365 142 542 113 727 658 920 263 821 985 332 956 205 730
4081 10 4188 888 792 332 956 821 985 542 113 205 730 727 658 365 142 224 494 212 224 920 263
5081 10 4188 888 792 365 142 920 263 821 985 727 658 205 730 542 113 332 956 212 224 224 494
6081 10 4188 920 263 212 224 332 956 727 658 821 985 205 730 224 494 542 113 888 792 365 142
7081 10 4188 212 224 727 658 332 956 542 113 205 730 224 494 888 792 821 985 365 142 920 263
8081 10 4188 920 263 212 224 205 730 224 494 888 792 821 985 332 956 365 142 542 113 727 658
9081 10 4188 365 142 542 113 920 263 212 224 224 494 888 792 205 730 821 985 332 956 727 658
10081 10 4188 727 658 542 113 212 224 888 792 205 730 224 494 920 263 365 142 332 956 821 985
1082 10 3493 303 678 423 1000 37 308 516 593 136 578 953 288 204 928 964 784 652 125 179 156
2082 10 3493 37 308 303 678 204 928 423 1000 179 156 964 784 136 578 652 125 953 288 516 593
3082 10 3493 652 125 953 288 516 593 423 1000 303 678 964 784 179 156 204 928 136 578 37 308
4082 10 3493 652 125 516 593 953 288 964 784 179 156 303 678 204 928 423 1000 37 308 136 578
5082 10 3493 303 678 37 308 652 125 516 593 204 928 179 156 953 288 423 1000 964 784 136 578
6082 10 3493 964 784 953 288 136 578 204 928 179 156 423 1000 652 125 37 308 303 678 516 593
7082 10 3493 964 784 953 288 136 578 423 1000 303 678 37 308 179 156 204 928 516 593 652 125
8082 10 3493 179 156 37 308 423 1000 136 578 303 678 964 784 204 928 516 593 652 125 953 288
9082 10 3493 136 578 652 125 423 1000 37 308 303 678 964 784 516 593 179 156 204 928 953 288
10082 10 3493 964 784 953 288 303 678 516 593 652 125 204 928 423 1000 179 156 136 578 37 308
1083 10 2731 451 205 498 650 307 915 223 754 5 975 430 164 731 33 311 550 236 384 222 217
2083 10 2731 498 650 307 915 311 550 731 33 451 205 236 384 222 217 430 164 223 754 5 975
3083 10 2731 223 754 451 205 731 33 430 164 236 384 5 975 498 650 222 217 307 915 311 550
4083 10 2731 430 164 451 205 236 384 307 915 222 217 311 550 223 754 731 33 498 650 5 975
5083 10 2731 731 33 311 550 307 915 236 384 451 205 498 650 223 754 430 164 5 975 222 217
6083 10 2731 311 550 236 384 451 205 222 217 430 164 307 915 731 33 223 754 498 650 5 975
7083 10 2731 430 164 236 384 311 550 223 754 307 915 731 33 222 217 5 975 451 205 498 650
8083 10 2731 731 33 498 650 223 754 5 975 430 164 311 550 451 205 236 384 222 217 307 915
9083 10 2731 307 915 311 550 223 754 222 217 430 164 451 205 731 33 5 975 498 650 236 384
10083 10 2731 731 33 451 205 498 650 311 550 236 384 307 915 222 217 223 754 430 164 5 975
1084 10 2440 85 729 236 80 47 319 273 448 163 10 241 622 434 514 808 660 665 779 99 974
2084 10 2440 434 514 665 779 85 729 47 319 236 80 273 448 163 10 241 622 99 974 808 660
3084 10 2440 665 779 85 729 273 448 163 10 47 319 434 514 241 622 99 974 236 80 808 660
4084 10 2440 47 319 665 779 163 10 99 974 85 729 241 622 434 514 273 448 236 80 808 660
5084 10 2440 163 10 273 448 236 80 808 660 665 779 434 514 47 319 241 622 85 729 99 974
6084 10 2440 85 729 47 319 273 448 99 974 665 779 163 10 434 514 241 622 808 660 236 80
7084 10 2440 163 10 434 514 236 80 273 448 808 660 85 729 241 622 665 779 47 319 99 974
8084 10 2440 47 319 273 448 99 974 241 622 808 660 85 729 434 514 665 779 163 10 236 80
9084 10 2440 99 974 236 80 241 622 434 514 273 448 808 660 665 779 85 729 163 10 47 319
10084 10 2440 99 974 241 622 236 80 273 448 85 729 434 514 808 660 163 10 665 779 47 319
1085 10 1259 321 465 193 966 89 146 199 203 181 726 203 713 128 815 161 329 17 929 82 635
2085 10 1259 17 929 82 635 181 726 321 465 128 815 203 713 161 329 193 966 89 146 199 203
3085 10 1259 17 929 82 635 199 203 321 465 128 815 161 329 89 146 193 966 203 713 181 726
4085 10 1259 17 929 161 329 199 203 203 713 128 815 193 966 89 146 181 726 321 465 82 635
5085 10 1259 193 966 321 465 82 635 89 146 203 713 161 329 128 815 17 929 199 203 181 726
6085 10 1259 321 465 199 203 203 713 181 726 82 635 89 146 161 329 128 815 193 966 17 929
7085 10 1259 128 815 181 726 17 929 199 203 193 966 161 329 321 465 203 713 89 146 82 635
8085 10 1259 128 815 321 465 203 713 161 329 82 635 17 929 199 203 181 726 89 146 193 966
9085 10 1259 82 635 181 726 17 929 193 966 89 146 199 203 161 329 321 465 203 713 128 815
10085 10 1259 17 929 199 203 203 713 193 966 181 726 128 815 82 635 89 146 161 329 321 465
1086 10 3124 676 982 496 510 366 455 140 498 926 893 363 537 325 857 404 658 81 937 128 106
2086 10 3124 140 498 926 893 325 857 496 510 81 937 363 537 676 982 404 658 366 455 128 106
3086 10 3124 363 537 366 455 404 658 128 106 926 893 676 982 325 857 496 510 81 937 140 498
4086 10 3124 676 982 363 537 325 857 81 937 926 893 140 498 404 658 496 510 128 106 366 455
5086 10 3124 926 893 366 455 325 857 496 510 128 106 676 982 81 937 140 498 404 658 363 537
6086 10 3124 128 106 325 857 404 658 363 537 676 982 496 510 81 937 140 498 366 455 926 893
7086 10 3124 81 937 363 537 926 893 128 106 140 498 496 510 404 658 676 982 325 857 366 455
8086 10 3124 363 537 81 937 128 106 366 455 404 658 325 857 496 510 926 893 140 498 676 982
9086 10 3124 325 857 363 537 404 658 496 510 366 455 676 982 140 498 926 893 81 937 128 106
10086 10 3124 140 498 496 510 81 937 363 537 325 857 404 658 366 455 676 982 926 893 128 106
1087 10 3323 624 817 197 736 135 867 234 677 953 831 57 291 466 763 197 509 445 731 846 766
2087 10 3323 445 731 466 763 197 509 846 766 953 831 624 817 57 291 135 867 197 736 234 677
3087 10 3323 846 766 445 731 466 763 624 817 197 736 135 867 57 291 197 509 953 831 234 677
4087 10 3323 57 291 466 763 135 867 197 509 624 817 234 677 445 731 197 736 953 831 846 766
5087 10 3323 234 677 624 817 57 291 846 766 197 509 445 731 135 867 953 831 466 763 197 736
6087 10 3323 197 736 197 509 846 766 466 763 135 867 57 291 234 677 445 731 624 817 953 831
7087 10 3323 57 291 846 766 234 677 624 817 445 731 466 763 953 831 197 736 135 867 197 509
8087 10 3323 953 831 234 677 466 763 57 291 197 736 624 817 846 766 445 731 135 867 197 509
9087 10 3323 624 817 135 867 846 766 197 736 466 763 234 677 57 291 197 509 445 731 953 831
10087 10 3323 846 766 624 817 197 736 197 509 234 677 953 831 57 291 135 867 445 731 466 763
1088 10 3592 50 47 833 827 587 375 631 720 457 752 102 199 149 256 723 421 581 738 377 201
2088 10 3592 102 199 723 421 631 720 581 738 587 375 833 827 149 256 457 752 50 47 377 201
3088 10 3592 587 375 723 421 377 201 149 256 457 752 50 47 102 199 581 738 833 827 631 720
4088 10 3592 833 827 50 47 581 738 723 421 102 199 457 752 377 201 631 720 149 256 587 375
5088 10 3592 102 199 149 256 50 47 457 752 581 738 833 827 631 720 377 201 587 375 723 421
6088 10 3592 631 720 377 201 457 752 581 738 102 199 587 375 833 827 149 256 723 421 50 47
7088 10 3592 50 47 102 199 581 738 833 827 457 752 723 421 631 720 149 256 377 201 587 375
8088 10 3592 149 256 377 201 723 421 50 47 631 720 457 752 587 375 581 738 833 827 102 199
9088 10 3592 50 47 102 199 587 375 149 256 581 738 833 827 631 720 457 752 377 201 723 421
10088 10 3592 50 47 581 738 631 720 377 201 723 421 833 827 102 199 149 256 457 752 587 375
1089 10 3298 790 605 88 112 398 148 383 435 154 379 95 948 948 960 761 160 334 948 172 506
2089 10 3298 790 605 761 160 398 148 383 435 172 506 334 948 95 948 154 379 948 960 88 112
3089 10 3298 398 148 154 379 383 435 88 112 334 948 95 948 948 960 172 506 790 605 761 160
4089 10 3298 334 948 383 435 398 148 88 112 95 948 154 379 172 506 790 605 948 960 761 160
5089 10 3298 334 948 88 112 761 160 383 435 172 506 948 960 95 948 790 605 398 148 154 379
6089 10 3298 948 960 172 506 154 379 88 112 95 948 383 435 790 605 334 948 761 160 398 148
7089 10 3298 95 948 790 605 154 379 88 112 383 435 334 948 948 960 172 506 398 148 761 160
8089 10 3298 172 506 334 948 154 379 761 160 948 960 88 112 383 435 790 605 398 148 95 948
9089 10 3298 95 948 172 506 383 435 398 148 334 948 948 960 790 605 154 379 88 112 761 160
10089 10 3298 948 960 790 605 334 948 154 379 761 160 88 112 172 506 95 948 383 435 398 148
1090 10 2360 401 107 942 632 100 330 202 788 106 534 251 431 539 899 187 713 159 566 64 365
2090 10 2360 187 713 100 330 251 431 539 899 64 365 942 632 202 788 401 107 159 566 106 534
3090 10 2360 251 431 64 365 942 632 187 713 159 566 100 330 401 107 106 534 202 788 539 899
4090 10 2360 64 365 539 899 159 566 942 632 401 107 106 534 100 330 251 431 187 713 202 788
5090 10 2360 159 566 100 330 106 534 401 107 251 431 942 632 64 365 539 899 187 713 202 788
6090 10 2360 202 788 106 534 251 431 159 566 100 330 401 107 942 632 187 713 64 365 539 899
7090 10 2360 100 330 187 713 202 788 64 365 106 534 251 431 539 899 159 566 401 107 942 632
8090 10 2360 202 788 187 713 251 431 401 107 159 566 64 365 100 330 942 632 106 534 539 899
9090 10 2360 251 431 100 330 942 632 64 365 202 788 401 107 159 566 106 534 539 899 187 713
10090 10 2360 251 431 202 788 539 899 100 330 106 534 187 713 64 365 401 107 159 566 942 632
1091 10 2946 118 962 529 748 576 570 591 151 31 442 27 274 153 595 862 942 202 459 594 393
2091 10 2946 27 274 862 942 202 459 576 570 591 151 153 595 529 748 118 962 31 442 594 393
3091 10 2946 529 748 862 942 118 962 576 570 594 393 31 442 153 595 591 151 27 274 202 459
4091 10 2946 594 393 591 151 153 595 27 274 576 570 202 459 862 942 118 962 31 442 529 748
5091 10 2946 594 393 576 570 31 442 202 459 118 962 862 942 27 274 153 595 529 748 591 151
6091 10 2946 153 595 591 151 202 459 529 748 27 274 594 393 576 570 31 442 862 942 118 962
7091 10 2946 576 570 153 595 591 151 118 962 202 459 862 942 27 274 31 442 594 393 529 748
8091 10 2946 27 274 862 942 31 442 202 459 594 393 118 962 576 570 591 151 153 595 529 748
9091 10 2946 594 393 118 962 27 274 862 942 202 459 576 570 31 442 529 748 591 151 153 595
10091 10 2946 153 595 594 393 862 942 31 442 27 274 529 748 202 459 118 962 591 151 576 570
1092 10 1972 23 116 936 662 71 4 334 810 287 731 252 801 39 235 369 189 62 324 92 273
2092 10 1972 334 810 252 801 287 731 23 116 369 189 92 273 71 4 62 324 39 235 936 662
3092 10 1972 369 189 287 731 334 810 23 116 39 235 92 273 62 324 936 662 252 801 71 4
4092 10 1972 62 324 334 810 92 273 39 235 369 189 71 4 936 662 287 731 23 116 252 801
5092 10 1972 369 189 936 662 287 731 62 324 23 116 252 801 39 235 334 810 92 273 71 4
6092 10 1972 23 116 39 235 287 731 369 189 936 662 334 810 252 801 92 273 71 4 62 324
7092 10 1972 92 273 62 324 369 189 39 235 252 801 334 810 23 116 936 662 71 4 287 731
8092 10 1972 287 731 71 4 92 273 369 189 936 662 23 116 252 801 39 235 62 324 334 810
9092 10 1972 92 273 23 116 39 235 62 324 252 801 334 810 71 4 936 662 287 731 369 189
10092 10 1972 334 810 287 731 92 273 62 324 369 189 71 4 936 662 23 116 252 801 39 235
1093 10 3474 954 870 203 533 629 455 840 184 484 237 102 611 101 799 765 953 67 328 198 882
2093 10 3474 765 953 954 870 203 533 484 237 67 328 198 882 840 184 102 611 101 799 629 455
3093 10 3474 198 882 954 870 484 237 765 953 203 533 629 455 840 184 102 611 67 328 101 799
4093 10 3474 484 237 840 184 67 328 101 799 102 611 198 882 629 455 203 533 954 870 765 953
5093 10 3474 102 611 203 533 484 237 840 184 101 799 67 328 629 455 954 870 765 953 198 882
6093 10 3474 840 184 67 328 484 237 765 953 203 533 102 611 629 455 101 799 198 882 954 870
7093 10 3474 954 870 67 328 629 455 198 882 101 799 484 237 203 533 840 184 102 611 765 953
8093 10 3474 765 953 484 237 101 799 67 328 203 533 954 870 840 184 629 455 102 611 198 882
9093 10 3474 102 611 101 799 765 953 67 328 484 237 840 184 629 455 203 533 954 870 198 882
10093 10 3474 629 455 840 184 765 953 954 870 198 882 203 533 484 237 101 799 102 611 67 328
1094 10 3507 312 52 737 286 163 229 295 488 490 635 580 158 87 322 414 747 776 621 530 665
2094 10 3507 490 635 312 52 580 158 530 665 776 621 163 229 737 286 87 322 414 747 295 488
3094 10 3507 295 488 776 621 580 158 312 52 414 747 737 286 490 635 530 665 163 229 87 322
4094 10 3507 580 158 87 322 530 665 776 621 163 229 295 488 312 52 737 286 490 635 414 747
5094 10 3507 295 488 312 52 87 322 163 229 737 286 490 635 530 665 776 621 580 158 414 747
6094 10 3507 87 322 414 747 776 621 737 286 163 229 295 488 490 635 580 158 312 52 530 665
7094 10 3507 163 229 580 158 530 665 490 635 87 322 737 286 776 621 295 488 312 52 414 747
8094 10 3507 776 621 414 747 530 665 490 635 312 52 580 158 87 322 737 286 163 229 295 488
9094 10 3507 414 747 530 665 490 635 295 488 163 229 312 52 580 158 737 286 776 621 87 322
10094 10 3507 295 488 737 286 87 322 490 635 776 621 530 665 312 52 580 158 414 747 163 229
1095 10 3308 68 369 544 997 107 878 470 34 196 401 698 781 738 99 229 757 577 998 508 271
2095 10 3308 577 998 229 757 738 99 470 34 196 401 508 271 107 878 698 781 544 997 68 369
3095 10 3308 229 757 698 781 544 997 196 401 508 271 68 369 470 34 577 998 107 878 738 99
4095 10 3308 229 757 577 998 68 369 698 781 470 34 196 401 508 271 107 878 738 99 544 997
5095 10 3308 68 369 470 34 508 271 577 998 229 757 738 99 698 781 107 878 544 997 196 401
6095 10 3308 107 878 508 271 68 369 196 401 229 757 470 34 544 997 738 99 698 781 577 998
7095 10 3308 698 781 470 34 229 757 68 369 738 99 508 271 544 997 196 401 577 998 107 878
8095 10 3308 68 369 508 271 470 34 738 99 229 757 107 878 544 997 698 781 577 998 196 401
9095 10 3308 544 997 196 401 508 271 68 369 698 781 229 757 738 99 470 34 107 878 577 998
10095 10 3308 544 997 196 401 738 99 577 998 107 878 698 781 508 271 68 369 229 757 470 34
1096 10 3639 254 902 739 518 819 772 301 46 395 172 317 52 442 881 467 919 703 342 112 712
2096 10 3639 442 881 395 172 301 46 254 902 112 712 467 919 819 772 317 52 703 342 739 518
3096 10 3639 317 52 112 712 395 172 819 772 442 881 301 46 254 902 703 342 467 919 739 518
4096 10 3639 467 919 301 46 395 172 442 881 254 902 739 518 819 772 112 712 317 52 703 342
5096 10 3639 317 52 819 772 442 881 703 342 301 46 467 919 395 172 112 712 254 902 739 518
6096 10 3639 395 172 112 712 301 46 819 772 317 52 467 919 442 881 703 342 254 902 739 518
7096 10 3639 254 902 819 772 301 46 395 172 703 342 112 712 739 518 442 881 317 52 467 919
8096 10 3639 442 881 819 772 301 46 467 919 317 52 112 712 703 342 254 902 739 518 395 172
9096 10 3639 317 52 819 772 395 172 254 902 301 46 739 518 112 712 467 919 442 881 703 342
10096 10 3639 703 342 442 881 301 46 395 172 819 772 254 902 317 52 739 518 112 712 467 919
1097 10 2867 746 876 345 359 874 476 28 254 15 544 207 474 555 106 156 861 292 402 366 633
2097 10 2867 874 476 207 474 15 544 156 861 345 359 366 633 28 254 292 402 555 106 746 876
3097 10 2867 555 106 156 861 746 876 207 474 15 544 345 359 874 476 292 402 366 633 28 254
4097 10 2867 366 633 874 476 156 861 15 544 28 254 555 106 345 359 292 402 207 474 746 876
5097 10 2867 874 476 28 254 207 474 156 861 15 544 555 106 345 359 366 633 292 402 746 876
6097 10 2867 15 544 207 474 156 861 28 254 874 476 345 359 292 402 746 876 366 633 555 106
7097 10 2867 207 474 156 861 874 476 345 359 15 544 555 106 28 254 366 633 746 876 292 402
8097 10 2867 345 359 156 861 555 106 292 402 874 476 746 876 366 633 207 474 15 544 28 254
9097 10 2867 746 876 345 359 207 474 28 254 15 544 366 633 555 106 292 402 874 476 156 861
10097 10 2867 292 402 156 861 207 474 15 544 345 359 366 633 874 476 28 254 746 876 555 106
1098 10 2771 451 125 580 811 381 500 52 190 341 167 149 614 622 395 268 291 121 661 499 612
2098 10 2771 622 395 52 190 451 125 341 167 499 612 121 661 381 500 580 811 149 614 268 291
3098 10 2771 499 612 381 500 580 811 451 125 121 661 268 291 341 167 149 614 52 190 622 395
4098 10 2771 341 167 451 125 149 614 499 612 268 291 381 500 52 190 121 661 580 811 622 395
5098 10 2771 268 291 499 612 580 811 149 614 381 500 52 190 121 661 451 125 341 167 622 395
6098 10 2771 622 395 149 614 451 125 52 190 499 612 580 811 121 661 341 167 381 500 268 291
7098 10 2771 622 395 268 291 121 661 499 612 580 811 52 190 451 125 341 167 149 614 381 500
8098 10 2771 149 614 121 661 451 125 52 190 580 811 499 612 381 500 341 167 268 291 622 395
9098 10 2771 451 125 381 500 499 612 121 661 622 395 580 811 341 167 52 190 268 291 149 614
10098 10 2771 52 190 622 395 580 811 268 291 381 500 121 661 451 125 149 614 341 167 499 612
1099 10 2877 820 494 307 1000 22 726 628 456 656 806 220 119 142 164 391 749 357 619 54 267
2099 10 2877 54 267 656 806 391 749 820 494 22 726 220 119 307 1000 142 164 357 619 628 456
3099 10 2877 22 726 656 806 391 749 628 456 220 119 820 494 142 164 307 1000 54 267 357 619
4099 10 2877 820 494 307 1000 142 164 220 119 22 726 54 267 391 749 357 619 628 456 656 806
5099 10 2877 656 806 22 726 307 1000 391 749 628 456 357 619 142 164 820 494 54 267 220 119
6099 10 2877 54 267 142 164 656 806 357 619 391 749 220 119 820 494 22 726 628 456 307 1000
7099 10 2877 656 806 357 619 54 267 22 726 391 749 628 456 142 164 307 1000 220 119 820 494
8099 10 2877 357 619 54 267 142 164 307 1000 391 749 22 726 220 119 628 456 820 494 656 806
9099 10 2877 656 806 357 619 142 164 220 119 628 456 307 1000 391 749 22 726 54 267 820 494
10099 10 2877 656 806 54 267 142 164 391 749 22 726 357 619 307 1000 220 119 820 494 628 456
1100 10 3507 472 873 530 617 515 556 242 826 767 148 36 305 107 834 922 111 627 395 166 938
2100 10 3507 242 826 922 111 107 834 515 556 530 617 767 148 627 395 472 873 166 938 36 305
3100 10 3507 922 111 767 148 242 826 627 395 107 834 36 305 166 938 515 556 530 617 472 873
4100 10 3507 242 826 627 395 515 556 767 148 166 938 922 111 36 305 107 834 530 617 472 873
5100 10 3507 530 617 627 395 107 834 472 873 166 938 36 305 767 148 242 826 922 111 515 556
6100 10 3507 530 617 242 826 767 148 627 395 36 305 472 873 107 834 922 111 166 938 515 556
7100 10 3507 107 834 242 826 627 395 166 938 36 305 922 111 515 556 472 873 530 617 767 148
8100 10 3507 107 834 627 395 472 873 515 556 36 305 242 826 922 111 767 148 530 617 166 938
9100 10 3507 515 556 36 305 166 938 922 111 767 148 530 617 627 395 472 873 107 834 242 826
10100 10 3507 627 395 242 826 922 111 107 834 166 938 472 873 530 617 36 305 515 556 767 148
