1001 10 4080 452 38 144 172 259 295 856 269 977 29 242 568 586 602 89 776 595 109 901 617
2001 10 4080 259 295 452 38 977 29 89 776 144 172 595 109 586 602 856 269 901 617 242 568
3001 10 4080 901 617 595 109 144 172 242 568 89 776 259 295 977 29 452 38 856 269 586 602
4001 10 4080 901 617 595 109 856 269 977 29 452 38 144 172 89 776 586 602 259 295 242 568
5001 10 4080 452 38 89 776 856 269 144 172 586 602 977 29 242 568 595 109 901 617 259 295
1002 10 4860 610 401 130 852 514 470 731 486 548 189 543 800 690 657 936 334 671 572 702 297
2002 10 4860 671 572 936 334 731 486 690 657 130 852 514 470 543 800 610 401 702 297 548 189
3002 10 4860 543 800 702 297 690 657 548 189 130 852 731 486 514 470 610 401 936 334 671 572
4002 10 4860 690 657 514 470 610 401 130 852 671 572 543 800 702 297 731 486 548 189 936 334
5002 10 4860 130 852 690 657 548 189 702 297 936 334 610 401 671 572 514 470 543 800 731 486
1003 10 4771 854 943 535 199 629 956 829 354 978 790 294 741 427 67 530 197 675 298 213 862
2003 10 4771 854 943 978 790 629 956 535 199 530 197 675 298 294 741 213 862 427 67 829 354
3003 10 4771 854 943 829 354 675 298 213 862 427 67 535 199 978 790 294 741 629 956 530 197
4003 10 4771 213 862 294 741 629 956 854 943 978 790 675 298 427 67 829 354 530 197 535 199
5003 10 4771 427 67 530 197 675 298 535 199 294 741 829 354 629 956 213 862 854 943 978 790
1004 10 4113 477 743 466 722 454 751 248 962 543 780 691 708 744 138 813 448 72 650 634 701
2004 10 4113 691 708 248 962 813 448 72 650 466 722 477 743 634 701 543 780 454 751 744 138
3004 10 4113 72 650 744 138 477 743 454 751 813 448 466 722 691 708 634 701 543 780 248 962
4004 10 4113 248 962 466 722 813 448 72 650 454 751 634 701 744 138 477 743 691 708 543 780
5004 10 4113 543 780 248 962 72 650 454 751 477 743 466 722 634 701 744 138 813 448 691 708
1005 10 3736 332 620 392 933 471 305 219 643 982 795 666 322 503 928 682 740 316 768 108 137
2005 10 3736 316 768 682 740 108 137 219 643 471 305 332 620 392 933 666 322 503 928 982 795
3005 10 3736 108 137 471 305 219 643 666 322 682 740 503 928 316 768 332 620 982 795 392 933
4005 10 3736 332 620 982 795 316 768 666 322 682 740 108 137 219 643 392 933 503 928 471 305
5005 10 3736 392 933 219 643 332 620 982 795 471 305 666 322 682 740 316 768 108 137 503 928
1006 10 4332 773 96 102 773 208 575 228 484 553 260 638 966 801 774 866 409 516 672 731 839
2006 10 4332 208 575 516 672 553 260 801 774 102 773 638 966 731 839 773 96 228 484 866 409
3006 10 4332 866 409 801 774 773 96 553 260 208 575 731 839 638 966 228 484 516 672 102 773
4006 10 4332 731 839 638 966 516 672 228 484 866 409 801 774 208 575 773 96 102 773 553 260
5006 10 4332 102 773 553 260 731 839 773 96 638 966 228 484 801 774 866 409 208 575 516 672
1007 10 4262 476 904 161 162 558 634 887 796 605 99 63 948 692 872 733 586 754 382 399 132
2007 10 4262 161 162 399 132 733 586 605 99 558 634 692 872 754 382 476 904 887 796 63 948
3007 10 4262 558 634 63 948 605 99 399 132 733 586 476 904 692 872 754 382 887 796 161 162
4007 10 4262 605 99 399 132 476 904 733 586 692 872 161 162 63 948 558 634 887 796 754 382
5007 10 4262 476 904 754 382 605 99 399 132 161 162 887 796 733 586 63 948 692 872 558 634
1008 10 3744 125 454 890 528 646 324 575 809 919 635 435 44 657 343 56 171 264 283 114 502
2008 10 3744 264 283 919 635 56 171 657 343 114 502 646 324 890 528 125 454 435 44 575 809
3008 10 3744 264 283 435 44 56 171 890 528 646 324 657 343 919 635 125 454 114 502 575 809
4008 10 3744 919 635 56 171 646 324 264 283 657 343 575 809 125 454 114 502 435 44 890 528
5008 10 3744 919 635 646 324 435 44 657 343 125 454 890 528 575 809 114 502 56 171 264 283
1009 10 5788 980 642 970 457 853 309 579 194 990 265 518 503 992 911 281 167 698 471 375 341
2009 10 5788 375 341 281 167 518 503 698 471 970 457 990 265 853 309 992 911 579 194 980 642
3009 10 5788 518 503 970 457 698 471 980 642 375 341 281 167 579 194 853 309 992 911 990 265
4009 10 5788 970 457 518 503 980 642 281 167 375 341 698 471 992 911 990 265 853 309 579 194
5009 10 5788 281 167 698 471 518 503 853 309 992 911 970 457 579 194 980 642 375 341 990 265
1010 10 3749 553 185 944 777 463 434 859 80 511 825 232 300 97 710 301 701 319 917 408 943
2010 10 3749 97 710 511 825 859 80 408 943 553 185 463 434 301 701 232 300 944 777 319 917
3010 10 3749 553 185 463 434 859 80 232 300 97 710 319 917 301 701 408 943 944 777 511 825
4010 10 3749 232 300 408 943 511 825 319 917 553 185 859 80 463 434 301 701 944 777 97 710
5010 10 3749 232 300 97 710 463 434 301 701 859 80 408 943 511 825 319 917 944 777 553 185
1011 10 3890 448 157 785 490 789 124 104 332 631 841 459 354 295 203 981 450 10 807 361 223
2011 10 3890 789 124 361 223 631 841 459 354 981 450 104 332 448 157 295 203 785 490 10 807
3011 10 3890 785 490 10 807 361 223 104 332 981 450 789 124 295 203 631 841 459 354 448 157
4011 10 3890 361 223 785 490 631 841 104 332 448 157 295 203 459 354 10 807 789 124 981 450
5011 10 3890 448 157 10 807 361 223 295 203 981 450 631 841 459 354 785 490 104 332 789 124
1012 10 4414 237 297 823 480 454 845 615 256 890 670 498 173 62 384 406 927 711 813 822 468
2012 10 4414 615 256 823 480 822 468 406 927 890 670 711 813 498 173 237 297 454 845 62 384
3012 10 4414 454 845 615 256 711 813 822 468 406 927 62 384 237 297 823 480 498 173 890 670
4012 10 4414 822 468 823 480 615 256 406 927 454 845 498 173 890 670 237 297 711 813 62 384
5012 10 4414 711 813 615 256 890 670 823 480 454 845 62 384 822 468 498 173 406 927 237 297
1013 10 3342 701 385 42 8 119 990 870 498 263 401 622 500 719 274 423 440 300 110 119 806
2013 10 3342 719 274 423 440 701 385 263 401 119 806 622 500 119 990 42 8 870 498 300 110
3013 10 3342 423 440 622 500 300 110 119 990 119 806 42 8 263 401 870 498 719 274 701 385
4013 10 3342 42 8 263 401 119 806 300 110 622 500 701 385 870 498 719 274 423 440 119 990
5013 10 3342 263 401 423 440 622 500 42 8 119 990 300 110 701 385 119 806 719 274 870 498
1014 10 3771 348 910 34 976 296 994 817 58 340 98 852 289 933 142 283 918 568 320 243 330
2014 10 3771 933 142 340 98 243 330 568 320 348 910 852 289 817 58 296 994 283 918 34 976
3014 10 3771 283 918 243 330 34 976 568 320 340 98 933 142 817 58 348 910 296 994 852 289
4014 10 3771 340 98 296 994 852 289 568 320 34 976 817 58 933 142 283 918 243 330 348 910
5014 10 3771 34 976 348 910 296 994 243 330 283 918 817 58 933 142 568 320 852 289 340 98
1015 10 3472 324 788 332 774 316 982 392 15 855 207 260 632 276 746 356 7 801 1000 429 379
2015 10 3472 316 982 324 788 801 1000 855 207 429 379 332 774 276 746 356 7 392 15 260 632
3015 10 3472 429 379 392 15 260 632 316 982 276 746 855 207 356 7 332 774 324 788 801 1000
4015 10 3472 260 632 392 15 324 788 855 207 356 7 801 1000 276 746 429 379 332 774 316 982
5015 10 3472 429 379 316 982 356 7 332 774 324 788 801 1000 260 632 276 746 392 15 855 207
1016 10 4040 472 221 537 71 321 730 896 472 348 963 150 706 386 836 781 557 557 632 602 773
2016 10 4040 150 706 602 773 348 963 781 557 321 730 896 472 537 71 472 221 386 836 557 632
3016 10 4040 896 472 602 773 781 557 537 71 557 632 472 221 321 730 348 963 150 706 386 836
4016 10 4040 557 632 386 836 321 730 896 472 472 221 348 963 781 557 602 773 537 71 150 706
5016 10 4040 781 557 348 963 602 773 557 632 472 221 537 71 386 836 896 472 321 730 150 706
1017 10 4512 473 420 658 673 175 448 249 172 973 882 595 481 653 473 957 228 141 867 767 164
2017 10 4512 658 673 141 867 653 473 249 172 767 164 957 228 473 420 973 882 595 481 175 448
3017 10 4512 141 867 473 420 249 172 658 673 653 473 973 882 175 448 957 228 595 481 767 164
4017 10 4512 973 882 249 172 658 673 595 481 175 448 653 473 141 867 473 420 957 228 767 164
5017 10 4512 973 882 957 228 653 473 249 172 473 420 767 164 658 673 595 481 141 867 175 448
1018 10 4033 439 724 393 736 362 921 440 505 429 768 100 695 799 898 789 407 697 896 594 210
2018 10 4033 429 768 440 505 799 898 594 210 393 736 100 695 697 896 439 724 362 921 789 407
3018 10 4033 799 898 440 505 362 921 697 896 789 407 393 736 429 768 439 724 594 210 100 695
4018 10 4033 789 407 362 921 439 724 393 736 100 695 429 768 594 210 440 505 697 896 799 898
5018 10 4033 789 407 429 768 439 724 799 898 594 210 100 695 697 896 362 921 393 736 440 505
1019 10 4952 932 915 798 751 39 334 55 940 318 711 536 163 798 865 959 904 820 688 935 595
2019 10 4952 820 688 798 751 55 940 39 334 935 595 318 711 959 904 932 915 536 163 798 865
3019 10 4952 536 163 798 865 959 904 798 751 932 915 318 711 55 940 820 688 935 595 39 334
4019 10 4952 318 711 536 163 932 915 798 751 935 595 55 940 798 865 820 688 39 334 959 904
5019 10 4952 959 904 820 688 798 751 935 595 318 711 39 334 932 915 55 940 798 865 536 163
1020 10 4673 926 394 297 161 412 59 235 92 790 415 4 233 779 903 657 782 955 564 787 198
2020 10 4673 926 394 955 564 790 415 657 782 787 198 412 59 4 233 297 161 235 92 779 903
3020 10 4673 779 903 657 782 926 394 4 233 790 415 297 161 412 59 955 564 235 92 787 198
4020 10 4673 412 59 955 564 926 394 657 782 790 415 235 92 779 903 4 233 297 161 787 198
5020 10 4673 235 92 955 564 790 415 779 903 297 161 657 782 412 59 787 198 926 394 4 233
1021 10 3889 861 37 460 316 349 33 135 273 909 465 133 933 626 794 280 141 358 967 751 738
2021 10 3889 349 33 861 37 909 465 280 141 460 316 358 967 751 738 135 273 133 933 626 794
3021 10 3889 358 967 626 794 460 316 861 37 135 273 909 465 751 738 133 933 349 33 280 141
4021 10 3889 349 33 861 37 133 933 751 738 280 141 909 465 626 794 358 967 460 316 135 273
5021 10 3889 135 273 751 738 358 967 349 33 460 316 133 933 861 37 909 465 280 141 626 794
1022 10 3997 241 724 530 768 675 91 619 411 857 688 779 43 527 494 202 452 462 617 105 187
2022 10 3997 619 411 202 452 105 187 241 724 462 617 779 43 857 688 527 494 530 768 675 91
3022 10 3997 857 688 675 91 527 494 530 768 462 617 105 187 202 452 619 411 779 43 241 724
4022 10 3997 675 91 105 187 462 617 779 43 527 494 241 724 857 688 530 768 619 411 202 452
5022 10 3997 105 187 527 494 857 688 779 43 675 91 619 411 530 768 202 452 241 724 462 617
1023 10 3356 470 661 512 317 129 356 284 526 144 365 925 457 75 176 955 621 134 869 567 908
2023 10 3356 925 457 144 365 567 908 470 661 284 526 129 356 955 621 134 869 75 176 512 317
3023 10 3356 512 317 144 365 129 356 75 176 955 621 284 526 134 869 470 661 925 457 567 908
4023 10 3356 567 908 284 526 134 869 144 365 955 621 75 176 925 457 512 317 470 661 129 356
5023 10 3356 134 869 129 356 144 365 75 176 925 457 284 526 567 908 512 317 955 621 470 661
1024 10 4571 833 142 527 364 812 236 783 506 883 36 665 906 262 130 458 515 230 757 261 320
2024 10 4571 261 320 812 236 833 142 230 757 783 506 883 36 527 364 262 130 665 906 458 515
3024 10 4571 230 757 783 506 833 142 458 515 665 906 883 36 262 130 812 236 527 364 261 320
4024 10 4571 812 236 833 142 783 506 261 320 527 364 458 515 262 130 230 757 665 906 883 36
5024 10 4571 883 36 458 515 783 506 262 130 261 320 665 906 812 236 230 757 833 142 527 364
1025 10 4579 876 364 159 879 502 19 973 419 4 43 429 771 849 248 558 381 868 948 506 606
2025 10 4579 876 364 558 381 506 606 429 771 849 248 502 19 973 419 868 948 159 879 4 43
3025 10 4579 558 381 159 879 868 948 4 43 849 248 429 771 973 419 876 364 502 19 506 606
4025 10 4579 558 381 502 19 849 248 506 606 159 879 973 419 876 364 429 771 868 948 4 43
5025 10 4579 159 879 849 248 876 364 868 948 506 606 502 19 429 771 558 381 4 43 973 419
1026 10 3760 898 122 494 72 540 332 996 237 655 599 78 530 57 309 693 428 166 570 123 246
2026 10 3760 693 428 166 570 996 237 898 122 123 246 78 530 57 309 655 599 494 72 540 332
3026 10 3760 655 599 996 237 540 332 57 309 123 246 166 570 494 72 78 530 898 122 693 428
4026 10 3760 693 428 494 72 123 246 655 599 57 309 166 570 540 332 898 122 78 530 996 237
5026 10 3760 78 530 693 428 898 122 540 332 57 309 123 246 996 237 655 599 166 570 494 72
1027 10 4125 812 372 652 80 462 344 3 431 259 916 519 358 676 637 551 256 530 595 693 708
2027 10 4125 551 256 3 431 530 595 652 80 693 708 812 372 676 637 259 916 519 358 462 344
3027 10 4125 693 708 551 256 652 80 3 431 676 637 259 916 530 595 812 372 519 358 462 344
4027 10 4125 676 637 462 344 3 431 530 595 652 80 519 358 259 916 693 708 551 256 812 372
5027 10 4125 259 916 676 637 652 80 462 344 551 256 530 595 3 431 519 358 812 372 693 708
1028 10 5020 620 944 991 939 968 653 82 573 268 94 288 457 925 32 648 9 970 118 516 899
2028 10 5020 268 94 288 457 925 32 991 939 970 118 82 573 516 899 648 9 968 653 620 944
3028 10 5020 516 899 925 32 648 9 968 653 268 94 288 457 991 939 970 118 82 573 620 944
4028 10 5020 268 94 991 939 288 457 620 944 648 9 970 118 82 573 968 653 925 32 516 899
5028 10 5020 268 94 968 653 648 9 516 899 991 939 970 118 620 944 925 32 82 573 288 457
1029 10 4406 489 24 300 577 386 931 892 134 735 714 530 713 409 587 112 623 676 134 979 776
2029 10 4406 409 587 676 134 735 714 979 776 489 24 300 577 530 713 386 931 892 134 112 623
3029 10 4406 530 713 676 134 735 714 489 24 386 931 300 577 892 134 112 623 979 776 409 587
4029 10 4406 892 134 112 623 386 931 300 577 676 134 735 714 409 587 530 713 979 776 489 24
5029 10 4406 300 577 489 24 979 776 530 713 386 931 409 587 735 714 676 134 892 134 112 623
1030 10 4355 311 119 771 815 858 391 828 682 37 747 531 924 135 595 976 494 122 326 875 525
2030 10 4355 858 391 828 682 976 494 875 525 311 119 37 747 135 595 122 326 771 815 531 924
3030 10 4355 828 682 531 924 976 494 311 119 771 815 122 326 135 595 37 747 858 391 875 525
4030 10 4355 875 525 37 747 976 494 135 595 771 815 828 682 531 924 311 119 858 391 122 326
5030 10 4355 858 391 135 595 875 525 771 815 828 682 37 747 122 326 531 924 311 119 976 494
1031 10 4646 134 448 540 792 288 20 480 542 969 552 997 381 398 201 297 966 866 115 839 329
2031 10 4646 480 542 839 329 540 792 398 201 997 381 288 20 866 115 134 448 297 966 969 552
3031 10 4646 839 329 540 792 398 201 480 542 297 966 969 552 997 381 134 448 866 115 288 20
4031 10 4646 134 448 288 20 297 966 997 381 866 115 839 329 398 201 540 792 480 542 969 552
5031 10 4646 866 115 839 329 297 966 134 448 480 542 997 381 969 552 398 201 288 20 540 792
1032 10 4838 81 642 864 123 798 37 884 451 364 89 934 999 447 15 828 789 512 389 336 820
2032 10 4838 81 642 934 999 364 89 828 789 447 15 512 389 884 451 336 820 864 123 798 37
3032 10 4838 934 999 828 789 798 37 884 451 864 123 336 820 81 642 364 89 512 389 447 15
4032 10 4838 934 999 798 37 884 451 447 15 512 389 336 820 81 642 864 123 364 89 828 789
5032 10 4838 81 642 884 451 336 820 934 999 364 89 447 15 512 389 864 123 828 789 798 37
1033 10 4350 766 165 635 720 983 457 18 289 457 535 459 398 256 932 784 924 580 179 500 756
2033 10 4350 784 924 766 165 256 932 459 398 580 179 457 535 500 756 983 457 18 289 635 720
3033 10 4350 635 720 784 924 459 398 457 535 500 756 580 179 256 932 983 457 766 165 18 289
4033 10 4350 18 289 784 924 580 179 983 457 457 535 635 720 500 756 766 165 256 932 459 398
5033 10 4350 784 924 635 720 580 179 457 535 500 756 256 932 459 398 983 457 18 289 766 165
1034 10 3528 638 900 217 293 834 848 325 658 909 657 84 341 504 720 338 674 156 197 406 430
2034 10 3528 217 293 325 658 504 720 156 197 909 657 638 900 84 341 338 674 834 848 406 430
3034 10 3528 504 720 909 657 156 197 406 430 338 674 834 848 325 658 84 341 217 293 638 900
4034 10 3528 909 657 638 900 834 848 504 720 406 430 338 674 217 293 325 658 156 197 84 341
5034 10 3528 217 293 638 900 406 430 834 848 84 341 504 720 338 674 325 658 156 197 909 657
1035 10 5302 678 56 705 130 946 871 140 836 654 916 909 117 467 199 850 454 384 839 895 840
2035 10 5302 895 840 850 454 909 117 384 839 467 199 946 871 678 56 705 130 654 916 140 836
3035 10 5302 705 130 946 871 384 839 678 56 654 916 895 840 909 117 140 836 850 454 467 199
4035 10 5302 850 454 654 916 705 130 895 840 140 836 467 199 946 871 909 117 384 839 678 56
5035 10 5302 705 130 678 56 909 117 850 454 467 199 384 839 654 916 140 836 946 871 895 840
1036 10 4115 428 921 864 957 673 101 222 302 703 345 425 149 533 913 174 7 157 481 965 355
2036 10 4115 673 101 222 302 428 921 174 7 425 149 533 913 965 355 864 957 157 481 703 345
3036 10 4115 425 149 428 921 174 7 864 957 703 345 965 355 673 101 533 913 157 481 222 302
4036 10 4115 673 101 703 345 864 957 222 302 425 149 533 913 174 7 157 481 428 921 965 355
5036 10 4115 425 149 428 921 703 345 222 302 533 913 864 957 157 481 673 101 965 355 174 7
1037 10 4379 503 771 604 298 989 931 548 522 117 643 458 271 502 482 706 948 539 316 508 787
2037 10 4379 503 771 458 271 604 298 989 931 117 643 539 316 548 522 706 948 508 787 502 482
3037 10 4379 508 787 604 298 539 316 548 522 989 931 117 643 458 271 706 948 503 771 502 482
4037 10 4379 539 316 548 522 706 948 989 931 508 787 604 298 503 771 502 482 117 643 458 271
5037 10 4379 117 643 508 787 989 931 502 482 539 316 503 771 458 271 548 522 604 298 706 948
1038 10 3834 556 381 274 226 700 946 615 992 389 142 359 639 751 21 113 724 736 500 300 597
2038 10 3834 751 21 556 381 113 724 615 992 359 639 736 500 300 597 274 226 389 142 700 946
3038 10 3834 389 142 556 381 751 21 113 724 274 226 300 597 615 992 359 639 736 500 700 946
4038 10 3834 274 226 556 381 615 992 300 597 113 724 389 142 359 639 736 500 700 946 751 21
5038 10 3834 751 21 700 946 300 597 736 500 556 381 359 639 389 142 274 226 615 992 113 724
1039 10 4952 31 157 593 555 695 322 580 1000 790 658 562 606 439 516 767 382 927 583 806 825
2039 10 4952 806 825 562 606 790 658 593 555 695 322 31 157 927 583 580 1000 439 516 767 382
3039 10 4952 767 382 580 1000 790 658 31 157 806 825 562 606 927 583 439 516 695 322 593 555
4039 10 4952 31 157 927 583 695 322 767 382 580 1000 790 658 806 825 562 606 439 516 593 555
5039 10 4952 927 583 580 1000 790 658 562 606 593 555 439 516 767 382 695 322 31 157 806 825
1040 10 3669 705 252 538 244 490 645 432 303 224 401 123 755 11 155 633 586 648 912 783 895
2040 10 3669 648 912 783 895 11 155 538 244 123 755 432 303 490 645 224 401 633 586 705 252
3040 10 3669 224 401 783 895 705 252 432 303 633 586 123 755 11 155 648 912 490 645 538 244
4040 10 3669 633 586 11 155 648 912 432 303 123 755 783 895 224 401 538 244 490 645 705 252
5040 10 3669 432 303 783 895 705 252 633 586 490 645 11 155 224 401 648 912 538 244 123 755
1041 10 4871 397 90 998 315 759 705 371 968 976 96 513 979 248 199 181 254 838 784 808 623
2041 10 4871 181 254 371 968 998 315 808 623 838 784 976 96 759 705 248 199 513 979 397 90
3041 10 4871 808 623 998 315 371 968 397 90 838 784 248 199 976 96 513 979 181 254 759 705
4041 10 4871 976 96 998 315 181 254 371 968 759 705 513 979 397 90 248 199 808 623 838 784
5041 10 4871 759 705 808 623 998 315 976 96 838 784 248 199 513 979 181 254 397 90 371 968
1042 10 3891 38 895 110 188 474 82 516 352 720 480 543 472 196 604 949 315 591 221 727 346
2042 10 3891 196 604 516 352 38 895 543 472 110 188 474 82 591 221 727 346 720 480 949 315
3042 10 3891 110 188 196 604 474 82 720 480 727 346 591 221 543 472 38 895 516 352 949 315
4042 10 3891 474 82 720 480 727 346 591 221 949 315 196 604 543 472 516 352 110 188 38 895
5042 10 3891 196 604 543 472 516 352 720 480 591 221 38 895 949 315 110 188 727 346 474 82
1043 10 4138 180 709 772 315 366 346 84 246 459 598 834 125 395 510 538 8 978 54 567 463
2043 10 4138 84 246 180 709 366 346 567 463 395 510 772 315 978 54 459 598 538 8 834 125
3043 10 4138 772 315 978 54 459 598 538 8 834 125 84 246 567 463 395 510 180 709 366 346
4043 10 4138 459 598 180 709 84 246 538 8 366 346 834 125 567 463 395 510 772 315 978 54
5043 10 4138 978 54 834 125 567 463 538 8 459 598 772 315 395 510 84 246 180 709 366 346
1044 10 4570 969 918 448 260 40 4 713 326 125 517 532 638 677 978 824 574 800 756 585 247
2044 10 4570 677 978 40 4 969 918 824 574 585 247 532 638 125 517 800 756 713 326 448 260
3044 10 4570 713 326 969 918 800 756 824 574 125 517 677 978 532 638 40 4 585 247 448 260
4044 10 4570 448 260 532 638 585 247 677 978 125 517 713 326 40 4 824 574 800 756 969 918
5044 10 4570 532 638 585 247 800 756 824 574 448 260 713 326 969 918 125 517 40 4 677 978
1045 10 3242 146 467 197 636 526 645 943 219 741 240 704 133 22 670 209 278 378 455 187 79
2045 10 3242 209 278 197 636 526 645 22 670 704 133 378 455 943 219 741 240 146 467 187 79
3045 10 3242 209 278 378 455 22 670 146 467 187 79 526 645 741 240 197 636 704 133 943 219
4045 10 3242 526 645 187 79 146 467 741 240 704 133 209 278 378 455 22 670 197 636 943 219
5045 10 3242 209 278 704 133 146 467 22 670 378 455 943 219 197 636 187 79 526 645 741 240
1046 10 3140 256 737 170 187 384 874 906 945 55 245 532 606 931 567 18 170 16 654 658 494
2046 10 3140 256 737 384 874 55 245 658 494 931 567 16 654 906 945 18 170 532 606 170 187
3046 10 3140 384 874 532 606 55 245 16 654 931 567 256 737 170 187 658 494 906 945 18 170
4046 10 3140 906 945 18 170 170 187 16 654 532 606 384 874 256 737 931 567 55 245 658 494
5046 10 3140 906 945 55 245 18 170 384 874 16 654 658 494 256 737 170 187 532 606 931 567
1047 10 6252 964 490 540 422 642 411 938 630 812 69 749 232 416 9 801 625 996 163 958 155
2047 10 6252 801 625 958 155 964 490 540 422 812 69 416 9 996 163 642 411 938 630 749 232
3047 10 6252 801 625 642 411 964 490 958 155 938 630 812 69 416 9 540 422 749 232 996 163
4047 10 6252 938 630 749 232 801 625 812 69 642 411 996 163 964 490 416 9 958 155 540 422
5047 10 6252 958 155 996 163 812 69 749 232 540 422 964 490 416 9 938 630 642 411 801 625
1048 10 2852 256 706 366 59 643 427 33 493 721 269 350 147 205 594 180 868 411 523 400 292
2048 10 2852 366 59 205 594 721 269 256 706 411 523 33 493 180 868 350 147 643 427 400 292
3048 10 2852 411 523 180 868 350 147 643 427 400 292 205 594 721 269 366 59 33 493 256 706
4048 10 2852 400 292 721 269 180 868 411 523 643 427 256 706 205 594 350 147 33 493 366 59
5048 10 2852 33 493 400 292 205 594 721 269 643 427 350 147 366 59 411 523 256 706 180 868
1049 10 4498 183 397 884 275 392 918 487 85 511 500 197 337 879 692 367 940 933 1 790 38
2049 10 4498 197 337 392 918 879 692 790 38 487 85 367 940 511 500 884 275 183 397 933 1
3049 10 4498 183 397 392 918 790 38 879 692 884 275 511 500 933 1 197 337 487 85 367 940
4049 10 4498 879 692 884 275 511 500 487 85 392 918 367 940 183 397 790 38 933 1 197 337
5049 10 4498 511 500 183 397 487 85 790 38 367 940 933 1 197 337 884 275 392 918 879 692
1050 10 3734 518 916 484 51 639 22 675 569 213 193 548 151 50 323 152 688 982 374 407 453
2050 10 3734 639 22 152 688 548 151 484 51 982 374 518 916 50 323 407 453 675 569 213 193
3050 10 3734 518 916 407 453 639 22 213 193 50 323 982 374 548 151 152 688 484 51 675 569
4050 10 3734 152 688 518 916 50 323 213 193 675 569 982 374 548 151 639 22 484 51 407 453
5050 10 3734 152 688 639 22 548 151 407 453 518 916 982 374 50 323 484 51 213 193 675 569
1051 10 3522 457 57 624 733 801 983 251 9 804 662 497 334 434 138 255 229 140 379 140 718
2051 10 3522 251 9 804 662 624 733 497 334 457 57 140 379 140 718 801 983 434 138 255 229
3051 10 3522 140 718 624 733 804 662 434 138 140 379 457 57 497 334 801 983 251 9 255 229
4051 10 3522 251 9 624 733 255 229 140 379 804 662 457 57 497 334 140 718 801 983 434 138
5051 10 3522 624 733 140 379 251 9 497 334 434 138 804 662 140 718 255 229 801 983 457 57
1052 10 4656 941 998 266 880 951 201 636 304 560 215 979 386 284 154 201 569 398 15 605 545
2052 10 4656 636 304 941 998 284 154 979 386 398 15 266 880 951 201 560 215 605 545 201 569
3052 10 4656 941 998 266 880 398 15 636 304 284 154 605 545 979 386 951 201 201 569 560 215
4052 10 4656 284 154 560 215 636 304 605 545 951 201 979 386 941 998 201 569 398 15 266 880
5052 10 4656 605 545 636 304 951 201 941 998 266 880 284 154 979 386 560 215 398 15 201 569
1053 10 2561 478 742 45 32 581 744 116 500 379 824 212 509 11 726 961 20 369 407 50 753
2053 10 2561 478 742 369 407 45 32 961 20 11 726 581 744 212 509 379 824 50 753 116 500
3053 10 2561 581 744 45 32 11 726 478 742 369 407 961 20 116 500 50 753 212 509 379 824
4053 10 2561 212 509 50 753 581 744 961 20 478 742 379 824 45 32 116 500 369 407 11 726
5053 10 2561 11 726 116 500 961 20 50 753 45 32 212 509 379 824 478 742 369 407 581 744
1054 10 3807 448 813 342 179 314 217 854 537 907 941 699 703 394 616 490 662 131 400 180 410
2054 10 3807 180 410 394 616 490 662 699 703 314 217 342 179 131 400 448 813 854 537 907 941
3054 10 3807 854 537 699 703 180 410 448 813 907 941 342 179 394 616 490 662 314 217 131 400
4054 10 3807 314 217 342 179 180 410 448 813 394 616 131 400 699 703 907 941 490 662 854 537
5054 10 3807 180 410 131 400 314 217 394 616 699 703 448 813 907 941 342 179 490 662 854 537
1055 10 3741 452 332 705 875 162 331 151 717 538 924 921 214 199 863 256 998 465 608 828 367
2055 10 3741 465 608 199 863 151 717 452 332 162 331 256 998 705 875 828 367 538 924 921 214
3055 10 3741 538 924 151 717 452 332 705 875 162 331 828 367 921 214 465 608 256 998 199 863
4055 10 3741 465 608 538 924 256 998 921 214 705 875 162 331 828 367 151 717 199 863 452 332
5055 10 3741 199 863 538 924 828 367 921 214 256 998 465 608 151 717 162 331 452 332 705 875
1056 10 3890 605 315 426 367 600 49 851 928 330 7 516 290 763 849 69 824 653 341 50 884
2056 10 3890 50 884 605 315 516 290 600 49 69 824 851 928 330 7 653 341 426 367 763 849
3056 10 3890 516 290 605 315 50 884 69 824 426 367 763 849 600 49 851 928 330 7 653 341
4056 10 3890 426 367 605 315 69 824 653 341 330 7 516 290 50 884 763 849 600 49 851 928
5056 10 3890 330 7 426 367 600 49 851 928 516 290 50 884 69 824 605 315 653 341 763 849
1057 10 3408 589 374 633 10 22 791 155 98 281 279 797 245 447 475 433 906 506 640 398 124
2057 10 3408 589 374 506 640 22 791 398 124 447 475 155 98 281 279 433 906 633 10 797 245
3057 10 3408 506 640 447 475 589 374 797 245 155 98 398 124 22 791 433 906 633 10 281 279
4057 10 3408 281 279 506 640 797 245 22 791 633 10 155 98 398 124 433 906 589 374 447 475
5057 10 3408 398 124 506 640 797 245 447 475 633 10 155 98 589 374 433 906 22 791 281 279
1058 10 5044 370 554 615 726 826 268 419 663 865 62 325 971 825 326 713 778 904 747 443 338
2058 10 5044 825 326 419 663 904 747 325 971 615 726 370 554 713 778 865 62 826 268 443 338
3058 10 5044 419 663 615 726 904 747 713 778 865 62 825 326 370 554 826 268 325 971 443 338
4058 10 5044 370 554 419 663 904 747 615 726 826 268 443 338 865 62 713 778 825 326 325 971
5058 10 5044 865 62 370 554 825 326 615 726 443 338 713 778 904 747 419 663 826 268 325 971
1059 10 4341 615 578 741 45 728 345 194 558 216 191 436 637 564 501 577 51 845 280 511 927
2059 10 4341 564 501 577 51 194 558 216 191 615 578 845 280 436 637 511 927 741 45 728 345
3059 10 4341 216 191 511 927 615 578 436 637 564 501 728 345 194 558 741 45 845 280 577 51
4059 10 4341 511 927 728 345 564 501 577 51 845 280 194 558 741 45 615 578 436 637 216 191
5059 10 4341 194 558 216 191 741 45 615 578 845 280 577 51 564 501 511 927 436 637 728 345
1060 10 4040 662 95 628 150 107 844 373 961 989 760 294 184 958 541 11 869 522 365 507 597
2060 10 4040 373 961 628 150 989 760 522 365 107 844 507 597 11 869 958 541 294 184 662 95
3060 10 4040 373 961 522 365 507 597 107 844 628 150 11 869 958 541 662 95 989 760 294 184
4060 10 4040 958 541 989 760 107 844 522 365 373 961 294 184 628 150 662 95 507 597 11 869
5060 10 4040 373 961 989 760 507 597 662 95 522 365 628 150 958 541 107 844 294 184 11 869
1061 10 3904 428 474 449 7 433 685 322 139 915 302 84 456 463 534 713 717 516 715 557 529
2061 10 3904 557 529 516 715 713 717 449 7 428 474 84 456 433 685 463 534 322 139 915 302
3061 10 3904 322 139 516 715 84 456 449 7 428 474 463 534 433 685 915 302 557 529 713 717
4061 10 3904 713 717 557 529 463 534 322 139 449 7 516 715 433 685 84 456 428 474 915 302
5061 10 3904 84 456 433 685 516 715 915 302 713 717 463 534 428 474 322 139 449 7 557 529
1062 10 3275 801 651 697 390 59 849 75 167 746 248 550 544 664 711 55 146 162 407 285 429
2062 10 3275 59 849 162 407 801 651 75 167 697 390 55 146 285 429 664 711 746 248 550 544
3062 10 3275 162 407 697 390 55 146 801 651 59 849 550 544 746 248 664 711 285 429 75 167
4062 10 3275 75 167 285 429 162 407 746 248 801 651 59 849 664 711 55 146 550 544 697 390
5062 10 3275 285 429 55 146 162 407 697 390 550 544 746 248 59 849 801 651 75 167 664 711
1063 10 5212 648 674 936 962 199 866 809 212 738 120 257 736 587 762 538 959 992 647 811 95
2063 10 5212 809 212 992 647 738 120 199 866 811 95 538 959 587 762 257 736 936 962 648 674
3063 10 5212 199 866 648 674 538 959 809 212 257 736 811 95 992 647 738 120 936 962 587 762
4063 10 5212 199 866 936 962 648 674 257 736 738 120 811 95 587 762 809 212 992 647 538 959
5063 10 5212 199 866 809 212 587 762 538 959 738 120 257 736 648 674 936 962 811 95 992 647
1064 10 3966 607 840 415 345 92 103 688 606 810 233 414 852 407 953 563 833 336 242 626 671
2064 10 3966 607 840 415 345 336 242 626 671 810 233 688 606 92 103 414 852 563 833 407 953
3064 10 3966 407 953 415 345 336 242 607 840 688 606 563 833 414 852 626 671 810 233 92 103
4064 10 3966 407 953 414 852 415 345 92 103 810 233 563 833 626 671 336 242 688 606 607 840
5064 10 3966 688 606 626 671 336 242 810 233 415 345 414 852 407 953 563 833 607 840 92 103
1065 10 4562 293 806 844 441 640 556 662 824 200 199 586 259 733 342 279 462 668 430 798 930
2065 10 4562 662 824 200 199 586 259 668 430 640 556 293 806 733 342 844 441 279 462 798 930
3065 10 4562 668 430 798 930 640 556 662 824 293 806 733 342 279 462 200 199 844 441 586 259
4065 10 4562 662 824 279 462 293 806 586 259 798 930 200 199 733 342 668 430 640 556 844 441
5065 10 4562 662 824 668 430 733 342 844 441 586 259 798 930 640 556 293 806 200 199 279 462
1066 10 3964 329 816 10 357 123 830 564 361 566 34 579 566 933 889 751 121 560 711 541 880
2066 10 3964 329 816 541 880 933 889 560 711 10 357 564 361 751 121 123 830 579 566 566 34
3066 10 3964 123 830 329 816 579 566 933 889 541 880 566 34 751 121 560 711 564 361 10 357
4066 10 3964 10 357 560 711 751 121 541 880 566 34 933 889 564 361 123 830 579 566 329 816
5066 10 3964 564 361 560 711 541 880 10 357 566 34 579 566 329 816 751 121 123 830 933 889
1067 10 4858 709 771 743 681 878 274 206 161 315 386 815 202 775 402 813 1000 676 141 143 319
2067 10 4858 709 771 815 202 676 141 143 319 315 386 206 161 743 681 878 274 775 402 813 1000
3067 10 4858 709 771 743 681 206 161 315 386 775 402 815 202 813 1000 676 141 143 319 878 274
4067 10 4858 743 681 315 386 815 202 709 771 206 161 775 402 813 1000 676 141 143 319 878 274
5067 10 4858 815 202 743 681 813 1000 676 141 206 161 709 771 878 274 315 386 775 402 143 319
1068 10 5049 756 944 795 1 746 706 149 359 479 150 813 209 890 37 857 518 131 719 696 57
2068 10 5049 131 719 149 359 795 1 756 944 746 706 479 150 890 37 857 518 813 209 696 57
3068 10 5049 813 209 149 359 890 37 746 706 479 150 857 518 696 57 131 719 795 1 756 944
4068 10 5049 813 209 756 944 479 150 131 719 149 359 746 706 696 57 890 37 857 518 795 1
5068 10 5049 795 1 756 944 696 57 149 359 857 518 131 719 813 209 890 37 746 706 479 150
1069 10 3604 659 249 558 620 597 689 528 177 407 729 569 364 126 795 332 859 338 423 391 952
2069 10 3604 332 859 569 364 126 795 597 689 407 729 558 620 528 177 338 423 659 249 391 952
3069 10 3604 391 952 597 689 338 423 558 620 569 364 407 729 126 795 659 249 332 859 528 177
4069 10 3604 126 795 338 423 659 249 569 364 597 689 391 952 407 729 528 177 558 620 332 859
5069 10 3604 407 729 332 859 528 177 659 249 558 620 597 689 391 952 338 423 126 795 569 364
1070 10 2884 315 652 337 63 145 296 93 65 150 185 405 329 93 618 247 985 848 201 973 887
2070 10 2884 405 329 848 201 315 652 93 65 247 985 150 185 145 296 337 63 973 887 93 618
3070 10 2884 145 296 973 887 150 185 848 201 337 63 93 618 93 65 315 652 405 329 247 985
4070 10 2884 247 985 150 185 93 65 405 329 145 296 315 652 337 63 93 618 973 887 848 201
5070 10 2884 315 652 93 618 405 329 337 63 150 185 145 296 93 65 973 887 247 985 848 201
1071 10 3532 276 387 361 858 150 501 286 1 877 512 176 442 505 953 622 744 667 478 495 151
2071 10 3532 286 1 667 478 495 151 505 953 176 442 622 744 877 512 150 501 276 387 361 858
3071 10 3532 495 151 505 953 667 478 286 1 361 858 877 512 176 442 276 387 622 744 150 501
4071 10 3532 276 387 150 501 667 478 176 442 495 151 877 512 286 1 505 953 622 744 361 858
5071 10 3532 505 953 495 151 622 744 150 501 176 442 877 512 276 387 286 1 667 478 361 858
1072 10 4855 389 529 714 217 918 447 569 710 156 364 709 586 298 2 764 376 811 844 741 359
2072 10 4855 709 586 389 529 156 364 741 359 298 2 714 217 764 376 811 844 569 710 918 447
3072 10 4855 298 2 764 376 569 710 741 359 389 529 709 586 714 217 811 844 156 364 918 447
4072 10 4855 714 217 298 2 709 586 389 529 156 364 811 844 764 376 569 710 918 447 741 359
5072 10 4855 156 364 764 376 714 217 298 2 569 710 741 359 389 529 811 844 918 447 709 586
1073 10 4342 419 291 364 543 456 343 378 919 974 176 137 221 935 499 647 906 996 715 122 318
2073 10 4342 137 221 364 543 122 318 419 291 996 715 647 906 456 343 974 176 378 919 935 499
3073 10 4342 974 176 419 291 996 715 647 906 122 318 364 543 935 499 137 221 378 919 456 343
4073 10 4342 935 499 996 715 974 176 137 221 456 343 122 318 364 543 419 291 378 919 647 906
5073 10 4342 137 221 974 176 996 715 647 906 456 343 419 291 378 919 935 499 122 318 364 543
1074 10 4216 850 324 493 121 414 893 670 888 521 249 996 298 251 580 358 346 245 238 472 896
2074 10 4216 521 249 251 580 358 346 414 893 245 238 996 298 670 888 850 324 472 896 493 121
3074 10 4216 358 346 996 298 251 580 521 249 493 121 670 888 850 324 245 238 472 896 414 893
4074 10 4216 493 121 521 249 472 896 245 238 358 346 850 324 414 893 251 580 670 888 996 298
5074 10 4216 414 893 245 238 472 896 251 580 670 888 850 324 996 298 358 346 521 249 493 121
1075 10 3940 141 964 215 794 469 184 700 469 433 741 773 302 205 487 903 604 431 821 655 361
2075 10 3940 215 794 655 361 141 964 469 184 433 741 700 469 431 821 773 302 903 604 205 487
3075 10 3940 431 821 469 184 903 604 141 964 655 361 205 487 773 302 215 794 433 741 700 469
4075 10 3940 773 302 903 604 215 794 469 184 655 361 205 487 700 469 431 821 141 964 433 741
5075 10 3940 903 604 215 794 141 964 469 184 433 741 205 487 700 469 431 821 773 302 655 361
1076 10 4615 544 404 336 249 644 277 599 434 585 73 637 650 905 237 983 289 1 253 535 304
2076 10 4615 983 289 336 249 637 650 585 73 644 277 535 304 599 434 1 253 544 404 905 237
3076 10 4615 644 277 983 289 637 650 336 249 599 434 535 304 585 73 1 253 905 237 544 404
4076 10 4615 644 277 336 249 637 650 983 289 905 237 599 434 544 404 535 304 1 253 585 73
5076 10 4615 585 73 336 249 599 434 644 277 637 650 535 304 905 237 1 253 544 404 983 289
1077 10 3545 426 858 643 374 380 478 163 946 395 82 755 769 266 859 160 55 262 735 982 780
2077 10 3545 380 478 262 735 643 374 982 780 426 858 395 82 755 769 163 946 160 55 266 859
3077 10 3545 262 735 160 55 380 478 395 82 982 780 755 769 643 374 426 858 163 946 266 859
4077 10 3545 380 478 755 769 262 735 426 858 163 946 643 374 982 780 395 82 160 55 266 859
5077 10 3545 380 478 982 780 426 858 163 946 160 55 755 769 266 859 262 735 643 374 395 82
1078 10 4768 522 880 997 239 354 30 665 42 121 122 359 948 536 708 807 445 958 182 642 77
2078 10 4768 958 182 642 77 522 880 354 30 359 948 121 122 665 42 997 239 536 708 807 445
3078 10 4768 354 30 536 708 958 182 522 880 642 77 665 42 121 122 997 239 807 445 359 948
4078 10 4768 997 239 807 445 665 42 121 122 958 182 354 30 642 77 359 948 522 880 536 708
5078 10 4768 807 445 642 77 958 182 359 948 997 239 354 30 536 708 522 880 665 42 121 122
1079 10 4184 606 561 559 266 665 283 246 133 420 647 177 363 257 423 445 569 861 650 994 230
2079 10 4184 994 230 559 266 606 561 420 647 445 569 665 283 861 650 246 133 177 363 257 423
3079 10 4184 861 650 420 647 257 423 177 363 246 133 606 561 994 230 445 569 665 283 559 266
4079 10 4184 420 647 606 561 665 283 246 133 559 266 257 423 994 230 177 363 445 569 861 650
5079 10 4184 257 423 445 569 994 230 861 650 246 133 606 561 559 266 420 647 177 363 665 283
1080 10 4882 422 330 183 736 486 392 184 445 935 28 905 773 675 924 891 580 772 268 650 552
2080 10 4882 650 552 422 330 486 392 183 736 675 924 772 268 905 773 891 580 184 445 935 28
3080 10 4882 905 773 650 552 422 330 486 392 675 924 891 580 935 28 183 736 184 445 772 268
4080 10 4882 184 445 675 924 422 330 935 28 772 268 183 736 650 552 486 392 891 580 905 773
5080 10 4882 422 330 772 268 650 552 891 580 486 392 183 736 905 773 935 28 184 445 675 924
1081 10 3578 693 547 220 475 471 893 463 955 878 224 125 597 577 337 535 591 200 359 311 356
2081 10 3578 125 597 220 475 535 591 200 359 693 547 463 955 577 337 471 893 311 356 878 224
3081 10 3578 878 224 125 597 693 547 200 359 463 955 535 591 220 475 471 893 311 356 577 337
4081 10 3578 463 955 220 475 471 893 878 224 577 337 535 591 311 356 200 359 693 547 125 597
5081 10 3578 220 475 878 224 200 359 577 337 311 356 471 893 463 955 693 547 535 591 125 597
1082 10 2624 154 337 685 226 850 824 100 435 214 306 289 74 312 502 101 758 453 847 123 409
2082 10 2624 214 306 289 74 101 758 453 847 850 824 312 502 685 226 154 337 100 435 123 409
3082 10 2624 100 435 685 226 453 847 289 74 850 824 154 337 123 409 312 502 214 306 101 758
4082 10 2624 214 306 289 74 123 409 685 226 850 824 101 758 453 847 312 502 100 435 154 337
5082 10 2624 453 847 685 226 154 337 289 74 214 306 101 758 100 435 312 502 123 409 850 824
1083 10 5246 676 916 661 275 815 70 883 378 943 641 423 34 95 592 729 817 431 277 902 359
2083 10 5246 95 592 883 378 661 275 902 359 943 641 815 70 729 817 676 916 423 34 431 277
3083 10 5246 815 70 729 817 661 275 423 34 902 359 943 641 431 277 883 378 95 592 676 916
4083 10 5246 815 70 423 34 883 378 676 916 95 592 431 277 729 817 661 275 943 641 902 359
5083 10 5246 943 641 815 70 729 817 676 916 661 275 95 592 902 359 883 378 423 34 431 277
1084 10 5474 629 747 998 766 802 973 772 65 370 796 594 265 634 914 677 934 449 675 918 164
2084 10 5474 998 766 802 973 449 675 918 164 634 914 772 65 629 747 370 796 677 934 594 265
3084 10 5474 629 747 370 796 594 265 918 164 998 766 802 973 634 914 677 934 772 65 449 675
4084 10 5474 594 265 449 675 802 973 634 914 918 164 772 65 370 796 677 934 998 766 629 747
5084 10 5474 802 973 677 934 629 747 594 265 772 65 634 914 449 675 918 164 370 796 998 766
1085 10 4683 100 757 990 142 783 233 480 330 615 469 945 831 401 351 391 721 155 55 994 900
2085 10 4683 783 233 401 351 990 142 615 469 391 721 155 55 994 900 100 757 480 330 945 831
3085 10 4683 401 351 391 721 155 55 945 831 994 900 480 330 783 233 990 142 615 469 100 757
4085 10 4683 155 55 945 831 480 330 990 142 994 900 401 351 615 469 100 757 391 721 783 233
5085 10 4683 945 831 783 233 155 55 100 757 994 900 391 721 401 351 990 142 480 330 615 469
1086 10 5437 165 99 865 203 971 295 808 150 801 131 271 353 960 179 425 336 907 58 624 961
2086 10 5437 960 179 808 150 907 58 165 99 971 295 865 203 425 336 801 131 271 353 624 961
3086 10 5437 271 353 425 336 624 961 165 99 907 58 971 295 960 179 865 203 808 150 801 131
4086 10 5437 960 179 624 961 907 58 425 336 165 99 971 295 801 131 271 353 865 203 808 150
5086 10 5437 425 336 971 295 271 353 624 961 165 99 801 131 960 179 907 58 808 150 865 203
1087 10 3657 297 11 91 265 58 826 876 850 921 83 756 995 319 371 909 66 133 874 212 997
2087 10 3657 756 995 921 83 909 66 91 265 297 11 133 874 876 850 212 997 319 371 58 826
3087 10 3657 297 11 876 850 212 997 91 265 319 371 133 874 58 826 921 83 909 66 756 995
4087 10 3657 212 997 297 11 921 83 133 874 91 265 319 371 756 995 909 66 876 850 58 826
5087 10 3657 58 826 319 371 297 11 133 874 921 83 756 995 91 265 909 66 212 997 876 850
1088 10 3914 343 60 25 891 763 328 718 487 114 661 411 820 558 540 815 267 521 5 625 196
2088 10 3914 625 196 521 5 114 661 558 540 815 267 718 487 343 60 763 328 411 820 25 891
3088 10 3914 411 820 625 196 718 487 25 891 763 328 521 5 343 60 815 267 558 540 114 661
4088 10 3914 25 891 114 661 343 60 815 267 625 196 411 820 521 5 763 328 558 540 718 487
5088 10 3914 763 328 25 891 558 540 815 267 114 661 343 60 521 5 625 196 718 487 411 820
1089 10 4250 340 231 251 667 576 979 961 703 375 348 409 199 690 646 47 934 863 583 801 743
2089 10 4250 375 348 47 934 340 231 251 667 576 979 690 646 409 199 801 743 961 703 863 583
3089 10 4250 863 583 251 667 340 231 690 646 961 703 576 979 409 199 375 348 801 743 47 934
4089 10 4250 863 583 801 743 340 231 375 348 961 703 690 646 576 979 409 199 47 934 251 667
5089 10 4250 409 199 690 646 801 743 863 583 47 934 375 348 961 703 340 231 251 667 576 979
1090 10 4545 316 55 853 657 289 508 768 300 277 670 601 953 280 281 670 146 886 379 742 971
2090 10 4545 742 971 280 281 886 379 670 146 289 508 853 657 316 55 601 953 277 670 768 300
3090 10 4545 277 670 601 953 742 971 853 657 768 300 670 146 886 379 289 508 280 281 316 55
4090 10 4545 280 281 886 379 289 508 277 670 768 300 742 971 601 953 316 55 670 146 853 657
5090 10 4545 601 953 280 281 886 379 277 670 768 300 853 657 289 508 316 55 670 146 742 971
1091 10 3840 76 394 941 671 281 74 485 596 856 451 242 216 648 965 136 39 366 536 770 873
2091 10 3840 485 596 281 74 242 216 136 39 856 451 76 394 941 671 366 536 648 965 770 873
3091 10 3840 366 536 856 451 485 596 281 74 242 216 770 873 76 394 136 39 941 671 648 965
4091 10 3840 648 965 136 39 242 216 366 536 76 394 856 451 770 873 485 596 281 74 941 671
5091 10 3840 136 39 856 451 366 536 242 216 770 873 76 394 648 965 941 671 485 596 281 74
1092 10 3309 486 977 275 70 962 186 863 502 116 711 241 31 754 857 158 965 40 210 242 405
2092 10 3309 863 502 158 965 116 711 754 857 40 210 962 186 242 405 241 31 486 977 275 70
3092 10 3309 116 711 754 857 158 965 962 186 863 502 242 405 241 31 40 210 275 70 486 977
4092 10 3309 242 405 275 70 863 502 754 857 158 965 486 977 241 31 40 210 962 186 116 711
5092 10 3309 962 186 754 857 242 405 241 31 158 965 116 711 275 70 486 977 40 210 863 502
1093 10 4303 790 210 706 39 420 941 596 708 540 296 368 935 338 14 933 890 453 520 235 810
2093 10 4303 596 708 706 39 235 810 420 941 540 296 368 935 790 210 453 520 338 14 933 890
3093 10 4303 790 210 596 708 540 296 706 39 933 890 368 935 420 941 338 14 453 520 235 810
4093 10 4303 596 708 453 520 706 39 368 935 540 296 235 810 420 941 338 14 933 890 790 210
5093 10 4303 706 39 540 296 790 210 453 520 235 810 420 941 338 14 368 935 596 708 933 890
1094 10 4796 905 708 394 67 133 489 913 382 403 775 487 39 788 134 824 616 799 537 349 904
2094 10 4796 913 382 349 904 403 775 487 39 824 616 788 134 394 67 133 489 905 708 799 537
3094 10 4796 788 134 349 904 394 67 487 39 403 775 905 708 133 489 799 537 824 616 913 382
4094 10 4796 487 39 403 775 788 134 824 616 349 904 905 708 799 537 913 382 133 489 394 67
5094 10 4796 403 775 394 67 133 489 349 904 799 537 905 708 788 134 824 616 913 382 487 39
1095 10 5372 808 578 996 628 759 889 947 699 837 80 96 693 723 460 617 156 809 592 124 185
2095 10 5372 723 460 617 156 759 889 96 693 809 592 808 578 947 699 996 628 124 185 837 80
3095 10 5372 124 185 837 80 617 156 96 693 809 592 808 578 723 460 759 889 947 699 996 628
4095 10 5372 808 578 124 185 809 592 759 889 617 156 96 693 996 628 723 460 837 80 947 699
5095 10 5372 759 889 723 460 837 80 996 628 808 578 947 699 617 156 96 693 124 185 809 592
1096 10 4371 409 613 884 779 520 432 810 691 208 815 909 797 15 347 717 527 545 247 447 569
2096 10 4371 520 432 208 815 909 797 447 569 717 527 15 347 810 691 884 779 545 247 409 613
3096 10 4371 884 779 409 613 545 247 520 432 447 569 909 797 810 691 15 347 208 815 717 527
4096 10 4371 15 347 409 613 909 797 717 527 884 779 810 691 447 569 208 815 545 247 520 432
5096 10 4371 520 432 447 569 884 779 409 613 810 691 717 527 208 815 545 247 15 347 909 797
1097 10 4559 932 939 969 557 710 299 279 360 781 483 505 769 118 337 663 101 299 41 443 786
2097 10 4559 505 769 443 786 710 299 279 360 663 101 781 483 299 41 932 939 118 337 969 557
3097 10 4559 710 299 443 786 279 360 663 101 299 41 932 939 969 557 118 337 505 769 781 483
4097 10 4559 118 337 932 939 710 299 299 41 781 483 443 786 969 557 279 360 505 769 663 101
5097 10 4559 299 41 710 299 443 786 663 101 781 483 118 337 969 557 932 939 505 769 279 360
1098 10 3742 786 43 466 477 442 647 545 881 401 559 726 399 147 207 615 134 148 431 402 260
2098 10 3742 466 477 401 559 786 43 545 881 148 431 147 207 615 134 726 399 442 647 402 260
3098 10 3742 786 43 615 134 402 260 545 881 147 207 442 647 148 431 401 559 466 477 726 399
4098 10 3742 442 647 545 881 466 477 615 134 402 260 786 43 726 399 147 207 401 559 148 431
5098 10 3742 615 134 147 207 401 559 148 431 726 399 545 881 466 477 786 43 402 260 442 647
1099 10 4404 400 700 430 197 458 653 960 80 258 67 906 676 271 558 611 558 824 846 387 310
2099 10 4404 430 197 611 558 258 67 824 846 960 80 458 653 271 558 906 676 387 310 400 700
3099 10 4404 430 197 960 80 258 67 824 846 611 558 906 676 271 558 458 653 400 700 387 310
4099 10 4404 271 558 906 676 387 310 824 846 258 67 430 197 960 80 400 700 611 558 458 653
5099 10 4404 960 80 387 310 458 653 400 700 611 558 430 197 258 67 271 558 906 676 824 846
1100 10 5581 697 730 317 113 401 140 951 83 691 866 768 324 648 519 802 128 912 460 790 302
2100 10 5581 697 730 691 866 802 128 912 460 768 324 401 140 951 83 648 519 790 302 317 113
3100 10 5581 317 113 912 460 648 519 768 324 697 730 691 866 790 302 401 140 951 83 802 128
4100 10 5581 691 866 768 324 648 519 951 83 802 128 912 460 317 113 697 730 790 302 401 140
5100 10 5581 691 866 802 128 317 113 648 519 951 83 697 730 768 324 912 460 401 140 790 302
