1001 10 3319 172 452 144 2 595 834 586 120 61 568 216 295 109 259 856 457 808 38 602 242
2001 10 3319 595 834 172 452 61 568 856 457 144 2 808 38 109 259 586 120 602 242 216 295
3001 10 3319 602 242 808 38 144 2 216 295 856 457 595 834 61 568 172 452 586 120 109 259
4001 10 3319 602 242 808 38 586 120 61 568 172 452 144 2 856 457 109 259 595 834 216 295
5001 10 3319 172 452 856 457 586 120 144 2 109 259 61 568 216 295 808 38 602 242 595 834
1002 10 4115 566 29 200 486 901 951 617 977 401 543 89 28 514 660 470 731 610 89 776 547
2002 10 4115 610 89 470 731 617 977 514 660 200 486 901 951 89 28 566 29 776 547 401 543
3002 10 4115 89 28 776 547 514 660 401 543 200 486 617 977 901 951 566 29 470 731 610 89
4002 10 4115 514 660 901 951 566 29 200 486 610 89 89 28 776 547 617 977 401 543 470 731
5002 10 4115 200 486 514 660 401 543 776 547 470 731 566 29 610 89 901 951 89 28 617 977
1003 10 4049 130 30 548 350 852 671 506 297 800 702 690 32 189 602 657 936 520 334 170 572
2003 10 4049 130 30 800 702 852 671 548 350 657 936 520 334 690 32 170 572 189 602 506 297
3003 10 4049 130 30 506 297 520 334 170 572 189 602 548 350 800 702 690 32 852 671 657 936
4003 10 4049 170 572 690 32 852 671 130 30 800 702 520 334 189 602 506 297 657 936 548 350
5003 10 4049 189 602 657 936 520 334 548 350 690 32 506 297 852 671 170 572 130 30 800 702
1004 10 3146 829 70 342 298 354 294 59 833 197 675 654 741 530 235 162 877 640 790 166 937
2004 10 3146 654 741 59 833 162 877 640 790 342 298 829 70 166 937 197 675 354 294 530 235
3004 10 3146 640 790 530 235 829 70 354 294 162 877 342 298 654 741 166 937 197 675 59 833
4004 10 3146 59 833 342 298 162 877 640 790 354 294 166 937 530 235 829 70 654 741 197 675
5004 10 3146 197 675 59 833 640 790 354 294 829 70 342 298 166 937 530 235 162 877 654 741
1005 10 4491 549 943 345 72 588 862 592 67 951 427 199 216 270 650 535 833 629 954 956 213
2005 10 4491 629 954 535 833 956 213 592 67 588 862 549 943 345 72 199 216 270 650 951 427
3005 10 4491 956 213 588 862 592 67 199 216 535 833 270 650 629 954 549 943 951 427 345 72
4005 10 4491 549 943 951 427 629 954 199 216 535 833 956 213 592 67 345 72 270 650 588 862
5005 10 4491 345 72 592 67 549 943 951 427 588 862 199 216 535 833 629 954 956 213 270 650
1006 10 4360 813 46 307 708 962 477 751 691 152 138 248 86 607 743 448 744 708 701 454 782
2006 10 4360 962 477 708 701 152 138 607 743 307 708 248 86 454 782 813 46 751 691 448 744
3006 10 4360 448 744 607 743 813 46 152 138 962 477 454 782 248 86 751 691 708 701 307 708
4006 10 4360 454 782 248 86 708 701 751 691 448 744 607 743 962 477 813 46 307 708 152 138
5006 10 4360 307 708 152 138 454 782 813 46 248 86 751 691 607 743 448 744 962 477 708 701
1007 10 3783 620 350 693 780 905 316 722 539 332 198 571 305 175 768 137 471 466 867 108 330
2007 10 3783 693 780 108 330 137 471 332 198 905 316 175 768 466 867 620 350 722 539 571 305
3007 10 3783 905 316 571 305 332 198 108 330 137 471 620 350 175 768 466 867 722 539 693 780
4007 10 3783 332 198 108 330 620 350 137 471 175 768 693 780 571 305 905 316 722 539 466 867
5007 10 3783 620 350 466 867 332 198 108 330 693 780 722 539 137 471 571 305 175 768 905 316
1008 10 3872 818 740 322 982 219 100 261 933 379 795 666 48 503 313 643 392 102 950 928 927
2008 10 3872 102 950 379 795 643 392 503 313 928 927 219 100 322 982 818 740 666 48 261 933
3008 10 3872 102 950 666 48 643 392 322 982 219 100 503 313 379 795 818 740 928 927 261 933
4008 10 3872 379 795 643 392 219 100 102 950 503 313 261 933 818 740 928 927 666 48 322 982
5008 10 3872 379 795 219 100 666 48 503 313 818 740 322 982 261 933 928 927 643 392 102 950
1009 10 4299 437 672 484 102 638 944 774 731 68 839 228 617 776 773 801 770 966 208 202 575
2009 10 4299 202 575 801 770 228 617 966 208 484 102 68 839 638 944 776 773 774 731 437 672
3009 10 4299 228 617 484 102 966 208 437 672 202 575 801 770 774 731 638 944 776 773 68 839
4009 10 4299 484 102 228 617 437 672 801 770 202 575 966 208 776 773 68 839 638 944 774 731
5009 10 4299 801 770 966 208 228 617 638 944 776 773 484 102 774 731 437 672 202 575 68 839
1010 10 4974 886 773 409 553 866 639 628 162 791 796 906 96 382 887 754 268 412 161 184 260
2010 10 4974 382 887 791 796 628 162 184 260 886 773 866 639 754 268 906 96 409 553 412 161
3010 10 4974 886 773 866 639 628 162 906 96 382 887 412 161 754 268 184 260 409 553 791 796
4010 10 4974 906 96 184 260 791 796 412 161 886 773 628 162 866 639 754 268 409 553 382 887
5010 10 4974 906 96 382 887 866 639 754 268 628 162 184 260 791 796 412 161 409 553 886 773
1011 10 5011 872 399 383 948 586 63 784 634 65 99 476 188 769 132 733 770 904 558 692 475
2011 10 5011 586 63 692 475 65 99 476 188 733 770 784 634 872 399 769 132 383 948 904 558
3011 10 5011 383 948 904 558 692 475 784 634 733 770 586 63 769 132 65 99 476 188 872 399
4011 10 5011 692 475 383 948 65 99 784 634 872 399 769 132 476 188 904 558 586 63 733 770
5011 10 5011 872 399 904 558 692 475 769 132 733 770 65 99 476 188 383 948 784 634 586 63
1012 10 3988 645 528 125 637 796 283 44 890 635 646 877 324 56 660 919 232 435 676 454 264
2012 10 3988 44 890 125 637 454 264 919 232 635 646 435 676 877 324 645 528 796 283 56 660
3012 10 3988 796 283 44 890 435 676 454 264 919 232 56 660 645 528 125 637 877 324 635 646
4012 10 3988 454 264 125 637 44 890 919 232 796 283 877 324 635 646 645 528 435 676 56 660
5012 10 3988 435 676 44 890 635 646 125 637 796 283 56 660 454 264 877 324 919 232 645 528
1013 10 4495 114 599 471 375 980 751 809 657 586 309 698 826 502 863 242 343 642 853 575 577
2013 10 4495 502 863 242 343 114 599 586 309 575 577 698 826 980 751 471 375 809 657 642 853
3013 10 4495 242 343 698 826 642 853 980 751 575 577 471 375 586 309 809 657 502 863 114 599
4013 10 4495 471 375 586 309 575 577 642 853 698 826 114 599 809 657 502 863 242 343 980 751
5013 10 4495 586 309 242 343 698 826 471 375 980 751 642 853 114 599 575 577 502 863 809 657
1014 10 5257 849 167 911 875 579 933 992 185 194 990 980 457 518 398 503 970 705 265 341 281
2014 10 5257 518 398 194 990 341 281 705 265 849 167 980 457 992 185 579 933 503 970 911 875
3014 10 5257 503 970 341 281 911 875 705 265 194 990 518 398 992 185 849 167 579 933 980 457
4014 10 5257 194 990 579 933 980 457 705 265 911 875 992 185 518 398 503 970 341 281 849 167
5014 10 5257 911 875 849 167 579 933 341 281 503 970 992 185 518 398 705 265 980 457 194 990
1015 10 3564 223 434 75 909 319 663 423 185 917 859 777 408 232 226 245 943 300 463 944 218
2015 10 3564 319 663 223 434 300 463 917 859 944 218 75 909 232 226 245 943 423 185 777 408
3015 10 3564 944 218 423 185 777 408 319 663 232 226 917 859 245 943 75 909 223 434 300 463
4015 10 3564 777 408 423 185 223 434 917 859 245 943 300 463 232 226 944 218 75 909 319 663
5015 10 3564 944 218 319 663 245 943 75 909 223 434 300 463 777 408 232 226 423 185 917 859
1016 10 2682 354 10 80 301 67 807 539 841 710 511 387 701 459 925 97 183 379 631 281 825
2016 10 2682 387 701 281 825 710 511 97 183 67 807 539 841 80 301 354 10 459 925 379 631
3016 10 2682 539 841 281 825 97 183 80 301 379 631 354 10 67 807 710 511 387 701 459 925
4016 10 2682 379 631 459 925 67 807 539 841 354 10 710 511 97 183 281 825 80 301 387 701
5016 10 2682 97 183 710 511 281 825 379 631 354 10 80 301 459 925 539 841 67 807 387 701
1017 10 2912 167 490 203 981 223 448 124 785 361 534 295 529 631 157 789 84 559 332 288 450
2017 10 2912 203 981 559 332 631 157 124 785 288 450 789 84 167 490 361 534 295 529 223 448
3017 10 2912 559 332 167 490 124 785 203 981 631 157 361 534 223 448 789 84 295 529 288 450
4017 10 2912 361 534 124 785 203 981 295 529 223 448 631 157 559 332 167 490 789 84 288 450
5017 10 2912 361 534 789 84 631 157 124 785 167 490 288 450 203 981 295 529 559 332 223 448
1018 10 4862 615 444 256 237 402 468 823 71 810 822 403 813 845 118 990 711 454 857 480 52
2018 10 4862 810 822 823 71 845 118 480 52 256 237 403 813 454 857 615 444 402 468 990 711
3018 10 4862 845 118 823 71 402 468 454 857 990 711 256 237 810 822 615 444 480 52 403 813
4018 10 4862 990 711 402 468 615 444 256 237 403 813 810 822 480 52 823 71 454 857 845 118
5018 10 4862 990 711 810 822 615 444 845 118 480 52 403 813 454 857 402 468 256 237 823 71
1019 10 3287 312 173 890 947 806 870 384 150 62 225 297 406 670 498 243 927 326 498 119 509
2019 10 3287 326 498 890 947 384 150 806 870 119 509 62 225 243 927 312 173 297 406 670 498
3019 10 3287 297 406 670 498 243 927 890 947 312 173 62 225 384 150 326 498 119 509 806 870
4019 10 3287 62 225 297 406 312 173 890 947 119 509 384 150 670 498 326 498 806 870 243 927
5019 10 3287 243 927 326 498 890 947 119 509 62 225 806 870 312 173 384 150 670 498 297 406
1020 10 4150 990 300 701 801 263 604 573 110 401 234 789 440 385 719 119 443 879 378 88 274
2020 10 4150 990 300 879 378 401 234 119 443 88 274 263 604 789 440 701 801 573 110 385 719
3020 10 4150 385 719 119 443 990 300 789 440 401 234 701 801 263 604 879 378 573 110 88 274
4020 10 4150 263 604 879 378 990 300 119 443 401 234 573 110 385 719 789 440 701 801 88 274
5020 10 4150 573 110 879 378 401 234 385 719 701 801 119 443 263 604 88 274 990 300 789 440
1021 10 4176 258 994 910 296 348 677 622 462 659 8 340 317 500 42 386 962 269 330 928 243
2021 10 4176 348 677 258 994 659 8 386 962 910 296 269 330 928 243 622 462 340 317 500 42
3021 10 4176 269 330 500 42 910 296 258 994 622 462 659 8 928 243 340 317 348 677 386 962
4021 10 4176 348 677 258 994 340 317 928 243 386 962 659 8 500 42 269 330 910 296 622 462
5021 10 4176 622 462 928 243 269 330 348 677 910 296 340 317 258 994 659 8 386 962 500 42
1022 10 2756 817 93 54 289 283 580 918 852 4 945 253 976 170 142 320 933 568 642 58 34
2022 10 2756 918 852 320 933 58 34 817 93 568 642 253 976 4 945 170 142 54 289 283 580
3022 10 2756 4 945 283 580 170 142 54 289 568 642 58 34 320 933 918 852 253 976 817 93
4022 10 2756 283 580 58 34 568 642 253 976 170 142 817 93 4 945 54 289 918 852 320 933
5022 10 2756 58 34 170 142 4 945 253 976 283 580 918 852 54 289 320 933 817 93 568 642
1023 10 2816 209 632 801 895 6 788 429 898 192 746 98 963 1000 324 15 276 379 260 392 599
2023 10 2816 98 963 192 746 392 599 209 632 429 898 6 788 15 276 379 260 1000 324 801 895
3023 10 2816 801 895 192 746 6 788 1000 324 15 276 429 898 379 260 209 632 98 963 392 599
4023 10 2816 392 599 429 898 379 260 192 746 15 276 1000 324 98 963 801 895 209 632 6 788
5023 10 2816 379 260 6 788 192 746 1000 324 98 963 429 898 392 599 801 895 15 276 209 632
1024 10 4059 660 7 207 928 71 150 332 429 855 1 781 839 533 706 324 982 537 489 774 316
2024 10 4059 774 316 71 150 660 7 537 489 332 429 855 1 207 928 533 706 781 839 324 982
3024 10 4059 537 489 332 429 660 7 324 982 781 839 855 1 533 706 71 150 207 928 774 316
4024 10 4059 71 150 660 7 332 429 774 316 207 928 324 982 533 706 537 489 781 839 855 1
5024 10 4059 855 1 324 982 332 429 533 706 774 316 781 839 71 150 537 489 660 7 207 928
1025 10 4431 120 773 386 278 875 472 501 221 963 602 632 896 836 472 348 67 321 765 557 151
2025 10 4431 120 773 348 67 557 151 632 896 836 472 875 472 501 221 321 765 386 278 963 602
3025 10 4431 348 67 386 278 321 765 963 602 836 472 632 896 501 221 120 773 875 472 557 151
4025 10 4431 348 67 875 472 836 472 557 151 386 278 501 221 120 773 632 896 321 765 963 602
5025 10 4431 386 278 836 472 120 773 321 765 557 151 875 472 632 896 348 67 963 602 501 221
1026 10 5213 194 141 999 595 973 592 151 884 653 904 473 302 882 175 955 376 591 448 646 867
2026 10 5213 955 376 591 448 151 884 194 141 646 867 473 302 882 175 653 904 999 595 973 592
3026 10 5213 653 904 151 884 973 592 882 175 646 867 591 448 999 595 473 302 194 141 955 376
4026 10 5213 955 376 999 595 646 867 653 904 882 175 591 448 973 592 194 141 473 302 151 884
5026 10 5213 473 302 955 376 194 141 973 592 882 175 646 867 151 884 653 904 591 448 999 595
1027 10 2706 83 673 188 228 164 957 172 494 481 658 153 420 249 524 961 473 767 590 165 440
2027 10 2706 961 473 172 494 767 590 188 228 165 440 83 673 249 524 481 658 153 420 164 957
3027 10 2706 165 440 961 473 188 228 172 494 249 524 481 658 767 590 83 673 153 420 164 957
4027 10 2706 249 524 164 957 172 494 767 590 188 228 153 420 481 658 165 440 961 473 83 673
5027 10 2706 481 658 249 524 188 228 164 957 961 473 767 590 172 494 153 420 83 673 165 440
1028 10 4588 169 898 768 120 505 594 429 421 385 912 697 633 896 799 815 362 291 210 780 921
2028 10 4588 385 912 697 633 896 799 768 120 291 210 429 421 780 921 815 362 505 594 169 898
3028 10 4588 780 921 896 799 815 362 505 594 385 912 697 633 768 120 291 210 429 421 169 898
4028 10 4588 385 912 768 120 697 633 169 898 815 362 291 210 429 421 505 594 896 799 780 921
5028 10 4588 385 912 505 594 815 362 780 921 768 120 291 210 169 898 896 799 429 421 697 633
1029 10 3922 415 407 695 439 163 959 898 724 851 789 393 150 100 376 536 877 116 904 736 826
2029 10 3922 100 376 116 904 851 789 736 826 415 407 695 439 393 150 163 959 898 724 536 877
3029 10 3922 393 150 116 904 851 789 415 407 163 959 695 439 898 724 536 877 736 826 100 376
4029 10 3922 898 724 536 877 163 959 695 439 116 904 851 789 100 376 393 150 736 826 415 407
5029 10 3922 695 439 415 407 736 826 393 150 163 959 100 376 851 789 116 904 898 724 536 877
1030 10 3930 413 940 865 932 935 840 200 334 711 55 595 39 318 238 75 915 798 416 3 751
2030 10 3930 935 840 200 334 75 915 3 751 413 940 711 55 318 238 798 416 865 932 595 39
3030 10 3930 200 334 595 39 75 915 413 940 865 932 798 416 318 238 711 55 935 840 3 751
4030 10 3930 3 751 711 55 75 915 318 238 865 932 200 334 595 39 413 940 935 840 798 416
5030 10 3930 935 840 318 238 3 751 865 932 200 334 711 55 798 416 595 39 413 940 75 915
1031 10 3609 198 657 787 168 200 903 297 297 161 779 860 4 867 11 316 688 450 782 376 233
2031 10 3609 297 297 376 233 787 168 867 11 860 4 200 903 450 782 198 657 316 688 161 779
3031 10 3609 376 233 787 168 867 11 297 297 316 688 161 779 860 4 198 657 450 782 200 903
4031 10 3609 198 657 200 903 316 688 860 4 450 782 376 233 867 11 787 168 297 297 161 779
5031 10 3609 450 782 376 233 316 688 198 657 297 297 860 4 161 779 867 11 200 903 787 168
1032 10 3148 165 394 16 798 754 141 415 955 192 564 297 59 979 280 790 409 92 412 235 411
2032 10 3148 165 394 297 59 192 564 790 409 979 280 92 412 415 955 235 411 16 798 754 141
3032 10 3148 297 59 790 409 754 141 415 955 16 798 235 411 165 394 192 564 92 412 979 280
4032 10 3148 297 59 754 141 415 955 979 280 92 412 235 411 165 394 16 798 192 564 790 409
5032 10 3148 165 394 415 955 235 411 297 59 192 564 979 280 92 412 16 798 790 409 754 141
1033 10 4512 430 273 738 358 349 613 751 299 794 909 543 967 626 869 863 316 33 460 514 465
2033 10 4512 863 316 430 273 626 869 543 967 33 460 794 909 514 465 349 613 751 299 738 358
3033 10 4512 738 358 863 316 543 967 794 909 514 465 33 460 626 869 349 613 430 273 751 299
4033 10 4512 751 299 863 316 33 460 349 613 794 909 738 358 514 465 430 273 626 869 543 967
5033 10 4512 863 316 738 358 33 460 794 909 514 465 626 869 543 967 349 613 751 299 430 273
1034 10 4864 452 19 857 871 133 566 202 182 576 37 716 527 894 617 933 401 688 462 630 494
2034 10 4864 857 871 202 182 894 617 688 462 576 37 452 19 716 527 933 401 133 566 630 494
3034 10 4864 894 617 576 37 688 462 630 494 933 401 133 566 202 182 716 527 857 871 452 19
4034 10 4864 576 37 452 19 133 566 894 617 630 494 933 401 857 871 202 182 688 462 716 527
5034 10 4864 857 871 452 19 630 494 133 566 716 527 894 617 933 401 202 182 688 462 576 37
1035 10 3868 619 522 451 91 118 768 43 977 241 33 925 530 411 273 779 568 525 187 724 105
2035 10 3868 724 105 779 568 925 530 525 187 411 273 118 768 619 522 451 91 241 33 43 977
3035 10 3868 451 91 118 768 525 187 619 522 241 33 724 105 925 530 43 977 779 568 411 273
4035 10 3868 779 568 241 33 451 91 724 105 43 977 411 273 118 768 925 530 525 187 619 522
5035 10 3868 451 91 619 522 925 530 779 568 411 273 525 187 241 33 43 977 118 768 724 105
1036 10 3772 216 526 512 931 621 144 505 365 593 176 356 284 317 75 955 141 129 749 512 908
2036 10 3772 621 144 505 365 216 526 955 141 356 284 317 75 512 908 512 931 129 749 593 176
3036 10 3772 356 284 216 526 955 141 512 931 593 176 512 908 621 144 317 75 129 749 505 365
4036 10 3772 621 144 593 176 512 931 505 365 356 284 317 75 955 141 129 749 216 526 512 908
5036 10 3772 356 284 216 526 593 176 505 365 317 75 512 931 129 749 621 144 512 908 955 141
1037 10 4493 39 869 661 925 913 142 470 849 458 307 783 694 506 261 737 833 820 457 230 320
2037 10 4493 39 869 783 694 661 925 913 142 458 307 820 457 470 849 737 833 230 320 506 261
3037 10 4493 230 320 661 925 820 457 470 849 913 142 458 307 783 694 737 833 39 869 506 261
4037 10 4493 820 457 470 849 737 833 913 142 230 320 661 925 39 869 506 261 458 307 783 694
5037 10 4493 458 307 230 320 913 142 506 261 820 457 39 869 783 694 470 849 661 925 737 833
1038 10 4198 36 527 130 665 946 812 720 236 262 436 913 364 757 570 371 906 883 904 230 65
2038 10 4198 757 570 36 527 371 906 720 236 913 364 883 904 230 65 130 665 262 436 946 812
3038 10 4198 262 436 36 527 757 570 371 906 130 665 230 65 720 236 913 364 883 904 946 812
4038 10 4198 130 665 36 527 720 236 230 65 371 906 262 436 913 364 883 904 946 812 757 570
5038 10 4198 757 570 946 812 230 65 883 904 36 527 913 364 262 436 130 665 720 236 371 906
1039 10 3793 876 376 364 506 429 185 771 502 465 606 472 43 381 4 267 19 159 659 558 57
2039 10 3793 558 57 472 43 465 606 364 506 429 185 876 376 159 659 771 502 381 4 267 19
3039 10 3793 267 19 771 502 465 606 876 376 558 57 472 43 159 659 381 4 429 185 364 506
4039 10 3793 876 376 159 659 429 185 267 19 771 502 465 606 558 57 472 43 381 4 364 506
5039 10 3793 159 659 771 502 465 606 472 43 364 506 381 4 267 19 429 185 876 376 558 57
1040 10 4828 838 973 868 816 898 612 540 485 849 67 464 246 248 117 948 572 122 123 261 419
2040 10 4828 122 123 261 419 248 117 868 816 464 246 540 485 898 612 849 67 948 572 838 973
3040 10 4828 849 67 261 419 838 973 540 485 948 572 464 246 248 117 122 123 898 612 868 816
4040 10 4828 948 572 248 117 122 123 540 485 464 246 261 419 849 67 868 816 898 612 838 973
5040 10 4828 540 485 261 419 838 973 948 572 898 612 248 117 849 67 122 123 868 816 464 246
1041 10 4240 280 570 530 693 873 743 78 652 57 674 309 166 237 157 950 599 996 687 990 655
2041 10 4240 950 599 78 652 530 693 990 655 996 687 57 674 873 743 237 157 309 166 280 570
3041 10 4240 990 655 530 693 78 652 280 570 996 687 237 157 57 674 309 166 950 599 873 743
4041 10 4240 57 674 530 693 950 599 78 652 873 743 309 166 280 570 237 157 990 655 996 687
5041 10 4240 873 743 990 655 530 693 57 674 996 687 237 157 309 166 950 599 280 570 78 652
1042 10 5760 846 259 734 72 965 530 715 916 967 229 372 294 899 595 462 81 428 494 812 882
2042 10 5760 899 595 715 916 846 259 372 294 734 72 965 530 428 494 812 882 967 229 462 81
3042 10 5760 734 72 899 595 965 530 967 229 812 882 428 494 372 294 846 259 715 916 462 81
4042 10 5760 965 530 967 229 812 882 428 494 462 81 899 595 372 294 715 916 734 72 846 259
5042 10 5760 899 595 372 294 715 916 967 229 428 494 846 259 462 81 734 72 812 882 965 530
1043 10 2973 358 20 652 687 431 551 775 19 3 323 24 256 80 676 56 637 819 693 519 757
2043 10 2973 775 19 358 20 431 551 519 757 80 676 652 687 819 693 3 323 56 637 24 256
3043 10 2973 652 687 819 693 3 323 56 637 24 256 775 19 519 757 80 676 358 20 431 551
4043 10 2973 3 323 358 20 775 19 56 637 431 551 24 256 519 757 80 676 652 687 819 693
5043 10 2973 819 693 24 256 519 757 56 637 3 323 652 687 80 676 775 19 358 20 431 551
1044 10 4983 939 648 268 607 249 118 368 573 968 7 708 640 991 375 653 970 991 82 94 754
2044 10 4983 991 375 249 118 939 648 653 970 94 754 708 640 968 7 991 82 368 573 268 607
3044 10 4983 368 573 939 648 991 82 653 970 968 7 991 375 708 640 249 118 94 754 268 607
4044 10 4983 268 607 708 640 94 754 991 375 968 7 368 573 249 118 653 970 991 82 939 648
5044 10 4983 708 640 94 754 991 82 653 970 268 607 368 573 939 648 968 7 249 118 991 375
1045 10 3764 9 516 620 484 714 489 944 281 764 24 735 869 288 735 100 899 457 925 75 32
2045 10 3764 100 899 620 484 714 489 288 735 735 869 457 925 944 281 764 24 9 516 75 32
3045 10 3764 100 899 457 925 288 735 9 516 75 32 714 489 764 24 620 484 735 869 944 281
4045 10 3764 714 489 75 32 9 516 764 24 735 869 100 899 457 925 288 735 620 484 944 281
5045 10 3764 100 899 735 869 9 516 288 735 457 925 944 281 620 484 75 32 714 489 764 24
1046 10 4086 722 587 713 979 768 134 131 776 577 892 623 386 112 630 632 931 300 408 530 315
2046 10 4086 722 587 768 134 577 892 530 315 112 630 300 408 131 776 632 931 623 386 713 979
3046 10 4086 768 134 623 386 577 892 300 408 112 630 722 587 713 979 530 315 131 776 632 931
4046 10 4086 131 776 632 931 713 979 300 408 623 386 768 134 722 587 112 630 577 892 530 315
5046 10 4086 131 776 577 892 632 931 768 134 300 408 530 315 722 587 713 979 623 386 112 630
1047 10 3686 122 495 494 135 406 595 130 815 326 771 976 537 469 875 37 99 741 134 907 525
2047 10 3686 37 99 907 525 122 495 494 135 326 771 469 875 741 134 406 595 130 815 976 537
3047 10 3686 37 99 406 595 122 495 907 525 130 815 326 771 469 875 494 135 976 537 741 134
4047 10 3686 130 815 976 537 37 99 326 771 406 595 741 134 122 495 469 875 907 525 494 135
5047 10 3686 907 525 741 134 326 771 976 537 494 135 122 495 469 875 130 815 406 595 37 99
1048 10 3940 552 426 531 320 237 391 167 966 119 858 311 793 398 369 933 297 924 828 753 682
2048 10 3940 531 320 398 369 119 858 552 426 924 828 167 966 933 297 311 793 237 391 753 682
3048 10 3940 924 828 933 297 311 793 237 391 753 682 398 369 119 858 531 320 167 966 552 426
4048 10 3940 753 682 119 858 933 297 924 828 237 391 552 426 398 369 311 793 167 966 531 320
5048 10 3940 167 966 753 682 398 369 119 858 237 391 311 793 531 320 924 828 552 426 933 297
1049 10 3844 540 552 867 792 450 329 288 140 480 561 20 540 997 14 381 839 241 992 542 969
2049 10 3844 20 540 450 329 997 14 542 969 288 140 381 839 480 561 867 792 540 552 241 992
3049 10 3844 540 552 450 329 542 969 997 14 867 792 480 561 241 992 20 540 288 140 381 839
4049 10 3844 997 14 867 792 480 561 288 140 450 329 381 839 540 552 542 969 241 992 20 540
5049 10 3844 480 561 540 552 288 140 542 969 381 839 241 992 20 540 867 792 450 329 997 14
1050 10 3180 389 934 304 448 866 972 512 909 642 336 115 837 84 820 828 784 155 999 81 465
2050 10 3180 866 972 828 784 115 837 304 448 155 999 389 934 84 820 81 465 512 909 642 336
3050 10 3180 389 934 81 465 866 972 642 336 84 820 155 999 115 837 828 784 304 448 512 909
4050 10 3180 828 784 389 934 84 820 642 336 512 909 155 999 115 837 866 972 304 448 81 465
5050 10 3180 828 784 866 972 115 837 81 465 389 934 155 999 84 820 304 448 642 336 512 909
1051 10 3878 798 218 123 447 884 978 165 256 37 942 864 762 370 89 766 871 451 364 390 15
2051 10 3878 165 256 37 942 123 447 864 762 798 218 451 364 390 15 884 978 370 89 766 871
3051 10 3878 390 15 123 447 37 942 370 89 451 364 798 218 864 762 884 978 165 256 766 871
4051 10 3878 165 256 123 447 766 871 451 364 37 942 798 218 864 762 390 15 884 978 370 89
5051 10 3878 123 447 451 364 165 256 864 762 370 89 37 942 390 15 766 871 884 978 798 218
1052 10 3627 13 766 24 535 500 673 756 18 635 387 393 289 213 857 720 459 932 457 348 398
2052 10 3627 756 18 13 766 213 857 393 289 932 457 24 535 500 673 635 387 348 398 720 459
3052 10 3627 13 766 24 535 932 457 756 18 213 857 348 398 393 289 500 673 720 459 635 387
4052 10 3627 213 857 635 387 756 18 348 398 500 673 393 289 13 766 720 459 932 457 24 535
5052 10 3627 348 398 756 18 500 673 13 766 24 535 213 857 393 289 635 387 932 457 720 459
1053 10 4529 848 338 141 909 834 63 164 657 179 784 889 674 716 924 411 457 900 991 580 474
2053 10 4529 848 338 900 991 141 909 411 457 716 924 834 63 889 674 179 784 580 474 164 657
3053 10 4529 834 63 141 909 716 924 848 338 900 991 411 457 164 657 580 474 889 674 179 784
4053 10 4529 889 674 580 474 834 63 411 457 848 338 179 784 141 909 164 657 900 991 716 924
5053 10 4529 716 924 164 657 411 457 580 474 141 909 889 674 179 784 848 338 900 991 834 63
1054 10 2800 156 496 420 293 790 720 90 900 197 504 325 299 658 638 84 349 341 406 439 430
2054 10 2800 439 430 658 638 84 349 325 299 790 720 420 293 341 406 156 496 90 900 197 504
3054 10 2800 90 900 325 299 439 430 156 496 197 504 420 293 658 638 84 349 790 720 341 406
4054 10 2800 790 720 420 293 439 430 156 496 658 638 341 406 325 299 197 504 84 349 90 900
5054 10 2800 439 430 341 406 790 720 658 638 325 299 156 496 197 504 420 293 84 349 90 900
1055 10 4587 951 56 199 909 871 78 705 851 130 678 53 914 946 530 467 738 928 654 484 117
2055 10 4587 928 654 946 530 705 851 951 56 871 78 467 738 199 909 484 117 130 678 53 914
3055 10 4587 130 678 705 851 951 56 199 909 871 78 484 117 53 914 928 654 467 738 946 530
4055 10 4587 928 654 130 678 467 738 53 914 199 909 871 78 484 117 705 851 946 530 951 56
5055 10 4587 946 530 130 678 484 117 53 914 467 738 928 654 705 851 871 78 951 56 199 909
1056 10 4584 355 174 665 454 111 840 916 895 140 507 520 7 839 850 965 125 836 920 384 402
2056 10 4584 384 402 355 174 520 7 111 840 965 125 916 895 140 507 836 920 665 454 839 850
3056 10 4584 520 7 355 174 384 402 965 125 665 454 839 850 111 840 916 895 140 507 836 920
4056 10 4584 665 454 355 174 965 125 836 920 140 507 520 7 384 402 839 850 111 840 916 895
5056 10 4584 140 507 665 454 111 840 916 895 520 7 384 402 965 125 355 174 836 920 839 850
1057 10 3037 84 957 578 101 452 345 75 149 533 138 302 864 222 736 481 425 157 222 913 703
2057 10 3037 84 957 157 222 452 345 913 703 222 736 75 149 533 138 481 425 578 101 302 864
3057 10 3037 157 222 222 736 84 957 302 864 75 149 913 703 452 345 481 425 578 101 533 138
4057 10 3037 533 138 157 222 302 864 452 345 578 101 75 149 913 703 481 425 84 957 222 736
5057 10 3037 913 703 157 222 302 864 222 736 578 101 75 149 84 957 481 425 452 345 533 138
1058 10 4022 574 298 539 695 625 948 522 604 989 390 548 357 128 503 453 921 316 706 334 771
2058 10 4022 128 503 522 604 316 706 548 357 539 695 574 298 453 921 989 390 625 948 334 771
3058 10 4022 522 604 539 695 316 706 453 921 989 390 128 503 574 298 625 948 548 357 334 771
4058 10 4022 574 298 522 604 316 706 539 695 625 948 334 771 989 390 453 921 128 503 548 357
5058 10 4022 989 390 574 298 128 503 539 695 334 771 453 921 316 706 522 604 625 948 548 357
1059 10 4204 976 117 487 482 803 500 677 643 181 736 508 365 458 728 787 74 108 856 271 502
2059 10 4204 458 728 787 74 677 643 181 736 976 117 108 856 508 365 271 502 487 482 803 500
3059 10 4204 181 736 271 502 976 117 508 365 458 728 803 500 677 643 487 482 108 856 787 74
4059 10 4204 271 502 803 500 458 728 787 74 108 856 677 643 487 482 976 117 508 365 181 736
5059 10 4204 677 643 181 736 487 482 976 117 108 856 787 74 458 728 271 502 508 365 803 500
1060 10 4548 751 188 584 381 422 597 639 476 359 469 968 300 21 700 334 946 992 389 615 114
2060 10 4548 639 476 584 381 359 469 992 389 422 597 615 114 334 946 21 700 968 300 751 188
3060 10 4548 639 476 992 389 615 114 422 597 584 381 334 946 21 700 751 188 359 469 968 300
4060 10 4548 21 700 359 469 422 597 992 389 639 476 968 300 584 381 751 188 615 114 334 946
5060 10 4548 639 476 359 469 615 114 751 188 992 389 584 381 21 700 422 597 968 300 334 946
1061 10 5043 994 439 113 116 606 31 856 226 806 646 142 274 562 754 676 516 724 110 825 371
2061 10 5043 825 371 724 110 676 516 113 116 994 439 142 274 606 31 562 754 856 226 806 646
3061 10 5043 856 226 724 110 142 274 113 116 994 439 562 754 606 31 806 646 825 371 676 516
4061 10 5043 676 516 825 371 562 754 856 226 113 116 724 110 606 31 142 274 994 439 806 646
5061 10 5043 142 274 606 31 724 110 806 646 676 516 562 754 994 439 856 226 113 116 825 371
1062 10 4065 157 593 583 780 5 382 927 752 1000 767 36 555 658 695 346 322 790 826 580 597
2062 10 4065 5 382 790 826 157 593 927 752 583 780 346 322 580 597 658 695 1000 767 36 555
3062 10 4065 790 826 583 780 346 322 157 593 5 382 36 555 1000 767 658 695 580 597 927 752
4062 10 4065 927 752 580 597 790 826 1000 767 157 593 5 382 658 695 346 322 36 555 583 780
5062 10 4065 580 597 346 322 790 826 583 780 36 555 1000 767 5 382 157 593 927 752 658 695
1063 10 3420 11 636 586 490 155 705 919 252 25 645 633 919 895 538 52 401 783 622 217 244
2063 10 3420 919 252 783 622 25 645 155 705 217 244 52 401 895 538 633 919 586 490 11 636
3063 10 3420 155 705 11 636 52 401 919 252 633 919 217 244 783 622 25 645 586 490 895 538
4063 10 3420 155 705 586 490 11 636 633 919 25 645 217 244 895 538 919 252 783 622 52 401
5063 10 3420 155 705 919 252 895 538 52 401 25 645 633 919 11 636 586 490 217 244 783 622
1064 10 3861 187 912 548 976 123 180 755 432 979 397 838 272 670 96 513 100 168 90 46 303
2064 10 3861 187 912 548 976 168 90 46 303 979 397 755 432 123 180 838 272 513 100 670 96
3064 10 3861 670 96 548 976 168 90 187 912 755 432 513 100 838 272 46 303 979 397 123 180
4064 10 3861 670 96 838 272 548 976 123 180 979 397 513 100 46 303 168 90 755 432 187 912
5064 10 3861 755 432 46 303 168 90 979 397 548 976 838 272 670 96 513 100 187 912 123 180
1065 10 4467 248 263 968 392 808 749 371 483 730 705 465 315 623 181 179 254 993 998 199 759
2065 10 4467 371 483 730 705 465 315 993 998 808 749 248 263 623 181 968 392 179 254 199 759
3065 10 4467 993 998 199 759 808 749 371 483 248 263 623 181 179 254 730 705 968 392 465 315
4065 10 4467 371 483 179 254 248 263 465 315 199 759 730 705 623 181 993 998 808 749 968 392
5065 10 4467 371 483 993 998 623 181 968 392 465 315 199 759 808 749 248 263 730 705 179 254
1066 10 3542 221 110 51 352 895 516 38 681 153 188 727 906 591 558 346 543 720 850 686 472
2066 10 3542 221 110 686 472 591 558 720 850 51 352 38 681 346 543 895 516 727 906 153 188
3066 10 3542 895 516 221 110 727 906 591 558 686 472 153 188 346 543 720 850 38 681 51 352
4066 10 3542 51 352 720 850 346 543 686 472 153 188 591 558 38 681 895 516 727 906 221 110
5066 10 3542 38 681 720 850 686 472 51 352 153 188 727 906 221 110 346 543 895 516 591 558
1067 10 3432 80 510 8 459 538 794 315 395 949 730 474 515 758 604 315 53 772 880 82 196
2067 10 3432 80 510 474 515 772 880 82 196 949 730 315 395 8 459 538 794 758 604 315 53
3067 10 3432 80 510 8 459 315 395 949 730 758 604 474 515 315 53 772 880 82 196 538 794
4067 10 3432 8 459 949 730 474 515 80 510 315 395 758 604 315 53 772 880 82 196 538 794
5067 10 3432 474 515 8 459 315 53 772 880 315 395 80 510 538 794 949 730 758 604 82 196
1068 10 4810 724 463 125 257 834 426 598 366 180 796 667 346 978 675 989 567 709 84 209 246
2068 10 4810 709 84 598 366 125 257 724 463 834 426 180 796 978 675 989 567 667 346 209 246
3068 10 4810 667 346 598 366 978 675 834 426 180 796 989 567 209 246 709 84 125 257 724 463
4068 10 4810 667 346 724 463 180 796 709 84 598 366 834 426 209 246 978 675 989 567 125 257
5068 10 4810 125 257 724 463 209 246 598 366 989 567 709 84 667 346 978 675 834 426 180 796
1069 10 2364 364 574 125 393 585 306 244 638 187 532 40 547 247 800 643 260 4 448 517 824
2069 10 2364 643 260 40 547 247 800 585 306 187 532 125 393 244 638 4 448 364 574 517 824
3069 10 2364 517 824 585 306 4 448 125 393 40 547 187 532 247 800 364 574 643 260 244 638
4069 10 2364 247 800 4 448 364 574 40 547 585 306 517 824 187 532 244 638 125 393 643 260
5069 10 2364 187 532 643 260 244 638 364 574 125 393 585 306 517 824 4 448 247 800 40 547
1070 10 4693 278 737 555 326 164 918 209 208 756 713 974 22 978 969 916 146 360 467 677 792
2070 10 4693 974 22 360 467 278 737 209 208 916 146 756 713 164 918 555 326 677 792 978 969
3070 10 4693 164 918 677 792 756 713 360 467 555 326 978 969 209 208 278 737 974 22 916 146
4070 10 4693 916 146 756 713 209 208 974 22 164 918 278 737 555 326 978 969 677 792 360 467
5070 10 4693 278 737 978 969 974 22 555 326 756 713 164 918 209 208 677 792 916 146 360 467
1071 10 3760 219 704 526 628 943 823 187 447 369 455 947 378 461 636 670 579 79 197 299 133
2071 10 3760 187 447 79 197 299 133 461 636 947 378 670 579 369 455 943 823 219 704 526 628
3071 10 3760 299 133 461 636 79 197 187 447 526 628 369 455 947 378 219 704 670 579 943 823
4071 10 3760 219 704 943 823 79 197 947 378 299 133 369 455 187 447 461 636 670 579 526 628
5071 10 3760 461 636 299 133 670 579 943 823 947 378 369 455 219 704 187 447 79 197 526 628
1072 10 3408 741 369 245 384 256 548 494 170 658 703 55 490 230 874 604 654 737 16 240 107
2072 10 3408 55 490 741 369 658 703 240 107 230 874 245 384 604 654 737 16 494 170 256 548
3072 10 3408 230 874 604 654 494 170 240 107 741 369 55 490 245 384 737 16 658 703 256 548
4072 10 3408 245 384 230 874 55 490 741 369 658 703 737 16 604 654 494 170 256 548 240 107
5072 10 3408 658 703 604 654 245 384 230 874 494 170 240 107 741 369 737 16 256 548 55 490
1073 10 3585 103 9 468 945 170 901 187 906 931 842 18 303 879 606 567 532 163 416 996 799
2073 10 3585 18 303 468 945 996 799 103 9 163 416 567 532 170 901 931 842 187 906 879 606
3073 10 3585 931 842 103 9 163 416 567 532 996 799 468 945 879 606 18 303 187 906 170 901
4073 10 3585 879 606 163 416 931 842 18 303 170 901 996 799 468 945 103 9 187 906 567 532
5073 10 3585 18 303 931 842 163 416 567 532 170 901 103 9 187 906 879 606 996 799 468 945
1074 10 5636 614 155 490 812 372 69 973 175 630 749 938 16 976 958 549 232 540 813 964 703
2074 10 5636 630 749 976 958 549 232 372 69 540 813 938 16 973 175 614 155 964 703 490 812
3074 10 5636 549 232 938 16 976 958 630 749 490 812 973 175 614 155 540 813 964 703 372 69
4074 10 5636 490 812 630 749 964 703 540 813 549 232 614 155 372 69 976 958 973 175 938 16
5074 10 5636 372 69 540 813 964 703 976 958 973 175 614 155 938 16 549 232 630 749 490 812
1075 10 3691 276 960 326 625 913 427 269 643 721 632 54 846 41 147 411 801 961 350 642 877
2075 10 3691 326 625 642 877 276 960 913 427 721 632 269 643 961 350 54 846 411 801 41 147
3075 10 3691 961 350 913 427 411 801 276 960 642 877 41 147 54 846 326 625 721 632 269 643
4075 10 3691 54 846 411 801 326 625 913 427 642 877 41 147 269 643 961 350 276 960 721 632
5075 10 3691 411 801 326 625 276 960 913 427 721 632 41 147 269 643 961 350 54 846 642 877
1076 10 3264 523 400 301 292 33 41 38 59 952 366 411 780 256 118 706 180 493 205 368 868
2076 10 3264 706 180 301 292 411 780 952 366 33 41 368 868 38 59 493 205 523 400 256 118
3076 10 3264 33 41 706 180 411 780 301 292 38 59 368 868 952 366 493 205 256 118 523 400
4076 10 3264 33 41 301 292 411 780 706 180 256 118 38 59 523 400 368 868 493 205 952 366
5076 10 3264 952 366 301 292 38 59 33 41 411 780 368 868 256 118 493 205 523 400 706 180
1077 10 4252 227 940 918 511 692 367 790 840 38 183 879 465 542 500 243 872 392 419 594 849
2077 10 4252 692 367 392 419 918 511 594 849 227 940 38 183 879 465 790 840 243 872 542 500
3077 10 4252 392 419 243 872 692 367 38 183 594 849 879 465 918 511 227 940 790 840 542 500
4077 10 4252 692 367 879 465 392 419 227 940 790 840 918 511 594 849 38 183 243 872 542 500
5077 10 4252 692 367 594 849 227 940 790 840 243 872 879 465 542 500 392 419 918 511 38 183
1078 10 3368 726 22 348 275 397 487 484 328 737 85 197 412 933 917 337 884 51 639 1 553
2078 10 3368 51 639 1 553 726 22 397 487 197 412 737 85 484 328 348 275 933 917 337 884
3078 10 3368 397 487 933 917 51 639 726 22 1 553 484 328 737 85 348 275 337 884 197 412
4078 10 3368 348 275 337 884 484 328 737 85 51 639 397 487 1 553 197 412 726 22 933 917
5078 10 3368 337 884 1 553 51 639 197 412 348 275 397 487 933 917 726 22 484 328 737 85
1079 10 3739 886 374 518 615 809 151 323 675 916 982 50 260 132 193 180 569 453 213 407 553
2079 10 3739 407 553 518 615 886 374 916 982 180 569 809 151 453 213 323 675 50 260 132 193
3079 10 3739 453 213 916 982 132 193 50 260 323 675 886 374 407 553 180 569 809 151 518 615
4079 10 3739 916 982 886 374 809 151 323 675 518 615 132 193 407 553 50 260 180 569 453 213
5079 10 3739 132 193 180 569 407 553 453 213 323 675 886 374 518 615 916 982 50 260 809 151
1080 10 3234 379 434 334 624 140 800 631 733 632 688 638 138 140 211 217 801 435 983 497 711
2080 10 3234 497 711 379 434 140 800 334 624 140 211 435 983 638 138 217 801 631 733 632 688
3080 10 3234 638 138 497 711 379 434 140 800 140 211 217 801 632 688 334 624 631 733 435 983
4080 10 3234 631 733 140 211 379 434 632 688 435 983 334 624 497 711 140 800 217 801 638 138
5080 10 3234 379 434 435 983 497 711 217 801 140 800 334 624 638 138 632 688 631 733 140 211
1081 10 3224 557 398 310 15 229 251 457 806 255 650 57 804 266 618 415 9 721 662 763 982
2081 10 3224 57 804 310 15 415 9 721 662 557 398 457 806 266 618 229 251 763 982 255 650
3081 10 3224 255 650 57 804 557 398 721 662 457 806 415 9 310 15 229 251 763 982 266 618
4081 10 3224 457 806 310 15 229 251 255 650 266 618 415 9 763 982 721 662 557 398 57 804
5081 10 3224 310 15 255 650 721 662 266 618 763 982 229 251 457 806 557 398 415 9 57 804
1082 10 4545 201 636 201 229 569 605 979 375 386 560 951 813 101 886 685 304 683 215 926 545
2082 10 4545 386 560 951 813 685 304 683 215 569 605 101 886 201 229 201 636 979 375 926 545
3082 10 4545 979 375 201 229 683 215 951 813 569 605 201 636 926 545 101 886 386 560 685 304
4082 10 4545 386 560 951 813 926 545 201 229 569 605 685 304 683 215 101 886 979 375 201 636
5082 10 4545 683 215 201 229 201 636 951 813 386 560 685 304 979 375 101 886 926 545 569 605
1083 10 4488 998 463 427 154 50 491 584 824 865 407 941 745 11 382 20 369 753 379 961 775
2083 10 4488 11 382 584 824 427 154 961 775 865 407 50 491 20 369 998 463 941 745 753 379
3083 10 4488 50 491 20 369 427 154 941 745 961 775 865 407 753 379 584 824 11 382 998 463
4083 10 4488 50 491 941 745 584 824 998 463 11 382 753 379 20 369 427 154 865 407 961 775
5083 10 4488 865 407 50 491 20 369 998 463 427 154 11 382 961 775 584 824 941 745 753 379
1084 10 2797 449 742 509 935 32 116 212 350 581 914 179 448 744 478 45 473 342 621 404 500
2084 10 2797 509 935 32 116 342 621 404 500 744 478 212 350 449 742 581 914 45 473 179 448
3084 10 2797 449 742 581 914 179 448 404 500 509 935 32 116 744 478 45 473 212 350 342 621
4084 10 2797 179 448 342 621 32 116 744 478 404 500 212 350 581 914 45 473 509 935 449 742
5084 10 2797 32 116 45 473 449 742 179 448 212 350 744 478 342 621 404 500 581 914 509 935
1085 10 3434 813 907 563 941 490 596 32 898 217 699 83 537 314 841 394 760 616 854 771 703
2085 10 3434 490 596 314 841 563 941 217 699 394 760 616 854 771 703 813 907 32 898 83 537
3085 10 3434 314 841 394 760 616 854 83 537 771 703 32 898 490 596 563 941 217 699 813 907
4085 10 3434 616 854 83 537 32 898 563 941 771 703 314 841 217 699 813 907 394 760 490 596
5085 10 3434 83 537 490 596 616 854 813 907 771 703 394 760 314 841 563 941 32 898 217 699
1086 10 4640 924 452 385 470 400 180 771 332 131 201 765 151 978 62 840 410 69 717 538 253
2086 10 4640 978 62 771 332 69 717 924 452 400 180 385 470 840 410 131 201 765 151 538 253
3086 10 4640 765 151 840 410 538 253 924 452 69 717 400 180 978 62 385 470 771 332 131 201
4086 10 4640 978 62 538 253 69 717 840 410 924 452 400 180 131 201 765 151 385 470 771 332
5086 10 4640 840 410 400 180 765 151 538 253 924 452 131 201 978 62 69 717 771 332 385 470
1087 10 3774 939 214 998 705 367 199 44 863 162 430 24 800 331 465 828 159 256 142 769 875
2087 10 3774 24 800 162 430 828 159 998 705 939 214 256 142 44 863 769 875 331 465 367 199
3087 10 3774 939 214 44 863 769 875 998 705 331 465 256 142 367 199 162 430 828 159 24 800
4087 10 3774 769 875 939 214 162 430 256 142 998 705 331 465 24 800 828 159 44 863 367 199
5087 10 3774 367 199 331 465 939 214 256 142 162 430 24 800 998 705 828 159 769 875 44 863
1088 10 4179 426 403 928 600 367 330 190 849 608 5 272 7 50 427 851 803 884 763 648 49
2088 10 4179 648 49 884 763 608 5 50 427 851 803 190 849 426 403 367 330 272 7 928 600
3088 10 4179 272 7 648 49 190 849 928 600 367 330 884 763 426 403 851 803 50 427 608 5
4088 10 4179 928 600 608 5 426 403 851 803 648 49 272 7 884 763 367 330 50 427 190 849
5088 10 4179 367 330 928 600 50 427 851 803 608 5 426 403 884 763 648 49 190 849 272 7
1089 10 3384 824 605 651 315 633 816 396 475 290 321 797 540 45 341 69 586 516 340 10 447
2089 10 3384 290 321 69 586 824 605 651 315 633 816 45 341 797 540 10 447 396 475 516 340
3089 10 3384 516 340 651 315 824 605 45 341 396 475 633 816 797 540 290 321 10 447 69 586
4089 10 3384 516 340 10 447 824 605 290 321 396 475 45 341 633 816 797 540 69 586 651 315
5089 10 3384 797 540 45 341 10 447 516 340 69 586 290 321 396 475 824 605 651 315 633 816
1090 10 3133 589 603 506 609 155 370 124 22 377 791 398 898 374 281 495 906 640 433 259 279
2090 10 3133 259 279 374 281 640 433 495 906 155 370 506 609 589 603 398 898 377 791 124 22
3090 10 3133 377 791 398 898 259 279 506 609 124 22 495 906 640 433 155 370 374 281 589 603
4090 10 3133 374 281 640 433 155 370 377 791 124 22 259 279 398 898 589 603 495 906 506 609
5090 10 3133 398 898 374 281 640 433 377 791 124 22 506 609 155 370 589 603 495 906 259 279
1091 10 4692 370 65 824 663 789 713 325 99 619 338 554 615 326 443 262 778 971 419 825 40
2091 10 4692 325 99 789 713 554 615 262 778 619 338 370 65 824 663 971 419 326 443 825 40
3091 10 4692 971 419 619 338 325 99 789 713 554 615 825 40 370 65 262 778 824 663 326 443
4091 10 4692 326 443 262 778 554 615 971 419 370 65 619 338 825 40 325 99 789 713 824 663
5091 10 4692 262 778 619 338 971 419 554 615 825 40 370 65 326 443 824 663 325 99 789 713
1092 10 3629 501 511 826 387 726 904 6 280 461 62 121 747 100 927 964 845 268 865 564 904
2092 10 3629 6 280 964 845 461 62 100 927 268 865 726 904 564 904 121 747 501 511 826 387
3092 10 3629 461 62 100 927 964 845 726 904 6 280 564 904 121 747 268 865 826 387 501 511
4092 10 3629 564 904 826 387 6 280 100 927 964 845 501 511 121 747 268 865 726 904 461 62
5092 10 3629 726 904 100 927 564 904 121 747 964 845 461 62 826 387 501 511 268 865 6 280
1093 10 4525 94 991 972 194 578 697 840 558 637 113 615 160 436 209 270 51 895 577 320 45
2093 10 4525 840 558 972 194 320 45 578 697 637 113 615 160 94 991 895 577 436 209 270 51
3093 10 4525 94 991 840 558 637 113 972 194 270 51 615 160 578 697 436 209 895 577 320 45
4093 10 4525 840 558 895 577 972 194 615 160 637 113 320 45 578 697 436 209 270 51 94 991
5093 10 4525 972 194 637 113 94 991 895 577 320 45 578 697 436 209 615 160 840 558 270 51
1094 10 4390 961 294 701 184 373 129 843 191 728 10 652 760 345 666 628 159 150 989 107 216
2094 10 4390 843 191 107 216 728 10 652 760 628 159 345 666 701 184 373 129 961 294 150 989
3094 10 4390 345 666 107 216 701 184 652 760 728 10 961 294 373 129 150 989 628 159 843 191
4094 10 4390 652 760 728 10 345 666 628 159 107 216 961 294 150 989 843 191 373 129 701 184
5094 10 4390 728 10 701 184 373 129 107 216 150 989 961 294 345 666 628 159 843 191 652 760
1095 10 3440 869 507 11 474 894 597 343 541 456 322 522 186 365 780 95 958 84 81 662 766
2095 10 3440 365 780 95 958 894 597 522 186 84 81 869 507 343 541 11 474 662 766 456 322
3095 10 3440 662 766 456 322 95 958 522 186 84 81 869 507 365 780 894 597 343 541 11 474
4095 10 3440 869 507 662 766 84 81 894 597 95 958 522 186 11 474 365 780 456 322 343 541
5095 10 3440 894 597 365 780 456 322 11 474 869 507 343 541 95 958 522 186 662 766 84 81
1096 10 3903 516 174 179 7 182 474 715 915 632 302 557 911 713 72 717 463 529 428 139 449
2096 10 3903 182 474 632 302 557 911 139 449 717 463 713 72 715 915 179 7 529 428 516 174
3096 10 3903 179 7 516 174 529 428 182 474 139 449 557 911 715 915 713 72 632 302 717 463
4096 10 3903 713 72 516 174 557 911 717 463 179 7 715 915 139 449 632 302 529 428 182 474
5096 10 3903 182 474 139 449 179 7 516 174 715 915 717 463 632 302 529 428 713 72 557 911
1097 10 3641 505 407 711 55 550 10 534 651 447 801 664 407 51 685 12 146 544 162 534 433
2097 10 3641 664 407 534 433 550 10 534 651 12 146 447 801 544 162 505 407 51 685 711 55
3097 10 3641 550 10 534 433 534 651 12 146 544 162 505 407 711 55 51 685 664 407 447 801
4097 10 3641 51 685 505 407 550 10 544 162 447 801 534 433 711 55 534 651 664 407 12 146
5097 10 3641 544 162 550 10 534 433 12 146 447 801 51 685 711 55 505 407 664 407 534 651
1098 10 3976 746 880 983 538 125 849 799 390 167 697 75 347 248 59 74 959 863 429 890 806
2098 10 3976 983 538 167 697 746 880 799 390 863 429 248 59 74 959 75 347 125 849 890 806
3098 10 3976 746 880 74 959 890 806 799 390 248 59 125 849 863 429 167 697 983 538 75 347
4098 10 3976 125 849 799 390 983 538 74 959 890 806 746 880 75 347 248 59 167 697 863 429
5098 10 3976 74 959 248 59 167 697 863 429 75 347 799 390 983 538 746 880 890 806 125 849
1099 10 4250 866 809 294 212 199 32 811 302 95 257 397 736 647 587 992 218 359 762 653 674
2099 10 4250 294 212 992 218 95 257 359 762 811 302 199 32 647 587 397 736 653 674 866 809
3099 10 4250 294 212 811 302 95 257 359 762 992 218 397 736 647 587 199 32 866 809 653 674
4099 10 4250 647 587 397 736 653 674 359 762 95 257 294 212 811 302 866 809 992 218 199 32
5099 10 4250 811 302 653 674 199 32 866 809 992 218 294 212 95 257 647 587 397 736 359 762
1100 10 4430 415 803 606 626 120 258 607 37 710 103 688 707 840 92 743 962 71 671 738 937
2100 10 4430 415 803 710 103 743 962 71 671 688 707 120 258 607 37 840 92 738 937 606 626
3100 10 4430 606 626 71 671 840 92 688 707 415 803 710 103 738 937 120 258 607 37 743 962
4100 10 4430 710 103 688 707 840 92 607 37 743 962 71 671 606 626 415 803 738 937 120 258
5100 10 4430 710 103 743 962 606 626 840 92 607 37 415 803 688 707 71 671 120 258 738 937
