1001 10 4208 834 259 144 172 242 568 547 660 543 800 566 89 856 269 702 297 216 586 610 401
2001 10 4208 242 568 834 259 543 800 702 297 144 172 216 586 856 269 547 660 610 401 566 89
3001 10 4208 610 401 216 586 144 172 566 89 702 297 242 568 543 800 834 259 547 660 856 269
4001 10 4208 610 401 216 586 547 660 543 800 834 259 144 172 702 297 856 269 242 568 566 89
5001 10 4208 834 259 702 297 547 660 144 172 856 269 543 800 566 89 216 586 610 401 242 568
1002 10 5309 671 572 741 877 936 334 130 852 675 298 548 189 937 833 829 354 530 197 640 166
2002 10 5309 530 197 829 354 130 852 937 833 741 877 936 334 548 189 671 572 640 166 675 298
3002 10 5309 548 189 640 166 937 833 675 298 741 877 130 852 936 334 671 572 829 354 530 197
4002 10 5309 937 833 936 334 671 572 741 877 530 197 548 189 640 166 130 852 675 298 829 354
5002 10 5309 741 877 937 833 675 298 640 166 829 354 671 572 530 197 936 334 548 189 130 852
1003 10 5276 650 708 743 782 701 86 862 833 956 588 199 951 751 307 427 67 345 270 962 607
2003 10 5276 650 708 956 588 701 86 743 782 427 67 345 270 199 951 962 607 751 307 862 833
3003 10 5276 650 708 862 833 345 270 962 607 751 307 743 782 956 588 199 951 701 86 427 67
4003 10 5276 962 607 199 951 701 86 650 708 956 588 345 270 751 307 862 833 427 67 743 782
5003 10 5276 751 307 427 67 345 270 743 782 199 951 862 833 701 86 962 607 650 708 956 588
1004 10 4870 722 332 392 933 316 768 543 780 219 643 571 682 950 48 818 102 813 448 744 138
2004 10 4870 571 682 543 780 818 102 813 448 392 933 722 332 744 138 219 643 316 768 950 48
3004 10 4870 813 448 950 48 722 332 316 768 818 102 392 933 571 682 744 138 219 643 543 780
4004 10 4870 543 780 392 933 818 102 813 448 316 768 744 138 950 48 722 332 571 682 219 643
5004 10 4870 219 643 543 780 813 448 316 768 722 332 392 933 744 138 950 48 818 102 571 682
1005 10 5179 927 437 268 887 770 731 184 412 639 553 773 886 791 605 484 776 672 944 966 202
2005 10 5179 672 944 484 776 966 202 184 412 770 731 927 437 268 887 773 886 791 605 639 553
3005 10 5179 966 202 770 731 184 412 773 886 484 776 791 605 672 944 927 437 639 553 268 887
4005 10 5179 927 437 639 553 672 944 773 886 484 776 966 202 184 412 268 887 791 605 770 731
5005 10 5179 268 887 184 412 927 437 639 553 770 731 773 886 484 776 672 944 966 202 791 605
1006 10 4708 324 660 645 919 770 63 283 676 980 642 872 769 266 637 657 343 634 475 454 796
2006 10 4708 770 63 634 475 980 642 266 637 645 919 872 769 454 796 324 660 283 676 657 343
3006 10 4708 657 343 266 637 324 660 980 642 770 63 454 796 872 769 283 676 634 475 645 919
4006 10 4708 454 796 872 769 634 475 283 676 657 343 266 637 770 63 324 660 645 919 980 642
5006 10 4708 645 919 980 642 454 796 324 660 872 769 283 676 266 637 657 343 770 63 634 475
1007 10 5413 933 990 586 698 705 518 430 281 849 579 185 226 398 970 875 423 826 375 980 992
2007 10 5413 586 698 980 992 875 423 849 579 705 518 398 970 826 375 933 990 430 281 185 226
3007 10 5413 705 518 185 226 849 579 980 992 875 423 933 990 398 970 826 375 430 281 586 698
4007 10 5413 849 579 980 992 933 990 875 423 398 970 586 698 185 226 705 518 430 281 826 375
5007 10 5413 933 990 826 375 849 579 980 992 586 698 430 281 875 423 185 226 398 970 705 518
1008 10 4044 463 434 917 166 511 825 807 559 97 710 408 943 332 534 354 67 944 777 223 631
2008 10 4044 944 777 97 710 354 67 332 534 223 631 511 825 917 166 463 434 408 943 807 559
3008 10 4044 944 777 408 943 354 67 917 166 511 825 332 534 97 710 463 434 223 631 807 559
4008 10 4044 97 710 354 67 511 825 944 777 332 534 807 559 463 434 223 631 408 943 917 166
5008 10 4044 97 710 511 825 408 943 332 534 463 434 917 166 807 559 223 631 354 67 944 777
1009 10 5699 295 203 711 813 981 450 480 810 822 468 845 990 615 256 801 71 789 124 785 490
2009 10 5699 785 490 801 71 845 990 789 124 711 813 822 468 981 450 615 256 480 810 295 203
3009 10 5699 845 990 711 813 789 124 295 203 785 490 801 71 480 810 981 450 615 256 822 468
4009 10 5699 711 813 845 990 295 203 801 71 785 490 789 124 615 256 822 468 981 450 480 810
5009 10 5699 801 71 789 124 845 990 981 450 615 256 711 813 480 810 295 203 785 490 822 468
1010 10 3588 366 406 384 119 173 225 88 119 622 500 670 312 401 879 110 604 801 719 870 498
2010 10 3588 401 879 622 500 88 119 870 498 366 406 173 225 110 604 670 312 384 119 801 719
3010 10 3588 366 406 173 225 88 119 670 312 401 879 801 719 110 604 870 498 384 119 622 500
4010 10 3588 670 312 870 498 622 500 801 719 366 406 88 119 173 225 110 604 384 119 401 879
5010 10 3588 670 312 401 879 173 225 110 604 88 119 870 498 622 500 801 719 384 119 366 406
1011 10 4583 568 320 313 599 93 34 994 317 659 928 243 330 933 142 918 54 910 258 98 945
2011 10 4583 93 34 98 945 659 928 243 330 918 54 994 317 568 320 933 142 313 599 910 258
3011 10 4583 313 599 910 258 98 945 994 317 918 54 93 34 933 142 659 928 243 330 568 320
4011 10 4583 98 945 313 599 659 928 994 317 568 320 933 142 243 330 910 258 93 34 918 54
5011 10 4583 568 320 910 258 98 945 933 142 918 54 659 928 243 330 313 599 994 317 93 34
1012 10 4760 316 982 276 746 788 898 632 963 928 489 71 533 706 839 855 207 379 209 1000 6
2012 10 4760 632 963 276 746 1000 6 855 207 928 489 379 209 71 533 316 982 788 898 706 839
3012 10 4760 788 898 632 963 379 209 1000 6 855 207 706 839 316 982 276 746 71 533 928 489
4012 10 4760 1000 6 276 746 632 963 855 207 788 898 71 533 928 489 316 982 379 209 706 839
5012 10 4760 379 209 632 963 928 489 276 746 788 898 706 839 1000 6 71 533 855 207 316 982
1013 10 4708 896 472 473 955 472 221 602 773 973 882 448 884 386 836 557 632 730 141 348 963
2013 10 4708 386 836 557 632 896 472 973 882 348 963 448 884 472 221 473 955 602 773 730 141
3013 10 4708 557 632 448 884 730 141 472 221 348 963 473 955 973 882 602 773 386 836 896 472
4013 10 4708 473 955 973 882 348 963 730 141 448 884 896 472 602 773 386 836 557 632 472 221
5013 10 4708 973 882 557 632 448 884 473 955 472 221 730 141 896 472 348 963 386 836 602 773
1014 10 4952 481 83 921 633 673 590 429 768 188 249 594 210 961 153 420 440 524 494 999 635
2014 10 4952 961 153 188 249 999 635 524 494 481 83 594 210 429 768 673 590 420 440 921 633
3014 10 4952 420 440 999 635 921 633 524 494 188 249 961 153 429 768 481 83 673 590 594 210
4014 10 4952 188 249 673 590 594 210 524 494 921 633 429 768 961 153 420 440 999 635 481 83
5014 10 4952 921 633 481 83 673 590 999 635 420 440 429 768 961 153 524 494 594 210 188 249
1015 10 5972 724 150 798 865 932 915 799 898 318 711 877 959 789 407 798 751 695 898 736 536
2015 10 5972 932 915 724 150 695 898 318 711 736 536 798 865 789 407 798 751 799 898 877 959
3015 10 5972 736 536 799 898 877 959 932 915 789 407 318 711 798 751 798 865 724 150 695 898
4015 10 5972 877 959 799 898 724 150 318 711 798 751 695 898 789 407 736 536 798 865 932 915
5015 10 5972 736 536 932 915 798 751 798 865 724 150 695 898 877 959 789 407 799 898 318 711
1016 10 5437 790 415 935 595 955 564 235 92 787 198 867 860 412 59 233 297 926 394 657 782
2016 10 5437 867 860 657 782 787 198 233 297 955 564 235 92 935 595 790 415 412 59 926 394
3016 10 5437 235 92 657 782 233 297 935 595 926 394 790 415 955 564 787 198 867 860 412 59
4016 10 5437 926 394 412 59 955 564 235 92 790 415 787 198 233 297 657 782 935 595 867 860
5016 10 5437 233 297 787 198 657 782 926 394 790 415 935 595 412 59 235 92 955 564 867 860
1017 10 5030 675 91 576 133 514 751 527 494 869 909 863 861 358 967 894 202 141 430 871 462
2017 10 5030 576 133 141 430 358 967 527 494 871 462 894 202 675 91 869 909 863 861 514 751
3017 10 5030 141 430 675 91 527 494 576 133 358 967 869 909 514 751 894 202 863 861 871 462
4017 10 5030 869 909 527 494 576 133 863 861 514 751 358 967 141 430 675 91 894 202 871 462
5017 10 5030 869 909 894 202 358 967 527 494 675 91 871 462 576 133 863 861 141 430 514 751
1018 10 4709 317 593 176 749 724 525 522 273 768 33 365 931 567 908 955 621 568 977 925 118
2018 10 4709 768 33 522 273 567 908 925 118 176 749 365 931 568 977 317 593 724 525 955 621
3018 10 4709 567 908 522 273 724 525 568 977 955 621 176 749 768 33 317 593 925 118 365 931
4018 10 4709 955 621 724 525 317 593 176 749 365 931 768 33 925 118 522 273 568 977 567 908
5018 10 4709 955 621 768 33 317 593 567 908 925 118 365 931 568 977 724 525 176 749 522 273
1019 10 4461 783 506 820 737 364 65 458 515 261 320 284 526 833 142 134 869 757 946 883 36
2019 10 4461 757 946 820 737 458 515 364 65 883 36 261 320 134 869 783 506 284 526 833 142
3019 10 4461 284 526 833 142 134 869 820 737 783 506 261 320 458 515 757 946 883 36 364 65
4019 10 4461 261 320 284 526 783 506 820 737 883 36 458 515 833 142 757 946 364 65 134 869
5019 10 4461 134 869 757 946 820 737 883 36 261 320 364 65 783 506 458 515 833 142 284 526
1020 10 4863 879 67 436 665 973 419 248 838 868 948 720 262 376 506 502 19 612 123 465 429
2020 10 4863 879 67 612 123 868 948 502 19 465 429 973 419 720 262 436 665 248 838 376 506
3020 10 4863 376 506 502 19 879 67 720 262 868 948 436 665 973 419 612 123 248 838 465 429
4020 10 4863 973 419 612 123 879 67 502 19 868 948 248 838 376 506 720 262 436 665 465 429
5020 10 4863 248 838 612 123 868 948 376 506 436 665 502 19 973 419 465 429 879 67 720 262
1021 10 5025 595 81 372 967 916 882 674 166 599 652 687 676 996 237 485 57 428 734 530 156
2021 10 5025 916 882 595 81 599 652 485 57 372 967 428 734 530 156 674 166 687 676 996 237
3021 10 5025 428 734 996 237 372 967 595 81 674 166 599 652 530 156 687 676 916 882 485 57
4021 10 5025 916 882 595 81 687 676 530 156 485 57 599 652 996 237 428 734 372 967 674 166
5021 10 5025 674 166 530 156 428 734 916 882 372 967 687 676 595 81 599 652 485 57 996 237
1022 10 5194 648 9 991 368 693 708 970 118 637 323 75 620 775 819 757 20 431 24 516 899
2022 10 5194 970 118 757 20 516 899 648 9 431 24 75 620 637 323 775 819 991 368 693 708
3022 10 5194 637 323 693 708 775 819 991 368 431 24 516 899 757 20 970 118 75 620 648 9
4022 10 5194 693 708 516 899 431 24 75 620 775 819 648 9 637 323 991 368 970 118 757 20
5022 10 5194 516 899 775 819 637 323 75 620 693 708 970 118 991 368 757 20 648 9 431 24
1023 10 6306 931 741 722 300 768 530 979 776 764 409 875 525 408 892 869 489 623 632 944 735
2023 10 6306 875 525 764 409 944 735 931 741 979 776 768 530 869 489 623 632 408 892 722 300
3023 10 6306 722 300 764 409 768 530 408 892 869 489 979 776 623 632 931 741 875 525 944 735
4023 10 6306 944 735 979 776 623 632 764 409 869 489 408 892 875 525 722 300 931 741 768 530
5023 10 6306 623 632 768 530 764 409 408 892 875 525 979 776 944 735 722 300 869 489 931 741
1024 10 4897 495 771 828 682 297 966 976 494 237 531 997 381 398 201 747 793 552 933 595 99
2024 10 4897 595 99 297 966 495 771 552 933 976 494 237 531 828 682 398 201 997 381 747 793
3024 10 4897 552 933 976 494 495 771 747 793 997 381 237 531 398 201 297 966 828 682 595 99
4024 10 4897 297 966 495 771 976 494 595 99 828 682 747 793 398 201 552 933 997 381 237 531
5024 10 4897 237 531 747 793 976 494 398 201 595 99 997 381 297 966 552 933 495 771 828 682
1025 10 5449 540 288 972 837 992 304 820 909 561 969 867 241 642 84 450 480 828 789 140 540
2025 10 5449 540 288 450 480 140 540 867 241 642 84 992 304 820 909 828 789 972 837 561 969
3025 10 5449 450 480 972 837 828 789 561 969 642 84 867 241 820 909 540 288 992 304 140 540
4025 10 5449 450 480 992 304 642 84 140 540 972 837 820 909 540 288 867 241 828 789 561 969
5025 10 5449 972 837 642 84 540 288 828 789 140 540 992 304 867 241 450 480 561 969 820 909
1026 10 4124 978 364 459 398 762 447 766 165 256 932 457 535 390 798 500 756 218 942 370 864
2026 10 4124 500 756 218 942 766 165 978 364 370 864 457 535 390 798 256 932 459 398 762 447
3026 10 4124 256 932 766 165 762 447 390 798 370 864 218 942 459 398 457 535 978 364 500 756
4026 10 4124 500 756 459 398 370 864 256 932 390 798 218 942 762 447 978 364 457 535 766 165
5026 10 4124 457 535 500 756 978 364 762 447 390 798 370 864 766 165 256 932 218 942 459 398
1027 10 5419 983 457 834 848 784 924 293 496 857 766 638 900 674 420 790 325 580 179 341 439
2027 10 5419 790 325 293 496 580 179 834 848 341 439 983 457 674 420 857 766 638 900 784 924
3027 10 5419 341 439 790 325 834 848 293 496 674 420 857 766 580 179 983 457 638 900 784 924
4027 10 5419 674 420 784 924 293 496 580 179 834 848 638 900 857 766 341 439 790 325 983 457
5027 10 5419 857 766 674 420 834 848 784 924 790 325 580 179 293 496 638 900 983 457 341 439
1028 10 6020 578 222 654 916 851 678 484 946 914 738 850 454 965 355 895 840 951 53 384 839
2028 10 6020 914 738 850 454 965 355 654 916 951 53 484 946 384 839 895 840 851 678 578 222
3028 10 6020 384 839 965 355 895 840 851 678 914 738 850 454 654 916 951 53 484 946 578 222
4028 10 6020 914 738 654 916 850 454 578 222 895 840 951 53 484 946 851 678 965 355 384 839
5028 10 6020 914 738 851 678 895 840 384 839 654 916 951 53 578 222 965 355 484 946 850 454
1029 10 4505 703 345 425 149 706 948 428 921 533 913 548 522 157 481 539 316 989 931 604 298
2029 10 4505 157 481 989 931 533 913 604 298 703 345 425 149 548 522 706 948 428 921 539 316
3029 10 4505 548 522 989 931 533 913 703 345 706 948 425 149 428 921 539 316 604 298 157 481
4029 10 4505 428 921 539 316 706 948 425 149 989 931 533 913 157 481 548 522 604 298 703 345
5029 10 4505 425 149 703 345 604 298 548 522 706 948 157 481 533 913 989 931 428 921 539 316
1030 10 5168 584 359 482 365 469 476 597 188 803 556 968 422 643 736 787 976 271 487 856 728
2030 10 5168 469 476 597 188 787 976 856 728 584 359 803 556 643 736 271 487 482 365 968 422
3030 10 5168 597 188 968 422 787 976 584 359 482 365 271 487 643 736 803 556 469 476 856 728
4030 10 5168 856 728 803 556 787 976 643 736 482 365 597 188 968 422 584 359 469 476 271 487
5030 10 5168 469 476 643 736 856 728 482 365 597 188 803 556 271 487 968 422 584 359 787 976
1031 10 4475 695 322 790 658 606 1 724 806 516 754 142 856 615 992 700 946 580 1000 226 116
2031 10 4475 724 806 226 116 790 658 615 992 142 856 606 1 580 1000 695 322 700 946 516 754
3031 10 4475 226 116 790 658 615 992 724 806 700 946 516 754 142 856 695 322 580 1000 606 1
4031 10 4475 695 322 606 1 700 946 142 856 580 1000 226 116 615 992 790 658 724 806 516 754
5031 10 4475 580 1000 226 116 700 946 695 322 724 806 142 856 516 754 615 992 606 1 790 658
1032 10 5412 927 583 912 180 303 976 586 25 645 187 919 783 755 46 538 244 401 636 780 52
2032 10 5412 927 583 919 783 645 187 538 244 755 46 401 636 586 25 780 52 912 180 303 976
3032 10 5412 919 783 538 244 303 976 586 25 912 180 780 52 927 583 645 187 401 636 755 46
4032 10 5412 919 783 303 976 586 25 755 46 401 636 780 52 927 583 912 180 645 187 538 244
5032 10 5412 927 583 586 25 780 52 919 783 645 187 755 46 401 636 912 180 538 244 303 976
1033 10 4560 397 90 181 254 998 315 808 623 248 199 371 968 838 784 221 153 879 558 759 705
2033 10 4560 221 153 397 90 838 784 371 968 879 558 248 199 759 705 998 315 808 623 181 254
3033 10 4560 181 254 221 153 371 968 248 199 759 705 879 558 838 784 998 315 397 90 808 623
4033 10 4560 808 623 221 153 879 558 998 315 248 199 181 254 759 705 397 90 838 784 371 968
5033 10 4560 221 153 181 254 879 558 248 199 759 705 838 784 371 968 998 315 808 623 397 90
1034 10 5227 315 80 850 474 906 543 730 53 895 51 510 794 758 949 686 720 515 196 369 366
2034 10 5227 850 474 730 53 758 949 515 196 895 51 315 80 510 794 686 720 906 543 369 366
3034 10 5227 758 949 895 51 515 196 369 366 686 720 906 543 730 53 510 794 850 474 315 80
4034 10 5227 895 51 315 80 906 543 758 949 369 366 686 720 850 474 730 53 515 196 510 794
5034 10 5227 850 474 315 80 369 366 906 543 510 794 758 949 686 720 730 53 515 196 895 51
1035 10 4523 989 724 426 257 675 187 306 800 532 638 709 209 463 796 643 585 547 448 364 40
2035 10 4523 364 40 643 585 709 209 547 448 463 796 675 187 989 724 426 257 532 638 306 800
3035 10 4523 426 257 675 187 547 448 989 724 532 638 364 40 709 209 306 800 643 585 463 796
4035 10 4523 643 585 532 638 426 257 364 40 306 800 463 796 675 187 709 209 547 448 989 724
5035 10 4523 426 257 989 724 709 209 643 585 463 796 547 448 532 638 306 800 675 187 364 40
1036 10 5064 299 526 974 376 916 360 467 208 378 455 823 704 670 947 969 918 79 461 756 555
2036 10 5064 916 360 467 208 299 526 969 918 823 704 670 947 756 555 974 376 79 461 378 455
3036 10 5064 823 704 299 526 969 918 974 376 378 455 756 555 916 360 670 947 79 461 467 208
4036 10 5064 916 360 378 455 974 376 467 208 823 704 670 947 969 918 79 461 299 526 756 555
5036 10 5064 823 704 299 526 378 455 467 208 670 947 974 376 79 461 916 360 756 555 969 918
1037 10 4907 645 369 548 16 658 494 240 256 416 9 931 567 606 303 490 384 604 55 996 163
2037 10 4907 645 369 931 567 548 16 658 494 416 9 604 55 240 256 490 384 996 163 606 303
3037 10 4907 996 163 548 16 604 55 240 256 658 494 416 9 931 567 490 384 645 369 606 303
4037 10 4907 604 55 240 256 490 384 658 494 996 163 548 16 645 369 606 303 416 9 931 567
5037 10 4907 416 9 996 163 658 494 606 303 604 55 645 369 931 567 240 256 548 16 490 384
1038 10 6116 958 155 147 960 749 232 422 846 961 41 964 490 938 630 721 269 973 976 812 69
2038 10 6116 938 630 958 155 721 269 422 846 964 490 973 976 812 69 147 960 961 41 749 232
3038 10 6116 961 41 958 155 938 630 721 269 147 960 812 69 422 846 964 490 973 976 749 232
4038 10 6116 147 960 958 155 422 846 812 69 721 269 961 41 964 490 973 976 749 232 938 630
5038 10 6116 938 630 749 232 812 69 973 976 958 155 964 490 961 41 147 960 422 846 721 269
1039 10 4367 301 256 180 868 205 594 849 872 33 493 780 400 952 38 879 692 367 940 913 545
2039 10 4367 913 545 780 400 33 493 180 868 205 594 301 256 367 940 849 872 952 38 879 692
3039 10 4367 879 692 849 872 33 493 301 256 913 545 780 400 367 940 952 38 205 594 180 868
4039 10 4367 301 256 367 940 205 594 879 692 849 872 33 493 913 545 780 400 952 38 180 868
5039 10 4367 367 940 849 872 33 493 780 400 180 868 952 38 879 692 205 594 301 256 913 545
1040 10 3884 397 737 348 933 484 51 132 50 511 500 553 213 790 38 917 553 639 22 85 412
2040 10 3884 639 22 85 412 790 38 348 933 553 213 132 50 484 51 511 500 917 553 397 737
3040 10 3884 511 500 85 412 397 737 132 50 917 553 553 213 790 38 639 22 484 51 348 933
4040 10 3884 917 553 790 38 639 22 132 50 553 213 85 412 511 500 348 933 484 51 397 737
5040 10 3884 132 50 85 412 397 737 917 553 484 51 790 38 511 500 639 22 348 933 553 213
1041 10 4874 688 801 398 15 631 140 415 557 518 916 982 374 711 624 650 251 379 638 721 255
2041 10 4874 650 251 415 557 398 15 721 255 379 638 518 916 631 140 711 624 982 374 688 801
3041 10 4874 721 255 398 15 415 557 688 801 379 638 711 624 518 916 982 374 650 251 631 140
4041 10 4874 518 916 398 15 650 251 415 557 631 140 982 374 688 801 711 624 721 255 379 638
5041 10 4874 631 140 721 255 398 15 518 916 379 638 711 624 982 374 650 251 688 801 415 557
1042 10 5293 979 386 636 304 865 50 560 215 775 369 545 427 379 824 726 473 951 201 201 569
2042 10 5293 379 824 560 215 979 386 545 427 636 304 865 50 951 201 201 569 775 369 726 473
3042 10 5293 636 304 379 824 865 50 775 369 201 569 951 201 545 427 979 386 560 215 726 473
4042 10 5293 865 50 775 369 201 569 951 201 726 473 379 824 545 427 560 215 636 304 979 386
5042 10 5293 379 824 545 427 560 215 775 369 951 201 979 386 726 473 636 304 201 569 865 50
1043 10 5256 131 400 500 914 771 32 410 470 907 941 898 760 744 449 742 350 978 765 490 662
2043 10 5256 410 470 131 400 771 32 490 662 744 449 500 914 978 765 907 941 742 350 898 760
3043 10 5256 500 914 978 765 907 941 742 350 898 760 410 470 490 662 744 449 131 400 771 32
4043 10 5256 907 941 131 400 410 470 742 350 771 32 898 760 490 662 744 449 500 914 978 765
5043 10 5256 978 765 898 760 490 662 742 350 907 941 500 914 744 449 410 470 131 400 771 32
1044 10 5535 600 49 875 159 998 769 331 601 939 24 538 924 608 851 800 142 863 430 367 44
2044 10 5535 608 851 998 769 600 49 800 142 367 44 538 924 939 24 863 430 331 601 875 159
3044 10 5535 331 601 600 49 863 430 800 142 939 24 608 851 538 924 998 769 367 44 875 159
4044 10 5535 875 159 538 924 367 44 608 851 939 24 331 601 998 769 800 142 863 430 600 49
5044 10 5535 538 924 367 44 863 430 800 142 875 159 331 601 600 49 939 24 998 769 608 851
1045 10 4282 763 849 315 340 396 797 290 633 540 589 816 447 330 7 426 367 653 341 824 651
2045 10 4282 426 367 315 340 396 797 330 7 816 447 653 341 290 633 540 589 763 849 824 651
3045 10 4282 426 367 653 341 330 7 763 849 824 651 396 797 540 589 315 340 816 447 290 633
4045 10 4282 396 797 824 651 763 849 540 589 816 447 426 367 653 341 330 7 315 340 290 633
5045 10 4282 426 367 816 447 763 849 330 7 653 341 290 633 315 340 824 651 396 797 540 589
1046 10 4336 374 259 906 370 791 609 713 778 124 377 443 338 825 326 325 971 279 898 640 495
2046 10 4336 374 259 791 609 124 377 640 495 825 326 279 898 713 778 325 971 443 338 906 370
3046 10 4336 791 609 443 338 124 377 279 898 825 326 374 259 906 370 640 495 713 778 325 971
4046 10 4336 713 778 325 971 906 370 279 898 443 338 791 609 374 259 825 326 124 377 640 495
5046 10 4336 713 778 124 377 325 971 791 609 279 898 640 495 374 259 906 370 443 338 825 326
1047 10 6124 826 268 741 45 436 637 964 6 865 62 904 511 615 726 577 51 824 370 904 747
2047 10 6124 577 51 904 747 826 268 741 45 865 62 615 726 824 370 436 637 964 6 904 511
3047 10 6124 577 51 436 637 826 268 904 747 964 6 865 62 615 726 741 45 904 511 824 370
4047 10 6124 964 6 904 511 577 51 865 62 436 637 824 370 826 268 615 726 904 747 741 45
5047 10 6124 904 747 824 370 865 62 904 511 741 45 826 268 615 726 964 6 436 637 577 51
1048 10 4017 597 186 184 216 652 373 179 516 666 159 558 843 915 302 84 456 844 766 343 11
2048 10 4017 184 216 915 302 666 159 597 186 844 766 179 516 84 456 558 843 652 373 343 11
3048 10 4017 844 766 84 456 558 843 652 373 343 11 915 302 666 159 184 216 179 516 597 186
4048 10 4017 343 11 666 159 84 456 844 766 652 373 597 186 915 302 558 843 179 516 184 216
5048 10 4017 179 516 343 11 915 302 666 159 652 373 558 843 184 216 844 766 597 186 84 456
1049 10 4779 55 146 538 959 463 534 880 59 433 685 799 890 911 428 713 717 648 674 534 550
2049 10 4779 799 890 463 534 911 428 534 550 880 59 713 717 433 685 538 959 55 146 648 674
3049 10 4779 55 146 463 534 534 550 911 428 538 959 433 685 648 674 799 890 880 59 713 717
4049 10 4779 911 428 538 959 433 685 880 59 463 534 713 717 55 146 534 550 648 674 799 890
5049 10 4779 433 685 55 146 880 59 534 550 713 717 648 674 799 890 538 959 463 534 911 428
1050 10 5213 707 626 809 212 992 647 120 607 257 736 587 762 936 962 953 474 345 700 811 95
2050 10 5213 992 647 953 474 587 762 809 212 345 700 707 626 936 962 811 95 120 607 257 736
3050 10 5213 707 626 811 95 992 647 257 736 936 962 345 700 587 762 953 474 809 212 120 607
4050 10 5213 953 474 707 626 936 962 257 736 120 607 345 700 587 762 992 647 809 212 811 95
5050 10 5213 953 474 992 647 587 762 811 95 707 626 345 700 936 962 809 212 257 736 120 607
1051 10 4848 733 342 200 199 810 233 844 441 279 462 798 930 852 293 662 824 242 482 640 556
2051 10 4848 844 441 279 462 200 199 798 930 733 342 242 482 640 556 810 233 852 293 662 824
3051 10 4848 640 556 200 199 279 462 852 293 242 482 733 342 798 930 810 233 844 441 662 824
4051 10 4848 844 441 200 199 662 824 242 482 279 462 733 342 798 930 640 556 810 233 852 293
5051 10 4848 200 199 242 482 844 441 798 930 852 293 279 462 640 556 662 824 810 233 733 342
1052 10 5884 815 202 577 3 889 842 816 768 357 382 862 123 934 840 566 583 667 586 873 560
2052 10 5884 816 768 815 202 934 840 862 123 667 586 577 3 889 842 357 382 873 560 566 583
3052 10 5884 815 202 577 3 667 586 816 768 934 840 873 560 862 123 889 842 566 583 357 382
4052 10 5884 934 840 357 382 816 768 873 560 889 842 862 123 815 202 566 583 667 586 577 3
5052 10 5884 873 560 816 768 889 842 815 202 577 3 934 840 862 123 357 382 667 586 566 583
1053 10 5086 795 1 743 681 387 746 466 504 676 141 857 518 878 274 545 775 585 315 426 813
2053 10 5086 795 1 585 315 743 681 545 775 878 274 387 746 857 518 676 141 426 813 466 504
3053 10 5086 387 746 743 681 878 274 795 1 585 315 545 775 466 504 426 813 857 518 676 141
4053 10 5086 857 518 426 813 387 746 545 775 795 1 676 141 743 681 466 504 585 315 878 274
5053 10 5086 878 274 466 504 545 775 426 813 743 681 857 518 676 141 795 1 585 315 387 746
1054 10 4076 719 350 479 150 407 729 391 952 127 676 528 177 558 620 338 423 859 694 689 49
2054 10 4076 689 49 558 620 338 423 528 177 407 729 479 150 859 694 719 350 391 952 127 676
3054 10 4076 391 952 528 177 689 49 719 350 127 676 479 150 558 620 338 423 407 729 859 694
4054 10 4076 407 729 479 150 689 49 719 350 558 620 859 694 528 177 127 676 338 423 391 952
5054 10 4076 689 49 859 694 407 729 558 620 528 177 719 350 127 676 479 150 338 423 391 952
1055 10 2266 93 618 201 985 329 622 311 718 185 884 145 296 315 652 985 387 176 442 93 65
2055 10 2266 176 442 315 652 311 718 93 618 329 622 985 387 201 985 93 65 185 884 145 296
3055 10 2266 185 884 311 718 93 618 201 985 329 622 93 65 145 296 176 442 985 387 315 652
4055 10 2266 176 442 185 884 985 387 145 296 201 985 329 622 93 65 311 718 315 652 93 618
5055 10 2266 315 652 185 884 93 65 145 296 985 387 176 442 311 718 329 622 93 618 201 985
1056 10 3501 493 918 276 387 667 478 286 1 495 151 811 844 150 501 333 996 361 858 505 953
2056 10 3501 505 953 493 918 811 844 667 478 333 996 286 1 495 151 361 858 276 387 150 501
3056 10 3501 811 844 493 918 505 953 333 996 276 387 150 501 667 478 286 1 495 151 361 858
4056 10 3501 276 387 493 918 333 996 361 858 495 151 811 844 505 953 150 501 667 478 286 1
5056 10 3501 495 151 276 387 667 478 286 1 811 844 505 953 333 996 493 918 361 858 150 501
1057 10 5042 378 156 649 709 378 919 647 906 793 569 572 298 695 714 974 176 364 543 853 855
2057 10 5042 378 156 364 543 378 919 853 855 695 714 647 906 793 569 974 176 649 709 572 298
3057 10 5042 364 543 695 714 378 156 572 298 647 906 853 855 378 919 974 176 649 709 793 569
4057 10 5042 793 569 364 543 572 298 378 919 649 709 647 906 853 855 974 176 378 156 695 714
5057 10 5042 853 855 364 543 572 298 695 714 649 709 647 906 378 156 974 176 378 919 793 569
1058 10 4100 612 628 670 888 493 121 622 419 991 521 124 996 84 456 937 137 163 472 430 122
2058 10 4100 84 456 622 419 163 472 124 996 670 888 612 628 937 137 991 521 493 121 430 122
3058 10 4100 622 419 670 888 163 472 937 137 991 521 84 456 612 628 493 121 124 996 430 122
4058 10 4100 612 628 622 419 163 472 670 888 493 121 430 122 991 521 937 137 84 456 124 996
5058 10 4100 991 521 612 628 84 456 670 888 430 122 937 137 163 472 622 419 493 121 124 996
1059 10 5160 821 894 655 361 741 818 205 487 964 214 903 604 346 461 794 70 249 232 773 302
2059 10 5160 346 461 794 70 205 487 964 214 821 894 249 232 903 604 773 302 655 361 741 818
3059 10 5160 964 214 773 302 821 894 903 604 346 461 741 818 205 487 655 361 249 232 794 70
4059 10 5160 773 302 741 818 346 461 794 70 249 232 205 487 655 361 821 894 903 604 964 214
5059 10 5160 205 487 964 214 655 361 821 894 249 232 794 70 346 461 773 302 903 604 741 818
1060 10 4717 425 535 469 184 638 321 637 650 888 599 404 717 644 277 982 780 755 769 55 975
2060 10 4717 637 650 469 184 888 599 755 769 638 321 55 975 982 780 644 277 404 717 425 535
3060 10 4717 637 650 755 769 55 975 638 321 469 184 982 780 644 277 425 535 888 599 404 717
4060 10 4717 644 277 888 599 638 321 755 769 637 650 404 717 469 184 425 535 55 975 982 780
5060 10 4717 637 650 888 599 55 975 425 535 755 769 469 184 644 277 638 321 404 717 982 780
1061 10 5595 807 445 643 374 642 77 823 262 946 231 711 426 536 708 997 239 859 350 30 125
2061 10 5595 30 125 859 350 997 239 643 374 807 445 711 426 642 77 536 708 823 262 946 231
3061 10 5595 823 262 859 350 711 426 643 374 807 445 536 708 642 77 946 231 30 125 997 239
4061 10 5595 997 239 30 125 536 708 823 262 643 374 859 350 642 77 711 426 807 445 946 231
5061 10 5595 711 426 642 77 859 350 946 231 997 239 536 708 807 445 823 262 643 374 30 125
1062 10 3996 109 958 420 647 375 445 559 266 222 246 163 522 980 861 762 257 587 851 818 177
2062 10 3996 375 445 587 851 109 958 559 266 420 647 762 257 818 177 980 861 222 246 163 522
3062 10 3996 587 851 420 647 762 257 109 958 375 445 163 522 222 246 980 861 818 177 559 266
4062 10 3996 559 266 818 177 587 851 222 246 109 958 375 445 980 861 762 257 163 522 420 647
5062 10 3996 818 177 762 257 587 851 420 647 163 522 222 246 375 445 109 958 559 266 980 861
1063 10 4675 631 772 356 389 392 694 659 650 955 458 902 682 617 184 275 891 382 183 675 924
2063 10 4675 659 650 382 183 955 458 392 694 675 924 275 891 617 184 902 682 356 389 631 772
3063 10 4675 392 694 631 772 275 891 659 650 902 682 675 924 382 183 955 458 356 389 617 184
4063 10 4675 392 694 356 389 631 772 902 682 955 458 675 924 617 184 659 650 382 183 275 891
5063 10 4675 392 694 659 650 617 184 275 891 955 458 902 682 631 772 356 389 675 924 382 183
1064 10 3596 780 471 337 289 591 12 547 157 312 502 306 810 122 154 591 101 435 155 475 545
2064 10 3596 780 471 337 289 435 155 475 545 312 502 547 157 591 12 306 810 591 101 122 154
3064 10 3596 122 154 337 289 435 155 780 471 547 157 591 101 306 810 475 545 312 502 591 12
4064 10 3596 122 154 306 810 337 289 591 12 312 502 591 101 475 545 435 155 547 157 780 471
5064 10 3596 547 157 475 545 435 155 312 502 337 289 306 810 122 154 591 101 780 471 591 12
1065 10 4105 123 409 943 641 423 34 729 817 661 275 95 592 676 916 902 359 147 883 433 783
2065 10 4105 729 817 661 275 95 592 147 883 423 34 123 409 676 916 943 641 902 359 433 783
3065 10 4105 147 883 433 783 423 34 729 817 123 409 676 916 902 359 661 275 943 641 95 592
4065 10 4105 729 817 902 359 123 409 95 592 433 783 661 275 676 916 147 883 423 34 943 641
5065 10 4105 729 817 147 883 676 916 943 641 95 592 433 783 423 34 123 409 661 275 902 359
1066 10 5281 802 973 747 685 914 9 796 459 918 164 648 449 677 934 824 594 100 757 176 858
2066 10 5281 802 973 176 858 677 934 100 757 747 685 796 459 824 594 914 9 648 449 918 164
3066 10 5281 914 9 802 973 648 449 677 934 176 858 918 164 824 594 100 757 796 459 747 685
4066 10 5281 747 685 100 757 824 594 176 858 918 164 677 934 796 459 914 9 648 449 802 973
5066 10 5281 796 459 100 757 176 858 747 685 918 164 648 449 802 973 824 594 914 9 677 934
1067 10 5093 801 131 425 336 971 295 502 101 480 330 374 401 836 83 721 709 759 783 498 98
2067 10 5093 801 131 374 401 759 783 498 98 480 330 502 101 425 336 971 295 836 83 721 709
3067 10 5093 801 131 425 336 502 101 480 330 836 83 374 401 721 709 759 783 498 98 971 295
4067 10 5093 425 336 480 330 374 401 801 131 502 101 836 83 721 709 759 783 498 98 971 295
5067 10 5093 374 401 425 336 721 709 759 783 502 101 801 131 971 295 480 330 836 83 498 98
1068 10 3753 808 150 483 624 476 907 261 960 620 798 484 271 997 949 165 99 133 874 265 636
2068 10 3753 133 874 261 960 483 624 808 150 476 907 620 798 997 949 165 99 484 271 265 636
3068 10 3753 484 271 261 960 997 949 476 907 620 798 165 99 265 636 133 874 483 624 808 150
4068 10 3753 484 271 808 150 620 798 133 874 261 960 476 907 265 636 997 949 165 99 483 624
5068 10 3753 483 624 808 150 265 636 261 960 165 99 133 874 484 271 997 949 476 907 620 798
1069 10 4289 815 267 83 899 352 411 876 850 58 826 891 666 934 106 718 487 521 5 114 661
2069 10 4289 718 487 891 666 934 106 352 411 58 826 83 899 876 850 521 5 815 267 114 661
3069 10 4289 114 661 352 411 521 5 83 899 891 666 58 826 934 106 815 267 718 487 876 850
4069 10 4289 934 106 521 5 815 267 891 666 352 411 114 661 58 826 876 850 83 899 718 487
5069 10 4289 58 826 718 487 876 850 815 267 83 899 352 411 114 661 521 5 934 106 891 666
1070 10 5018 300 719 979 50 409 199 953 424 348 422 834 886 961 703 512 136 234 742 743 969
2070 10 5018 834 886 234 742 300 719 953 424 512 136 348 422 409 199 979 50 743 969 961 703
3070 10 5018 409 199 743 969 348 422 234 742 979 50 961 703 953 424 300 719 834 886 512 136
4070 10 5018 512 136 348 422 953 424 834 886 409 199 300 719 979 50 961 703 743 969 234 742
5070 10 5018 300 719 961 703 834 886 979 50 348 422 409 199 953 424 743 969 512 136 234 742
1071 10 4727 485 596 941 671 856 451 906 637 289 508 670 146 943 648 379 950 74 453 366 536
2071 10 4727 906 637 74 453 366 536 943 648 670 146 379 950 289 508 856 451 485 596 941 671
3071 10 4727 366 536 943 648 74 453 906 637 941 671 289 508 670 146 485 596 379 950 856 451
4071 10 4727 485 596 856 451 74 453 670 146 366 536 289 508 906 637 943 648 379 950 941 671
5071 10 4727 943 648 366 536 379 950 856 451 670 146 289 508 485 596 906 637 74 453 941 671
1072 10 4553 658 242 711 597 962 186 405 131 502 6 210 547 965 642 275 70 241 31 763 814
2072 10 4553 210 547 658 242 502 6 763 814 965 642 711 597 275 70 241 31 405 131 962 186
3072 10 4553 965 642 275 70 405 131 763 814 658 242 210 547 711 597 241 31 502 6 962 186
4072 10 4553 711 597 965 642 210 547 658 242 502 6 241 31 275 70 405 131 962 186 763 814
5072 10 4553 502 6 275 70 711 597 965 642 405 131 763 814 658 242 241 31 962 186 210 547
1073 10 4751 788 134 234 786 935 134 754 857 810 209 876 933 213 453 210 813 178 403 941 903
2073 10 4751 876 933 234 786 941 903 788 134 178 403 210 813 935 134 810 209 754 857 213 453
3073 10 4751 810 209 788 134 178 403 210 813 941 903 234 786 213 453 876 933 754 857 935 134
4073 10 4751 213 453 178 403 810 209 876 933 935 134 941 903 234 786 788 134 754 857 210 813
5073 10 4751 876 933 810 209 178 403 210 813 935 134 788 134 754 857 213 453 941 903 234 786
1074 10 4445 394 67 620 698 287 947 799 537 674 808 648 996 487 39 606 759 693 930 349 904
2074 10 4445 674 808 487 39 606 759 287 947 693 930 648 996 799 537 394 67 349 904 620 698
3074 10 4445 606 759 648 996 487 39 674 808 620 698 799 537 394 67 693 930 349 904 287 947
4074 10 4445 620 698 674 808 349 904 693 930 606 759 394 67 287 947 487 39 799 537 648 996
5074 10 4445 287 947 693 930 349 904 487 39 799 537 394 67 648 996 606 759 674 808 620 698
1075 10 5749 906 512 637 409 954 23 520 432 545 247 809 592 565 124 629 360 785 810 837 80
2075 10 5749 637 409 837 80 906 512 954 23 545 247 520 432 785 810 809 592 629 360 565 124
3075 10 5749 785 810 954 23 629 360 906 512 837 80 565 124 809 592 637 409 545 247 520 432
4075 10 5749 809 592 629 360 637 409 954 23 837 80 565 124 520 432 785 810 906 512 545 247
5075 10 5749 629 360 637 409 906 512 954 23 545 247 565 124 520 432 785 810 809 592 837 80
1076 10 4641 550 710 524 299 226 147 735 781 892 118 969 279 164 932 663 101 383 442 696 760
2076 10 4641 663 101 524 299 969 279 892 118 226 147 696 760 735 781 383 442 550 710 164 932
3076 10 4641 226 147 663 101 969 279 524 299 735 781 696 760 892 118 383 442 164 932 550 710
4076 10 4641 226 147 524 299 969 279 663 101 164 932 735 781 550 710 696 760 383 442 892 118
5076 10 4641 892 118 524 299 735 781 226 147 969 279 696 760 164 932 383 442 550 710 663 101
1077 10 4180 260 563 387 310 881 98 400 700 430 197 559 311 458 653 726 399 477 780 647 884
2077 10 4180 881 98 477 780 387 310 647 884 260 563 430 197 559 311 400 700 726 399 458 653
3077 10 4180 477 780 726 399 881 98 430 197 647 884 559 311 387 310 260 563 400 700 458 653
4077 10 4180 881 98 559 311 477 780 260 563 400 700 387 310 647 884 430 197 726 399 458 653
5077 10 4180 881 98 647 884 260 563 400 700 726 399 559 311 458 653 477 780 387 310 430 197
1078 10 3701 730 342 284 401 424 271 866 723 459 824 960 80 95 951 461 790 324 160 24 648
2078 10 3701 324 160 24 648 730 342 424 271 960 80 459 824 866 723 284 401 95 951 461 790
3078 10 3701 424 271 95 951 324 160 730 342 24 648 866 723 459 824 284 401 461 790 960 80
4078 10 3701 284 401 461 790 866 723 459 824 324 160 424 271 24 648 960 80 730 342 95 951
5078 10 3701 461 790 24 648 324 160 960 80 284 401 424 271 95 951 730 342 866 723 459 824
1079 10 3856 694 3 286 319 231 663 383 956 788 69 656 486 172 425 245 958 681 747 685 635
2079 10 3856 685 635 286 319 694 3 788 69 245 958 231 663 681 747 383 956 656 486 172 425
3079 10 3856 681 747 788 69 172 425 656 486 383 956 694 3 685 635 245 958 231 663 286 319
4079 10 3856 788 69 694 3 231 663 383 956 286 319 172 425 685 635 656 486 245 958 681 747
5079 10 3856 172 425 245 958 685 635 681 747 383 956 694 3 286 319 788 69 656 486 231 663
1080 10 6048 974 41 773 800 610 979 911 144 760 786 839 905 469 129 505 615 728 368 991 285
2080 10 6048 991 285 974 41 610 979 773 800 469 129 728 368 839 905 505 615 911 144 760 786
3080 10 6048 839 905 991 285 974 41 610 979 469 129 505 615 760 786 773 800 911 144 728 368
4080 10 6048 911 144 469 129 974 41 760 786 728 368 773 800 991 285 610 979 505 615 839 905
5080 10 6048 974 41 728 368 991 285 505 615 610 979 773 800 839 905 760 786 911 144 469 129
1081 10 3819 180 985 789 224 669 956 796 730 274 658 113 792 459 113 777 494 81 263 636 142
2081 10 3819 113 792 789 224 777 494 81 263 180 985 796 730 459 113 669 956 636 142 274 658
3081 10 3819 274 658 113 792 180 985 81 263 796 730 777 494 789 224 669 956 636 142 459 113
4081 10 3819 796 730 789 224 669 956 274 658 459 113 777 494 636 142 81 263 180 985 113 792
5081 10 3819 789 224 274 658 81 263 459 113 636 142 669 956 796 730 180 985 777 494 113 792
1082 10 4514 37 784 797 928 698 678 485 593 964 308 349 125 865 578 578 1000 48 288 822 156
2082 10 4514 964 308 349 125 578 1000 48 288 698 678 865 578 797 928 37 784 485 593 822 156
3082 10 4514 485 593 797 928 48 288 349 125 698 678 37 784 822 156 865 578 964 308 578 1000
4082 10 4514 964 308 349 125 822 156 797 928 698 678 578 1000 48 288 865 578 485 593 37 784
5082 10 4514 48 288 797 928 37 784 349 125 964 308 578 1000 485 593 865 578 822 156 698 678
1083 10 5276 503 650 779 217 778 754 694 915 571 164 550 205 765 384 270 33 996 975 690 550
2083 10 5276 765 384 694 915 779 217 690 550 571 164 778 754 270 33 503 650 550 205 996 975
3083 10 5276 778 754 270 33 779 217 550 205 690 550 571 164 996 975 694 915 765 384 503 650
4083 10 5276 778 754 550 205 694 915 503 650 765 384 996 975 270 33 779 217 571 164 690 550
5083 10 5276 571 164 778 754 270 33 503 650 779 217 765 384 690 550 694 915 550 205 996 975
1084 10 5567 728 448 760 622 193 660 567 514 838 10 902 974 765 80 916 729 336 779 954 319
2084 10 5567 760 622 193 660 336 779 954 319 765 80 567 514 728 448 838 10 916 729 902 974
3084 10 5567 728 448 838 10 902 974 954 319 760 622 193 660 765 80 916 729 567 514 336 779
4084 10 5567 902 974 336 779 193 660 765 80 954 319 567 514 838 10 916 729 760 622 728 448
5084 10 5567 193 660 916 729 728 448 902 974 567 514 765 80 336 779 954 319 838 10 760 622
1085 10 6748 820 726 984 929 873 815 912 146 840 329 798 713 802 203 680 465 808 966 919 635
2085 10 6748 873 815 802 203 984 929 840 329 680 465 808 966 919 635 820 726 912 146 798 713
3085 10 6748 802 203 680 465 808 966 798 713 919 635 912 146 873 815 984 929 840 329 820 726
4085 10 6748 808 966 798 713 912 146 984 929 919 635 802 203 840 329 820 726 680 465 873 815
5085 10 6748 798 713 873 815 808 966 820 726 919 635 680 465 802 203 984 929 912 146 840 329
1086 10 4884 861 498 325 982 676 857 873 106 635 455 597 658 920 937 75 893 638 537 505 510
2086 10 4884 920 937 873 106 638 537 861 498 676 857 325 982 75 893 635 455 597 658 505 510
3086 10 4884 597 658 75 893 505 510 861 498 638 537 676 857 920 937 325 982 873 106 635 455
4086 10 4884 920 937 505 510 638 537 75 893 861 498 676 857 635 455 597 658 325 982 873 106
5086 10 4884 75 893 676 857 597 658 505 510 861 498 635 455 920 937 638 537 873 106 325 982
1087 10 4684 866 867 535 763 155 766 804 509 767 677 944 291 48 831 804 736 377 817 556 731
2087 10 4684 944 291 767 677 804 736 535 763 866 867 377 817 804 509 556 731 48 831 155 766
3087 10 4684 866 867 804 509 556 731 535 763 48 831 377 817 155 766 767 677 804 736 944 291
4087 10 4684 556 731 866 867 767 677 377 817 535 763 48 831 944 291 804 736 804 509 155 766
5087 10 4684 155 766 48 831 866 867 377 817 767 677 944 291 535 763 804 736 556 731 804 509
1088 10 4416 414 375 420 738 544 752 852 256 951 47 624 201 278 421 168 827 370 720 899 199
2088 10 4416 899 199 370 720 951 47 278 421 168 827 852 256 414 375 544 752 624 201 420 738
3088 10 4416 624 201 899 199 852 256 420 738 544 752 370 720 414 375 168 827 278 421 951 47
4088 10 4416 420 738 951 47 414 375 168 827 899 199 624 201 370 720 544 752 278 421 852 256
5088 10 4416 544 752 420 738 278 421 168 827 951 47 414 375 370 720 899 199 852 256 624 201
1089 10 4709 829 506 53 960 211 605 906 948 667 948 603 148 618 435 913 112 240 160 847 379
2089 10 4709 667 948 913 112 829 506 53 960 211 605 618 435 603 148 847 379 906 948 240 160
3089 10 4709 240 160 53 960 829 506 618 435 906 948 211 605 603 148 667 948 847 379 913 112
4089 10 4709 240 160 847 379 829 506 667 948 906 948 618 435 211 605 603 148 913 112 53 960
5089 10 4709 603 148 618 435 847 379 240 160 913 112 667 948 906 948 829 506 53 960 211 605
1090 10 5647 462 899 799 788 750 431 59 632 937 365 901 330 600 107 842 566 895 534 814 713
2090 10 5647 814 713 600 107 895 534 842 566 750 431 799 788 462 899 901 330 937 365 59 632
3090 10 5647 937 365 901 330 814 713 799 788 59 632 842 566 895 534 750 431 600 107 462 899
4090 10 5647 600 107 895 534 750 431 937 365 59 632 814 713 901 330 462 899 842 566 799 788
5090 10 5647 901 330 600 107 895 534 937 365 59 632 799 788 750 431 462 899 842 566 814 713
1091 10 5061 407 393 139 942 883 962 970 442 472 748 974 274 848 595 410 151 425 570 799 459
2091 10 5061 970 442 883 962 974 274 410 151 472 748 407 393 139 942 425 570 848 595 799 459
3091 10 5061 425 570 472 748 970 442 883 962 974 274 799 459 407 393 410 151 139 942 848 595
4091 10 5061 848 595 410 151 974 274 425 570 407 393 472 748 799 459 970 442 883 962 139 942
5091 10 5061 410 151 472 748 425 570 974 274 799 459 407 393 848 595 139 942 970 442 883 962
1092 10 6036 714 731 962 235 930 4 65 662 667 810 939 324 749 801 909 273 632 189 978 116
2092 10 6036 65 662 909 273 667 810 749 801 632 189 930 4 978 116 939 324 714 731 962 235
3092 10 6036 667 810 749 801 909 273 930 4 65 662 978 116 939 324 632 189 962 235 714 731
4092 10 6036 978 116 962 235 65 662 749 801 909 273 714 731 939 324 632 189 930 4 667 810
5092 10 6036 930 4 749 801 978 116 939 324 909 273 667 810 962 235 714 731 632 189 65 662
1093 10 4533 798 533 47 870 161 184 934 328 517 237 900 799 899 611 803 882 372 455 236 953
2093 10 4533 934 328 47 870 236 953 161 184 517 237 900 799 798 533 372 455 899 611 803 882
3093 10 4533 798 533 934 328 517 237 47 870 803 882 900 799 161 184 899 611 372 455 236 953
4093 10 4533 934 328 372 455 47 870 900 799 517 237 236 953 161 184 899 611 803 882 798 533
5093 10 4533 47 870 517 237 798 533 372 455 236 953 161 184 899 611 900 799 934 328 803 882
1094 10 4500 471 665 838 229 706 488 689 52 264 286 225 621 914 322 587 747 511 635 421 158
2094 10 4500 689 52 421 158 264 286 225 621 587 747 914 322 838 229 706 488 471 665 511 635
3094 10 4500 914 322 421 158 838 229 225 621 264 286 471 665 706 488 511 635 587 747 689 52
4094 10 4500 225 621 264 286 914 322 587 747 421 158 471 665 511 635 689 52 706 488 838 229
5094 10 4500 264 286 838 229 706 488 421 158 511 635 471 665 914 322 587 747 689 52 225 621
1095 10 4700 457 997 772 757 303 781 263 99 805 401 933 369 493 271 531 34 894 878 424 998
2095 10 4700 493 271 531 34 303 781 933 369 894 878 457 997 263 99 772 757 424 998 805 401
3095 10 4700 424 998 805 401 531 34 933 369 894 878 457 997 493 271 303 781 263 99 772 757
4095 10 4700 457 997 424 998 894 878 303 781 531 34 933 369 772 757 493 271 805 401 263 99
5095 10 4700 303 781 493 271 805 401 772 757 457 997 263 99 531 34 933 369 424 998 894 878
1096 10 4368 534 919 559 881 889 712 700 46 182 772 262 518 298 342 684 52 747 902 606 172
2096 10 4368 889 712 182 772 262 518 606 172 684 52 298 342 700 46 559 881 747 902 534 919
3096 10 4368 559 881 534 919 747 902 889 712 606 172 262 518 700 46 298 342 182 772 684 52
4096 10 4368 298 342 534 919 262 518 684 52 559 881 700 46 606 172 182 772 747 902 889 712
5096 10 4368 889 712 606 172 559 881 534 919 700 46 684 52 182 772 747 902 298 342 262 518
1097 10 5140 127 476 709 402 635 633 446 106 794 474 656 359 255 876 986 544 973 254 845 861
2097 10 5140 656 359 845 861 635 633 446 106 986 544 794 474 973 254 127 476 255 876 709 402
3097 10 5140 635 633 845 861 446 106 986 544 973 254 127 476 709 402 255 876 656 359 794 474
4097 10 5140 255 876 127 476 635 633 973 254 794 474 845 861 709 402 446 106 656 359 986 544
5097 10 5140 973 254 635 633 845 861 986 544 794 474 255 876 709 402 127 476 656 359 446 106
1098 10 5236 660 167 379 395 502 612 733 291 949 190 550 125 421 811 620 500 880 661 852 614
2098 10 5236 379 395 949 190 660 167 733 291 880 661 421 811 620 500 550 125 502 612 852 614
3098 10 5236 660 167 620 500 852 614 733 291 421 811 502 612 880 661 949 190 379 395 550 125
4098 10 5236 502 612 733 291 379 395 620 500 852 614 660 167 550 125 421 811 949 190 880 661
5098 10 5236 620 500 421 811 949 190 880 661 550 125 733 291 379 395 660 167 852 614 502 612
1099 10 5130 694 1000 373 456 947 267 859 164 644 619 979 726 345 806 181 494 781 119 610 749
2099 10 5130 373 456 181 494 644 619 781 119 859 164 947 267 345 806 979 726 610 749 694 1000
3099 10 5130 373 456 859 164 644 619 781 119 181 494 979 726 345 806 947 267 694 1000 610 749
4099 10 5130 345 806 979 726 610 749 781 119 644 619 373 456 859 164 694 1000 181 494 947 267
5099 10 5130 859 164 610 749 947 267 694 1000 181 494 373 456 644 619 345 806 979 726 781 119
1100 10 4500 965 305 529 873 234 148 374 395 79 111 894 834 486 556 471 617 759 826 835 938
2100 10 4500 965 305 79 111 471 617 759 826 894 834 234 148 374 395 486 556 835 938 529 873
3100 10 4500 529 873 759 826 486 556 894 834 965 305 79 111 835 938 234 148 374 395 471 617
4100 10 4500 79 111 894 834 486 556 374 395 471 617 759 826 529 873 965 305 835 938 234 148
5100 10 4500 79 111 471 617 529 873 486 556 374 395 965 305 894 834 759 826 234 148 835 938
