1001 10 16580 858 2257 718 6 2973 4168 2926 599 302 2840 1080 1474 543 1292 4279 2284 4040 187 3006 1210
2001 10 16580 2973 4168 858 2257 302 2840 4279 2284 718 6 4040 187 543 1292 2926 599 3006 1210 1080 1474
3001 10 16580 3006 1210 4040 187 718 6 1080 1474 4279 2284 2973 4168 302 2840 858 2257 2926 599 543 1292
4001 10 16580 3006 1210 4040 187 2926 599 302 2840 858 2257 718 6 4279 2284 543 1292 2973 4168 1080 1474
5001 10 16580 858 2257 4279 2284 2926 599 718 6 543 1292 302 2840 1080 1474 4040 187 3006 1210 2973 4168
1002 10 20560 2826 145 999 2427 4505 4752 3081 4885 2005 2713 442 140 2568 3297 2347 3652 3049 445 3878 2734
2002 10 20560 3049 445 2347 3652 3081 4885 2568 3297 999 2427 4505 4752 442 140 2826 145 3878 2734 2005 2713
3002 10 20560 442 140 3878 2734 2568 3297 2005 2713 999 2427 3081 4885 4505 4752 2826 145 2347 3652 3049 445
4002 10 20560 2568 3297 4505 4752 2826 145 999 2427 3049 445 442 140 3878 2734 3081 4885 2005 2713 2347 3652
5002 10 20560 999 2427 2568 3297 2005 2713 3878 2734 2347 3652 2826 145 3049 445 4505 4752 442 140 3081 4885
1003 10 20235 648 149 2739 1750 4260 3352 2529 1481 3999 3509 3449 159 944 3006 3282 4677 2597 1667 847 2856
2003 10 20235 648 149 3999 3509 4260 3352 2739 1750 3282 4677 2597 1667 3449 159 847 2856 944 3006 2529 1481
3003 10 20235 648 149 2529 1481 2597 1667 847 2856 944 3006 2739 1750 3999 3509 3449 159 4260 3352 3282 4677
4003 10 20235 847 2856 3449 159 4260 3352 648 149 3999 3509 2597 1667 944 3006 2529 1481 3282 4677 2739 1750
5003 10 20235 944 3006 3282 4677 2597 1667 2739 1750 3449 159 2529 1481 4260 3352 847 2856 648 149 3999 3509
1004 10 15719 4144 347 1707 1487 1766 1466 293 4161 983 3372 3270 3702 2648 1171 810 4385 3198 3950 830 4681
2004 10 15719 3270 3702 293 4161 810 4385 3198 3950 1707 1487 4144 347 830 4681 983 3372 1766 1466 2648 1171
3004 10 15719 3198 3950 2648 1171 4144 347 1766 1466 810 4385 1707 1487 3270 3702 830 4681 983 3372 293 4161
4004 10 15719 293 4161 1707 1487 810 4385 3198 3950 1766 1466 830 4681 2648 1171 4144 347 3270 3702 983 3372
5004 10 15719 983 3372 293 4161 3198 3950 1766 1466 4144 347 1707 1487 830 4681 2648 1171 810 4385 3270 3702
1005 10 22439 2745 4715 1725 356 2936 4310 2958 334 4754 2134 991 1076 1349 3246 2674 4161 3141 4768 4776 1065
2005 10 22439 3141 4768 2674 4161 4776 1065 2958 334 2936 4310 2745 4715 1725 356 991 1076 1349 3246 4754 2134
3005 10 22439 4776 1065 2936 4310 2958 334 991 1076 2674 4161 1349 3246 3141 4768 2745 4715 4754 2134 1725 356
4005 10 22439 2745 4715 4754 2134 3141 4768 991 1076 2674 4161 4776 1065 2958 334 1725 356 1349 3246 2936 4310
5005 10 22439 1725 356 2958 334 2745 4715 4754 2134 2936 4310 991 1076 2674 4161 3141 4768 4776 1065 1349 3246
1006 10 21788 4061 230 1533 3537 4810 2385 3753 3454 760 689 1240 430 3032 3713 2238 3716 3539 3502 2269 3908
2006 10 21788 4810 2385 3539 3502 760 689 3032 3713 1533 3537 1240 430 2269 3908 4061 230 3753 3454 2238 3716
3006 10 21788 2238 3716 3032 3713 4061 230 760 689 4810 2385 2269 3908 1240 430 3753 3454 3539 3502 1533 3537
4006 10 21788 2269 3908 1240 430 3539 3502 3753 3454 2238 3716 3032 3713 4810 2385 4061 230 1533 3537 760 689
5006 10 21788 1533 3537 760 689 2269 3908 4061 230 1240 430 3753 3454 3032 3713 2238 3716 4810 2385 3539 3502
1007 10 18903 3099 1750 3461 3900 4522 1577 3610 2692 1660 989 2855 1521 873 3840 684 2355 2328 4334 537 1647
2007 10 18903 3461 3900 537 1647 684 2355 1660 989 4522 1577 873 3840 2328 4334 3099 1750 3610 2692 2855 1521
3007 10 18903 4522 1577 2855 1521 1660 989 537 1647 684 2355 3099 1750 873 3840 2328 4334 3610 2692 3461 3900
4007 10 18903 1660 989 537 1647 3099 1750 684 2355 873 3840 3461 3900 2855 1521 4522 1577 3610 2692 2328 4334
5007 10 18903 3099 1750 2328 4334 1660 989 537 1647 3461 3900 3610 2692 684 2355 2855 1521 873 3840 4522 1577
1008 10 19348 4090 3699 1608 4906 1094 500 1303 4662 1895 3975 3329 236 2512 1563 3211 1958 506 4746 4637 4631
2008 10 19348 506 4746 1895 3975 3211 1958 2512 1563 4637 4631 1094 500 1608 4906 4090 3699 3329 236 1303 4662
3008 10 19348 506 4746 3329 236 3211 1958 1608 4906 1094 500 2512 1563 1895 3975 4090 3699 4637 4631 1303 4662
4008 10 19348 1895 3975 3211 1958 1094 500 506 4746 2512 1563 1303 4662 4090 3699 4637 4631 3329 236 1608 4906
5008 10 19348 1895 3975 1094 500 3329 236 2512 1563 4090 3699 1608 4906 1303 4662 4637 4631 3211 1958 506 4746
1009 10 21484 2184 3360 2419 508 3189 4717 3870 3651 340 4195 1138 3085 3879 3861 4001 3846 4828 1036 1007 2874
2009 10 21484 1007 2874 4001 3846 1138 3085 4828 1036 2419 508 340 4195 3189 4717 3879 3861 3870 3651 2184 3360
3009 10 21484 1138 3085 2419 508 4828 1036 2184 3360 1007 2874 4001 3846 3870 3651 3189 4717 3879 3861 340 4195
4009 10 21484 2419 508 1138 3085 2184 3360 4001 3846 1007 2874 4828 1036 3879 3861 340 4195 3189 4717 3870 3651
5009 10 21484 4001 3846 4828 1036 1138 3085 3189 4717 3879 3861 2419 508 3870 3651 2184 3360 1007 2874 340 4195
1010 10 24860 4429 3862 2044 2764 4329 3193 3139 809 3953 3979 4526 480 1906 4434 3770 1339 2059 801 920 1299
2010 10 24860 1906 4434 3953 3979 3139 809 920 1299 4429 3862 4329 3193 3770 1339 4526 480 2044 2764 2059 801
3010 10 24860 4429 3862 4329 3193 3139 809 4526 480 1906 4434 2059 801 3770 1339 920 1299 2044 2764 3953 3979
4010 10 24860 4526 480 920 1299 3953 3979 2059 801 4429 3862 3139 809 4329 3193 3770 1339 2044 2764 1906 4434
5010 10 24860 4526 480 1906 4434 4329 3193 3770 1339 3139 809 920 1299 3953 3979 2059 801 2044 2764 4429 3862
1011 10 25042 4356 1994 1915 4740 2929 313 3916 3169 322 494 2380 938 3843 657 3665 3849 4519 2787 3458 2375
2011 10 25042 2929 313 3458 2375 322 494 2380 938 3665 3849 3916 3169 4356 1994 3843 657 1915 4740 4519 2787
3011 10 25042 1915 4740 4519 2787 3458 2375 3916 3169 3665 3849 2929 313 3843 657 322 494 2380 938 4356 1994
4011 10 25042 3458 2375 1915 4740 322 494 3916 3169 4356 1994 3843 657 2380 938 4519 2787 2929 313 3665 3849
5011 10 25042 4356 1994 4519 2787 3458 2375 3843 657 3665 3849 322 494 2380 938 1915 4740 3916 3169 2929 313
1012 10 19925 3223 2639 622 3185 3980 1414 216 4448 3172 3229 4384 1619 279 3297 4592 1159 2171 3376 2268 1318
2012 10 19925 216 4448 622 3185 2268 1318 4592 1159 3172 3229 2171 3376 4384 1619 3223 2639 3980 1414 279 3297
3012 10 19925 3980 1414 216 4448 2171 3376 2268 1318 4592 1159 279 3297 3223 2639 622 3185 4384 1619 3172 3229
4012 10 19925 2268 1318 622 3185 216 4448 4592 1159 3980 1414 4384 1619 3172 3229 3223 2639 2171 3376 279 3297
5012 10 19925 2171 3376 216 4448 3172 3229 622 3185 3980 1414 279 3297 2268 1318 4384 1619 4592 1159 3223 2639
1013 10 22464 570 2991 2355 1874 4899 3753 4041 3285 2929 1541 3489 4127 2507 4313 1210 1713 3206 4264 2874 2881
2013 10 22464 2507 4313 1210 1713 570 2991 2929 1541 2874 2881 3489 4127 4899 3753 2355 1874 4041 3285 3206 4264
3013 10 22464 1210 1713 3489 4127 3206 4264 4899 3753 2874 2881 2355 1874 2929 1541 4041 3285 2507 4313 570 2991
4013 10 22464 2355 1874 2929 1541 2874 2881 3206 4264 3489 4127 570 2991 4041 3285 2507 4313 1210 1713 4899 3753
5013 10 22464 2929 1541 1210 1713 3489 4127 2355 1874 4899 3753 3206 4264 570 2991 2874 2881 2507 4313 4041 3285
1014 10 26275 4245 835 4554 4373 2892 4664 4960 923 970 4948 4898 2285 2586 1987 2514 4850 3521 1323 1704 1401
2014 10 26275 2586 1987 970 4948 1704 1401 3521 1323 4245 835 4898 2285 4960 923 2892 4664 2514 4850 4554 4373
3014 10 26275 2514 4850 1704 1401 4554 4373 3521 1323 970 4948 2586 1987 4960 923 4245 835 2892 4664 4898 2285
4014 10 26275 970 4948 2892 4664 4898 2285 3521 1323 4554 4373 4960 923 2586 1987 2514 4850 1704 1401 4245 835
5014 10 26275 4554 4373 4245 835 2892 4664 1704 1401 2514 4850 4960 923 2586 1987 3521 1323 4898 2285 970 4948
1015 10 17797 1112 2167 372 4541 1591 3314 2112 922 4583 4293 3882 2037 1159 1128 1222 4711 1496 2315 4718 1089
2015 10 17797 1591 3314 1112 2167 1496 2315 4583 4293 4718 1089 372 4541 1159 1128 1222 4711 2112 922 3882 2037
3015 10 17797 4718 1089 2112 922 3882 2037 1591 3314 1159 1128 4583 4293 1222 4711 372 4541 1112 2167 1496 2315
4015 10 17797 3882 2037 2112 922 1112 2167 4583 4293 1222 4711 1496 2315 1159 1128 4718 1089 372 4541 1591 3314
5015 10 17797 4718 1089 1591 3314 1222 4711 372 4541 1112 2167 1496 2315 3882 2037 1159 1128 2112 922 4583 4293
1016 10 13397 1767 50 400 1501 335 4033 2694 4204 3547 2553 1932 3502 2295 4624 484 915 1891 3154 1402 4124
2016 10 13397 1932 3502 1402 4124 3547 2553 484 915 335 4033 2694 4204 400 1501 1767 50 2295 4624 1891 3154
3016 10 13397 2694 4204 1402 4124 484 915 400 1501 1891 3154 1767 50 335 4033 3547 2553 1932 3502 2295 4624
4016 10 13397 1891 3154 2295 4624 335 4033 2694 4204 1767 50 3547 2553 484 915 1402 4124 400 1501 1932 3502
5016 10 13397 484 915 3547 2553 1402 4124 1891 3154 1767 50 400 1501 2295 4624 2694 4204 335 4033 1932 3502
1017 10 14544 833 2449 1014 4905 1113 2240 617 3921 1802 2666 1471 2641 3154 785 3945 418 2794 1658 1437 2250
2017 10 14544 1014 4905 2794 1658 3154 785 617 3921 1437 2250 3945 418 833 2449 1802 2666 1471 2641 1113 2240
3017 10 14544 2794 1658 833 2449 617 3921 1014 4905 3154 785 1802 2666 1113 2240 3945 418 1471 2641 1437 2250
4017 10 14544 1802 2666 617 3921 1014 4905 1471 2641 1113 2240 3154 785 2794 1658 833 2449 3945 418 1437 2250
5017 10 14544 1802 2666 3945 418 3154 785 617 3921 833 2449 1437 2250 1014 4905 1471 2641 2794 1658 1113 2240
1018 10 24292 3071 2220 1279 1183 2007 2336 4112 351 4048 4106 2011 4065 4222 590 4950 3552 2267 4285 2398 257
2018 10 24292 4048 4106 4112 351 4222 590 2398 257 1279 1183 2011 4065 2267 4285 3071 2220 2007 2336 4950 3552
3018 10 24292 4222 590 4112 351 2007 2336 2267 4285 4950 3552 1279 1183 4048 4106 3071 2220 2398 257 2011 4065
4018 10 24292 4950 3552 2007 2336 3071 2220 1279 1183 2011 4065 4048 4106 2398 257 4112 351 2267 4285 4222 590
5018 10 24292 4950 3552 4048 4106 3071 2220 4222 590 2398 257 2011 4065 2267 4285 2007 2336 1279 1183 4112 351
1019 10 16422 1560 863 4446 4733 4029 4346 1918 750 310 1124 1483 2028 3347 2489 1215 4634 1626 2487 594 2541
2019 10 16422 1626 2487 4446 4733 1918 750 4029 4346 594 2541 310 1124 1215 4634 1560 863 1483 2028 3347 2489
3019 10 16422 1483 2028 3347 2489 1215 4634 4446 4733 1560 863 310 1124 1918 750 1626 2487 594 2541 4029 4346
4019 10 16422 310 1124 1483 2028 1560 863 4446 4733 594 2541 1918 750 3347 2489 1626 2487 4029 4346 1215 4634
5019 10 16422 1215 4634 1626 2487 4446 4733 594 2541 310 1124 4029 4346 1560 863 1918 750 3347 2489 1483 2028
1020 10 20732 4948 1499 3501 4005 1313 3019 2861 547 2003 1170 3941 2199 1921 3591 595 2214 4394 1886 439 1369
2020 10 20732 4948 1499 4394 1886 2003 1170 595 2214 439 1369 1313 3019 3941 2199 3501 4005 2861 547 1921 3591
3020 10 20732 1921 3591 595 2214 4948 1499 3941 2199 2003 1170 3501 4005 1313 3019 4394 1886 2861 547 439 1369
4020 10 20732 1313 3019 4394 1886 4948 1499 595 2214 2003 1170 2861 547 1921 3591 3941 2199 3501 4005 439 1369
5020 10 20732 2861 547 4394 1886 2003 1170 1921 3591 3501 4005 595 2214 1313 3019 439 1369 4948 1499 3941 2199
1021 10 20868 1288 4966 4550 1476 1738 3383 3109 2306 3292 36 1700 1583 2498 210 1930 4806 1341 1646 4640 1211
2021 10 20868 1738 3383 1288 4966 3292 36 1930 4806 4550 1476 1341 1646 4640 1211 3109 2306 1700 1583 2498 210
3021 10 20868 1341 1646 2498 210 4550 1476 1288 4966 3109 2306 3292 36 4640 1211 1700 1583 1738 3383 1930 4806
4021 10 20868 1738 3383 1288 4966 1700 1583 4640 1211 1930 4806 3292 36 2498 210 1341 1646 4550 1476 3109 2306
5021 10 20868 3109 2306 4640 1211 1341 1646 1738 3383 4550 1476 1700 1583 1288 4966 3292 36 1930 4806 2498 210
1022 10 13768 4081 461 270 1442 1415 2899 4590 4256 18 4724 1265 4876 849 710 1597 4661 2836 3209 290 168
2022 10 13768 4590 4256 1597 4661 290 168 4081 461 2836 3209 1265 4876 18 4724 849 710 270 1442 1415 2899
3022 10 13768 18 4724 1415 2899 849 710 270 1442 2836 3209 290 168 1597 4661 4590 4256 1265 4876 4081 461
4022 10 13768 1415 2899 290 168 2836 3209 1265 4876 849 710 4081 461 18 4724 270 1442 4590 4256 1597 4661
5022 10 13768 290 168 849 710 18 4724 1265 4876 1415 2899 4590 4256 270 1442 1597 4661 4081 461 2836 3209
1023 10 14068 1045 3159 4002 4475 26 3936 2145 4487 956 3728 488 4815 5000 1620 74 1380 1892 1300 1958 2992
2023 10 14068 488 4815 956 3728 1958 2992 1045 3159 2145 4487 26 3936 74 1380 1892 1300 5000 1620 4002 4475
3023 10 14068 4002 4475 956 3728 26 3936 5000 1620 74 1380 2145 4487 1892 1300 1045 3159 488 4815 1958 2992
4023 10 14068 1958 2992 2145 4487 1892 1300 956 3728 74 1380 5000 1620 488 4815 4002 4475 1045 3159 26 3936
5023 10 14068 1892 1300 26 3936 956 3728 5000 1620 488 4815 2145 4487 1958 2992 4002 4475 74 1380 1045 3159
1024 10 20279 3298 33 1033 4639 354 746 1660 2142 4273 1 3904 4193 2662 3528 1617 4906 2681 2444 3867 1577
2024 10 20279 3867 1577 354 746 3298 33 2681 2444 1660 2142 4273 1 1033 4639 2662 3528 3904 4193 1617 4906
3024 10 20279 2681 2444 1660 2142 3298 33 1617 4906 3904 4193 4273 1 2662 3528 354 746 1033 4639 3867 1577
4024 10 20279 354 746 3298 33 1660 2142 3867 1577 1033 4639 1617 4906 2662 3528 2681 2444 3904 4193 4273 1
5024 10 20279 4273 1 1617 4906 1660 2142 2662 3528 3867 1577 3904 4193 354 746 2681 2444 3298 33 1033 4639
1025 10 22143 598 3865 1926 1388 4373 2360 2504 1105 4815 3009 3159 4478 4180 2358 1739 332 1601 3823 2784 754
2025 10 22143 598 3865 1739 332 2784 754 3159 4478 4180 2358 4373 2360 2504 1105 1601 3823 1926 1388 4815 3009
3025 10 22143 1739 332 1926 1388 1601 3823 4815 3009 4180 2358 3159 4478 2504 1105 598 3865 4373 2360 2784 754
4025 10 22143 1739 332 4373 2360 4180 2358 2784 754 1926 1388 2504 1105 598 3865 3159 4478 1601 3823 4815 3009
5025 10 22143 1926 1388 4180 2358 598 3865 1601 3823 2784 754 4373 2360 3159 4478 1739 332 4815 3009 2504 1105
1026 10 26052 966 701 4995 2973 4861 2959 752 4418 3263 4519 2364 1507 4408 871 4775 1878 2955 2237 3227 4331
2026 10 26052 4775 1878 2955 2237 752 4418 966 701 3227 4331 2364 1507 4408 871 3263 4519 4995 2973 4861 2959
3026 10 26052 3263 4519 752 4418 4861 2959 4408 871 3227 4331 2955 2237 4995 2973 2364 1507 966 701 4775 1878
4026 10 26052 4775 1878 4995 2973 3227 4331 3263 4519 4408 871 2955 2237 4861 2959 966 701 2364 1507 752 4418
5026 10 26052 2364 1507 4775 1878 966 701 4861 2959 4408 871 3227 4331 752 4418 3263 4519 2955 2237 4995 2973
1027 10 13515 411 3363 937 1137 820 4781 860 2470 2405 3289 763 2100 1241 2620 4802 2365 3831 2950 824 2200
2027 10 13515 4802 2365 860 2470 3831 2950 937 1137 824 2200 411 3363 1241 2620 2405 3289 763 2100 820 4781
3027 10 13515 824 2200 4802 2365 937 1137 860 2470 1241 2620 2405 3289 3831 2950 411 3363 763 2100 820 4781
4027 10 13515 1241 2620 820 4781 860 2470 3831 2950 937 1137 763 2100 2405 3289 824 2200 4802 2365 411 3363
5027 10 13515 2405 3289 1241 2620 937 1137 820 4781 4802 2365 3831 2950 860 2470 763 2100 411 3363 824 2200
1028 10 22927 842 4489 3836 598 2523 2970 2144 2102 1925 4558 3484 3164 4480 3995 4074 1807 1454 1049 3897 4601
2028 10 22927 1925 4558 3484 3164 4480 3995 3836 598 1454 1049 2144 2102 3897 4601 4074 1807 2523 2970 842 4489
3028 10 22927 3897 4601 4480 3995 4074 1807 2523 2970 1925 4558 3484 3164 3836 598 1454 1049 2144 2102 842 4489
4028 10 22927 1925 4558 3836 598 3484 3164 842 4489 4074 1807 1454 1049 2144 2102 2523 2970 4480 3995 3897 4601
5028 10 22927 1925 4558 2523 2970 4074 1807 3897 4601 3836 598 1454 1049 842 4489 4480 3995 2144 2102 3484 3164
1029 10 19595 2073 2035 3471 2193 812 4791 4488 3616 4251 3942 1963 750 500 1877 2679 4384 577 4517 3680 4130
2029 10 19595 500 1877 577 4517 4251 3942 3680 4130 2073 2035 3471 2193 1963 750 812 4791 4488 3616 2679 4384
3029 10 19595 1963 750 577 4517 4251 3942 2073 2035 812 4791 3471 2193 4488 3616 2679 4384 3680 4130 500 1877
4029 10 19595 4488 3616 2679 4384 812 4791 3471 2193 577 4517 4251 3942 500 1877 1963 750 3680 4130 2073 2035
5029 10 19595 3471 2193 2073 2035 3680 4130 1963 750 812 4791 500 1877 4251 3942 577 4517 4488 3616 2679 4384
1030 10 19636 2062 4696 4324 4659 4671 4200 1000 1668 3552 275 2973 194 1589 1187 375 4573 3986 2080 13 3752
2030 10 19636 4671 4200 1000 1668 375 4573 13 3752 2062 4696 3552 275 1589 1187 3986 2080 4324 4659 2973 194
3030 10 19636 1000 1668 2973 194 375 4573 2062 4696 4324 4659 3986 2080 1589 1187 3552 275 4671 4200 13 3752
4030 10 19636 13 3752 3552 275 375 4573 1589 1187 4324 4659 1000 1668 2973 194 2062 4696 4671 4200 3986 2080
5030 10 19636 4671 4200 1589 1187 13 3752 4324 4659 1000 1668 3552 275 3986 2080 2973 194 2062 4696 375 4573
1031 10 18031 986 3282 3934 840 996 4513 1485 1481 802 3891 4299 17 4332 52 1580 3438 2246 3910 1879 1163
2031 10 18031 1485 1481 1879 1163 3934 840 4332 52 4299 17 996 4513 2246 3910 986 3282 1580 3438 802 3891
3031 10 18031 1879 1163 3934 840 4332 52 1485 1481 1580 3438 802 3891 4299 17 986 3282 2246 3910 996 4513
4031 10 18031 986 3282 996 4513 1580 3438 4299 17 2246 3910 1879 1163 4332 52 3934 840 1485 1481 802 3891
5031 10 18031 2246 3910 1879 1163 1580 3438 986 3282 1485 1481 4299 17 802 3891 4332 52 996 4513 3934 840
1032 10 15728 823 1970 79 3987 3768 701 2073 4775 960 2820 1485 294 4892 1399 3948 2042 458 2057 1174 2054
2032 10 15728 823 1970 1485 294 960 2820 3948 2042 4892 1399 458 2057 2073 4775 1174 2054 79 3987 3768 701
3032 10 15728 1485 294 3948 2042 3768 701 2073 4775 79 3987 1174 2054 823 1970 960 2820 458 2057 4892 1399
4032 10 15728 1485 294 3768 701 2073 4775 4892 1399 458 2057 1174 2054 823 1970 79 3987 960 2820 3948 2042
5032 10 15728 823 1970 2073 4775 1174 2054 1485 294 960 2820 4892 1399 458 2057 79 3987 3948 2042 3768 701
1033 10 22548 2150 1363 3688 1787 1742 3063 3753 1492 3966 4545 2715 4834 3129 4344 4315 1577 161 2297 2566 2324
2033 10 22548 4315 1577 2150 1363 3129 4344 2715 4834 161 2297 3966 4545 2566 2324 1742 3063 3753 1492 3688 1787
3033 10 22548 3688 1787 4315 1577 2715 4834 3966 4545 2566 2324 161 2297 3129 4344 1742 3063 2150 1363 3753 1492
4033 10 22548 3753 1492 4315 1577 161 2297 1742 3063 3966 4545 3688 1787 2566 2324 2150 1363 3129 4344 2715 4834
5033 10 22548 4315 1577 3688 1787 161 2297 3966 4545 2566 2324 3129 4344 2715 4834 1742 3063 3753 1492 2150 1363
1034 10 24305 2256 95 4283 4351 664 2828 1010 910 2878 182 3577 2631 4466 3082 4663 2002 3439 2307 3146 2468
2034 10 24305 4283 4351 1010 910 4466 3082 3439 2307 2878 182 2256 95 3577 2631 4663 2002 664 2828 3146 2468
3034 10 24305 4466 3082 2878 182 3439 2307 3146 2468 4663 2002 664 2828 1010 910 3577 2631 4283 4351 2256 95
4034 10 24305 2878 182 2256 95 664 2828 4466 3082 3146 2468 4663 2002 4283 4351 1010 910 3439 2307 3577 2631
5034 10 24305 4283 4351 2256 95 3146 2468 664 2828 3577 2631 4466 3082 4663 2002 1010 910 3439 2307 2878 182
1035 10 19328 3095 2609 2253 454 589 3840 211 4883 1204 165 4621 2648 2054 1364 3893 2837 2621 935 3619 522
2035 10 19328 3619 522 3893 2837 4621 2648 2621 935 2054 1364 589 3840 3095 2609 2253 454 1204 165 211 4883
3035 10 19328 2253 454 589 3840 2621 935 3095 2609 1204 165 3619 522 4621 2648 211 4883 3893 2837 2054 1364
4035 10 19328 3893 2837 1204 165 2253 454 3619 522 211 4883 2054 1364 589 3840 4621 2648 2621 935 3095 2609
5035 10 19328 2253 454 3095 2609 4621 2648 3893 2837 2054 1364 2621 935 1204 165 211 4883 589 3840 3619 522
1036 10 18841 1078 2627 2558 4655 3105 717 2521 1822 2961 877 1777 1419 1582 371 4771 704 643 3743 2556 4539
2036 10 18841 3105 717 2521 1822 1078 2627 4771 704 1777 1419 1582 371 2556 4539 2558 4655 643 3743 2961 877
3036 10 18841 1777 1419 1078 2627 4771 704 2558 4655 2961 877 2556 4539 3105 717 1582 371 643 3743 2521 1822
4036 10 18841 3105 717 2961 877 2558 4655 2521 1822 1777 1419 1582 371 4771 704 643 3743 1078 2627 2556 4539
5036 10 18841 1777 1419 1078 2627 2961 877 2521 1822 1582 371 2558 4655 643 3743 3105 717 2556 4539 4771 704
1037 10 22449 192 4342 3301 4625 4563 707 2350 4243 2289 1533 3915 3470 2526 1304 3681 4165 4096 2282 1149 1598
2037 10 22449 192 4342 3915 3470 3301 4625 4563 707 2289 1533 4096 2282 2350 4243 3681 4165 1149 1598 2526 1304
3037 10 22449 1149 1598 3301 4625 4096 2282 2350 4243 4563 707 2289 1533 3915 3470 3681 4165 192 4342 2526 1304
4037 10 22449 4096 2282 2350 4243 3681 4165 4563 707 1149 1598 3301 4625 192 4342 2526 1304 2289 1533 3915 3470
5037 10 22449 2289 1533 1149 1598 4563 707 2526 1304 4096 2282 192 4342 3915 3470 2350 4243 3301 4625 3681 4165
1038 10 20985 180 2634 649 3323 4730 4059 3600 1178 1310 2179 4565 1816 3781 2847 1854 4528 4414 4520 1149 321
2038 10 20985 3781 2847 180 2634 1854 4528 3600 1178 4565 1816 4414 4520 1149 321 649 3323 1310 2179 4730 4059
3038 10 20985 1310 2179 180 2634 3781 2847 1854 4528 649 3323 1149 321 3600 1178 4565 1816 4414 4520 4730 4059
4038 10 20985 649 3323 180 2634 3600 1178 1149 321 1854 4528 1310 2179 4565 1816 4414 4520 4730 4059 3781 2847
5038 10 20985 3781 2847 4730 4059 1149 321 4414 4520 180 2634 4565 1816 1310 2179 649 3323 3600 1178 1854 4528
1039 10 18945 4376 1877 1819 2529 2141 923 3851 2509 2321 3029 2356 213 1903 19 1334 95 795 3292 2786 281
2039 10 18945 2786 281 2356 213 2321 3029 1819 2529 2141 923 4376 1877 795 3292 3851 2509 1903 19 1334 95
3039 10 18945 1334 95 3851 2509 2321 3029 4376 1877 2786 281 2356 213 795 3292 1903 19 2141 923 1819 2529
4039 10 18945 4376 1877 795 3292 2141 923 1334 95 3851 2509 2321 3029 2786 281 2356 213 1903 19 1819 2529
5039 10 18945 795 3292 3851 2509 2321 3029 2356 213 1819 2529 1903 19 1334 95 2141 923 4376 1877 2786 281
1040 10 24127 4188 4864 4340 4077 4489 3058 2698 2422 4241 332 2319 1226 1236 581 4736 2858 610 613 1302 2094
2040 10 24127 610 613 1302 2094 1236 581 4340 4077 2319 1226 2698 2422 4489 3058 4241 332 4736 2858 4188 4864
3040 10 24127 4241 332 1302 2094 4188 4864 2698 2422 4736 2858 2319 1226 1236 581 610 613 4489 3058 4340 4077
4040 10 24127 4736 2858 1236 581 610 613 2698 2422 2319 1226 1302 2094 4241 332 4340 4077 4489 3058 4188 4864
5040 10 24127 2698 2422 1302 2094 4188 4864 4736 2858 4489 3058 1236 581 4241 332 610 613 4340 4077 2319 1226
1041 10 21176 1398 2848 2646 3465 4364 3711 386 3259 284 3366 1542 827 1181 784 4747 2995 4977 3435 4946 3275
2041 10 21176 4747 2995 386 3259 2646 3465 4946 3275 4977 3435 284 3366 4364 3711 1181 784 1542 827 1398 2848
3041 10 21176 4946 3275 2646 3465 386 3259 1398 2848 4977 3435 1181 784 284 3366 1542 827 4747 2995 4364 3711
4041 10 21176 284 3366 2646 3465 4747 2995 386 3259 4364 3711 1542 827 1398 2848 1181 784 4946 3275 4977 3435
5041 10 21176 4364 3711 4946 3275 2646 3465 284 3366 4977 3435 1181 784 1542 827 4747 2995 1398 2848 386 3259
1042 10 28785 4230 1293 3668 358 4824 2650 3571 4576 4835 1142 1858 1466 4495 2973 2306 402 2139 2469 4056 4407
2042 10 28785 4495 2973 3571 4576 4230 1293 1858 1466 3668 358 4824 2650 2139 2469 4056 4407 4835 1142 2306 402
3042 10 28785 3668 358 4495 2973 4824 2650 4835 1142 4056 4407 2139 2469 1858 1466 4230 1293 3571 4576 2306 402
4042 10 28785 4824 2650 4835 1142 4056 4407 2139 2469 2306 402 4495 2973 1858 1466 3571 4576 3668 358 4230 1293
5042 10 28785 4495 2973 1858 1466 3571 4576 4835 1142 2139 2469 4230 1293 2306 402 3668 358 4056 4407 4824 2650
1043 10 14852 1787 97 3260 3435 2155 2754 3872 93 13 1611 119 1276 396 3377 279 3185 4093 3465 2591 3784
2043 10 14852 3872 93 1787 97 2155 2754 2591 3784 396 3377 3260 3435 4093 3465 13 1611 279 3185 119 1276
3043 10 14852 3260 3435 4093 3465 13 1611 279 3185 119 1276 3872 93 2591 3784 396 3377 1787 97 2155 2754
4043 10 14852 13 1611 1787 97 3872 93 279 3185 2155 2754 119 1276 2591 3784 396 3377 3260 3435 4093 3465
5043 10 14852 4093 3465 119 1276 2591 3784 279 3185 13 1611 3260 3435 396 3377 3872 93 1787 97 2155 2754
1044 10 24897 4694 3239 1339 3035 1241 590 1836 2865 4836 32 3538 3199 4955 1873 3261 4847 4955 410 467 3767
2044 10 24897 4955 1873 1241 590 4694 3239 3261 4847 467 3767 3538 3199 4836 32 4955 410 1836 2865 1339 3035
3044 10 24897 1836 2865 4694 3239 4955 410 3261 4847 4836 32 4955 1873 3538 3199 1241 590 467 3767 1339 3035
4044 10 24897 1339 3035 3538 3199 467 3767 4955 1873 4836 32 1836 2865 1241 590 3261 4847 4955 410 4694 3239
5044 10 24897 3538 3199 467 3767 4955 410 3261 4847 1339 3035 1836 2865 4694 3239 4836 32 1241 590 4955 1873
1045 10 18808 41 2578 3100 2420 3568 2444 4716 1401 3818 119 3675 4345 1439 3674 500 4494 2282 4625 372 160
2045 10 18808 500 4494 3100 2420 3568 2444 1439 3674 3675 4345 2282 4625 4716 1401 3818 119 41 2578 372 160
3045 10 18808 500 4494 2282 4625 1439 3674 41 2578 372 160 3568 2444 3818 119 3100 2420 3675 4345 4716 1401
4045 10 18808 3568 2444 372 160 41 2578 3818 119 3675 4345 500 4494 2282 4625 1439 3674 3100 2420 4716 1401
5045 10 18808 500 4494 3675 4345 41 2578 1439 3674 2282 4625 4716 1401 3100 2420 372 160 3568 2444 3818 119
1046 10 20422 3607 2934 3564 4894 3839 667 655 3880 2884 4458 3115 1929 559 3150 3157 4651 1498 2037 2650 1571
2046 10 20422 3607 2934 3839 667 2884 4458 2650 1571 559 3150 1498 2037 655 3880 3157 4651 3115 1929 3564 4894
3046 10 20422 3839 667 3115 1929 2884 4458 1498 2037 559 3150 3607 2934 3564 4894 2650 1571 655 3880 3157 4651
4046 10 20422 655 3880 3157 4651 3564 4894 1498 2037 3115 1929 3839 667 3607 2934 559 3150 2884 4458 2650 1571
5046 10 20422 655 3880 2884 4458 3157 4651 3839 667 1498 2037 2650 1571 3607 2934 3564 4894 3115 1929 559 3150
1047 10 18414 608 2474 2466 673 2028 2972 648 4071 1628 3855 4878 2684 2341 4372 183 495 3704 667 4534 2622
2047 10 18414 183 495 4534 2622 608 2474 2466 673 1628 3855 2341 4372 3704 667 2028 2972 648 4071 4878 2684
3047 10 18414 183 495 2028 2972 608 2474 4534 2622 648 4071 1628 3855 2341 4372 2466 673 4878 2684 3704 667
4047 10 18414 648 4071 4878 2684 183 495 1628 3855 2028 2972 3704 667 608 2474 2341 4372 4534 2622 2466 673
5047 10 18414 4534 2622 3704 667 1628 3855 4878 2684 2466 673 608 2474 2341 4372 648 4071 2028 2972 183 495
1048 10 19683 2756 2126 2652 1597 1183 1952 835 4826 592 4290 1555 3961 1986 1842 4662 1481 4618 4138 3765 3408
2048 10 19683 2652 1597 1986 1842 592 4290 2756 2126 4618 4138 835 4826 4662 1481 1555 3961 1183 1952 3765 3408
3048 10 19683 4618 4138 4662 1481 1555 3961 1183 1952 3765 3408 1986 1842 592 4290 2652 1597 835 4826 2756 2126
4048 10 19683 3765 3408 592 4290 4662 1481 4618 4138 1183 1952 2756 2126 1986 1842 1555 3961 835 4826 2652 1597
5048 10 19683 835 4826 3765 3408 1986 1842 592 4290 1183 1952 1555 3961 2652 1597 4618 4138 2756 2126 4662 1481
1049 10 19211 2699 2756 4334 3958 2247 1641 1438 700 2398 2803 100 2698 4981 67 1902 4194 1205 4959 2710 4841
2049 10 19211 100 2698 2247 1641 4981 67 2710 4841 1438 700 1902 4194 2398 2803 4334 3958 2699 2756 1205 4959
3049 10 19211 2699 2756 2247 1641 2710 4841 4981 67 4334 3958 2398 2803 1205 4959 100 2698 1438 700 1902 4194
4049 10 19211 4981 67 4334 3958 2398 2803 1438 700 2247 1641 1902 4194 2699 2756 2710 4841 1205 4959 100 2698
5049 10 19211 2398 2803 2699 2756 1438 700 2710 4841 1902 4194 1205 4959 100 2698 4334 3958 2247 1641 4981 67
1050 10 15888 1944 4666 1518 2237 4327 4857 2560 4541 3206 1679 574 4181 418 4099 4138 3917 771 4993 404 2325
2050 10 15888 4327 4857 4138 3917 574 4181 1518 2237 771 4993 1944 4666 418 4099 404 2325 2560 4541 3206 1679
3050 10 15888 1944 4666 404 2325 4327 4857 3206 1679 418 4099 771 4993 574 4181 4138 3917 1518 2237 2560 4541
4050 10 15888 4138 3917 1944 4666 418 4099 3206 1679 2560 4541 771 4993 574 4181 4327 4857 1518 2237 404 2325
5050 10 15888 4138 3917 4327 4857 574 4181 404 2325 1944 4666 771 4993 418 4099 1518 2237 3206 1679 2560 4541
1051 10 19380 3989 1089 614 2232 4416 4889 825 1278 184 4708 4320 3809 1848 442 3830 4351 2251 1819 1948 75
2051 10 19380 825 1278 184 4708 614 2232 4320 3809 3989 1089 2251 1819 1948 75 4416 4889 1848 442 3830 4351
3051 10 19380 1948 75 614 2232 184 4708 1848 442 2251 1819 3989 1089 4320 3809 4416 4889 825 1278 3830 4351
4051 10 19380 825 1278 614 2232 3830 4351 2251 1819 184 4708 3989 1089 4320 3809 1948 75 4416 4889 1848 442
5051 10 19380 614 2232 2251 1819 825 1278 4320 3809 1848 442 184 4708 1948 75 3830 4351 4416 4889 3989 1089
1052 10 18122 63 3826 116 2671 2499 3363 3778 86 3173 1931 1965 1442 1065 4284 3598 2295 4658 2282 1738 1989
2052 10 18122 3778 86 63 3826 1065 4284 1965 1442 4658 2282 116 2671 2499 3363 3173 1931 1738 1989 3598 2295
3052 10 18122 63 3826 116 2671 4658 2282 3778 86 1065 4284 1738 1989 1965 1442 2499 3363 3598 2295 3173 1931
4052 10 18122 1065 4284 3173 1931 3778 86 1738 1989 2499 3363 1965 1442 63 3826 3598 2295 4658 2282 116 2671
5052 10 18122 1738 1989 3778 86 2499 3363 63 3826 116 2671 1065 4284 1965 1442 3173 1931 4658 2282 3598 2295
1053 10 22633 4239 1686 703 4545 4168 314 818 3283 893 3919 4442 3370 3579 4619 2052 2281 4498 4954 2900 2366
2053 10 22633 4239 1686 4498 4954 703 4545 2052 2281 3579 4619 4168 314 4442 3370 893 3919 2900 2366 818 3283
3053 10 22633 4168 314 703 4545 3579 4619 4239 1686 4498 4954 2052 2281 818 3283 2900 2366 4442 3370 893 3919
4053 10 22633 4442 3370 2900 2366 4168 314 2052 2281 4239 1686 893 3919 703 4545 818 3283 4498 4954 3579 4619
5053 10 22633 3579 4619 818 3283 2052 2281 2900 2366 703 4545 4442 3370 893 3919 4239 1686 4498 4954 4168 314
1054 10 13985 780 2477 2097 1461 3950 3599 448 4496 984 2518 1621 1494 3288 3186 418 1745 1702 2028 2194 2150
2054 10 13985 2194 2150 3288 3186 418 1745 1621 1494 3950 3599 2097 1461 1702 2028 780 2477 448 4496 984 2518
3054 10 13985 448 4496 1621 1494 2194 2150 780 2477 984 2518 2097 1461 3288 3186 418 1745 3950 3599 1702 2028
4054 10 13985 3950 3599 2097 1461 2194 2150 780 2477 3288 3186 1702 2028 1621 1494 984 2518 418 1745 448 4496
5054 10 13985 2194 2150 1702 2028 3950 3599 3288 3186 1621 1494 780 2477 984 2518 2097 1461 418 1745 448 4496
1055 10 22913 4752 279 991 4542 4352 390 3523 4255 649 3390 261 4569 4728 2649 2332 3686 4638 3269 2416 585
2055 10 22913 4638 3269 4728 2649 3523 4255 4752 279 4352 390 2332 3686 991 4542 2416 585 649 3390 261 4569
3055 10 22913 649 3390 3523 4255 4752 279 991 4542 4352 390 2416 585 261 4569 4638 3269 2332 3686 4728 2649
4055 10 22913 4638 3269 649 3390 2332 3686 261 4569 991 4542 4352 390 2416 585 3523 4255 4728 2649 4752 279
5055 10 22913 4728 2649 649 3390 2416 585 261 4569 2332 3686 4638 3269 3523 4255 4352 390 4752 279 991 4542
1056 10 22907 1772 866 3323 2269 554 4196 4579 4473 699 2535 2597 31 4191 4248 4825 623 4178 4598 1916 2009
2056 10 22907 1916 2009 1772 866 2597 31 554 4196 4825 623 4579 4473 699 2535 4178 4598 3323 2269 4191 4248
3056 10 22907 2597 31 1772 866 1916 2009 4825 623 3323 2269 4191 4248 554 4196 4579 4473 699 2535 4178 4598
4056 10 22907 3323 2269 1772 866 4825 623 4178 4598 699 2535 2597 31 1916 2009 4191 4248 554 4196 4579 4473
5056 10 22907 699 2535 3323 2269 554 4196 4579 4473 2597 31 1916 2009 4825 623 1772 866 4178 4598 4191 4248
1057 10 15171 416 4781 2886 505 2260 1722 374 743 2663 689 1507 4316 1106 3679 2405 2125 782 1108 4565 3515
2057 10 15171 416 4781 782 1108 2260 1722 4565 3515 1106 3679 374 743 2663 689 2405 2125 2886 505 1507 4316
3057 10 15171 782 1108 1106 3679 416 4781 1507 4316 374 743 4565 3515 2260 1722 2405 2125 2886 505 2663 689
4057 10 15171 2663 689 782 1108 1507 4316 2260 1722 2886 505 374 743 4565 3515 2405 2125 416 4781 1106 3679
5057 10 15171 4565 3515 782 1108 1507 4316 1106 3679 2886 505 374 743 416 4781 2405 2125 2260 1722 2663 689
1058 10 20096 2870 1490 2695 3473 3125 4740 2607 3018 4941 1947 2737 1785 638 2511 2261 4601 1577 3527 1670 3855
2058 10 20096 638 2511 2607 3018 1577 3527 2737 1785 2695 3473 2870 1490 2261 4601 4941 1947 3125 4740 1670 3855
3058 10 20096 2607 3018 2695 3473 1577 3527 2261 4601 4941 1947 638 2511 2870 1490 3125 4740 2737 1785 1670 3855
4058 10 20096 2870 1490 2607 3018 1577 3527 2695 3473 3125 4740 1670 3855 4941 1947 2261 4601 638 2511 2737 1785
5058 10 20096 4941 1947 2870 1490 638 2511 2695 3473 1670 3855 2261 4601 1577 3527 2607 3018 3125 4740 2737 1785
1059 10 21011 4879 582 2431 2408 4011 2497 3385 3212 904 3676 2540 1825 2288 3638 3935 369 536 4278 1355 2509
2059 10 21011 2288 3638 3935 369 3385 3212 904 3676 4879 582 536 4278 2540 1825 1355 2509 2431 2408 4011 2497
3059 10 21011 904 3676 1355 2509 4879 582 2540 1825 2288 3638 4011 2497 3385 3212 2431 2408 536 4278 3935 369
4059 10 21011 1355 2509 4011 2497 2288 3638 3935 369 536 4278 3385 3212 2431 2408 4879 582 2540 1825 904 3676
5059 10 21011 3385 3212 904 3676 2431 2408 4879 582 536 4278 3935 369 2288 3638 1355 2509 2540 1825 4011 2497
1060 10 22721 3751 937 2917 1905 2109 2984 3193 2380 1794 2345 4839 1500 101 3498 1668 4730 4958 1944 3072 570
2060 10 22721 3193 2380 2917 1905 1794 2345 4958 1944 2109 2984 3072 570 1668 4730 101 3498 4839 1500 3751 937
3060 10 22721 3193 2380 4958 1944 3072 570 2109 2984 2917 1905 1668 4730 101 3498 3751 937 1794 2345 4839 1500
4060 10 22721 101 3498 1794 2345 2109 2984 4958 1944 3193 2380 4839 1500 2917 1905 3751 937 3072 570 1668 4730
5060 10 22721 3193 2380 1794 2345 3072 570 3751 937 4958 1944 2917 1905 101 3498 2109 2984 4839 1500 1668 4730
1061 10 25194 4967 2193 561 578 3028 154 4278 1126 4026 3228 709 1366 2806 3770 3378 2578 3619 550 4121 1855
2061 10 25194 4121 1855 3619 550 3378 2578 561 578 4967 2193 709 1366 3028 154 2806 3770 4278 1126 4026 3228
3061 10 25194 4278 1126 3619 550 709 1366 561 578 4967 2193 2806 3770 3028 154 4026 3228 4121 1855 3378 2578
4061 10 25194 3378 2578 4121 1855 2806 3770 4278 1126 561 578 3619 550 3028 154 709 1366 4967 2193 4026 3228
5061 10 25194 709 1366 3028 154 3619 550 4026 3228 3378 2578 2806 3770 4967 2193 4278 1126 561 578 4121 1855
1062 10 20304 781 2961 2913 3899 21 1908 4632 3756 4996 3831 179 2773 3288 3471 1726 1608 3947 4130 2898 2982
2062 10 20304 21 1908 3947 4130 781 2961 4632 3756 2913 3899 1726 1608 2898 2982 3288 3471 4996 3831 179 2773
3062 10 20304 3947 4130 2913 3899 1726 1608 781 2961 21 1908 179 2773 4996 3831 3288 3471 2898 2982 4632 3756
4062 10 20304 4632 3756 2898 2982 3947 4130 4996 3831 781 2961 21 1908 3288 3471 1726 1608 179 2773 2913 3899
5062 10 20304 2898 2982 1726 1608 3947 4130 2913 3899 179 2773 4996 3831 21 1908 781 2961 4632 3756 3288 3471
1063 10 17092 55 3178 2928 2447 771 3524 4595 1257 121 3221 3165 4595 4475 2689 260 2003 3914 3108 1082 1218
2063 10 17092 4595 1257 3914 3108 121 3221 771 3524 1082 1218 260 2003 4475 2689 3165 4595 2928 2447 55 3178
3063 10 17092 771 3524 55 3178 260 2003 4595 1257 3165 4595 1082 1218 3914 3108 121 3221 2928 2447 4475 2689
4063 10 17092 771 3524 2928 2447 55 3178 3165 4595 121 3221 1082 1218 4475 2689 4595 1257 3914 3108 260 2003
5063 10 17092 771 3524 4595 1257 4475 2689 260 2003 121 3221 3165 4595 55 3178 2928 2447 1082 1218 3914 3108
1064 10 19291 933 4556 2739 4878 614 896 3771 2159 4892 1983 4189 1359 3348 477 2561 496 838 449 229 1511
2064 10 19291 933 4556 2739 4878 838 449 229 1511 4892 1983 3771 2159 614 896 4189 1359 2561 496 3348 477
3064 10 19291 3348 477 2739 4878 838 449 933 4556 3771 2159 2561 496 4189 1359 229 1511 4892 1983 614 896
4064 10 19291 3348 477 4189 1359 2739 4878 614 896 4892 1983 2561 496 229 1511 838 449 3771 2159 933 4556
5064 10 19291 3771 2159 229 1511 838 449 4892 1983 2739 4878 4189 1359 3348 477 2561 496 933 4556 614 896
1065 10 22317 1236 1311 4837 1957 4036 3742 1854 2415 3646 3523 2323 1572 3114 905 893 1270 4965 4988 993 3795
2065 10 22317 1854 2415 3646 3523 2323 1572 4965 4988 4036 3742 1236 1311 3114 905 4837 1957 893 1270 993 3795
3065 10 22317 4965 4988 993 3795 4036 3742 1854 2415 1236 1311 3114 905 893 1270 3646 3523 4837 1957 2323 1572
4065 10 22317 1854 2415 893 1270 1236 1311 2323 1572 993 3795 3646 3523 3114 905 4965 4988 4036 3742 4837 1957
5065 10 22317 1854 2415 4965 4988 3114 905 4837 1957 2323 1572 993 3795 4036 3742 1236 1311 3646 3523 893 1270
1066 10 17689 1103 547 254 1758 4472 2580 187 3403 761 939 3631 4530 2951 2787 1726 2711 3600 4250 3427 2359
2066 10 17689 1103 547 3427 2359 2951 2787 3600 4250 254 1758 187 3403 1726 2711 4472 2580 3631 4530 761 939
3066 10 17689 4472 2580 1103 547 3631 4530 2951 2787 3427 2359 761 939 1726 2711 3600 4250 187 3403 254 1758
4066 10 17689 254 1758 3600 4250 1726 2711 3427 2359 761 939 2951 2787 187 3403 4472 2580 3631 4530 1103 547
5066 10 17689 187 3403 3600 4250 3427 2359 254 1758 761 939 3631 4530 1103 547 1726 2711 4472 2580 2951 2787
1067 10 17147 397 2550 40 2295 2687 3967 1574 1971 4743 3646 2368 2573 3786 3016 1575 263 3856 4400 408 980
2067 10 17147 397 2550 2368 2573 3856 4400 408 980 4743 3646 1574 1971 40 2295 2687 3967 3786 3016 1575 263
3067 10 17147 397 2550 40 2295 1574 1971 4743 3646 3786 3016 2368 2573 1575 263 3856 4400 408 980 2687 3967
4067 10 17147 40 2295 4743 3646 2368 2573 397 2550 1574 1971 3786 3016 1575 263 3856 4400 408 980 2687 3967
5067 10 17147 2368 2573 40 2295 1575 263 3856 4400 1574 1971 397 2550 2687 3967 4743 3646 3786 3016 408 980
1068 10 24038 3620 2311 625 1282 4167 2130 2990 1828 898 3977 3332 1726 4887 3375 4943 2833 3545 419 1041 1227
2068 10 24038 3545 419 2990 1828 625 1282 3620 2311 4167 2130 898 3977 4887 3375 4943 2833 3332 1726 1041 1227
3068 10 24038 3332 1726 2990 1828 4887 3375 4167 2130 898 3977 4943 2833 1041 1227 3545 419 625 1282 3620 2311
4068 10 24038 3332 1726 3620 2311 898 3977 3545 419 2990 1828 4167 2130 1041 1227 4887 3375 4943 2833 625 1282
5068 10 24038 625 1282 3620 2311 1041 1227 2990 1828 4943 2833 3545 419 3332 1726 4887 3375 4167 2130 898 3977
1069 10 11808 1818 2867 624 1965 2922 1526 1220 3187 931 2660 200 2734 1231 3998 3215 1296 17 2236 2583 4116
2069 10 11808 3215 1296 200 2734 1231 3998 2922 1526 931 2660 624 1965 1220 3187 17 2236 1818 2867 2583 4116
3069 10 11808 2583 4116 2922 1526 17 2236 624 1965 200 2734 931 2660 1231 3998 1818 2867 3215 1296 1220 3187
4069 10 11808 1231 3998 17 2236 1818 2867 200 2734 2922 1526 2583 4116 931 2660 1220 3187 624 1965 3215 1296
5069 10 11808 931 2660 3215 1296 1220 3187 1818 2867 624 1965 2922 1526 2583 4116 17 2236 1231 3998 200 2734
1070 10 23453 1390 3681 2773 1626 818 4588 1041 1036 3780 3563 4868 106 4890 4843 4576 727 1799 2333 3382 3956
2070 10 23453 4868 106 1799 2333 1390 3681 1041 1036 4576 727 3780 3563 818 4588 2773 1626 3382 3956 4890 4843
3070 10 23453 818 4588 3382 3956 3780 3563 1799 2333 2773 1626 4890 4843 1041 1036 1390 3681 4868 106 4576 727
4070 10 23453 4576 727 3780 3563 1041 1036 4868 106 818 4588 1390 3681 2773 1626 4890 4843 3382 3956 1799 2333
5070 10 23453 1390 3681 4890 4843 4868 106 2773 1626 3780 3563 818 4588 1041 1036 3382 3956 4576 727 1799 2333
1071 10 18784 1093 3519 2628 3139 4713 4112 931 2233 1842 2275 4735 1888 2304 3177 3348 2891 392 984 1495 662
2071 10 18784 931 2233 392 984 1495 662 2304 3177 4735 1888 3348 2891 1842 2275 4713 4112 1093 3519 2628 3139
3071 10 18784 1495 662 2304 3177 392 984 931 2233 2628 3139 1842 2275 4735 1888 1093 3519 3348 2891 4713 4112
4071 10 18784 1093 3519 4713 4112 392 984 4735 1888 1495 662 1842 2275 931 2233 2304 3177 3348 2891 2628 3139
5071 10 18784 2304 3177 1495 662 3348 2891 4713 4112 4735 1888 1842 2275 1093 3519 931 2233 392 984 2628 3139
1072 10 17019 3702 1842 1222 1919 1277 2737 2466 846 3290 3511 271 2449 1147 4368 3017 3267 3685 79 1197 532
2072 10 17019 271 2449 3702 1842 3290 3511 1197 532 1147 4368 1222 1919 3017 3267 3685 79 2466 846 1277 2737
3072 10 17019 1147 4368 3017 3267 2466 846 1197 532 3702 1842 271 2449 1222 1919 3685 79 3290 3511 1277 2737
4072 10 17019 1222 1919 1147 4368 271 2449 3702 1842 3290 3511 3685 79 3017 3267 2466 846 1277 2737 1197 532
5072 10 17019 3290 3511 3017 3267 1222 1919 1147 4368 2466 846 1197 532 3702 1842 3685 79 1277 2737 271 2449
1073 10 17918 511 45 2340 4725 847 4503 934 4528 4655 4208 90 1514 4395 3028 2833 2659 815 2079 4978 3995
2073 10 17918 90 1514 2340 4725 4978 3995 511 45 815 2079 2833 2659 847 4503 4655 4208 934 4528 4395 3028
3073 10 17918 4655 4208 511 45 815 2079 2833 2659 4978 3995 2340 4725 4395 3028 90 1514 934 4528 847 4503
4073 10 17918 4395 3028 815 2079 4655 4208 90 1514 847 4503 4978 3995 2340 4725 511 45 934 4528 2833 2659
5073 10 17918 90 1514 4655 4208 815 2079 2833 2659 847 4503 511 45 934 4528 4395 3028 4978 3995 2340 4725
1074 10 28165 3068 775 2446 4058 1860 344 4861 871 3146 3741 4689 78 4878 4790 2744 1158 2698 4062 4817 3511
2074 10 28165 3146 3741 4878 4790 2744 1158 1860 344 2698 4062 4689 78 4861 871 3068 775 4817 3511 2446 4058
3074 10 28165 2744 1158 4689 78 4878 4790 3146 3741 2446 4058 4861 871 3068 775 2698 4062 4817 3511 1860 344
4074 10 28165 2446 4058 3146 3741 4817 3511 2698 4062 2744 1158 3068 775 1860 344 4878 4790 4861 871 4689 78
5074 10 28165 1860 344 2698 4062 4817 3511 4878 4790 4861 871 3068 775 4689 78 2744 1158 3146 3741 2446 4058
1075 10 18439 1376 4797 1629 3122 4561 2131 1345 3212 3604 3156 267 4227 205 735 2052 4001 4803 1747 3207 4382
2075 10 18439 1629 3122 3207 4382 1376 4797 4561 2131 3604 3156 1345 3212 4803 1747 267 4227 2052 4001 205 735
3075 10 18439 4803 1747 4561 2131 2052 4001 1376 4797 3207 4382 205 735 267 4227 1629 3122 3604 3156 1345 3212
4075 10 18439 267 4227 2052 4001 1629 3122 4561 2131 3207 4382 205 735 1345 3212 4803 1747 1376 4797 3604 3156
5075 10 18439 2052 4001 1629 3122 1376 4797 4561 2131 3604 3156 205 735 1345 3212 4803 1747 267 4227 3207 4382
1076 10 16308 2613 1997 1503 1457 165 202 186 291 4758 1827 2053 3896 1279 586 3529 899 2463 1023 1837 4340
2076 10 16308 3529 899 1503 1457 2053 3896 4758 1827 165 202 1837 4340 186 291 2463 1023 2613 1997 1279 586
3076 10 16308 165 202 3529 899 2053 3896 1503 1457 186 291 1837 4340 4758 1827 2463 1023 1279 586 2613 1997
4076 10 16308 165 202 1503 1457 2053 3896 3529 899 1279 586 186 291 2613 1997 1837 4340 2463 1023 4758 1827
5076 10 16308 4758 1827 1503 1457 186 291 165 202 2053 3896 1837 4340 1279 586 2463 1023 2613 1997 3529 899
1077 10 21247 1133 4696 4590 2551 3456 1832 3946 4197 190 911 4395 2325 2707 2497 1214 4358 1958 2095 2970 4244
2077 10 21247 3456 1832 1958 2095 4590 2551 2970 4244 1133 4696 190 911 4395 2325 3946 4197 1214 4358 2707 2497
3077 10 21247 1958 2095 1214 4358 3456 1832 190 911 2970 4244 4395 2325 4590 2551 1133 4696 3946 4197 2707 2497
4077 10 21247 3456 1832 4395 2325 1958 2095 1133 4696 3946 4197 4590 2551 2970 4244 190 911 1214 4358 2707 2497
5077 10 21247 3456 1832 2970 4244 1133 4696 3946 4197 1214 4358 4395 2325 2707 2497 1958 2095 4590 2551 190 911
1078 10 16825 3629 109 1739 1374 1984 2432 2418 1640 3682 422 981 2058 4663 4585 1681 4417 253 3193 2 2761
2078 10 16825 253 3193 2 2761 3629 109 1984 2432 981 2058 3682 422 2418 1640 1739 1374 4663 4585 1681 4417
3078 10 16825 1984 2432 4663 4585 253 3193 3629 109 2 2761 2418 1640 3682 422 1739 1374 1681 4417 981 2058
4078 10 16825 1739 1374 1681 4417 2418 1640 3682 422 253 3193 1984 2432 2 2761 981 2058 3629 109 4663 4585
5078 10 16825 1681 4417 2 2761 253 3193 981 2058 1739 1374 1984 2432 4663 4585 3629 109 2418 1640 3682 422
1079 10 18681 4429 1867 2590 3075 4043 752 1611 3375 4580 4909 246 1299 659 962 898 2844 2265 1063 2031 2762
2079 10 18681 2031 2762 2590 3075 4429 1867 4580 4909 898 2844 4043 752 2265 1063 1611 3375 246 1299 659 962
3079 10 18681 2265 1063 4580 4909 659 962 246 1299 1611 3375 4429 1867 2031 2762 898 2844 4043 752 2590 3075
4079 10 18681 4580 4909 4429 1867 4043 752 1611 3375 2590 3075 659 962 2031 2762 246 1299 898 2844 2265 1063
5079 10 18681 659 962 898 2844 2031 2762 2265 1063 1611 3375 4429 1867 2590 3075 4580 4909 246 1299 4043 752
1080 10 16156 1892 2169 1667 3118 698 3997 3153 3663 3156 3440 3189 687 697 1051 1084 4002 2175 4915 2485 3551
2080 10 16156 2485 3551 1892 2169 698 3997 1667 3118 697 1051 2175 4915 3189 687 1084 4002 3153 3663 3156 3440
3080 10 16156 3189 687 2485 3551 1892 2169 698 3997 697 1051 1084 4002 3156 3440 1667 3118 3153 3663 2175 4915
4080 10 16156 3153 3663 697 1051 1892 2169 3156 3440 2175 4915 1667 3118 2485 3551 698 3997 1084 4002 3189 687
5080 10 16156 1892 2169 2175 4915 2485 3551 1084 4002 698 3997 1667 3118 3189 687 3156 3440 3153 3663 697 1051
1081 10 16105 2784 1989 1550 73 1145 1251 2284 4030 1271 3249 282 4017 1328 3090 2072 42 3602 3306 3814 4908
2081 10 16105 282 4017 1550 73 2072 42 3602 3306 2784 1989 2284 4030 1328 3090 1145 1251 3814 4908 1271 3249
3081 10 16105 1271 3249 282 4017 2784 1989 3602 3306 2284 4030 2072 42 1550 73 1145 1251 3814 4908 1328 3090
4081 10 16105 2284 4030 1550 73 1145 1251 1271 3249 1328 3090 2072 42 3814 4908 3602 3306 2784 1989 282 4017
5081 10 16105 1550 73 1271 3249 3602 3306 1328 3090 3814 4908 1145 1251 2284 4030 2784 1989 2072 42 282 4017
1082 10 22711 1004 3180 1005 1145 2843 3021 4893 1872 1926 2800 4751 4065 501 4429 3423 1517 3413 1072 4630 2725
2082 10 22711 1926 2800 4751 4065 3423 1517 3413 1072 2843 3021 501 4429 1005 1145 1004 3180 4893 1872 4630 2725
3082 10 22711 4893 1872 1005 1145 3413 1072 4751 4065 2843 3021 1004 3180 4630 2725 501 4429 1926 2800 3423 1517
4082 10 22711 1926 2800 4751 4065 4630 2725 1005 1145 2843 3021 3423 1517 3413 1072 501 4429 4893 1872 1004 3180
5082 10 22711 3413 1072 1005 1145 1004 3180 4751 4065 1926 2800 3423 1517 4893 1872 501 4429 4630 2725 2843 3021
1083 10 22426 4988 2312 2134 768 246 2452 2918 4120 4324 2032 4703 3724 53 1908 100 1842 3763 1892 4804 3874
2083 10 22426 53 1908 2918 4120 2134 768 4804 3874 4324 2032 246 2452 100 1842 4988 2312 4703 3724 3763 1892
3083 10 22426 246 2452 100 1842 2134 768 4703 3724 4804 3874 4324 2032 3763 1892 2918 4120 53 1908 4988 2312
4083 10 22426 246 2452 4703 3724 2918 4120 4988 2312 53 1908 3763 1892 100 1842 2134 768 4324 2032 4804 3874
5083 10 22426 4324 2032 246 2452 100 1842 4988 2312 2134 768 53 1908 4804 3874 2918 4120 4703 3724 3763 1892
1084 10 13973 2243 3706 2541 4671 160 577 1057 1746 2905 4566 892 2236 3719 2387 222 2362 1710 3101 2018 2500
2084 10 13973 2541 4671 160 577 1710 3101 2018 2500 3719 2387 1057 1746 2243 3706 2905 4566 222 2362 892 2236
3084 10 13973 2243 3706 2905 4566 892 2236 2018 2500 2541 4671 160 577 3719 2387 222 2362 1057 1746 1710 3101
4084 10 13973 892 2236 1710 3101 160 577 3719 2387 2018 2500 1057 1746 2905 4566 222 2362 2541 4671 2243 3706
5084 10 13973 160 577 222 2362 2243 3706 892 2236 1057 1746 3719 2387 1710 3101 2018 2500 2905 4566 2541 4671
1085 10 17155 4064 4532 2812 4704 2446 2980 159 4489 1082 3494 411 2685 1569 4203 1970 3796 3080 4270 3851 3513
2085 10 17155 2446 2980 1569 4203 2812 4704 1082 3494 1970 3796 3080 4270 3851 3513 4064 4532 159 4489 411 2685
3085 10 17155 1569 4203 1970 3796 3080 4270 411 2685 3851 3513 159 4489 2446 2980 2812 4704 1082 3494 4064 4532
4085 10 17155 3080 4270 411 2685 159 4489 2812 4704 3851 3513 1569 4203 1082 3494 4064 4532 1970 3796 2446 2980
5085 10 17155 411 2685 2446 2980 3080 4270 4064 4532 3851 3513 1970 3796 1569 4203 2812 4704 159 4489 1082 3494
1086 10 23186 4616 2256 1923 2346 1999 897 3853 1660 651 1003 3825 753 4890 308 4196 2047 342 3583 2688 1261
2086 10 23186 4890 308 3853 1660 342 3583 4616 2256 1999 897 1923 2346 4196 2047 651 1003 3825 753 2688 1261
3086 10 23186 3825 753 4196 2047 2688 1261 4616 2256 342 3583 1999 897 4890 308 1923 2346 3853 1660 651 1003
4086 10 23186 4890 308 2688 1261 342 3583 4196 2047 4616 2256 1999 897 651 1003 3825 753 1923 2346 3853 1660
5086 10 23186 4196 2047 1999 897 3825 753 2688 1261 4616 2256 651 1003 4890 308 342 3583 3853 1660 1923 2346
1087 10 18851 4691 1067 4986 3521 1833 991 216 4311 810 2149 116 3999 1655 2322 4137 792 1279 706 3841 4373
2087 10 18851 116 3999 810 2149 4137 792 4986 3521 4691 1067 1279 706 216 4311 3841 4373 1655 2322 1833 991
3087 10 18851 4691 1067 216 4311 3841 4373 4986 3521 1655 2322 1279 706 1833 991 810 2149 4137 792 116 3999
4087 10 18851 3841 4373 4691 1067 810 2149 1279 706 4986 3521 1655 2322 116 3999 4137 792 216 4311 1833 991
5087 10 18851 1833 991 1655 2322 4691 1067 1279 706 810 2149 116 3999 4986 3521 4137 792 3841 4373 216 4311
1088 10 20876 2126 2014 4637 2997 1835 1650 949 4242 3036 23 1359 32 249 2131 4251 4013 4418 3811 3236 244
2088 10 20876 3236 244 4418 3811 3036 23 249 2131 4251 4013 949 4242 2126 2014 1835 1650 1359 32 4637 2997
3088 10 20876 1359 32 3236 244 949 4242 4637 2997 1835 1650 4418 3811 2126 2014 4251 4013 249 2131 3036 23
4088 10 20876 4637 2997 3036 23 2126 2014 4251 4013 3236 244 1359 32 4418 3811 1835 1650 249 2131 949 4242
5088 10 20876 1835 1650 4637 2997 249 2131 4251 4013 3036 23 2126 2014 4418 3811 3236 244 949 4242 1359 32
1089 10 16903 4116 3024 3253 1572 3162 4080 1979 2371 1448 1605 3983 2696 222 1704 344 2928 2576 1698 46 2235
2089 10 16903 1448 1605 344 2928 4116 3024 3253 1572 3162 4080 222 1704 3983 2696 46 2235 1979 2371 2576 1698
3089 10 16903 2576 1698 3253 1572 4116 3024 222 1704 1979 2371 3162 4080 3983 2696 1448 1605 46 2235 344 2928
4089 10 16903 2576 1698 46 2235 4116 3024 1448 1605 1979 2371 222 1704 3162 4080 3983 2696 344 2928 3253 1572
5089 10 16903 3983 2696 222 1704 46 2235 2576 1698 344 2928 1448 1605 1979 2371 4116 3024 3253 1572 3162 4080
1090 10 15648 2943 3013 2528 3044 771 1847 617 110 1882 3952 1987 4488 1867 1402 2472 4529 3200 2165 1293 1395
2090 10 15648 1293 1395 1867 1402 3200 2165 2472 4529 771 1847 2528 3044 2943 3013 1987 4488 1882 3952 617 110
3090 10 15648 1882 3952 1987 4488 1293 1395 2528 3044 617 110 2472 4529 3200 2165 771 1847 1867 1402 2943 3013
4090 10 15648 1867 1402 3200 2165 771 1847 1882 3952 617 110 1293 1395 1987 4488 2943 3013 2472 4529 2528 3044
5090 10 15648 1987 4488 1867 1402 3200 2165 1882 3952 617 110 2528 3044 771 1847 2943 3013 2472 4529 1293 1395
1091 10 23442 1847 325 4119 3313 3942 3561 1625 495 3091 1687 2766 3074 1626 2214 1310 3889 4855 2095 4122 198
2091 10 23442 1625 495 3942 3561 2766 3074 1310 3889 3091 1687 1847 325 4119 3313 4855 2095 1626 2214 4122 198
3091 10 23442 4855 2095 3091 1687 1625 495 3942 3561 2766 3074 4122 198 1847 325 1310 3889 4119 3313 1626 2214
4091 10 23442 1626 2214 1310 3889 2766 3074 4855 2095 1847 325 3091 1687 4122 198 1625 495 3942 3561 4119 3313
5091 10 23442 1310 3889 3091 1687 4855 2095 2766 3074 4122 198 1847 325 1626 2214 4119 3313 1625 495 3942 3561
1092 10 18130 2502 2553 4126 1933 3630 4518 29 1396 2301 308 605 3733 497 4634 4817 4224 1338 4321 2818 4517
2092 10 18130 29 1396 4817 4224 2301 308 497 4634 1338 4321 3630 4518 2818 4517 605 3733 2502 2553 4126 1933
3092 10 18130 2301 308 497 4634 4817 4224 3630 4518 29 1396 2818 4517 605 3733 1338 4321 4126 1933 2502 2553
4092 10 18130 2818 4517 4126 1933 29 1396 497 4634 4817 4224 2502 2553 605 3733 1338 4321 3630 4518 2301 308
5092 10 18130 3630 4518 497 4634 2818 4517 605 3733 4817 4224 2301 308 4126 1933 2502 2553 1338 4321 29 1396
1093 10 22613 466 4952 4858 970 2889 3484 4196 2786 3185 563 3073 796 2179 1042 1348 252 4473 2881 1600 225
2093 10 22613 4196 2786 4858 970 1600 225 2889 3484 3185 563 3073 796 466 4952 4473 2881 2179 1042 1348 252
3093 10 22613 466 4952 4196 2786 3185 563 4858 970 1348 252 3073 796 2889 3484 2179 1042 4473 2881 1600 225
4093 10 22613 4196 2786 4473 2881 4858 970 3073 796 3185 563 1600 225 2889 3484 2179 1042 1348 252 466 4952
5093 10 22613 4858 970 3185 563 466 4952 4473 2881 1600 225 2889 3484 2179 1042 3073 796 4196 2786 1348 252
1094 10 21939 4805 1466 3504 919 1863 641 4214 955 3638 49 3256 3800 1722 3327 3140 795 747 4941 535 1080
2094 10 21939 4214 955 535 1080 3638 49 3256 3800 3140 795 1722 3327 3504 919 1863 641 4805 1466 747 4941
3094 10 21939 1722 3327 535 1080 3504 919 3256 3800 3638 49 4805 1466 1863 641 747 4941 3140 795 4214 955
4094 10 21939 3256 3800 3638 49 1722 3327 3140 795 535 1080 4805 1466 747 4941 4214 955 1863 641 3504 919
5094 10 21939 3638 49 3504 919 1863 641 535 1080 747 4941 4805 1466 1722 3327 3140 795 4214 955 3256 3800
1095 10 17189 4341 2531 52 2366 4470 2985 1714 2701 2277 1607 2608 930 1825 3896 475 4790 419 404 3306 3826
2095 10 17189 1825 3896 475 4790 4470 2985 2608 930 419 404 4341 2531 1714 2701 52 2366 3306 3826 2277 1607
3095 10 17189 3306 3826 2277 1607 475 4790 2608 930 419 404 4341 2531 1825 3896 4470 2985 1714 2701 52 2366
4095 10 17189 4341 2531 3306 3826 419 404 4470 2985 475 4790 2608 930 52 2366 1825 3896 2277 1607 1714 2701
5095 10 17189 4470 2985 1825 3896 2277 1607 52 2366 4341 2531 1714 2701 475 4790 2608 930 3306 3826 419 404
1096 10 19502 2578 867 891 32 910 2370 3573 4574 3160 1508 2785 4555 3565 358 3581 2315 2642 2138 693 2241
2096 10 19502 910 2370 3160 1508 2785 4555 693 2241 3581 2315 3565 358 3573 4574 891 32 2642 2138 2578 867
3096 10 19502 891 32 2578 867 2642 2138 910 2370 693 2241 2785 4555 3573 4574 3565 358 3160 1508 3581 2315
4096 10 19502 3565 358 2578 867 2785 4555 3581 2315 891 32 3573 4574 693 2241 3160 1508 2642 2138 910 2370
5096 10 19502 910 2370 693 2241 891 32 2578 867 3573 4574 3581 2315 3160 1508 2642 2138 3565 358 2785 4555
1097 10 18192 2523 2035 3552 271 2750 46 2670 3255 2234 4003 3316 2033 252 3424 57 730 2720 807 2667 2165
2097 10 18192 3316 2033 2667 2165 2750 46 2670 3255 57 730 2234 4003 2720 807 2523 2035 252 3424 3552 271
3097 10 18192 2750 46 2667 2165 2670 3255 57 730 2720 807 2523 2035 3552 271 252 3424 3316 2033 2234 4003
4097 10 18192 252 3424 2523 2035 2750 46 2720 807 2234 4003 2667 2165 3552 271 2670 3255 3316 2033 57 730
5097 10 18192 2720 807 2750 46 2667 2165 57 730 2234 4003 252 3424 3552 271 2523 2035 3316 2033 2670 3255
1098 10 19865 3730 4400 4915 2686 623 4244 3991 1950 832 3482 373 1733 1236 292 368 4793 4315 2142 4449 4026
2098 10 19865 4915 2686 832 3482 3730 4400 3991 1950 4315 2142 1236 292 368 4793 373 1733 623 4244 4449 4026
3098 10 19865 3730 4400 368 4793 4449 4026 3991 1950 1236 292 623 4244 4315 2142 832 3482 4915 2686 373 1733
4098 10 19865 623 4244 3991 1950 4915 2686 368 4793 4449 4026 3730 4400 373 1733 1236 292 832 3482 4315 2142
5098 10 19865 368 4793 1236 292 832 3482 4315 2142 373 1733 3991 1950 4915 2686 3730 4400 4449 4026 623 4244
1099 10 21235 4326 4045 1468 1057 993 159 4053 1507 472 1282 1981 3678 3234 2931 4959 1086 1794 3810 3264 3370
2099 10 21235 1468 1057 4959 1086 472 1282 1794 3810 4053 1507 993 159 3234 2931 1981 3678 3264 3370 4326 4045
3099 10 21235 1468 1057 4053 1507 472 1282 1794 3810 4959 1086 1981 3678 3234 2931 993 159 4326 4045 3264 3370
4099 10 21235 3234 2931 1981 3678 3264 3370 1794 3810 472 1282 1468 1057 4053 1507 4326 4045 4959 1086 993 159
5099 10 21235 4053 1507 3264 3370 993 159 4326 4045 4959 1086 1468 1057 472 1282 3234 2931 1981 3678 1794 3810
1100 10 22134 2071 4015 3027 3128 597 1287 3033 183 3547 513 3438 3534 4197 458 3715 4809 355 3354 3688 4683
2100 10 22134 2071 4015 3547 513 3715 4809 355 3354 3438 3534 597 1287 3033 183 4197 458 3688 4683 3027 3128
3100 10 22134 3027 3128 355 3354 4197 458 3438 3534 2071 4015 3547 513 3688 4683 597 1287 3033 183 3715 4809
4100 10 22134 3547 513 3438 3534 4197 458 3033 183 3715 4809 355 3354 3027 3128 2071 4015 3688 4683 597 1287
5100 10 22134 3547 513 3715 4809 3027 3128 4197 458 3033 183 2071 4015 3438 3534 355 3354 597 1287 3688 4683
