1001 10 3504 167 259 857 172 759 568 454 660 458 800 435 89 145 269 299 297 415 602 391 401
2001 10 3504 759 568 167 259 458 800 299 297 857 172 415 602 145 269 454 660 391 401 435 89
3001 10 3504 391 401 415 602 857 172 435 89 299 297 759 568 458 800 167 259 454 660 145 269
4001 10 3504 391 401 415 602 454 660 458 800 167 259 857 172 299 297 145 269 759 568 435 89
5001 10 3504 167 259 299 297 454 660 857 172 145 269 458 800 435 89 415 602 391 401 759 568
6001 10 3504 454 660 415 602 167 259 299 297 759 568 857 172 458 800 435 89 391 401 145 269
7001 10 3504 391 401 435 89 299 297 458 800 415 602 167 259 857 172 454 660 145 269 759 568
8001 10 3504 857 172 145 269 458 800 759 568 415 602 299 297 167 259 454 660 435 89 391 401
9001 10 3504 458 800 167 259 454 660 415 602 391 401 857 172 145 269 299 297 759 568 435 89
10001 10 3504 415 602 458 800 759 568 145 269 435 89 454 660 391 401 167 259 857 172 299 297
1002 10 2512 260 877 147 943 471 197 871 852 65 334 330 572 45 588 453 189 172 354 326 298
2002 10 2512 260 877 65 334 471 197 147 943 453 189 172 354 330 572 326 298 45 588 871 852
3002 10 2512 260 877 871 852 172 354 326 298 45 588 147 943 65 334 330 572 471 197 453 189
4002 10 2512 326 298 330 572 471 197 260 877 65 334 172 354 45 588 871 852 453 189 147 943
5002 10 2512 45 588 453 189 172 354 147 943 330 572 871 852 471 197 326 298 260 877 65 334
6002 10 2512 147 943 65 334 330 572 172 354 260 877 871 852 326 298 471 197 45 588 453 189
7002 10 2512 871 852 172 354 471 197 45 588 65 334 147 943 453 189 260 877 330 572 326 298
8002 10 2512 45 588 326 298 147 943 330 572 471 197 65 334 871 852 453 189 260 877 172 354
9002 10 2512 172 354 65 334 471 197 45 588 330 572 453 189 326 298 147 943 871 852 260 877
10002 10 2512 260 877 172 354 45 588 330 572 147 943 65 334 453 189 326 298 471 197 871 852
1003 10 2152 50 592 279 332 39 607 221 867 257 138 250 307 685 768 258 782 351 708 300 86
2003 10 2152 351 708 258 782 300 86 221 867 39 607 50 592 279 332 250 307 685 768 257 138
3003 10 2152 300 86 39 607 221 867 250 307 258 782 685 768 351 708 50 592 257 138 279 332
4003 10 2152 50 592 257 138 351 708 250 307 258 782 300 86 221 867 279 332 685 768 39 607
5003 10 2152 279 332 221 867 50 592 257 138 39 607 250 307 258 782 351 708 300 86 685 768
6003 10 2152 351 708 258 782 50 592 250 307 685 768 221 867 257 138 300 86 279 332 39 607
7003 10 2152 50 592 279 332 685 768 257 138 258 782 221 867 39 607 351 708 250 307 300 86
8003 10 2152 300 86 257 138 351 708 685 768 50 592 39 607 221 867 250 307 279 332 258 782
9003 10 2152 39 607 221 867 279 332 250 307 300 86 257 138 50 592 351 708 258 782 685 768
10003 10 2152 258 782 685 768 39 607 351 708 221 867 250 307 257 138 300 86 50 592 279 332
1004 10 2929 782 643 671 471 609 933 183 102 51 48 35 202 498 928 329 944 430 682 74 437
2004 10 2929 671 471 74 437 329 944 51 48 609 933 498 928 430 682 782 643 183 102 35 202
3004 10 2929 609 933 35 202 51 48 74 437 329 944 782 643 498 928 430 682 183 102 671 471
4004 10 2929 51 48 74 437 782 643 329 944 498 928 671 471 35 202 609 933 183 102 430 682
5004 10 2929 782 643 430 682 51 48 74 437 671 471 183 102 329 944 35 202 498 928 609 933
6004 10 2929 782 643 74 437 183 102 35 202 671 471 51 48 498 928 329 944 430 682 609 933
7004 10 2929 430 682 671 471 329 944 498 928 609 933 183 102 74 437 782 643 51 48 35 202
8004 10 2929 430 682 51 48 329 944 74 437 183 102 498 928 671 471 782 643 609 933 35 202
9004 10 2929 671 471 329 944 183 102 430 682 498 928 35 202 782 643 609 933 51 48 74 437
10004 10 2929 671 471 183 102 51 48 498 928 782 643 74 437 35 202 609 933 329 944 430 682
1005 10 2745 200 774 525 904 270 839 589 628 114 796 396 99 231 63 362 553 517 776 228 886
2005 10 2745 228 886 362 553 396 99 517 776 525 904 114 796 270 839 231 63 589 628 200 774
3005 10 2745 396 99 525 904 517 776 200 774 228 886 362 553 589 628 270 839 231 63 114 796
4005 10 2745 525 904 396 99 200 774 362 553 228 886 517 776 231 63 114 796 270 839 589 628
5005 10 2745 362 553 517 776 396 99 270 839 231 63 525 904 589 628 200 774 228 886 114 796
6005 10 2745 362 553 270 839 396 99 589 628 114 796 517 776 228 886 200 774 525 904 231 63
7005 10 2745 228 886 114 796 589 628 231 63 362 553 396 99 200 774 517 776 270 839 525 904
8005 10 2745 362 553 396 99 589 628 517 776 228 886 525 904 200 774 231 63 270 839 114 796
9005 10 2745 517 776 231 63 114 796 525 904 362 553 589 628 396 99 200 774 270 839 228 886
10005 10 2745 517 776 228 886 396 99 200 774 589 628 231 63 114 796 525 904 270 839 362 553
1006 10 2418 677 660 530 430 148 309 325 890 53 125 364 264 344 343 21 642 205 435 356 919
2006 10 2418 148 309 356 919 53 125 364 264 21 642 325 890 677 660 344 343 530 430 205 435
3006 10 2418 530 430 205 435 356 919 325 890 21 642 148 309 344 343 53 125 364 264 677 660
4006 10 2418 356 919 530 430 53 125 325 890 677 660 344 343 364 264 205 435 148 309 21 642
5006 10 2418 677 660 205 435 356 919 344 343 21 642 53 125 364 264 530 430 325 890 148 309
6006 10 2418 53 125 677 660 356 919 21 642 530 430 325 890 148 309 364 264 344 343 205 435
7006 10 2418 21 642 677 660 205 435 364 264 530 430 344 343 325 890 53 125 356 919 148 309
8006 10 2418 356 919 21 642 344 343 205 435 364 264 148 309 53 125 677 660 325 890 530 430
9006 10 2418 205 435 677 660 21 642 364 264 356 919 325 890 530 430 53 125 344 343 148 309
10006 10 2418 344 343 21 642 530 430 677 660 356 919 148 309 205 435 325 890 364 264 53 125
1007 10 2300 538 434 647 67 593 943 296 518 291 281 176 631 57 777 126 423 84 166 68 990
2007 10 2300 57 777 126 423 538 434 291 281 68 990 176 631 593 943 647 67 296 518 84 166
3007 10 2300 126 423 176 631 84 166 593 943 68 990 647 67 291 281 296 518 57 777 538 434
4007 10 2300 647 67 291 281 68 990 84 166 176 631 538 434 296 518 57 777 126 423 593 943
5007 10 2300 291 281 126 423 176 631 647 67 593 943 84 166 538 434 68 990 57 777 296 518
6007 10 2300 126 423 296 518 176 631 57 777 647 67 68 990 84 166 538 434 593 943 291 281
7007 10 2300 84 166 647 67 291 281 593 943 126 423 68 990 57 777 176 631 538 434 296 518
8007 10 2300 538 434 291 281 296 518 593 943 647 67 84 166 57 777 126 423 176 631 68 990
9007 10 2300 647 67 176 631 68 990 593 943 296 518 57 777 84 166 538 434 291 281 126 423
10007 10 2300 296 518 126 423 176 631 291 281 538 434 57 777 84 166 593 943 68 990 647 67
1008 10 2463 212 124 290 813 386 256 467 448 331 312 179 468 370 295 156 990 472 981 216 490
2008 10 2463 386 256 212 124 472 981 331 312 216 490 290 813 370 295 156 990 467 448 179 468
3008 10 2463 216 490 467 448 179 468 386 256 370 295 331 312 156 990 290 813 212 124 472 981
4008 10 2463 179 468 467 448 212 124 331 312 156 990 472 981 370 295 216 490 290 813 386 256
5008 10 2463 216 490 386 256 156 990 290 813 212 124 472 981 179 468 370 295 467 448 331 312
6008 10 2463 467 448 216 490 331 312 179 468 290 813 386 256 370 295 156 990 472 981 212 124
7008 10 2463 386 256 212 124 290 813 156 990 331 312 179 468 216 490 467 448 370 295 472 981
8008 10 2463 179 468 212 124 156 990 216 490 472 981 467 448 331 312 290 813 386 256 370 295
9008 10 2463 472 981 370 295 331 312 179 468 467 448 290 813 156 990 212 124 216 490 386 256
10008 10 2463 156 990 290 813 212 124 472 981 467 448 216 490 370 295 179 468 331 312 386 256
1009 10 3243 831 283 122 940 200 719 661 98 131 498 397 234 11 573 705 994 617 119 379 500
2009 10 3243 122 940 617 119 11 573 661 98 379 500 705 994 831 283 131 498 397 234 200 719
3009 10 3243 617 119 831 283 661 98 122 940 11 573 131 498 200 719 705 994 397 234 379 500
4009 10 3243 131 498 661 98 122 940 397 234 200 719 11 573 617 119 831 283 705 994 379 500
5009 10 3243 131 498 705 994 11 573 661 98 831 283 379 500 122 940 397 234 617 119 200 719
6009 10 3243 617 119 200 719 661 98 131 498 11 573 397 234 379 500 122 940 831 283 705 994
7009 10 3243 11 573 131 498 379 500 705 994 200 719 397 234 831 283 617 119 661 98 122 940
8009 10 3243 379 500 131 498 661 98 831 283 122 940 200 719 11 573 617 119 705 994 397 234
9009 10 3243 122 940 661 98 617 119 200 719 397 234 11 573 705 994 131 498 831 283 379 500
10009 10 3243 122 940 11 573 617 119 379 500 705 994 397 234 831 283 661 98 200 719 131 498
1010 10 2594 213 898 402 276 464 71 369 963 622 209 83 54 1 6 908 34 162 348 19 1
2010 10 2594 162 348 402 276 369 963 464 71 19 1 622 209 908 34 213 898 83 54 1 6
3010 10 2594 83 54 1 6 908 34 402 276 213 898 622 209 369 963 162 348 19 1 464 71
4010 10 2594 622 209 83 54 213 898 402 276 19 1 369 963 1 6 162 348 464 71 908 34
5010 10 2594 908 34 162 348 402 276 19 1 622 209 464 71 213 898 369 963 1 6 83 54
6010 10 2594 464 71 162 348 369 963 213 898 1 6 908 34 402 276 622 209 83 54 19 1
7010 10 2594 464 71 83 54 1 6 622 209 19 1 369 963 908 34 162 348 213 898 402 276
8010 10 2594 402 276 622 209 464 71 908 34 1 6 162 348 369 963 83 54 213 898 19 1
9010 10 2594 369 963 83 54 464 71 622 209 1 6 213 898 402 276 908 34 162 348 19 1
10010 10 2594 213 898 83 54 1 6 402 276 162 348 622 209 369 963 19 1 464 71 908 34
1011 10 2086 40 153 44 228 234 164 228 151 236 194 581 440 126 386 38 120 528 955 553 884
2011 10 2086 234 164 40 153 236 194 38 120 44 228 528 955 553 884 228 151 581 440 126 386
3011 10 2086 528 955 126 386 44 228 40 153 228 151 236 194 553 884 581 440 234 164 38 120
4011 10 2086 234 164 40 153 581 440 553 884 38 120 236 194 126 386 528 955 44 228 228 151
5011 10 2086 228 151 553 884 528 955 234 164 44 228 581 440 40 153 236 194 38 120 126 386
6011 10 2086 236 194 40 153 44 228 581 440 228 151 126 386 234 164 528 955 553 884 38 120
7011 10 2086 581 440 528 955 38 120 236 194 553 884 126 386 228 151 234 164 40 153 44 228
8011 10 2086 228 151 44 228 234 164 40 153 553 884 38 120 528 955 581 440 126 386 236 194
9011 10 2086 44 228 38 120 553 884 126 386 234 164 236 194 228 151 40 153 581 440 528 955
10011 10 2086 38 120 234 164 228 151 126 386 44 228 581 440 40 153 528 955 236 194 553 884
1012 10 1854 277 150 80 633 103 851 212 407 233 815 203 751 105 169 89 421 306 898 710 385
2012 10 1854 203 751 233 815 710 385 277 150 212 407 103 851 89 421 306 898 105 169 80 633
3012 10 1854 80 633 233 815 103 851 105 169 89 421 212 407 306 898 277 150 203 751 710 385
4012 10 1854 710 385 212 407 306 898 233 815 89 421 105 169 203 751 80 633 277 150 103 851
5012 10 1854 306 898 103 851 233 815 105 169 203 751 212 407 710 385 80 633 89 421 277 150
6012 10 1854 306 898 212 407 80 633 103 851 203 751 277 150 89 421 105 169 710 385 233 815
7012 10 1854 233 815 80 633 306 898 710 385 103 851 203 751 212 407 89 421 277 150 105 169
8012 10 1854 710 385 103 851 306 898 105 169 277 150 203 751 89 421 80 633 212 407 233 815
9012 10 1854 80 633 306 898 103 851 233 815 212 407 105 169 89 421 710 385 277 150 203 751
10012 10 1854 203 751 105 169 103 851 89 421 233 815 277 150 80 633 710 385 306 898 212 407
1013 10 2715 61 840 214 198 704 779 75 394 683 711 134 860 344 782 69 915 704 790 406 200
2013 10 2715 61 840 69 915 406 200 134 860 344 782 704 779 75 394 704 790 214 198 683 711
3013 10 2715 69 915 214 198 704 790 683 711 344 782 134 860 75 394 61 840 704 779 406 200
4013 10 2715 69 915 704 779 344 782 406 200 214 198 75 394 61 840 134 860 704 790 683 711
5013 10 2715 214 198 344 782 61 840 704 790 406 200 704 779 134 860 69 915 683 711 75 394
6013 10 2715 214 198 75 394 61 840 704 779 134 860 69 915 704 790 683 711 406 200 344 782
7013 10 2715 683 711 406 200 704 779 214 198 344 782 69 915 704 790 134 860 75 394 61 840
8013 10 2715 134 860 704 779 61 840 704 790 344 782 406 200 75 394 69 915 214 198 683 711
9013 10 2715 683 711 75 394 344 782 134 860 704 790 406 200 61 840 214 198 69 915 704 779
10013 10 2715 69 915 683 711 214 198 61 840 704 790 344 782 704 779 134 860 406 200 75 394
1014 10 2308 860 430 34 613 487 751 425 133 22 754 107 202 138 861 130 462 132 909 550 619
2014 10 2308 130 462 425 133 132 909 34 613 550 619 860 430 138 861 22 754 107 202 487 751
3014 10 2308 550 619 130 462 34 613 425 133 138 861 22 754 132 909 860 430 107 202 487 751
4014 10 2308 138 861 487 751 425 133 132 909 34 613 107 202 22 754 550 619 130 462 860 430
5014 10 2308 22 754 138 861 34 613 487 751 130 462 132 909 425 133 107 202 860 430 550 619
6014 10 2308 550 619 130 462 22 754 487 751 34 613 107 202 860 430 132 909 138 861 425 133
7014 10 2308 34 613 107 202 860 430 130 462 138 861 487 751 425 133 132 909 22 754 550 619
8014 10 2308 425 133 860 430 132 909 22 754 34 613 107 202 130 462 138 861 487 751 550 619
9014 10 2308 34 613 130 462 107 202 550 619 132 909 138 861 487 751 22 754 860 430 425 133
10014 10 2308 34 613 22 754 132 909 425 133 130 462 138 861 550 619 860 430 487 751 107 202
1015 10 3464 471 768 433 977 252 284 434 908 590 925 46 621 760 724 408 129 867 869 70 75
2015 10 3464 760 724 867 869 590 925 70 75 471 768 433 977 46 621 252 284 434 908 408 129
3015 10 3464 46 621 867 869 590 925 471 768 252 284 433 977 434 908 408 129 70 75 760 724
4015 10 3464 434 908 408 129 252 284 433 977 867 869 590 925 760 724 46 621 70 75 471 768
5015 10 3464 433 977 471 768 70 75 46 621 252 284 760 724 590 925 867 869 434 908 408 129
6015 10 3464 590 925 70 75 867 869 408 129 760 724 434 908 252 284 46 621 471 768 433 977
7015 10 3464 867 869 408 129 46 621 433 977 590 925 760 724 252 284 471 768 70 75 434 908
8015 10 3464 408 129 434 908 46 621 590 925 70 75 471 768 252 284 760 724 867 869 433 977
9015 10 3464 433 977 760 724 46 621 252 284 70 75 408 129 434 908 590 925 867 869 471 768
10015 10 3464 867 869 252 284 433 977 70 75 408 129 760 724 471 768 434 908 590 925 46 621
1016 10 2622 499 19 572 771 625 506 88 230 189 236 307 261 181 737 152 925 122 67 543 515
2016 10 2622 88 230 543 515 572 771 181 737 307 261 625 506 122 67 499 19 152 925 189 236
3016 10 2622 543 515 572 771 181 737 88 230 152 925 189 236 307 261 499 19 122 67 625 506
4016 10 2622 499 19 625 506 152 925 307 261 122 67 543 515 181 737 572 771 88 230 189 236
5016 10 2622 122 67 543 515 152 925 499 19 88 230 307 261 189 236 181 737 625 506 572 771
6016 10 2622 122 67 181 737 572 771 307 261 189 236 499 19 625 506 88 230 152 925 543 515
7016 10 2622 122 67 499 19 189 236 88 230 625 506 152 925 307 261 543 515 181 737 572 771
8016 10 2622 499 19 88 230 572 771 307 261 181 737 543 515 122 67 189 236 152 925 625 506
9016 10 2622 499 19 572 771 307 261 625 506 152 925 543 515 122 67 181 737 189 236 88 230
10016 10 2622 122 67 307 261 543 515 499 19 189 236 625 506 152 925 181 737 88 230 572 771
1017 10 2440 28 419 327 166 402 652 516 57 389 123 5 237 133 948 629 967 85 882 537 540
2017 10 2440 629 967 28 419 133 948 5 237 85 882 389 123 537 540 402 652 516 57 327 166
3017 10 2440 327 166 629 967 5 237 389 123 537 540 85 882 133 948 402 652 28 419 516 57
4017 10 2440 516 57 629 967 85 882 402 652 389 123 327 166 537 540 28 419 133 948 5 237
5017 10 2440 629 967 327 166 85 882 389 123 537 540 133 948 5 237 402 652 516 57 28 419
6017 10 2440 402 652 389 123 327 166 5 237 629 967 516 57 133 948 85 882 537 540 28 419
7017 10 2440 389 123 5 237 133 948 537 540 629 967 402 652 516 57 85 882 327 166 28 419
8017 10 2440 133 948 629 967 537 540 28 419 85 882 327 166 5 237 516 57 389 123 402 652
9017 10 2440 629 967 402 652 327 166 133 948 28 419 85 882 389 123 5 237 537 540 516 57
10017 10 2440 389 123 402 652 28 419 327 166 516 57 133 948 85 882 5 237 537 540 629 967
1018 10 2809 406 81 36 899 308 708 926 620 31 118 643 775 314 676 485 899 353 9 10 368
2018 10 2809 10 368 485 899 643 775 353 9 314 676 308 708 406 81 36 899 31 118 926 620
3018 10 2809 36 899 308 708 353 9 406 81 31 118 10 368 643 775 926 620 485 899 314 676
4018 10 2809 485 899 31 118 36 899 10 368 926 620 314 676 308 708 643 775 353 9 406 81
5018 10 2809 36 899 406 81 643 775 485 899 314 676 353 9 31 118 926 620 308 708 10 368
6018 10 2809 10 368 314 676 643 775 485 899 31 118 308 708 353 9 406 81 926 620 36 899
7018 10 2809 643 775 485 899 10 368 406 81 308 708 353 9 36 899 314 676 926 620 31 118
8018 10 2809 308 708 10 368 406 81 314 676 31 118 36 899 643 775 353 9 926 620 485 899
9018 10 2809 643 775 31 118 314 676 485 899 308 708 353 9 406 81 926 620 10 368 36 899
10018 10 2809 308 708 10 368 31 118 485 899 353 9 314 676 926 620 643 775 36 899 406 81
1019 10 1784 57 735 237 409 471 713 132 489 476 495 22 776 378 632 109 134 279 300 70 741
2019 10 1784 57 735 22 776 237 409 471 713 476 495 279 300 132 489 109 134 70 741 378 632
3019 10 1784 70 741 237 409 279 300 132 489 471 713 476 495 22 776 109 134 57 735 378 632
4019 10 1784 279 300 132 489 109 134 471 713 70 741 237 409 57 735 378 632 476 495 22 776
5019 10 1784 476 495 70 741 471 713 378 632 279 300 57 735 22 776 132 489 237 409 109 134
6019 10 1784 70 741 237 409 57 735 22 776 132 489 471 713 279 300 109 134 476 495 378 632
7019 10 1784 279 300 70 741 109 134 22 776 471 713 476 495 378 632 237 409 132 489 57 735
8019 10 1784 132 489 70 741 279 300 109 134 237 409 378 632 22 776 471 713 476 495 57 735
9019 10 1784 237 409 70 741 22 776 378 632 109 134 132 489 471 713 476 495 57 735 279 300
10019 10 1784 279 300 57 735 378 632 476 495 70 741 471 713 132 489 237 409 22 776 109 134
1020 10 2654 254 793 470 924 449 933 704 966 173 682 406 99 25 494 603 201 4 381 230 815
2020 10 2654 230 815 406 99 173 682 470 924 449 933 254 793 4 381 704 966 25 494 603 201
3020 10 2654 603 201 704 966 173 682 254 793 230 815 406 99 4 381 25 494 449 933 470 924
4020 10 2654 254 793 4 381 449 933 603 201 704 966 173 682 230 815 406 99 25 494 470 924
5020 10 2654 4 381 704 966 173 682 406 99 470 924 25 494 603 201 449 933 254 793 230 815
6020 10 2654 173 682 470 924 603 201 230 815 4 381 254 793 704 966 25 494 449 933 406 99
7020 10 2654 449 933 406 99 704 966 470 924 254 793 230 815 603 201 4 381 25 494 173 682
8020 10 2654 4 381 406 99 173 682 230 815 25 494 254 793 704 966 449 933 603 201 470 924
9020 10 2654 25 494 704 966 449 933 230 815 254 793 406 99 4 381 470 924 603 201 173 682
10020 10 2654 230 815 406 99 173 682 25 494 603 201 704 966 4 381 449 933 470 924 254 793
1021 10 2755 713 20 239 447 359 84 550 370 551 480 440 969 29 837 173 789 209 992 181 909
2021 10 2755 173 789 550 370 239 447 181 909 209 992 551 480 359 84 29 837 440 969 713 20
3021 10 2755 181 909 239 447 550 370 713 20 209 992 29 837 551 480 440 969 173 789 359 84
4021 10 2755 551 480 239 447 173 789 550 370 359 84 440 969 713 20 29 837 181 909 209 992
5021 10 2755 359 84 181 909 239 447 551 480 209 992 29 837 440 969 173 789 713 20 550 370
6021 10 2755 239 447 181 909 173 789 551 480 440 969 29 837 713 20 550 370 359 84 209 992
7021 10 2755 713 20 551 480 239 447 29 837 181 909 173 789 359 84 209 992 440 969 550 370
8021 10 2755 181 909 713 20 173 789 440 969 209 992 359 84 29 837 239 447 551 480 550 370
9021 10 2755 173 789 440 969 209 992 359 84 550 370 713 20 29 837 551 480 181 909 239 447
10021 10 2755 713 20 29 837 551 480 440 969 359 84 239 447 550 370 181 909 209 992 173 789
1022 10 3177 167 848 783 942 18 457 327 420 542 398 421 179 544 535 245 393 708 496 217 924
2022 10 3177 327 420 167 848 18 457 217 924 544 535 783 942 708 496 542 398 245 393 421 179
3022 10 3177 783 942 708 496 542 398 245 393 421 179 327 420 217 924 544 535 167 848 18 457
4022 10 3177 542 398 167 848 327 420 245 393 18 457 421 179 217 924 544 535 783 942 708 496
5022 10 3177 708 496 421 179 217 924 245 393 542 398 783 942 544 535 327 420 167 848 18 457
6022 10 3177 18 457 542 398 245 393 327 420 421 179 708 496 167 848 217 924 544 535 783 942
7022 10 3177 167 848 245 393 18 457 217 924 783 942 708 496 421 179 544 535 327 420 542 398
8022 10 3177 327 420 18 457 544 535 217 924 421 179 167 848 708 496 245 393 783 942 542 398
9022 10 3177 542 398 708 496 783 942 167 848 421 179 327 420 245 393 217 924 544 535 18 457
10022 10 3177 708 496 783 942 544 535 217 924 542 398 327 420 18 457 421 179 245 393 167 848
1023 10 2184 281 299 87 738 106 840 517 946 336 140 347 916 101 349 343 90 562 81 50 53
2023 10 2184 343 90 87 738 106 840 101 349 347 916 562 81 517 946 336 140 281 299 50 53
3023 10 2184 343 90 562 81 101 349 281 299 50 53 106 840 336 140 87 738 347 916 517 946
4023 10 2184 106 840 50 53 281 299 336 140 347 916 343 90 562 81 101 349 87 738 517 946
5023 10 2184 343 90 347 916 281 299 101 349 562 81 517 946 87 738 50 53 106 840 336 140
6023 10 2184 343 90 517 946 101 349 87 738 281 299 106 840 50 53 336 140 347 916 562 81
7023 10 2184 343 90 101 349 281 299 562 81 50 53 347 916 87 738 336 140 106 840 517 946
8023 10 2184 101 349 106 840 281 299 347 916 50 53 343 90 517 946 562 81 87 738 336 140
9023 10 2184 87 738 336 140 517 946 347 916 106 840 101 349 343 90 50 53 281 299 562 81
10023 10 2184 87 738 281 299 336 140 101 349 347 916 562 81 343 90 517 946 106 840 50 53
1024 10 2708 468 913 397 298 12 931 520 75 298 345 453 522 423 222 514 508 36 355 265 864
2024 10 2708 514 508 265 864 468 913 397 298 298 345 423 222 36 355 12 931 520 75 453 522
3024 10 2708 514 508 12 931 468 913 265 864 520 75 298 345 423 222 397 298 453 522 36 355
4024 10 2708 520 75 453 522 514 508 298 345 12 931 36 355 468 913 423 222 265 864 397 298
5024 10 2708 265 864 36 355 298 345 453 522 397 298 468 913 423 222 520 75 12 931 514 508
6024 10 2708 423 222 453 522 298 345 12 931 36 355 265 864 514 508 520 75 397 298 468 913
7024 10 2708 453 522 514 508 36 355 423 222 397 298 12 931 520 75 265 864 298 345 468 913
8024 10 2708 397 298 520 75 265 864 298 345 468 913 514 508 36 355 453 522 12 931 423 222
9024 10 2708 468 913 36 355 520 75 397 298 298 345 423 222 514 508 265 864 12 931 453 522
10024 10 2708 12 931 468 913 514 508 36 355 298 345 265 864 453 522 397 298 423 222 520 75
1025 10 3072 386 992 408 555 198 556 145 113 417 359 247 31 214 976 358 736 655 580 813 700
2025 10 3072 247 31 198 556 214 976 813 700 145 113 358 736 417 359 408 555 386 992 655 580
3025 10 3072 386 992 198 556 813 700 214 976 408 555 417 359 655 580 247 31 145 113 358 736
4025 10 3072 214 976 408 555 417 359 145 113 198 556 358 736 386 992 813 700 655 580 247 31
5025 10 3072 417 359 386 992 145 113 813 700 358 736 655 580 247 31 408 555 198 556 214 976
6025 10 3072 408 555 417 359 386 992 247 31 358 736 145 113 655 580 214 976 198 556 813 700
7025 10 3072 386 992 214 976 145 113 417 359 198 556 408 555 655 580 813 700 247 31 358 736
8025 10 3072 408 555 813 700 386 992 358 736 655 580 198 556 145 113 214 976 417 359 247 31
9025 10 3072 214 976 408 555 655 580 358 736 247 31 198 556 145 113 386 992 417 359 813 700
10025 10 3072 214 976 386 992 145 113 813 700 408 555 198 556 655 580 417 359 358 736 247 31
1026 10 2680 246 46 463 244 1 5 604 90 25 96 82 783 777 401 488 979 249 780 415 25
2026 10 2680 604 90 25 96 463 244 82 783 246 46 249 780 415 25 1 5 777 401 488 979
3026 10 2680 415 25 463 244 25 96 777 401 249 780 246 46 82 783 1 5 604 90 488 979
4026 10 2680 604 90 463 244 488 979 249 780 25 96 246 46 82 783 415 25 1 5 777 401
5026 10 2680 463 244 249 780 604 90 82 783 777 401 25 96 415 25 488 979 1 5 246 46
6026 10 2680 246 46 249 780 604 90 82 783 25 96 777 401 1 5 415 25 463 244 488 979
7026 10 2680 82 783 246 46 1 5 777 401 463 244 249 780 604 90 25 96 488 979 415 25
8026 10 2680 246 46 249 780 463 244 82 783 1 5 488 979 777 401 604 90 415 25 25 96
9026 10 2680 1 5 25 96 82 783 488 979 604 90 777 401 246 46 415 25 463 244 249 780
10026 10 2680 488 979 82 783 604 90 246 46 249 780 1 5 777 401 25 96 463 244 415 25
1027 10 2232 95 543 780 153 106 51 813 681 3 315 315 720 122 558 271 808 252 181 33 993
2027 10 2232 95 543 252 181 780 153 271 808 122 558 106 51 315 720 3 315 33 993 813 681
3027 10 2232 106 51 780 153 122 558 95 543 252 181 271 808 813 681 33 993 315 720 3 315
4027 10 2232 315 720 33 993 106 51 271 808 95 543 3 315 780 153 813 681 252 181 122 558
5027 10 2232 122 558 813 681 271 808 33 993 780 153 315 720 3 315 95 543 252 181 106 51
6027 10 2232 813 681 122 558 33 993 3 315 271 808 780 153 315 720 95 543 252 181 106 51
7027 10 2232 106 51 315 720 95 543 780 153 33 993 122 558 252 181 813 681 3 315 271 808
8027 10 2232 3 315 780 153 106 51 813 681 271 808 122 558 315 720 95 543 33 993 252 181
9027 10 2232 33 993 122 558 106 51 813 681 315 720 252 181 780 153 271 808 95 543 3 315
10027 10 2232 106 51 252 181 33 993 315 720 780 153 813 681 271 808 122 558 95 543 3 315
1028 10 2884 271 53 538 796 469 638 521 515 243 949 575 257 326 187 12 724 358 585 292 209
2028 10 2884 358 585 326 187 521 515 271 53 469 638 12 724 538 796 292 209 243 949 575 257
3028 10 2884 243 949 521 515 271 53 538 796 469 638 292 209 575 257 358 585 12 724 326 187
4028 10 2884 358 585 243 949 12 724 575 257 538 796 469 638 292 209 521 515 326 187 271 53
5028 10 2884 326 187 243 949 292 209 575 257 12 724 358 585 521 515 469 638 271 53 538 796
6028 10 2884 271 53 12 724 243 949 326 187 358 585 538 796 575 257 469 638 521 515 292 209
7028 10 2884 292 209 271 53 538 796 243 949 469 638 326 187 358 585 521 515 12 724 575 257
8028 10 2884 538 796 271 53 292 209 469 638 12 724 575 257 243 949 326 187 358 585 521 515
9028 10 2884 12 724 271 53 469 638 521 515 358 585 538 796 292 209 575 257 243 949 326 187
10028 10 2884 358 585 12 724 243 949 326 187 538 796 292 209 469 638 271 53 521 515 575 257
1029 10 2712 792 278 288 326 58 219 264 604 331 947 83 146 23 164 632 107 297 133 623 455
2029 10 2712 792 278 297 133 58 219 623 455 23 164 264 604 331 947 632 107 288 326 83 146
3029 10 2712 297 133 23 164 792 278 83 146 264 604 623 455 58 219 632 107 288 326 331 947
4029 10 2712 331 947 297 133 83 146 58 219 288 326 264 604 623 455 632 107 792 278 23 164
5029 10 2712 623 455 297 133 83 146 23 164 288 326 264 604 792 278 632 107 58 219 331 947
6029 10 2712 264 604 792 278 58 219 288 326 331 947 23 164 297 133 623 455 632 107 83 146
7029 10 2712 297 133 288 326 632 107 23 164 792 278 264 604 623 455 331 947 58 219 83 146
8029 10 2712 288 326 792 278 632 107 623 455 331 947 297 133 264 604 58 219 23 164 83 146
9029 10 2712 264 604 288 326 632 107 792 278 58 219 83 146 331 947 623 455 297 133 23 164
10029 10 2712 331 947 264 604 297 133 792 278 83 146 623 455 632 107 288 326 58 219 23 164
1030 10 1716 37 490 5 163 252 232 189 69 63 630 585 9 70 567 43 155 507 749 395 303
2030 10 1716 70 567 43 155 189 69 63 630 37 490 507 749 585 9 395 303 5 163 252 232
3030 10 1716 63 630 395 303 37 490 585 9 70 567 252 232 189 69 5 163 507 749 43 155
4030 10 1716 395 303 252 232 70 567 43 155 507 749 189 69 5 163 37 490 585 9 63 630
5030 10 1716 189 69 63 630 5 163 37 490 507 749 43 155 70 567 395 303 585 9 252 232
6030 10 1716 43 155 189 69 507 749 5 163 63 630 37 490 70 567 395 303 252 232 585 9
7030 10 1716 5 163 189 69 63 630 252 232 507 749 585 9 395 303 70 567 37 490 43 155
8030 10 1716 5 163 252 232 585 9 507 749 189 69 395 303 70 567 43 155 63 630 37 490
9030 10 1716 70 567 63 630 507 749 252 232 5 163 37 490 189 69 43 155 585 9 395 303
10030 10 1716 5 163 63 630 585 9 43 155 252 232 189 69 70 567 507 749 37 490 395 303
1031 10 1698 221 400 40 41 508 157 155 877 88 545 188 54 133 41 700 256 41 632 49 38
2031 10 1698 49 38 41 632 700 256 40 41 221 400 188 54 508 157 133 41 155 877 88 545
3031 10 1698 155 877 41 632 188 54 40 41 221 400 133 41 508 157 88 545 49 38 700 256
4031 10 1698 700 256 49 38 133 41 155 877 40 41 41 632 508 157 188 54 221 400 88 545
5031 10 1698 188 54 508 157 41 632 88 545 700 256 133 41 221 400 155 877 40 41 49 38
6031 10 1698 188 54 49 38 155 877 40 41 221 400 508 157 88 545 700 256 41 632 133 41
7031 10 1698 155 877 41 632 188 54 40 41 49 38 700 256 133 41 88 545 221 400 508 157
8031 10 1698 41 632 49 38 700 256 188 54 155 877 508 157 221 400 88 545 133 41 40 41
9031 10 1698 40 41 133 41 41 632 221 400 188 54 155 877 88 545 700 256 508 157 49 38
10031 10 1698 133 41 700 256 41 632 49 38 508 157 221 400 155 877 188 54 40 41 88 545
1032 10 2464 122 692 653 933 634 940 83 542 84 553 589 884 339 487 152 872 161 183 264 197
2032 10 2464 83 542 161 183 84 553 634 940 264 197 152 872 339 487 589 884 653 933 122 692
3032 10 2464 634 940 122 692 152 872 83 542 589 884 264 197 161 183 84 553 653 933 339 487
4032 10 2464 634 940 653 933 122 692 589 884 84 553 264 197 339 487 83 542 161 183 152 872
5032 10 2464 634 940 83 542 339 487 152 872 84 553 589 884 122 692 653 933 264 197 161 183
6032 10 2464 634 940 84 553 83 542 339 487 653 933 161 183 589 884 122 692 264 197 152 872
7032 10 2464 634 940 84 553 264 197 152 872 653 933 339 487 83 542 161 183 122 692 589 884
8032 10 2464 589 884 84 553 264 197 634 940 339 487 122 692 161 183 152 872 653 933 83 542
9032 10 2464 589 884 161 183 84 553 83 542 653 933 122 692 152 872 264 197 339 487 634 940
10032 10 2464 339 487 152 872 264 197 653 933 84 553 161 183 589 884 122 692 634 940 83 542
1033 10 2404 673 639 19 806 448 213 290 624 192 407 351 251 115 152 363 497 280 255 275 548
2033 10 2404 290 624 192 407 351 251 280 255 448 213 673 639 115 152 19 806 363 497 275 548
3033 10 2404 280 255 275 548 448 213 290 624 673 639 115 152 363 497 192 407 19 806 351 251
4033 10 2404 290 624 363 497 673 639 351 251 275 548 192 407 115 152 280 255 448 213 19 806
5033 10 2404 290 624 280 255 115 152 19 806 351 251 275 548 448 213 673 639 192 407 363 497
6033 10 2404 280 255 275 548 351 251 19 806 115 152 448 213 290 624 673 639 363 497 192 407
7033 10 2404 280 255 192 407 290 624 363 497 275 548 19 806 673 639 351 251 448 213 115 152
8033 10 2404 351 251 280 255 448 213 290 624 192 407 115 152 673 639 363 497 19 806 275 548
9033 10 2404 275 548 363 497 673 639 192 407 115 152 290 624 19 806 351 251 448 213 280 255
10033 10 2404 19 806 363 497 192 407 275 548 115 152 448 213 280 255 673 639 351 251 290 624
1034 10 2684 136 50 275 473 177 382 226 369 786 229 603 15 316 101 75 284 574 941 188 636
2034 10 2684 136 50 603 15 574 941 188 636 786 229 226 369 275 473 177 382 316 101 75 284
3034 10 2684 136 50 275 473 226 369 786 229 316 101 603 15 75 284 574 941 188 636 177 382
4034 10 2684 275 473 786 229 603 15 136 50 226 369 316 101 75 284 574 941 188 636 177 382
5034 10 2684 603 15 275 473 75 284 574 941 226 369 136 50 177 382 786 229 316 101 188 636
6034 10 2684 136 50 574 941 75 284 603 15 177 382 275 473 188 636 226 369 786 229 316 101
7034 10 2684 786 229 603 15 574 941 136 50 75 284 177 382 188 636 226 369 275 473 316 101
8034 10 2684 275 473 603 15 188 636 75 284 177 382 226 369 316 101 786 229 574 941 136 50
9034 10 2684 275 473 136 50 177 382 786 229 603 15 75 284 316 101 188 636 226 369 574 941
10034 10 2684 574 941 136 50 316 101 603 15 226 369 786 229 275 473 188 636 75 284 177 382
1035 10 2704 339 201 230 32 850 717 94 941 87 478 601 840 463 924 23 765 591 470 103 760
2035 10 2704 23 765 601 840 463 924 850 717 87 478 230 32 94 941 591 470 339 201 103 760
3035 10 2704 103 760 850 717 591 470 230 32 601 840 87 478 463 924 339 201 23 765 94 941
4035 10 2704 463 924 591 470 339 201 601 840 850 717 103 760 87 478 94 941 230 32 23 765
5035 10 2704 87 478 23 765 94 941 339 201 230 32 850 717 103 760 591 470 463 924 601 840
6035 10 2704 463 924 23 765 230 32 591 470 87 478 601 840 339 201 850 717 103 760 94 941
7035 10 2704 601 840 103 760 463 924 591 470 850 717 87 478 230 32 23 765 94 941 339 201
8035 10 2704 230 32 94 941 87 478 103 760 23 765 339 201 591 470 463 924 601 840 850 717
9035 10 2704 850 717 87 478 591 470 601 840 230 32 463 924 23 765 339 201 94 941 103 760
10035 10 2704 463 924 339 201 601 840 23 765 87 478 230 32 591 470 94 941 850 717 103 760
1036 10 2302 238 849 671 7 138 430 3 769 201 142 62 24 634 44 230 921 126 159 575 367
2036 10 2302 3 769 126 159 575 367 634 44 62 24 230 921 201 142 138 430 238 849 671 7
3036 10 2302 575 367 634 44 126 159 3 769 671 7 201 142 62 24 238 849 230 921 138 430
4036 10 2302 238 849 138 430 126 159 62 24 575 367 201 142 3 769 634 44 230 921 671 7
5036 10 2302 634 44 575 367 230 921 138 430 62 24 201 142 238 849 3 769 126 159 671 7
6036 10 2302 634 44 238 849 230 921 671 7 126 159 201 142 3 769 62 24 138 430 575 367
7036 10 2302 201 142 634 44 126 159 575 367 3 769 238 849 62 24 138 430 671 7 230 921
8036 10 2302 3 769 62 24 671 7 575 367 634 44 201 142 238 849 138 430 126 159 230 921
9036 10 2302 238 849 3 769 201 142 634 44 126 159 138 430 62 24 671 7 230 921 575 367
10036 10 2302 126 159 62 24 238 849 3 769 671 7 575 367 634 44 138 430 230 921 201 142
1037 10 2684 663 99 661 321 95 370 177 651 204 245 361 495 103 22 627 259 176 326 288 778
2037 10 2684 361 495 661 321 288 778 663 99 176 326 627 259 95 370 204 245 177 651 103 22
3037 10 2684 204 245 663 99 176 326 627 259 288 778 661 321 103 22 361 495 177 651 95 370
4037 10 2684 103 22 176 326 204 245 361 495 95 370 288 778 661 321 663 99 177 651 627 259
5037 10 2684 361 495 204 245 176 326 627 259 95 370 663 99 177 651 103 22 288 778 661 321
6037 10 2684 176 326 95 370 663 99 361 495 103 22 177 651 204 245 288 778 661 321 627 259
7037 10 2684 103 22 204 245 288 778 663 99 661 321 177 651 361 495 176 326 627 259 95 370
8037 10 2684 288 778 177 651 204 245 103 22 95 370 361 495 176 326 661 321 627 259 663 99
9037 10 2684 95 370 103 22 627 259 661 321 288 778 176 326 663 99 204 245 361 495 177 651
10037 10 2684 663 99 661 321 627 259 204 245 361 495 176 326 177 651 288 778 103 22 95 370
1038 10 2012 260 45 136 62 386 578 424 51 565 637 338 65 97 511 175 268 37 6 97 747
2038 10 2012 136 62 97 747 260 45 386 578 565 637 424 51 37 6 338 65 175 268 97 511
3038 10 2012 37 6 386 578 175 268 260 45 97 747 97 511 338 65 136 62 565 637 424 51
4038 10 2012 338 65 175 268 136 62 386 578 97 747 97 511 424 51 37 6 260 45 565 637
5038 10 2012 175 268 136 62 260 45 386 578 565 637 97 511 424 51 37 6 338 65 97 747
6038 10 2012 386 578 565 637 338 65 136 62 175 268 260 45 97 511 424 51 97 747 37 6
7038 10 2012 424 51 565 637 260 45 175 268 338 65 37 6 136 62 97 747 386 578 97 511
8038 10 2012 338 65 424 51 260 45 565 637 136 62 37 6 175 268 97 747 97 511 386 578
9038 10 2012 338 65 565 637 260 45 424 51 97 511 136 62 386 578 37 6 97 747 175 268
10038 10 2012 175 268 565 637 136 62 338 65 260 45 37 6 97 511 97 747 386 578 424 51
1039 10 3747 817 216 132 894 628 961 917 456 822 516 335 159 404 186 443 843 157 766 29 840
2039 10 3747 628 961 157 766 132 894 29 840 817 216 822 516 335 159 917 456 443 843 404 186
3039 10 3747 157 766 443 843 628 961 822 516 29 840 335 159 132 894 817 216 917 456 404 186
4039 10 3747 628 961 335 159 157 766 817 216 917 456 132 894 29 840 822 516 443 843 404 186
5039 10 3747 628 961 29 840 817 216 917 456 443 843 335 159 404 186 157 766 132 894 822 516
6039 10 3747 822 516 443 843 628 961 157 766 29 840 817 216 335 159 917 456 132 894 404 186
7039 10 3747 132 894 404 186 822 516 628 961 817 216 29 840 157 766 443 843 335 159 917 456
8039 10 3747 628 961 335 159 132 894 822 516 404 186 157 766 29 840 443 843 917 456 817 216
9039 10 3747 443 843 917 456 157 766 29 840 132 894 628 961 404 186 817 216 822 516 335 159
10039 10 3747 917 456 404 186 132 894 817 216 443 843 628 961 335 159 822 516 157 766 29 840
1040 10 3228 463 959 121 59 369 557 451 544 202 890 568 685 538 534 946 146 288 717 90 428
2040 10 3228 90 428 121 59 463 959 202 890 946 146 369 557 288 717 451 544 568 685 538 534
3040 10 3228 288 717 202 890 538 534 568 685 451 544 463 959 90 428 946 146 369 557 121 59
4040 10 3228 202 890 463 959 369 557 451 544 121 59 538 534 90 428 568 685 946 146 288 717
5040 10 3228 538 534 946 146 90 428 288 717 451 544 463 959 121 59 202 890 568 685 369 557
6040 10 3228 451 544 202 890 288 717 568 685 538 534 463 959 369 557 946 146 90 428 121 59
7040 10 3228 121 59 451 544 288 717 202 890 369 557 90 428 463 959 946 146 568 685 538 534
8040 10 3228 463 959 121 59 451 544 288 717 369 557 946 146 538 534 202 890 568 685 90 428
9040 10 3228 568 685 369 557 451 544 538 534 90 428 202 890 121 59 288 717 946 146 463 959
10040 10 3228 451 544 90 428 121 59 946 146 288 717 202 890 463 959 538 534 568 685 369 557
1041 10 2626 438 833 191 233 394 840 192 212 190 95 9 647 359 78 294 626 414 762 802 866
2041 10 2626 9 647 191 233 294 626 414 762 438 833 192 212 359 78 394 840 802 866 190 95
3041 10 2626 190 95 9 647 438 833 414 762 192 212 294 626 191 233 394 840 802 866 359 78
4041 10 2626 192 212 191 233 394 840 190 95 359 78 294 626 802 866 414 762 438 833 9 647
5041 10 2626 191 233 190 95 414 762 359 78 802 866 394 840 192 212 438 833 294 626 9 647
6041 10 2626 190 95 438 833 294 626 802 866 394 840 191 233 359 78 414 762 192 212 9 647
7041 10 2626 394 840 191 233 414 762 192 212 294 626 359 78 438 833 190 95 802 866 9 647
8041 10 2626 802 866 438 833 192 212 191 233 294 626 190 95 9 647 359 78 394 840 414 762
9041 10 2626 394 840 191 233 9 647 438 833 294 626 414 762 192 212 359 78 802 866 190 95
10041 10 2626 192 212 438 833 190 95 191 233 394 840 414 762 802 866 359 78 9 647 294 626
1042 10 2812 361 556 203 930 415 259 159 566 333 430 801 199 233 564 722 462 20 329 268 342
2042 10 2812 233 564 159 566 203 930 268 342 333 430 415 259 722 462 361 556 801 199 20 329
3042 10 2812 415 259 722 462 203 930 801 199 268 342 333 430 20 329 159 566 233 564 361 556
4042 10 2812 415 259 801 199 159 566 361 556 233 564 20 329 722 462 203 930 333 430 268 342
5042 10 2812 333 430 415 259 722 462 361 556 203 930 233 564 268 342 159 566 801 199 20 329
6042 10 2812 233 564 159 566 415 259 268 342 361 556 20 329 203 930 333 430 801 199 722 462
7042 10 2812 159 566 415 259 801 199 722 462 203 930 268 342 233 564 361 556 333 430 20 329
8042 10 2812 233 564 361 556 20 329 722 462 159 566 415 259 203 930 333 430 268 342 801 199
9042 10 2812 20 329 801 199 415 259 203 930 722 462 268 342 361 556 333 430 159 566 233 564
10042 10 2812 415 259 333 430 233 564 20 329 268 342 203 930 801 199 722 462 361 556 159 566
1043 10 2537 640 549 171 456 258 681 416 315 121 934 123 274 250 121 575 813 432 709 186 202
2043 10 2537 258 681 250 121 171 456 121 934 575 813 432 709 186 202 640 549 416 315 123 274
3043 10 2537 250 121 575 813 432 709 123 274 186 202 416 315 258 681 171 456 121 934 640 549
4043 10 2537 432 709 123 274 416 315 171 456 186 202 250 121 121 934 640 549 575 813 258 681
5043 10 2537 123 274 258 681 432 709 640 549 186 202 575 813 250 121 171 456 416 315 121 934
6043 10 2537 416 315 640 549 258 681 121 934 123 274 575 813 186 202 432 709 250 121 171 456
7043 10 2537 186 202 121 934 250 121 416 315 258 681 640 549 432 709 123 274 575 813 171 456
8043 10 2537 575 813 432 709 171 456 416 315 250 121 258 681 186 202 640 549 121 934 123 274
9043 10 2537 186 202 171 456 250 121 432 709 416 315 258 681 123 274 575 813 640 549 121 934
10043 10 2537 432 709 258 681 575 813 171 456 416 315 123 274 186 202 250 121 121 934 640 549
1044 10 3517 614 746 245 944 874 676 594 729 473 177 206 1 443 620 282 350 144 518 522 150
2044 10 3517 206 1 473 177 282 350 245 944 614 746 144 518 594 729 522 150 443 620 874 676
3044 10 3517 614 746 594 729 522 150 245 944 443 620 144 518 874 676 473 177 282 350 206 1
4044 10 3517 522 150 614 746 473 177 144 518 245 944 443 620 206 1 282 350 594 729 874 676
5044 10 3517 874 676 443 620 614 746 144 518 473 177 206 1 245 944 282 350 522 150 594 729
6044 10 3517 282 350 614 746 522 150 245 944 874 676 594 729 473 177 443 620 206 1 144 518
7044 10 3517 144 518 206 1 874 676 473 177 443 620 245 944 282 350 522 150 594 729 614 746
8044 10 3517 594 729 144 518 245 944 614 746 522 150 206 1 282 350 443 620 473 177 874 676
9044 10 3517 614 746 874 676 282 350 443 620 144 518 594 729 206 1 522 150 473 177 245 944
10044 10 3517 522 150 614 746 473 177 443 620 874 676 282 350 206 1 144 518 245 944 594 729
1045 10 2833 312 49 206 150 383 105 16 387 117 973 800 985 578 624 142 694 283 337 705 513
2045 10 2833 117 973 142 694 312 49 206 150 383 105 578 624 800 985 705 513 16 387 283 337
3045 10 2833 283 337 206 150 312 49 578 624 16 387 383 105 800 985 117 973 705 513 142 694
4045 10 2833 283 337 705 513 312 49 117 973 16 387 578 624 383 105 800 985 142 694 206 150
5045 10 2833 800 985 578 624 705 513 283 337 142 694 117 973 16 387 312 49 206 150 383 105
6045 10 2833 800 985 16 387 383 105 142 694 117 973 283 337 578 624 206 150 312 49 705 513
7045 10 2833 705 513 578 624 312 49 206 150 383 105 16 387 800 985 283 337 117 973 142 694
8045 10 2833 117 973 283 337 705 513 16 387 142 694 206 150 312 49 383 105 578 624 800 985
9045 10 2833 578 624 312 49 383 105 117 973 142 694 705 513 283 337 800 985 206 150 16 387
10045 10 2833 283 337 578 624 312 49 117 973 142 694 16 387 383 105 800 985 206 150 705 513
1046 10 4278 508 918 668 996 889 315 500 483 331 505 190 844 124 512 672 622 641 361 825 442
2046 10 4278 500 483 889 315 190 844 672 622 331 505 508 918 668 996 641 361 124 512 825 442
3046 10 4278 641 361 331 505 500 483 889 315 190 844 825 442 508 918 672 622 668 996 124 512
4046 10 4278 124 512 672 622 190 844 641 361 508 918 331 505 825 442 500 483 889 315 668 996
5046 10 4278 672 622 331 505 641 361 190 844 825 442 508 918 124 512 668 996 500 483 889 315
6046 10 4278 500 483 641 361 672 622 124 512 825 442 331 505 889 315 508 918 190 844 668 996
7046 10 4278 124 512 508 918 825 442 889 315 190 844 672 622 668 996 331 505 500 483 641 361
8046 10 4278 825 442 889 315 508 918 672 622 124 512 668 996 331 505 190 844 641 361 500 483
9046 10 4278 668 996 641 361 124 512 889 315 508 918 500 483 331 505 190 844 672 622 825 442
10046 10 4278 672 622 889 315 668 996 331 505 508 918 825 442 641 361 500 483 190 844 124 512
1047 10 2965 306 714 27 176 637 543 354 906 623 156 623 919 429 298 148 855 208 569 352 709
2047 10 2965 354 906 27 176 352 709 637 543 623 156 623 919 306 714 208 569 429 298 148 855
3047 10 2965 306 714 354 906 623 156 27 176 148 855 623 919 637 543 429 298 208 569 352 709
4047 10 2965 354 906 208 569 27 176 623 919 623 156 352 709 637 543 429 298 148 855 306 714
5047 10 2965 27 176 623 156 306 714 208 569 352 709 637 543 429 298 623 919 354 906 148 855
6047 10 2965 623 919 354 906 429 298 27 176 623 156 637 543 306 714 208 569 352 709 148 855
7047 10 2965 27 176 148 855 623 156 637 543 208 569 306 714 354 906 429 298 623 919 352 709
8047 10 2965 306 714 148 855 354 906 637 543 623 156 623 919 429 298 352 709 208 569 27 176
9047 10 2965 637 543 623 156 306 714 208 569 148 855 623 919 352 709 27 176 429 298 354 906
10047 10 2965 623 156 354 906 429 298 148 855 352 709 623 919 306 714 208 569 27 176 637 543
1048 10 2425 98 996 105 101 10 521 331 888 570 821 643 346 523 903 545 343 143 215 64 137
2048 10 2425 523 903 545 343 10 521 643 346 143 215 98 996 331 888 105 101 64 137 570 821
3048 10 2425 64 137 570 821 545 343 643 346 143 215 98 996 523 903 10 521 331 888 105 101
4048 10 2425 98 996 64 137 143 215 10 521 545 343 643 346 105 101 523 903 570 821 331 888
5048 10 2425 10 521 523 903 570 821 105 101 98 996 331 888 545 343 643 346 64 137 143 215
6048 10 2425 570 821 523 903 643 346 105 101 98 996 331 888 64 137 143 215 545 343 10 521
7048 10 2425 643 346 98 996 331 888 10 521 143 215 64 137 105 101 523 903 545 343 570 821
8048 10 2425 523 903 570 821 545 343 643 346 10 521 331 888 105 101 64 137 98 996 143 215
9048 10 2425 64 137 570 821 331 888 143 215 523 903 105 101 10 521 98 996 545 343 643 346
10048 10 2425 643 346 10 521 523 903 570 821 105 101 143 215 98 996 545 343 64 137 331 888
1049 10 3259 597 717 576 535 532 246 260 818 37 214 363 321 514 436 724 89 364 650 107 157
2049 10 3259 363 321 107 157 532 246 260 818 724 89 37 214 364 650 597 717 514 436 576 535
3049 10 3259 532 246 107 157 260 818 724 89 364 650 597 717 576 535 514 436 363 321 37 214
4049 10 3259 514 436 597 717 532 246 364 650 37 214 107 157 576 535 260 818 363 321 724 89
5049 10 3259 364 650 532 246 107 157 724 89 37 214 514 436 576 535 597 717 363 321 260 818
6049 10 3259 532 246 363 321 724 89 576 535 514 436 37 214 107 157 260 818 364 650 597 717
7049 10 3259 363 321 514 436 532 246 576 535 364 650 107 157 260 818 37 214 724 89 597 717
8049 10 3259 532 246 260 818 597 717 576 535 107 157 724 89 364 650 514 436 363 321 37 214
9049 10 3259 724 89 576 535 363 321 260 818 597 717 532 246 37 214 107 157 514 436 364 650
10049 10 3259 260 818 107 157 514 436 364 650 37 214 576 535 363 321 532 246 597 717 724 89
1050 10 2467 523 823 143 396 232 711 55 231 876 359 194 445 627 571 266 653 142 350 26 690
2050 10 2467 143 396 266 653 876 359 142 350 55 231 232 711 627 571 194 445 26 690 523 823
3050 10 2467 143 396 55 231 876 359 142 350 266 653 194 445 627 571 232 711 523 823 26 690
4050 10 2467 627 571 194 445 26 690 142 350 876 359 143 396 55 231 523 823 266 653 232 711
5050 10 2467 55 231 26 690 232 711 523 823 266 653 143 396 876 359 627 571 194 445 142 350
6050 10 2467 142 350 627 571 232 711 523 823 143 396 876 359 266 653 55 231 194 445 26 690
7050 10 2467 142 350 143 396 55 231 194 445 876 359 232 711 523 823 266 653 26 690 627 571
8050 10 2467 627 571 194 445 266 653 876 359 142 350 143 396 26 690 232 711 523 823 55 231
9050 10 2467 143 396 876 359 266 653 523 823 55 231 194 445 627 571 142 350 26 690 232 711
10050 10 2467 143 396 55 231 627 571 266 653 523 823 142 350 876 359 194 445 232 711 26 690
1051 10 1808 43 182 150 994 442 266 479 880 336 42 21 861 93 536 239 257 183 177 275 642
2051 10 1808 239 257 275 642 183 177 442 266 43 182 479 880 336 42 21 861 93 536 150 994
3051 10 1808 183 177 93 536 479 880 442 266 336 42 275 642 150 994 239 257 21 861 43 182
4051 10 1808 442 266 150 994 43 182 21 861 239 257 183 177 275 642 336 42 479 880 93 536
5051 10 1808 183 177 150 994 239 257 336 42 442 266 275 642 93 536 21 861 479 880 43 182
6051 10 1808 183 177 336 42 275 642 150 994 93 536 239 257 21 861 479 880 43 182 442 266
7051 10 1808 150 994 43 182 479 880 442 266 239 257 183 177 336 42 21 861 275 642 93 536
8051 10 1808 93 536 150 994 336 42 479 880 239 257 183 177 43 182 442 266 275 642 21 861
9051 10 1808 43 182 336 42 479 880 239 257 150 994 183 177 21 861 93 536 275 642 442 266
10051 10 1808 21 861 442 266 239 257 43 182 183 177 150 994 336 42 479 880 275 642 93 536
1052 10 3135 781 475 726 891 307 905 370 772 404 543 395 561 221 471 99 682 351 552 265 145
2052 10 3135 726 891 370 772 404 543 781 475 221 471 99 682 265 145 307 905 351 552 395 561
3052 10 3135 395 561 726 891 99 682 781 475 265 145 307 905 404 543 370 772 351 552 221 471
4052 10 3135 395 561 781 475 99 682 265 145 726 891 404 543 351 552 307 905 370 772 221 471
5052 10 3135 781 475 351 552 370 772 307 905 395 561 265 145 99 682 221 471 726 891 404 543
6052 10 3135 99 682 307 905 395 561 351 552 265 145 781 475 404 543 221 471 370 772 726 891
7052 10 3135 370 772 395 561 99 682 307 905 265 145 726 891 351 552 404 543 221 471 781 475
8052 10 3135 307 905 99 682 351 552 781 475 404 543 265 145 370 772 221 471 395 561 726 891
9052 10 3135 370 772 265 145 99 682 351 552 781 475 307 905 221 471 404 543 726 891 395 561
10052 10 3135 351 552 395 561 781 475 726 891 221 471 99 682 370 772 307 905 265 145 404 543
1053 10 4172 456 183 99 359 664 360 878 409 712 74 689 502 243 832 340 275 568 783 566 155
2053 10 4172 712 74 664 360 568 783 566 155 878 409 243 832 340 275 99 359 689 502 456 183
3053 10 4172 456 183 664 360 243 832 878 409 566 155 689 502 99 359 340 275 712 74 568 783
4053 10 4172 243 832 689 502 568 783 99 359 664 360 712 74 456 183 566 155 878 409 340 275
5053 10 4172 712 74 878 409 99 359 340 275 664 360 566 155 456 183 568 783 689 502 243 832
6053 10 4172 568 783 566 155 340 275 878 409 243 832 664 360 99 359 689 502 456 183 712 74
7053 10 4172 456 183 243 832 664 360 566 155 568 783 878 409 712 74 689 502 340 275 99 359
8053 10 4172 99 359 456 183 243 832 712 74 568 783 878 409 566 155 689 502 340 275 664 360
9053 10 4172 664 360 243 832 566 155 99 359 878 409 689 502 712 74 340 275 568 783 456 183
10053 10 4172 712 74 340 275 689 502 566 155 568 783 99 359 664 360 456 183 878 409 243 832
1054 10 1636 87 9 199 973 58 641 205 459 83 164 316 998 326 176 118 378 244 943 409 677
2054 10 1636 326 176 83 164 118 378 199 973 316 998 205 459 87 9 58 641 244 943 409 677
3054 10 1636 58 641 326 176 83 164 409 677 244 943 316 998 199 973 118 378 205 459 87 9
4054 10 1636 409 677 199 973 326 176 87 9 118 378 316 998 58 641 244 943 83 164 205 459
5054 10 1636 199 973 205 459 244 943 118 378 326 176 58 641 316 998 409 677 87 9 83 164
6054 10 1636 199 973 87 9 316 998 58 641 118 378 244 943 409 677 205 459 83 164 326 176
7054 10 1636 83 164 199 973 118 378 58 641 326 176 205 459 87 9 316 998 409 677 244 943
8054 10 1636 199 973 118 378 316 998 409 677 326 176 244 943 83 164 58 641 205 459 87 9
9054 10 1636 205 459 118 378 409 677 83 164 326 176 199 973 316 998 244 943 87 9 58 641
10054 10 1636 199 973 316 998 118 378 244 943 87 9 409 677 326 176 58 641 83 164 205 459
1055 10 3300 165 83 30 295 517 271 503 98 280 709 218 233 525 907 521 330 627 401 740 960
2055 10 3300 503 98 218 233 280 709 30 295 525 907 517 271 521 330 627 401 740 960 165 83
3055 10 3300 503 98 517 271 521 330 30 295 740 960 525 907 280 709 627 401 165 83 218 233
4055 10 3300 218 233 525 907 521 330 740 960 503 98 627 401 165 83 30 295 280 709 517 271
5055 10 3300 165 83 740 960 280 709 503 98 525 907 521 330 517 271 30 295 627 401 218 233
6055 10 3300 218 233 30 295 517 271 280 709 525 907 165 83 521 330 503 98 627 401 740 960
7055 10 3300 517 271 165 83 521 330 218 233 525 907 740 960 30 295 280 709 627 401 503 98
8055 10 3300 30 295 165 83 627 401 521 330 525 907 517 271 503 98 740 960 218 233 280 709
9055 10 3300 627 401 740 960 521 330 30 295 517 271 165 83 525 907 218 233 280 709 503 98
10055 10 3300 280 709 525 907 30 295 740 960 627 401 503 98 517 271 218 233 521 330 165 83
1056 10 3790 918 899 887 661 186 620 4 949 935 103 649 411 127 441 736 636 186 267 110 666
2056 10 3790 736 636 186 620 127 441 935 103 110 666 186 267 918 899 887 661 649 411 4 949
3056 10 3790 736 636 887 661 649 411 918 899 4 949 186 620 110 666 186 267 935 103 127 441
4056 10 3790 887 661 935 103 127 441 649 411 736 636 110 666 186 267 4 949 186 620 918 899
5056 10 3790 110 666 649 411 127 441 918 899 186 267 887 661 935 103 186 620 736 636 4 949
6056 10 3790 4 949 110 666 918 899 736 636 649 411 887 661 127 441 186 620 935 103 186 267
7056 10 3790 4 949 186 267 110 666 935 103 918 899 127 441 736 636 887 661 649 411 186 620
8056 10 3790 186 620 918 899 887 661 649 411 736 636 127 441 186 267 935 103 110 666 4 949
9056 10 3790 127 441 110 666 4 949 887 661 736 636 186 267 935 103 186 620 649 411 918 899
10056 10 3790 736 636 649 411 110 666 4 949 186 267 186 620 918 899 127 441 935 103 887 661
1057 10 2566 40 703 259 971 721 281 306 863 48 424 685 55 701 719 181 690 67 106 200 743
2057 10 2566 40 703 721 281 685 55 48 424 701 719 259 971 67 106 306 863 181 690 200 743
3057 10 2566 48 424 181 690 259 971 306 863 40 703 721 281 200 743 685 55 67 106 701 719
4057 10 2566 701 719 721 281 181 690 306 863 685 55 67 106 40 703 259 971 48 424 200 743
5057 10 2566 67 106 200 743 721 281 181 690 306 863 48 424 685 55 259 971 40 703 701 719
6057 10 2566 701 719 67 106 181 690 721 281 306 863 40 703 685 55 48 424 259 971 200 743
7057 10 2566 701 719 306 863 181 690 200 743 48 424 721 281 40 703 67 106 685 55 259 971
8057 10 2566 181 690 48 424 701 719 306 863 200 743 685 55 40 703 67 106 721 281 259 971
9057 10 2566 181 690 259 971 721 281 306 863 48 424 40 703 701 719 67 106 685 55 200 743
10057 10 2566 48 424 721 281 306 863 181 690 200 743 259 971 685 55 67 106 40 703 701 719
1058 10 2065 95 637 115 379 331 146 712 508 25 979 148 657 58 648 145 451 548 770 405 18
2058 10 2065 712 508 331 146 115 379 405 18 145 451 148 657 25 979 58 648 548 770 95 637
3058 10 2065 95 637 115 379 25 979 712 508 145 451 58 648 405 18 331 146 548 770 148 657
4058 10 2065 148 657 712 508 548 770 405 18 115 379 95 637 25 979 58 648 331 146 145 451
5058 10 2065 331 146 405 18 145 451 548 770 115 379 712 508 148 657 25 979 95 637 58 648
6058 10 2065 548 770 95 637 58 648 712 508 331 146 148 657 145 451 25 979 115 379 405 18
7058 10 2065 331 146 548 770 145 451 95 637 712 508 115 379 58 648 148 657 405 18 25 979
8058 10 2065 95 637 405 18 58 648 25 979 145 451 115 379 548 770 712 508 148 657 331 146
9058 10 2065 145 451 115 379 58 648 25 979 712 508 405 18 331 146 148 657 95 637 548 770
10058 10 2065 25 979 405 18 95 637 548 770 115 379 58 648 145 451 712 508 148 657 331 146
1059 10 2667 852 40 60 903 499 6 717 116 247 857 607 763 39 186 36 642 211 210 66 134
2059 10 2667 39 186 499 6 66 134 852 40 36 642 211 210 717 116 247 857 60 903 607 763
3059 10 2667 717 116 211 210 499 6 607 763 39 186 247 857 66 134 852 40 36 642 60 903
4059 10 2667 607 763 60 903 499 6 36 642 39 186 852 40 247 857 717 116 66 134 211 210
5059 10 2667 60 903 717 116 66 134 852 40 247 857 211 210 499 6 36 642 39 186 607 763
6059 10 2667 60 903 36 642 66 134 852 40 499 6 211 210 717 116 607 763 247 857 39 186
7059 10 2667 717 116 39 186 607 763 499 6 66 134 36 642 60 903 211 210 247 857 852 40
8059 10 2667 717 116 60 903 39 186 36 642 211 210 247 857 499 6 66 134 607 763 852 40
9059 10 2667 852 40 39 186 211 210 717 116 607 763 66 134 36 642 247 857 60 903 499 6
10059 10 2667 66 134 717 116 60 903 39 186 852 40 247 857 607 763 36 642 211 210 499 6
1060 10 3064 202 537 405 708 213 134 598 775 714 947 177 616 97 124 303 617 514 39 607 67
2060 10 3064 202 537 607 67 213 134 97 124 177 616 514 39 714 947 303 617 598 775 405 708
3060 10 3064 514 39 213 134 177 616 405 708 303 617 714 947 598 775 97 124 607 67 202 537
4060 10 3064 202 537 177 616 213 134 97 124 514 39 598 775 303 617 714 947 607 67 405 708
5060 10 3064 303 617 607 67 97 124 405 708 598 775 514 39 714 947 177 616 213 134 202 537
6060 10 3064 598 775 607 67 303 617 405 708 213 134 514 39 177 616 202 537 97 124 714 947
7060 10 3064 405 708 303 617 598 775 714 947 177 616 202 537 97 124 514 39 607 67 213 134
8060 10 3064 177 616 514 39 213 134 405 708 303 617 714 947 97 124 598 775 607 67 202 537
9060 10 3064 303 617 97 124 213 134 514 39 202 537 714 947 607 67 405 708 598 775 177 616
10060 10 3064 405 708 303 617 97 124 607 67 514 39 177 616 598 775 202 537 714 947 213 134
1061 10 2043 395 759 327 808 164 80 215 735 372 360 47 23 436 15 32 279 495 717 71 809
2061 10 2043 372 360 436 15 215 735 327 808 32 279 71 809 47 23 395 759 495 717 164 80
3061 10 2043 395 759 215 735 495 717 436 15 372 360 47 23 327 808 32 279 164 80 71 809
4061 10 2043 327 808 47 23 372 360 164 80 71 809 495 717 215 735 436 15 32 279 395 759
5061 10 2043 47 23 327 808 215 735 372 360 436 15 495 717 164 80 32 279 71 809 395 759
6061 10 2043 71 809 32 279 215 735 436 15 395 759 327 808 372 360 164 80 495 717 47 23
7061 10 2043 32 279 372 360 164 80 395 759 436 15 71 809 47 23 495 717 215 735 327 808
8061 10 2043 47 23 372 360 32 279 215 735 395 759 327 808 495 717 436 15 164 80 71 809
9061 10 2043 372 360 436 15 164 80 32 279 71 809 327 808 395 759 215 735 47 23 495 717
10061 10 2043 32 279 327 808 395 759 164 80 71 809 436 15 495 717 215 735 47 23 372 360
1062 10 3700 338 101 305 760 775 147 275 399 438 615 618 442 442 311 837 932 120 98 477 299
2062 10 3700 305 760 618 442 338 101 775 147 120 98 275 399 442 311 477 299 438 615 837 932
3062 10 3700 837 932 618 442 275 399 775 147 477 299 120 98 442 311 438 615 305 760 338 101
4062 10 3700 438 615 837 932 275 399 338 101 442 311 305 760 120 98 618 442 775 147 477 299
5062 10 3700 305 760 338 101 775 147 438 615 477 299 618 442 837 932 120 98 442 311 275 399
6062 10 3700 275 399 837 932 338 101 618 442 775 147 120 98 438 615 305 760 442 311 477 299
7062 10 3700 120 98 275 399 477 299 305 760 837 932 775 147 438 615 338 101 618 442 442 311
8062 10 3700 438 615 275 399 338 101 120 98 837 932 775 147 442 311 305 760 477 299 618 442
9062 10 3700 837 932 618 442 305 760 120 98 338 101 275 399 442 311 438 615 477 299 775 147
10062 10 3700 618 442 305 760 275 399 120 98 442 311 438 615 775 147 338 101 837 932 477 299
1063 10 2927 677 160 600 140 353 519 540 790 614 310 41 80 135 723 348 231 50 83 301 116
2063 10 2927 41 80 677 160 50 83 614 310 348 231 540 790 353 519 301 116 135 723 600 140
3063 10 2927 677 160 353 519 600 140 41 80 135 723 50 83 540 790 614 310 348 231 301 116
4063 10 2927 135 723 353 519 677 160 600 140 50 83 614 310 301 116 41 80 540 790 348 231
5063 10 2927 301 116 540 790 50 83 348 231 41 80 600 140 135 723 677 160 614 310 353 519
6063 10 2927 540 790 614 310 50 83 135 723 600 140 353 519 348 231 677 160 301 116 41 80
7063 10 2927 614 310 677 160 301 116 353 519 348 231 600 140 540 790 50 83 41 80 135 723
8063 10 2927 600 140 348 231 540 790 677 160 135 723 301 116 614 310 41 80 353 519 50 83
9063 10 2927 677 160 600 140 353 519 50 83 614 310 348 231 135 723 540 790 301 116 41 80
10063 10 2927 50 83 614 310 677 160 301 116 41 80 540 790 348 231 353 519 135 723 600 140
1064 10 2520 361 395 200 743 254 328 618 956 43 471 271 342 307 3 511 644 89 460 496 615
2064 10 2520 618 956 361 395 496 615 307 3 89 460 511 644 271 342 200 743 254 328 43 471
3064 10 2520 618 956 361 395 89 460 43 471 254 328 271 342 200 743 307 3 511 644 496 615
4064 10 2520 618 956 496 615 254 328 89 460 361 395 511 644 271 342 200 743 43 471 307 3
5064 10 2520 511 644 200 743 618 956 361 395 307 3 271 342 89 460 43 471 496 615 254 328
6064 10 2520 496 615 618 956 361 395 307 3 511 644 271 342 89 460 200 743 43 471 254 328
7064 10 2520 307 3 271 342 496 615 361 395 200 743 618 956 254 328 43 471 511 644 89 460
8064 10 2520 200 743 307 3 618 956 254 328 89 460 496 615 361 395 271 342 511 644 43 471
9064 10 2520 618 956 496 615 254 328 200 743 271 342 89 460 361 395 307 3 511 644 43 471
10064 10 2520 271 342 618 956 307 3 200 743 496 615 43 471 89 460 511 644 254 328 361 395
1065 10 2297 10 285 27 41 338 738 162 905 51 532 365 142 391 979 633 669 690 469 205 730
2065 10 2297 633 669 690 469 162 905 10 285 205 730 27 41 51 532 391 979 365 142 338 738
3065 10 2297 205 730 27 41 162 905 365 142 633 669 10 285 391 979 690 469 51 532 338 738
4065 10 2297 690 469 27 41 338 738 365 142 391 979 10 285 633 669 51 532 162 905 205 730
5065 10 2297 338 738 10 285 205 730 51 532 690 469 27 41 162 905 391 979 633 669 365 142
6065 10 2297 162 905 633 669 391 979 365 142 205 730 27 41 10 285 51 532 338 738 690 469
7065 10 2297 27 41 391 979 338 738 51 532 633 669 205 730 10 285 365 142 162 905 690 469
8065 10 2297 51 532 338 738 391 979 365 142 162 905 690 469 633 669 205 730 27 41 10 285
9065 10 2297 365 142 205 730 338 738 10 285 51 532 633 669 391 979 162 905 27 41 690 469
10065 10 2297 391 979 51 532 633 669 690 469 27 41 10 285 365 142 162 905 205 730 338 738
1066 10 3279 652 125 224 494 738 307 634 238 727 658 217 939 332 956 136 578 16 411 423 1000
2066 10 3279 16 411 423 1000 727 658 652 125 136 578 217 939 634 238 738 307 224 494 332 956
3066 10 3279 217 939 224 494 634 238 652 125 16 411 727 658 136 578 332 956 423 1000 738 307
4066 10 3279 727 658 224 494 634 238 332 956 738 307 136 578 652 125 423 1000 16 411 217 939
5066 10 3279 224 494 136 578 217 939 634 238 423 1000 652 125 727 658 16 411 738 307 332 956
6066 10 3279 727 658 634 238 652 125 136 578 224 494 332 956 423 1000 738 307 16 411 217 939
7066 10 3279 136 578 634 238 738 307 217 939 332 956 224 494 16 411 652 125 727 658 423 1000
8066 10 3279 332 956 423 1000 16 411 634 238 224 494 652 125 217 939 727 658 738 307 136 578
9066 10 3279 224 494 738 307 634 238 423 1000 332 956 217 939 136 578 727 658 16 411 652 125
10066 10 3279 423 1000 217 939 136 578 652 125 16 411 727 658 332 956 224 494 634 238 738 307
1067 10 2739 303 678 336 425 191 319 408 766 731 33 37 308 498 650 179 156 311 550 430 164
2067 10 2739 408 766 179 156 731 33 191 319 336 425 498 650 430 164 37 308 303 678 311 550
3067 10 2739 408 766 179 156 430 164 191 319 37 308 303 678 311 550 336 425 731 33 498 650
4067 10 2739 311 550 191 319 498 650 408 766 179 156 336 425 37 308 430 164 303 678 731 33
5067 10 2739 408 766 430 164 311 550 179 156 498 650 303 678 336 425 37 308 731 33 191 319
6067 10 2739 498 650 430 164 179 156 311 550 37 308 191 319 731 33 336 425 408 766 303 678
7067 10 2739 336 425 191 319 179 156 408 766 498 650 430 164 303 678 311 550 731 33 37 308
8067 10 2739 191 319 498 650 179 156 336 425 731 33 430 164 303 678 37 308 311 550 408 766
9067 10 2739 498 650 408 766 336 425 37 308 731 33 303 678 179 156 311 550 430 164 191 319
10067 10 2739 191 319 311 550 179 156 731 33 37 308 303 678 498 650 336 425 430 164 408 766
1068 10 1713 5 975 307 915 236 80 236 384 163 10 241 622 143 193 47 319 99 974 665 779
2068 10 1713 665 779 236 384 163 10 307 915 236 80 99 974 47 319 143 193 5 975 241 622
3068 10 1713 307 915 47 319 163 10 236 80 5 975 143 193 236 384 241 622 665 779 99 974
4068 10 1713 307 915 236 80 163 10 241 622 143 193 665 779 236 384 99 974 5 975 47 319
5068 10 1713 163 10 99 974 47 319 5 975 307 915 241 622 236 80 665 779 143 193 236 384
6068 10 1713 307 915 163 10 236 384 143 193 99 974 241 622 5 975 236 80 665 779 47 319
7068 10 1713 241 622 5 975 307 915 143 193 236 80 665 779 236 384 163 10 99 974 47 319
8068 10 1713 236 384 47 319 236 80 163 10 665 779 143 193 5 975 99 974 307 915 241 622
9068 10 1713 236 384 307 915 143 193 163 10 236 80 241 622 665 779 99 974 5 975 47 319
10068 10 1713 163 10 5 975 143 193 307 915 236 384 241 622 665 779 99 974 47 319 236 80
1069 10 1259 181 726 199 203 82 635 128 815 89 146 193 966 17 929 321 465 161 329 203 713
2069 10 1259 203 713 128 815 199 203 161 329 82 635 17 929 89 146 321 465 193 966 181 726
3069 10 1259 193 966 181 726 203 713 321 465 199 203 17 929 128 815 161 329 82 635 89 146
4069 10 1259 199 203 193 966 17 929 89 146 321 465 128 815 161 329 181 726 82 635 203 713
5069 10 1259 17 929 181 726 128 815 161 329 321 465 89 146 82 635 193 966 199 203 203 713
6069 10 1259 321 465 161 329 203 713 193 966 17 929 199 203 89 146 82 635 128 815 181 726
7069 10 1259 321 465 89 146 128 815 193 966 82 635 17 929 199 203 161 329 181 726 203 713
8069 10 1259 321 465 161 329 203 713 128 815 17 929 89 146 193 966 181 726 199 203 82 635
9069 10 1259 89 146 203 713 199 203 128 815 193 966 82 635 161 329 321 465 181 726 17 929
10069 10 1259 193 966 203 713 199 203 181 726 17 929 82 635 89 146 128 815 161 329 321 465
1070 10 2189 64 702 135 867 464 109 108 85 282 873 325 857 570 571 19 75 366 455 404 658
2070 10 2189 108 85 570 571 325 857 19 75 464 109 282 873 135 867 366 455 64 702 404 658
3070 10 2189 135 867 64 702 19 75 325 857 108 85 366 455 404 658 464 109 570 571 282 873
4070 10 2189 366 455 135 867 570 571 64 702 325 857 464 109 19 75 108 85 404 658 282 873
5070 10 2189 570 571 135 867 108 85 366 455 325 857 19 75 404 658 64 702 282 873 464 109
6070 10 2189 325 857 108 85 404 658 64 702 464 109 135 867 19 75 570 571 282 873 366 455
7070 10 2189 464 109 570 571 19 75 64 702 404 658 135 867 325 857 366 455 282 873 108 85
8070 10 2189 570 571 19 75 135 867 325 857 404 658 282 873 464 109 108 85 366 455 64 702
9070 10 2189 325 857 366 455 64 702 108 85 282 873 19 75 135 867 570 571 404 658 464 109
10070 10 2189 135 867 464 109 325 857 64 702 19 75 404 658 366 455 570 571 108 85 282 873
1071 10 3838 102 199 466 763 263 838 234 677 953 831 580 534 846 766 745 168 197 509 412 377
2071 10 3838 953 831 846 766 234 677 102 199 197 509 466 763 580 534 263 838 412 377 745 168
3071 10 3838 263 838 466 763 197 509 234 677 580 534 745 168 102 199 412 377 953 831 846 766
4071 10 3838 234 677 953 831 102 199 580 534 263 838 466 763 197 509 412 377 745 168 846 766
5071 10 3838 412 377 745 168 197 509 263 838 846 766 466 763 953 831 234 677 102 199 580 534
6071 10 3838 197 509 466 763 745 168 580 534 846 766 263 838 102 199 953 831 412 377 234 677
7071 10 3838 263 838 102 199 846 766 197 509 745 168 580 534 412 377 953 831 466 763 234 677
8071 10 3838 412 377 102 199 466 763 745 168 846 766 953 831 197 509 263 838 234 677 580 534
9071 10 3838 466 763 263 838 197 509 412 377 580 534 953 831 102 199 234 677 846 766 745 168
10071 10 3838 234 677 466 763 197 509 846 766 263 838 580 534 745 168 412 377 953 831 102 199
1072 10 2910 587 375 41 239 249 354 800 316 196 137 566 485 88 112 790 605 149 256 172 506
2072 10 2910 41 239 88 112 249 354 172 506 566 485 196 137 149 256 587 375 790 605 800 316
3072 10 2910 149 256 249 354 41 239 566 485 88 112 196 137 790 605 587 375 172 506 800 316
4072 10 2910 800 316 149 256 587 375 172 506 790 605 249 354 41 239 196 137 88 112 566 485
5072 10 2910 149 256 800 316 790 605 41 239 172 506 88 112 587 375 196 137 566 485 249 354
6072 10 2910 566 485 249 354 196 137 41 239 800 316 88 112 587 375 172 506 149 256 790 605
7072 10 2910 249 354 790 605 88 112 587 375 800 316 41 239 196 137 566 485 149 256 172 506
8072 10 2910 41 239 88 112 800 316 587 375 196 137 249 354 566 485 790 605 149 256 172 506
9072 10 2910 172 506 587 375 249 354 88 112 800 316 149 256 41 239 566 485 196 137 790 605
10072 10 2910 149 256 790 605 249 354 196 137 587 375 41 239 566 485 172 506 88 112 800 316
1073 10 1736 398 148 64 365 175 901 159 566 142 802 106 534 202 788 290 59 95 948 539 899
2073 10 1736 202 788 95 948 142 802 539 899 106 534 290 59 398 148 159 566 175 901 64 365
3073 10 1736 106 534 290 59 398 148 64 365 142 802 539 899 159 566 95 948 175 901 202 788
4073 10 1736 539 899 398 148 290 59 175 901 106 534 64 365 202 788 159 566 95 948 142 802
5073 10 1736 539 899 142 802 398 148 106 534 290 59 64 365 175 901 95 948 202 788 159 566
6073 10 1736 142 802 106 534 175 901 290 59 159 566 539 899 202 788 398 148 95 948 64 365
7073 10 1736 398 148 539 899 142 802 202 788 64 365 106 534 175 901 290 59 95 948 159 566
8073 10 1736 142 802 159 566 64 365 175 901 398 148 95 948 539 899 106 534 202 788 290 59
9073 10 1736 159 566 106 534 398 148 142 802 95 948 202 788 175 901 64 365 539 899 290 59
10073 10 1736 539 899 398 148 142 802 175 901 290 59 95 948 159 566 64 365 106 534 202 788
1074 10 1776 27 274 31 442 118 962 130 872 348 441 73 699 576 570 591 151 59 545 268 472
2074 10 1776 348 441 73 699 31 442 59 545 268 472 130 872 576 570 27 274 591 151 118 962
3074 10 1776 59 545 31 442 268 472 348 441 576 570 118 962 591 151 130 872 27 274 73 699
4074 10 1776 118 962 591 151 59 545 576 570 348 441 130 872 268 472 73 699 31 442 27 274
5074 10 1776 130 872 118 962 348 441 73 699 27 274 59 545 576 570 268 472 591 151 31 442
6074 10 1776 591 151 348 441 59 545 268 472 576 570 31 442 130 872 118 962 73 699 27 274
7074 10 1776 31 442 348 441 73 699 59 545 576 570 130 872 27 274 591 151 118 962 268 472
8074 10 1776 591 151 59 545 118 962 348 441 576 570 31 442 268 472 27 274 130 872 73 699
9074 10 1776 31 442 130 872 348 441 73 699 591 151 118 962 27 274 576 570 268 472 59 545
10074 10 1776 59 545 591 151 73 699 268 472 118 962 130 872 31 442 27 274 576 570 348 441
1075 10 2458 48 9 155 632 602 615 92 273 21 23 155 220 992 939 198 882 379 667 431 915
2075 10 2458 155 220 992 939 92 273 155 632 48 9 21 23 431 915 379 667 602 615 198 882
3075 10 2458 198 882 155 220 602 615 21 23 379 667 155 632 431 915 92 273 48 9 992 939
4075 10 2458 602 615 155 220 21 23 92 273 48 9 379 667 198 882 155 632 992 939 431 915
5075 10 2458 155 220 198 882 155 632 602 615 48 9 379 667 21 23 431 915 992 939 92 273
6075 10 2458 992 939 155 220 155 632 21 23 48 9 431 915 198 882 92 273 602 615 379 667
7075 10 2458 21 23 92 273 379 667 602 615 48 9 431 915 198 882 992 939 155 220 155 632
8075 10 2458 92 273 48 9 155 220 21 23 602 615 431 915 155 632 198 882 992 939 379 667
9075 10 2458 155 632 21 23 379 667 992 939 92 273 431 915 602 615 198 882 48 9 155 220
10075 10 2458 48 9 21 23 431 915 92 273 602 615 155 632 379 667 198 882 155 220 992 939
1076 10 3302 254 941 776 621 393 511 817 156 87 322 312 52 737 286 60 561 490 635 202 613
2076 10 3302 393 511 776 621 60 561 254 941 202 613 312 52 737 286 817 156 87 322 490 635
3076 10 3302 393 511 490 635 776 621 817 156 202 613 254 941 312 52 87 322 60 561 737 286
4076 10 3302 312 52 490 635 393 511 87 322 60 561 776 621 254 941 202 613 737 286 817 156
5076 10 3302 312 52 737 286 202 613 254 941 490 635 87 322 817 156 60 561 776 621 393 511
6076 10 3302 776 621 87 322 202 613 60 561 393 511 254 941 737 286 490 635 817 156 312 52
7076 10 3302 737 286 60 561 776 621 393 511 202 613 490 635 817 156 254 941 312 52 87 322
8076 10 3302 202 613 60 561 776 621 817 156 393 511 87 322 312 52 254 941 737 286 490 635
9076 10 3302 393 511 776 621 87 322 312 52 737 286 202 613 817 156 254 941 490 635 60 561
10076 10 3302 60 561 393 511 202 613 776 621 254 941 490 635 737 286 87 322 817 156 312 52
1077 10 1890 4 346 244 578 580 158 163 229 165 471 3 412 35 434 184 493 768 282 217 220
2077 10 1890 580 158 217 220 184 493 163 229 244 578 4 346 768 282 3 412 35 434 165 471
3077 10 1890 165 471 4 346 3 412 580 158 244 578 163 229 184 493 35 434 217 220 768 282
4077 10 1890 184 493 3 412 217 220 768 282 244 578 580 158 163 229 4 346 165 471 35 434
5077 10 1890 165 471 3 412 580 158 768 282 244 578 184 493 163 229 35 434 4 346 217 220
6077 10 1890 165 471 184 493 4 346 580 158 768 282 217 220 35 434 163 229 3 412 244 578
7077 10 1890 580 158 4 346 217 220 3 412 163 229 35 434 184 493 244 578 768 282 165 471
8077 10 1890 35 434 217 220 580 158 163 229 3 412 184 493 165 471 768 282 4 346 244 578
9077 10 1890 163 229 35 434 3 412 244 578 184 493 4 346 217 220 165 471 580 158 768 282
10077 10 1890 3 412 244 578 165 471 4 346 184 493 768 282 35 434 163 229 217 220 580 158
1078 10 2196 703 342 229 278 125 464 120 477 184 668 205 273 82 766 112 712 156 861 829 526
2078 10 2196 120 477 184 668 703 342 112 712 229 278 829 526 205 273 156 861 125 464 82 766
3078 10 2196 205 273 156 861 829 526 703 342 125 464 229 278 120 477 184 668 82 766 112 712
4078 10 2196 205 273 125 464 184 668 829 526 112 712 703 342 156 861 82 766 229 278 120 477
5078 10 2196 703 342 82 766 829 526 205 273 229 278 156 861 184 668 120 477 125 464 112 712
6078 10 2196 829 526 156 861 125 464 184 668 112 712 82 766 229 278 703 342 120 477 205 273
7078 10 2196 120 477 229 278 156 861 703 342 125 464 205 273 112 712 82 766 829 526 184 668
8078 10 2196 205 273 229 278 120 477 112 712 125 464 156 861 184 668 82 766 703 342 829 526
9078 10 2196 156 861 703 342 125 464 829 526 120 477 184 668 112 712 205 273 82 766 229 278
10078 10 2196 703 342 156 861 125 464 205 273 120 477 82 766 829 526 229 278 184 668 112 712
1079 10 2848 28 254 622 395 106 660 874 476 270 421 366 633 149 614 710 911 47 826 389 42
2079 10 2848 874 476 270 421 366 633 710 911 106 660 28 254 47 826 389 42 149 614 622 395
3079 10 2848 710 911 149 614 874 476 622 395 28 254 106 660 270 421 366 633 47 826 389 42
4079 10 2848 149 614 710 911 47 826 28 254 874 476 270 421 366 633 106 660 389 42 622 395
5079 10 2848 622 395 366 633 389 42 47 826 106 660 270 421 874 476 28 254 710 911 149 614
6079 10 2848 389 42 710 911 270 421 106 660 149 614 366 633 874 476 28 254 622 395 47 826
7079 10 2848 47 826 149 614 874 476 710 911 270 421 366 633 389 42 28 254 622 395 106 660
8079 10 2848 28 254 47 826 710 911 149 614 270 421 106 660 622 395 389 42 874 476 366 633
9079 10 2848 366 633 28 254 47 826 389 42 106 660 710 911 270 421 874 476 622 395 149 614
10079 10 2848 710 911 270 421 874 476 28 254 622 395 366 633 106 660 389 42 47 826 149 614
1080 10 3908 820 494 627 395 545 924 553 644 235 979 321 835 767 148 307 1000 54 267 656 806
2080 10 3908 656 806 545 924 54 267 235 979 321 835 767 148 307 1000 820 494 553 644 627 395
3080 10 3908 656 806 545 924 767 148 235 979 820 494 307 1000 321 835 54 267 627 395 553 644
4080 10 3908 767 148 321 835 545 924 820 494 307 1000 235 979 627 395 54 267 656 806 553 644
5080 10 3908 545 924 767 148 627 395 307 1000 820 494 235 979 321 835 553 644 54 267 656 806
6080 10 3908 235 979 627 395 656 806 307 1000 767 148 553 644 820 494 545 924 54 267 321 835
7080 10 3908 820 494 235 979 545 924 307 1000 767 148 321 835 627 395 656 806 54 267 553 644
8080 10 3908 820 494 54 267 307 1000 235 979 553 644 656 806 321 835 767 148 545 924 627 395
9080 10 3908 767 148 627 395 321 835 820 494 235 979 545 924 54 267 656 806 307 1000 553 644
10080 10 3908 54 267 767 148 820 494 545 924 235 979 321 835 627 395 307 1000 656 806 553 644
1081 10 2134 345 369 169 368 472 873 41 76 498 168 118 732 683 928 64 49 36 305 242 826
2081 10 2134 41 76 242 826 345 369 118 732 683 928 169 368 64 49 472 873 36 305 498 168
3081 10 2134 169 368 41 76 36 305 472 873 345 369 64 49 683 928 498 168 118 732 242 826
4081 10 2134 36 305 118 732 498 168 345 369 242 826 64 49 472 873 41 76 169 368 683 928
5081 10 2134 36 305 472 873 683 928 498 168 64 49 242 826 345 369 118 732 169 368 41 76
6081 10 2134 683 928 169 368 118 732 64 49 498 168 242 826 41 76 345 369 36 305 472 873
7081 10 2134 169 368 64 49 118 732 345 369 242 826 41 76 36 305 498 168 472 873 683 928
8081 10 2134 683 928 169 368 242 826 41 76 36 305 498 168 118 732 472 873 345 369 64 49
9081 10 2134 472 873 345 369 683 928 169 368 41 76 36 305 242 826 498 168 118 732 64 49
10081 10 2134 64 49 345 369 169 368 36 305 242 826 41 76 683 928 472 873 118 732 498 168
1082 10 3492 131 451 188 81 214 686 446 611 442 917 158 444 906 277 504 583 717 300 660 425
2082 10 3492 214 686 131 451 906 277 188 81 660 425 504 583 442 917 717 300 158 444 446 611
3082 10 3492 717 300 158 444 446 611 188 81 131 451 504 583 660 425 906 277 442 917 214 686
4082 10 3492 717 300 446 611 158 444 504 583 660 425 131 451 906 277 188 81 214 686 442 917
5082 10 3492 131 451 214 686 717 300 446 611 906 277 660 425 158 444 188 81 504 583 442 917
6082 10 3492 504 583 158 444 442 917 906 277 660 425 188 81 717 300 214 686 131 451 446 611
7082 10 3492 504 583 158 444 442 917 188 81 131 451 214 686 660 425 906 277 446 611 717 300
8082 10 3492 660 425 214 686 188 81 442 917 131 451 504 583 906 277 446 611 717 300 158 444
9082 10 3492 442 917 717 300 188 81 214 686 131 451 504 583 446 611 660 425 906 277 158 444
10082 10 3492 504 583 158 444 131 451 446 611 717 300 906 277 188 81 660 425 442 917 214 686
1083 10 1815 230 130 98 66 49 52 201 361 114 978 84 650 496 622 146 558 258 110 593 840
2083 10 1815 98 66 49 52 146 558 496 622 230 130 258 110 593 840 84 650 201 361 114 978
3083 10 1815 201 361 230 130 496 622 84 650 258 110 114 978 98 66 593 840 49 52 146 558
4083 10 1815 84 650 230 130 258 110 49 52 593 840 146 558 201 361 496 622 98 66 114 978
5083 10 1815 496 622 146 558 49 52 258 110 230 130 98 66 201 361 84 650 114 978 593 840
6083 10 1815 146 558 258 110 230 130 593 840 84 650 49 52 496 622 201 361 98 66 114 978
7083 10 1815 84 650 258 110 146 558 201 361 49 52 496 622 593 840 114 978 230 130 98 66
8083 10 1815 496 622 98 66 201 361 114 978 84 650 146 558 230 130 258 110 593 840 49 52
9083 10 1815 49 52 146 558 201 361 593 840 84 650 230 130 496 622 114 978 98 66 258 110
10083 10 1815 496 622 230 130 98 66 146 558 258 110 49 52 593 840 201 361 84 650 114 978
1084 10 2680 62 254 36 365 248 549 365 570 288 537 663 132 235 887 180 75 362 536 912 296
2084 10 2680 235 887 362 536 62 254 248 549 36 365 365 570 288 537 663 132 912 296 180 75
3084 10 2680 362 536 62 254 365 570 288 537 248 549 235 887 663 132 912 296 36 365 180 75
4084 10 2680 248 549 362 536 288 537 912 296 62 254 663 132 235 887 365 570 36 365 180 75
5084 10 2680 288 537 365 570 36 365 180 75 362 536 235 887 248 549 663 132 62 254 912 296
6084 10 2680 62 254 248 549 365 570 912 296 362 536 288 537 235 887 663 132 180 75 36 365
7084 10 2680 288 537 235 887 36 365 365 570 180 75 62 254 663 132 362 536 248 549 912 296
8084 10 2680 248 549 365 570 912 296 663 132 180 75 62 254 235 887 362 536 288 537 36 365
9084 10 2680 912 296 36 365 663 132 235 887 365 570 180 75 362 536 62 254 288 537 248 549
10084 10 2680 912 296 663 132 36 365 365 570 62 254 235 887 180 75 288 537 362 536 248 549
1085 10 3018 187 177 576 87 744 117 652 477 796 432 195 408 82 298 143 849 247 689 151 524
2085 10 3018 247 689 151 524 796 432 187 177 82 298 195 408 143 849 576 87 744 117 652 477
3085 10 3018 247 689 151 524 652 477 187 177 82 298 143 849 744 117 576 87 195 408 796 432
4085 10 3018 247 689 143 849 652 477 195 408 82 298 576 87 744 117 796 432 187 177 151 524
5085 10 3018 576 87 187 177 151 524 744 117 195 408 143 849 82 298 247 689 652 477 796 432
6085 10 3018 187 177 652 477 195 408 796 432 151 524 744 117 143 849 82 298 576 87 247 689
7085 10 3018 82 298 796 432 247 689 652 477 576 87 143 849 187 177 195 408 744 117 151 524
8085 10 3018 82 298 187 177 195 408 143 849 151 524 247 689 652 477 796 432 744 117 576 87
9085 10 3018 151 524 796 432 247 689 576 87 744 117 652 477 143 849 187 177 195 408 82 298
10085 10 3018 247 689 652 477 195 408 576 87 796 432 82 298 151 524 744 117 143 849 187 177
1086 10 3118 5 459 833 801 294 976 398 887 385 377 229 80 421 832 100 604 441 423 792 426
2086 10 3118 398 887 385 377 421 832 833 801 441 423 229 80 5 459 100 604 294 976 792 426
3086 10 3118 229 80 294 976 100 604 792 426 385 377 5 459 421 832 833 801 441 423 398 887
4086 10 3118 5 459 229 80 421 832 441 423 385 377 398 887 100 604 833 801 792 426 294 976
5086 10 3118 385 377 294 976 421 832 833 801 792 426 5 459 441 423 398 887 100 604 229 80
6086 10 3118 792 426 421 832 100 604 229 80 5 459 833 801 441 423 398 887 294 976 385 377
7086 10 3118 441 423 229 80 385 377 792 426 398 887 833 801 100 604 5 459 421 832 294 976
8086 10 3118 229 80 441 423 792 426 294 976 100 604 421 832 833 801 385 377 398 887 5 459
9086 10 3118 421 832 229 80 100 604 833 801 294 976 5 459 398 887 385 377 441 423 792 426
10086 10 3118 398 887 833 801 441 423 229 80 421 832 100 604 294 976 5 459 385 377 792 426
1087 10 2724 656 828 767 815 366 878 527 581 70 464 56 10 657 360 164 37 99 858 44 745
2087 10 2724 99 858 657 360 164 37 44 745 70 464 656 828 56 10 366 878 767 815 527 581
3087 10 2724 44 745 99 858 657 360 656 828 767 815 366 878 56 10 164 37 70 464 527 581
4087 10 2724 56 10 657 360 366 878 164 37 656 828 527 581 99 858 767 815 70 464 44 745
5087 10 2724 527 581 656 828 56 10 44 745 164 37 99 858 366 878 70 464 657 360 767 815
6087 10 2724 767 815 164 37 44 745 657 360 366 878 56 10 527 581 99 858 656 828 70 464
7087 10 2724 56 10 44 745 527 581 656 828 99 858 657 360 70 464 767 815 366 878 164 37
8087 10 2724 70 464 527 581 657 360 56 10 767 815 656 828 44 745 99 858 366 878 164 37
9087 10 2724 656 828 366 878 44 745 767 815 657 360 527 581 56 10 164 37 99 858 70 464
10087 10 2724 44 745 656 828 767 815 164 37 527 581 70 464 56 10 366 878 99 858 657 360
1088 10 3018 911 732 38 765 455 337 182 690 297 263 611 461 325 698 357 346 580 805 17 461
2088 10 3018 611 461 357 346 182 690 580 805 455 337 38 765 325 698 297 263 911 732 17 461
3088 10 3018 455 337 357 346 17 461 325 698 297 263 911 732 611 461 580 805 38 765 182 690
4088 10 3018 38 765 911 732 580 805 357 346 611 461 297 263 17 461 182 690 325 698 455 337
5088 10 3018 611 461 325 698 911 732 297 263 580 805 38 765 182 690 17 461 455 337 357 346
6088 10 3018 182 690 17 461 297 263 580 805 611 461 455 337 38 765 325 698 357 346 911 732
7088 10 3018 911 732 611 461 580 805 38 765 297 263 357 346 182 690 325 698 17 461 455 337
8088 10 3018 325 698 17 461 357 346 911 732 182 690 297 263 455 337 580 805 38 765 611 461
9088 10 3018 911 732 611 461 455 337 325 698 580 805 38 765 182 690 297 263 17 461 357 346
10088 10 3018 911 732 580 805 182 690 17 461 357 346 38 765 611 461 325 698 297 263 455 337
1089 10 2329 254 943 422 130 75 14 320 395 14 656 209 978 723 177 150 262 711 921 34 629
2089 10 2329 254 943 150 262 75 14 320 395 34 629 711 921 209 978 14 656 723 177 422 130
3089 10 2329 75 14 14 656 320 395 422 130 711 921 209 978 723 177 34 629 254 943 150 262
4089 10 2329 711 921 320 395 75 14 422 130 209 978 14 656 34 629 254 943 723 177 150 262
5089 10 2329 711 921 422 130 150 262 320 395 34 629 723 177 209 978 254 943 75 14 14 656
6089 10 2329 723 177 34 629 14 656 422 130 209 978 320 395 254 943 711 921 150 262 75 14
7089 10 2329 209 978 254 943 14 656 422 130 320 395 711 921 723 177 34 629 75 14 150 262
8089 10 2329 34 629 711 921 14 656 150 262 723 177 422 130 320 395 254 943 75 14 209 978
9089 10 2329 209 978 34 629 320 395 75 14 711 921 723 177 254 943 14 656 422 130 150 262
10089 10 2329 723 177 254 943 711 921 14 656 150 262 422 130 34 629 209 978 320 395 75 14
1090 10 2850 889 331 44 682 231 476 219 831 271 267 123 540 595 727 447 299 631 571 113 787
2090 10 2850 447 299 231 476 123 540 595 727 113 787 44 682 219 831 889 331 631 571 271 267
3090 10 2850 123 540 113 787 44 682 447 299 631 571 231 476 889 331 271 267 219 831 595 727
4090 10 2850 113 787 595 727 631 571 44 682 889 331 271 267 231 476 123 540 447 299 219 831
5090 10 2850 631 571 231 476 271 267 889 331 123 540 44 682 113 787 595 727 447 299 219 831
6090 10 2850 219 831 271 267 123 540 631 571 231 476 889 331 44 682 447 299 113 787 595 727
7090 10 2850 231 476 447 299 219 831 113 787 271 267 123 540 595 727 631 571 889 331 44 682
8090 10 2850 219 831 447 299 123 540 889 331 631 571 113 787 231 476 44 682 271 267 595 727
9090 10 2850 123 540 231 476 44 682 113 787 219 831 889 331 631 571 271 267 595 727 447 299
10090 10 2850 123 540 219 831 595 727 231 476 271 267 447 299 113 787 889 331 631 571 44 682
1091 10 3476 390 446 562 176 448 973 657 235 107 487 31 327 593 511 757 747 641 714 160 522
2091 10 3476 31 327 757 747 641 714 448 973 657 235 593 511 562 176 390 446 107 487 160 522
3091 10 3476 562 176 757 747 390 446 448 973 160 522 107 487 593 511 657 235 31 327 641 714
4091 10 3476 160 522 657 235 593 511 31 327 448 973 641 714 757 747 390 446 107 487 562 176
5091 10 3476 160 522 448 973 107 487 641 714 390 446 757 747 31 327 593 511 562 176 657 235
6091 10 3476 593 511 657 235 641 714 562 176 31 327 160 522 448 973 107 487 757 747 390 446
7091 10 3476 448 973 593 511 657 235 390 446 641 714 757 747 31 327 107 487 160 522 562 176
8091 10 3476 31 327 757 747 107 487 641 714 160 522 390 446 448 973 657 235 593 511 562 176
9091 10 3476 160 522 390 446 31 327 757 747 641 714 448 973 107 487 562 176 657 235 593 511
10091 10 3476 593 511 160 522 757 747 107 487 31 327 562 176 641 714 390 446 657 235 448 973
1092 10 2932 231 313 115 532 128 992 24 146 532 820 952 684 11 878 185 434 546 403 941 169
2092 10 2932 24 146 952 684 532 820 231 313 185 434 941 169 128 992 546 403 11 878 115 532
3092 10 2932 185 434 532 820 24 146 231 313 11 878 941 169 546 403 115 532 952 684 128 992
4092 10 2932 546 403 24 146 941 169 11 878 185 434 128 992 115 532 532 820 231 313 952 684
5092 10 2932 185 434 115 532 532 820 546 403 231 313 952 684 11 878 24 146 941 169 128 992
6092 10 2932 231 313 11 878 532 820 185 434 115 532 24 146 952 684 941 169 128 992 546 403
7092 10 2932 941 169 546 403 185 434 11 878 952 684 24 146 231 313 115 532 128 992 532 820
8092 10 2932 532 820 128 992 941 169 185 434 115 532 231 313 952 684 11 878 546 403 24 146
9092 10 2932 941 169 231 313 11 878 546 403 952 684 24 146 128 992 115 532 532 820 185 434
10092 10 2932 24 146 532 820 941 169 546 403 185 434 128 992 115 532 231 313 952 684 11 878
1093 10 3561 352 505 610 463 976 314 370 798 311 644 418 915 195 949 384 548 602 792 234 879
2093 10 3561 384 548 352 505 610 463 311 644 602 792 234 879 370 798 418 915 195 949 976 314
3093 10 3561 234 879 352 505 311 644 384 548 610 463 976 314 370 798 418 915 602 792 195 949
4093 10 3561 311 644 370 798 602 792 195 949 418 915 234 879 976 314 610 463 352 505 384 548
5093 10 3561 418 915 610 463 311 644 370 798 195 949 602 792 976 314 352 505 384 548 234 879
6093 10 3561 370 798 602 792 311 644 384 548 610 463 418 915 976 314 195 949 234 879 352 505
7093 10 3561 352 505 602 792 976 314 234 879 195 949 311 644 610 463 370 798 418 915 384 548
8093 10 3561 384 548 311 644 195 949 602 792 610 463 352 505 370 798 976 314 418 915 234 879
9093 10 3561 418 915 195 949 384 548 602 792 311 644 370 798 976 314 610 463 352 505 234 879
10093 10 3561 976 314 370 798 384 548 352 505 234 879 610 463 311 644 195 949 418 915 602 792
1094 10 2233 421 279 666 485 202 732 507 666 43 118 56 258 220 84 69 581 239 965 369 617
2094 10 2233 43 118 421 279 56 258 369 617 239 965 202 732 666 485 220 84 69 581 507 666
3094 10 2233 507 666 239 965 56 258 421 279 69 581 666 485 43 118 369 617 202 732 220 84
4094 10 2233 56 258 220 84 369 617 239 965 202 732 507 666 421 279 666 485 43 118 69 581
5094 10 2233 507 666 421 279 220 84 202 732 666 485 43 118 369 617 239 965 56 258 69 581
6094 10 2233 220 84 69 581 239 965 666 485 202 732 507 666 43 118 56 258 421 279 369 617
7094 10 2233 202 732 56 258 369 617 43 118 220 84 666 485 239 965 507 666 421 279 69 581
8094 10 2233 239 965 69 581 369 617 43 118 421 279 56 258 220 84 666 485 202 732 507 666
9094 10 2233 69 581 369 617 43 118 507 666 202 732 421 279 56 258 666 485 239 965 220 84
10094 10 2233 507 666 666 485 220 84 43 118 239 965 369 617 421 279 56 258 69 581 202 732
1095 10 2851 480 202 486 702 52 677 191 305 749 654 204 111 543 351 601 302 243 38 15 593
2095 10 2851 243 38 601 302 543 351 191 305 749 654 15 593 52 677 204 111 486 702 480 202
3095 10 2851 601 302 204 111 486 702 749 654 15 593 480 202 191 305 243 38 52 677 543 351
4095 10 2851 601 302 243 38 480 202 204 111 191 305 749 654 15 593 52 677 543 351 486 702
5095 10 2851 480 202 191 305 15 593 243 38 601 302 543 351 204 111 52 677 486 702 749 654
6095 10 2851 52 677 15 593 480 202 749 654 601 302 191 305 486 702 543 351 204 111 243 38
7095 10 2851 204 111 191 305 601 302 480 202 543 351 15 593 486 702 749 654 243 38 52 677
8095 10 2851 480 202 15 593 191 305 543 351 601 302 52 677 486 702 204 111 243 38 749 654
9095 10 2851 486 702 749 654 15 593 480 202 204 111 601 302 543 351 191 305 52 677 243 38
10095 10 2851 486 702 749 654 543 351 243 38 52 677 204 111 15 593 480 202 601 302 191 305
1096 10 3238 635 732 147 202 26 684 480 114 686 977 382 551 320 433 135 40 410 544 827 237
2096 10 3238 320 433 686 977 480 114 635 732 827 237 135 40 26 684 382 551 410 544 147 202
3096 10 3238 382 551 827 237 686 977 26 684 320 433 480 114 635 732 410 544 135 40 147 202
4096 10 3238 135 40 480 114 686 977 320 433 635 732 147 202 26 684 827 237 382 551 410 544
5096 10 3238 382 551 26 684 320 433 410 544 480 114 135 40 686 977 827 237 635 732 147 202
6096 10 3238 686 977 827 237 480 114 26 684 382 551 135 40 320 433 410 544 635 732 147 202
7096 10 3238 635 732 26 684 480 114 686 977 410 544 827 237 147 202 320 433 382 551 135 40
8096 10 3238 320 433 26 684 480 114 135 40 382 551 827 237 410 544 635 732 147 202 686 977
9096 10 3238 382 551 26 684 686 977 635 732 480 114 147 202 827 237 135 40 320 433 410 544
10096 10 3238 410 544 320 433 480 114 686 977 26 684 635 732 382 551 147 202 827 237 135 40
1097 10 3092 353 106 776 961 473 516 294 408 343 968 354 194 512 711 36 111 581 889 143 834
2097 10 3092 473 516 354 194 343 968 36 111 776 961 143 834 294 408 581 889 512 711 353 106
3097 10 3092 512 711 36 111 353 106 354 194 343 968 776 961 473 516 581 889 143 834 294 408
4097 10 3092 143 834 473 516 36 111 343 968 294 408 512 711 776 961 581 889 354 194 353 106
5097 10 3092 473 516 294 408 354 194 36 111 343 968 512 711 776 961 143 834 581 889 353 106
6097 10 3092 343 968 354 194 36 111 294 408 473 516 776 961 581 889 353 106 143 834 512 711
7097 10 3092 354 194 36 111 473 516 776 961 343 968 512 711 294 408 143 834 353 106 581 889
8097 10 3092 776 961 36 111 512 711 581 889 473 516 353 106 143 834 354 194 343 968 294 408
9097 10 3092 353 106 776 961 354 194 294 408 343 968 143 834 512 711 581 889 473 516 36 111
10097 10 3092 581 889 36 111 354 194 343 968 776 961 143 834 473 516 294 408 353 106 512 711
1098 10 1887 8 323 44 705 425 397 678 959 43 919 242 755 530 44 131 239 89 602 169 134
2098 10 1887 530 44 678 959 8 323 43 919 169 134 89 602 425 397 44 705 242 755 131 239
3098 10 1887 169 134 425 397 44 705 8 323 89 602 131 239 43 919 242 755 678 959 530 44
4098 10 1887 43 919 8 323 242 755 169 134 131 239 425 397 678 959 89 602 44 705 530 44
5098 10 1887 131 239 169 134 44 705 242 755 425 397 678 959 89 602 8 323 43 919 530 44
6098 10 1887 530 44 242 755 8 323 678 959 169 134 44 705 89 602 43 919 425 397 131 239
7098 10 1887 530 44 131 239 89 602 169 134 44 705 678 959 8 323 43 919 242 755 425 397
8098 10 1887 242 755 89 602 8 323 678 959 44 705 169 134 425 397 43 919 131 239 530 44
9098 10 1887 8 323 425 397 169 134 89 602 530 44 44 705 43 919 678 959 131 239 242 755
10098 10 1887 678 959 530 44 44 705 131 239 425 397 89 602 8 323 242 755 43 919 169 134
1099 10 2558 47 993 310 653 855 47 50 867 808 163 339 510 597 402 99 595 6 668 87 438
2099 10 2558 87 438 808 163 99 595 47 993 855 47 339 510 310 653 597 402 6 668 50 867
3099 10 2558 855 47 808 163 99 595 50 867 339 510 47 993 597 402 310 653 87 438 6 668
4099 10 2558 47 993 310 653 597 402 339 510 855 47 87 438 99 595 6 668 50 867 808 163
5099 10 2558 808 163 855 47 310 653 99 595 50 867 6 668 597 402 47 993 87 438 339 510
6099 10 2558 87 438 597 402 808 163 6 668 99 595 339 510 47 993 855 47 50 867 310 653
7099 10 2558 808 163 6 668 87 438 855 47 99 595 50 867 597 402 310 653 339 510 47 993
8099 10 2558 6 668 87 438 597 402 310 653 99 595 855 47 339 510 50 867 47 993 808 163
9099 10 2558 808 163 6 668 597 402 339 510 50 867 310 653 99 595 855 47 87 438 47 993
10099 10 2558 808 163 87 438 597 402 99 595 855 47 6 668 310 653 339 510 47 993 50 867
1100 10 1796 4 601 48 47 257 104 110 420 779 479 110 461 370 286 413 112 137 129 17 646
2100 10 1796 110 420 413 112 370 286 257 104 48 47 779 479 137 129 4 601 17 646 110 461
3100 10 1796 413 112 779 479 110 420 137 129 370 286 110 461 17 646 257 104 48 47 4 601
4100 10 1796 110 420 137 129 257 104 779 479 17 646 413 112 110 461 370 286 48 47 4 601
5100 10 1796 48 47 137 129 370 286 4 601 17 646 110 461 779 479 110 420 413 112 257 104
6100 10 1796 48 47 110 420 779 479 137 129 110 461 4 601 370 286 413 112 17 646 257 104
7100 10 1796 370 286 110 420 137 129 17 646 110 461 413 112 257 104 4 601 48 47 779 479
8100 10 1796 370 286 137 129 4 601 257 104 110 461 110 420 413 112 779 479 48 47 17 646
9100 10 1796 257 104 110 461 17 646 413 112 779 479 48 47 137 129 4 601 370 286 110 420
10100 10 1796 137 129 110 420 413 112 370 286 17 646 4 601 48 47 110 461 257 104 779 479
