1001 11 3534 172 452 144 2 595 834 586 120 856 457 216 295 61 568 269 901 808 38 109 259 602 242
2001 11 3534 595 834 586 120 269 901 144 2 808 38 61 568 216 295 109 259 602 242 172 452 856 457
3001 11 3534 269 901 856 457 586 120 109 259 595 834 602 242 216 295 144 2 61 568 808 38 172 452
4001 11 3534 216 295 269 901 144 2 856 457 808 38 109 259 61 568 595 834 602 242 586 120 172 452
5001 11 3534 109 259 269 901 586 120 602 242 595 834 61 568 144 2 808 38 216 295 172 452 856 457
1002 11 4027 470 731 514 660 776 547 89 28 89 800 566 29 200 486 617 977 610 89 401 543 702 506
2002 11 4027 776 547 617 977 702 506 610 89 401 543 566 29 470 731 514 660 200 486 89 28 89 800
3002 11 4027 776 547 401 543 617 977 200 486 89 28 566 29 89 800 702 506 610 89 514 660 470 731
4002 11 4027 702 506 89 28 401 543 514 660 776 547 470 731 200 486 566 29 617 977 89 800 610 89
5002 11 4027 200 486 89 800 702 506 89 28 470 731 401 543 610 89 617 977 514 660 566 29 776 547
1003 11 5168 130 30 657 936 852 671 978 640 690 32 790 166 170 572 189 602 520 334 937 59 548 350
2003 11 5168 790 166 189 602 520 334 170 572 937 59 690 32 130 30 852 671 548 350 657 936 978 640
3003 11 5168 790 166 690 32 548 350 937 59 170 572 520 334 657 936 978 640 130 30 852 671 189 602
4003 11 5168 978 640 657 936 170 572 548 350 130 30 790 166 189 602 937 59 520 334 690 32 852 671
5003 11 5168 657 936 130 30 548 350 189 602 937 59 170 572 690 32 852 671 978 640 790 166 520 334
1004 11 4825 213 588 854 549 654 741 197 675 829 70 354 294 954 956 162 877 943 629 530 235 342 298
2004 11 4825 829 70 197 675 342 298 162 877 954 956 654 741 354 294 530 235 854 549 213 588 943 629
3004 11 4825 530 235 943 629 197 675 954 956 654 741 854 549 342 298 354 294 829 70 162 877 213 588
4004 11 4825 530 235 162 877 654 741 354 294 954 956 854 549 943 629 213 588 829 70 197 675 342 298
5004 11 4825 829 70 342 298 654 741 197 675 530 235 213 588 954 956 854 549 943 629 354 294 162 877
1005 11 4426 199 216 701 248 592 67 477 607 270 650 535 833 743 454 634 708 345 72 86 962 951 427
2005 11 4426 199 216 701 248 743 454 270 650 951 427 345 72 86 962 592 67 477 607 634 708 535 833
3005 11 4426 634 708 951 427 477 607 701 248 199 216 270 650 743 454 592 67 345 72 535 833 86 962
4005 11 4426 477 607 634 708 592 67 743 454 270 650 535 833 951 427 345 72 86 962 199 216 701 248
5005 11 4426 199 216 345 72 951 427 701 248 535 833 86 962 477 607 743 454 270 650 592 67 634 708
1006 11 4598 867 722 813 46 751 691 307 708 198 620 539 332 448 744 543 693 780 466 350 905 152 138
2006 11 4598 539 332 350 905 152 138 813 46 780 466 751 691 198 620 448 744 867 722 543 693 307 708
3006 11 4598 751 691 780 466 539 332 152 138 813 46 307 708 198 620 543 693 350 905 448 744 867 722
4006 11 4598 867 722 350 905 813 46 543 693 198 620 780 466 751 691 539 332 448 744 152 138 307 708
5006 11 4598 813 46 307 708 152 138 539 332 751 691 198 620 543 693 780 466 448 744 867 722 350 905
1007 11 4230 137 471 740 102 100 643 682 818 795 219 48 322 108 330 175 768 982 379 950 666 571 305
2007 11 4230 682 818 175 768 571 305 950 666 48 322 795 219 740 102 982 379 100 643 137 471 108 330
3007 11 4230 571 305 100 643 740 102 795 219 137 471 982 379 48 322 682 818 108 330 950 666 175 768
4007 11 4230 175 768 137 471 740 102 795 219 950 666 982 379 108 330 48 322 100 643 571 305 682 818
5007 11 4230 740 102 982 379 48 322 950 666 108 330 100 643 175 768 682 818 137 471 571 305 795 219
1008 11 5557 770 774 503 313 516 437 731 68 944 966 575 801 839 228 208 202 261 933 928 927 672 638
2008 11 5557 770 774 928 927 503 313 839 228 208 202 944 966 672 638 731 68 261 933 575 801 516 437
3008 11 5557 731 68 944 966 575 801 770 774 839 228 672 638 208 202 261 933 928 927 503 313 516 437
4008 11 5557 575 801 516 437 944 966 731 68 928 927 261 933 672 638 208 202 839 228 503 313 770 774
5008 11 5557 928 927 944 966 731 68 208 202 503 313 770 774 516 437 839 228 575 801 261 933 672 638
1009 11 3448 96 866 161 628 162 754 553 184 138 886 639 409 260 412 773 906 484 102 268 382 776 773
2009 11 3448 553 184 260 412 162 754 639 409 484 102 773 906 96 866 776 773 268 382 161 628 138 886
3009 11 3448 484 102 138 886 776 773 96 866 162 754 773 906 161 628 553 184 260 412 639 409 268 382
4009 11 3448 776 773 162 754 773 906 260 412 268 382 161 628 553 184 138 886 639 409 96 866 484 102
5009 11 3448 162 754 776 773 484 102 138 886 639 409 553 184 773 906 260 412 268 382 96 866 161 628
1010 11 3771 475 872 63 383 770 586 188 904 791 796 99 476 558 784 399 769 132 733 634 692 605 65
2010 11 3771 605 65 791 796 99 476 399 769 63 383 558 784 770 586 634 692 475 872 132 733 188 904
3010 11 3771 188 904 63 383 99 476 132 733 634 692 605 65 791 796 475 872 770 586 558 784 399 769
4010 11 3771 63 383 399 769 605 65 770 586 634 692 791 796 132 733 188 904 99 476 558 784 475 872
5010 11 3771 475 872 558 784 605 65 634 692 63 383 99 476 791 796 188 904 132 733 770 586 399 769
1011 11 4324 232 635 646 877 324 56 266 125 528 919 890 645 660 171 264 796 637 454 676 44 283 435
2011 11 4324 660 171 324 56 264 796 283 435 266 125 646 877 890 645 637 454 528 919 676 44 232 635
3011 11 4324 646 877 283 435 266 125 676 44 324 56 890 645 660 171 264 796 232 635 528 919 637 454
4011 11 4324 660 171 528 919 676 44 264 796 266 125 890 645 637 454 283 435 646 877 324 56 232 635
5011 11 4324 264 796 232 635 890 645 528 919 646 877 266 125 676 44 324 56 637 454 660 171 283 435
1012 11 5195 826 471 853 586 599 502 341 281 751 642 657 242 309 698 375 430 577 809 863 980 343 114
2012 11 5195 343 114 657 242 341 281 309 698 853 586 375 430 599 502 863 980 751 642 577 809 826 471
3012 11 5195 341 281 853 586 826 471 599 502 309 698 577 809 657 242 343 114 375 430 863 980 751 642
4012 11 5195 751 642 343 114 853 586 341 281 863 980 657 242 599 502 826 471 577 809 375 430 309 698
5012 11 5195 863 980 657 242 853 586 599 502 577 809 826 471 309 698 375 430 343 114 751 642 341 281
1013 11 4716 875 553 423 185 457 992 232 226 970 980 265 518 990 705 398 503 185 911 933 194 167 579
2013 11 4716 185 911 875 553 265 518 933 194 167 579 457 992 970 980 423 185 398 503 990 705 232 226
3013 11 4716 185 911 457 992 232 226 265 518 990 705 398 503 970 980 423 185 167 579 933 194 875 553
4013 11 4716 265 518 423 185 933 194 185 911 875 553 398 503 457 992 970 980 167 579 232 226 990 705
5013 11 4716 423 185 167 579 185 911 990 705 232 226 457 992 398 503 875 553 970 980 933 194 265 518
1014 11 4368 97 183 218 777 909 319 943 75 663 917 434 944 80 301 408 245 859 166 463 223 387 701
2014 11 4368 663 917 434 944 387 701 97 183 408 245 218 777 463 223 909 319 859 166 943 75 80 301
3014 11 4368 434 944 387 701 218 777 663 917 859 166 80 301 943 75 97 183 463 223 408 245 909 319
4014 11 4368 463 223 663 917 434 944 80 301 97 183 909 319 859 166 408 245 218 777 943 75 387 701
5014 11 4368 943 75 97 183 463 223 408 245 663 917 909 319 218 777 387 701 434 944 80 301 859 166
1015 11 5059 223 448 559 332 807 104 631 157 361 534 631 539 10 67 925 354 825 379 841 459 511 281
2015 11 5059 631 539 925 354 10 67 825 379 559 332 223 448 841 459 807 104 361 534 631 157 511 281
3015 11 5059 511 281 841 459 825 379 631 157 223 448 559 332 10 67 807 104 925 354 361 534 631 539
4015 11 5059 925 354 10 67 825 379 631 539 807 104 511 281 631 157 841 459 559 332 223 448 361 534
5015 11 5059 10 67 631 157 511 281 841 459 361 534 925 354 825 379 223 448 559 332 631 539 807 104
1016 11 5030 810 822 785 167 981 288 450 789 480 52 490 801 823 71 454 857 402 468 84 124 529 203
2016 11 5030 454 857 529 203 84 124 823 71 981 288 480 52 785 167 810 822 450 789 402 468 490 801
3016 11 5030 480 52 823 71 981 288 454 857 810 822 785 167 450 789 490 801 84 124 402 468 529 203
4016 11 5030 785 167 529 203 480 52 810 822 454 857 402 468 84 124 823 71 490 801 450 789 981 288
5016 11 5030 480 52 810 822 402 468 454 857 490 801 823 71 981 288 785 167 450 789 529 203 84 124
1017 11 3837 237 366 711 403 243 927 444 256 62 225 890 947 297 406 312 173 813 615 118 990 670 498
2017 11 3837 62 225 243 927 813 615 312 173 890 947 237 366 297 406 118 990 670 498 711 403 444 256
3017 11 3837 62 225 312 173 243 927 711 403 444 256 297 406 670 498 890 947 118 990 237 366 813 615
4017 11 3837 670 498 237 366 890 947 711 403 444 256 243 927 297 406 312 173 62 225 118 990 813 615
5017 11 3837 670 498 312 173 444 256 890 947 243 927 62 225 813 615 118 990 711 403 237 366 297 406
1018 11 4537 990 300 119 443 573 110 509 806 870 326 498 423 385 719 150 119 88 274 789 440 701 801
2018 11 4537 119 443 498 423 385 719 88 274 870 326 701 801 150 119 789 440 990 300 509 806 573 110
3018 11 4537 509 806 870 326 498 423 573 110 701 801 88 274 990 300 385 719 119 443 150 119 789 440
4018 11 4537 509 806 701 801 385 719 119 443 870 326 150 119 990 300 88 274 573 110 498 423 789 440
5018 11 4537 870 326 990 300 385 719 150 119 88 274 498 423 509 806 701 801 789 440 119 443 573 110
1019 11 4670 348 677 928 243 234 879 269 330 386 962 910 296 659 8 604 401 500 42 378 940 622 462
2019 11 4670 928 243 269 330 604 401 348 677 378 940 622 462 659 8 500 42 386 962 910 296 234 879
3019 11 4670 378 940 234 879 500 42 659 8 928 243 386 962 348 677 269 330 622 462 604 401 910 296
4019 11 4670 386 962 910 296 500 42 659 8 622 462 269 330 234 879 928 243 348 677 378 940 604 401
5019 11 4670 928 243 269 330 348 677 659 8 234 879 378 940 500 42 622 462 910 296 604 401 386 962
1020 11 3602 817 93 54 289 568 642 918 852 283 580 994 340 58 34 4 945 320 933 170 142 317 98
2020 11 3602 58 34 4 945 994 340 320 933 317 98 170 142 568 642 54 289 817 93 283 580 918 852
3020 11 3602 283 580 568 642 320 933 4 945 994 340 58 34 317 98 918 852 54 289 817 93 170 142
4020 11 3602 58 34 320 933 283 580 918 852 994 340 568 642 817 93 54 289 170 142 317 98 4 945
5020 11 3602 317 98 918 852 568 642 54 289 817 93 4 945 283 580 994 340 320 933 170 142 58 34
1021 11 3597 801 895 98 963 976 313 15 276 392 599 429 898 1000 324 6 788 192 746 209 632 379 260
2021 11 3597 392 599 209 632 1000 324 429 898 6 788 192 746 15 276 379 260 98 963 801 895 976 313
3021 11 3597 429 898 1000 324 209 632 379 260 976 313 801 895 392 599 6 788 98 963 192 746 15 276
4021 11 3597 976 313 192 746 15 276 379 260 1000 324 801 895 98 963 429 898 6 788 392 599 209 632
5021 11 3597 392 599 98 963 209 632 192 746 15 276 801 895 1000 324 379 260 429 898 6 788 976 313
1022 11 4504 781 839 557 348 537 489 207 928 774 316 324 982 332 429 855 1 533 706 660 7 71 150
2022 11 4504 774 316 557 348 660 7 781 839 207 928 71 150 537 489 324 982 533 706 332 429 855 1
3022 11 4504 557 348 855 1 537 489 781 839 324 982 207 928 332 429 774 316 533 706 660 7 71 150
4022 11 4504 781 839 774 316 207 928 533 706 855 1 324 982 537 489 332 429 71 150 660 7 557 348
5022 11 4504 71 150 557 348 324 982 537 489 774 316 855 1 781 839 533 706 332 429 207 928 660 7
1023 11 4849 501 221 141 646 632 896 120 773 386 278 321 765 557 151 963 602 836 472 730 194 875 472
2023 11 4849 730 194 963 602 120 773 557 151 632 896 321 765 836 472 141 646 501 221 875 472 386 278
3023 11 4849 141 646 632 896 963 602 501 221 557 151 321 765 386 278 730 194 875 472 120 773 836 472
4023 11 4849 557 151 321 765 632 896 501 221 875 472 836 472 386 278 120 773 963 602 730 194 141 646
5023 11 4849 557 151 141 646 386 278 963 602 836 472 321 765 501 221 120 773 875 472 632 896 730 194
1024 11 6114 658 83 882 175 673 767 635 481 955 376 591 448 473 302 999 595 653 904 973 592 151 884
2024 11 6114 955 376 973 592 882 175 653 904 999 595 591 448 635 481 151 884 658 83 473 302 673 767
3024 11 6114 973 592 999 595 653 904 151 884 955 376 473 302 658 83 882 175 635 481 673 767 591 448
4024 11 6114 151 884 673 767 653 904 591 448 882 175 473 302 973 592 999 595 955 376 635 481 658 83
5024 11 6114 673 767 591 448 973 592 653 904 882 175 473 302 955 376 151 884 658 83 635 481 999 595
1025 11 3109 153 420 961 473 594 291 119 505 165 440 249 524 210 385 188 228 164 957 912 429 172 494
2025 11 3109 188 228 165 440 164 957 153 420 172 494 961 473 119 505 249 524 594 291 210 385 912 429
3025 11 3109 961 473 594 291 172 494 249 524 153 420 164 957 165 440 119 505 912 429 210 385 188 228
4025 11 3109 188 228 172 494 912 429 594 291 164 957 210 385 961 473 249 524 153 420 165 440 119 505
5025 11 3109 164 957 188 228 961 473 153 420 249 524 119 505 172 494 594 291 165 440 210 385 912 429
1026 11 4949 780 921 815 362 407 100 169 898 439 898 768 120 51 851 896 799 376 695 789 415 697 633
2026 11 4949 815 362 169 898 789 415 439 898 780 921 768 120 407 100 896 799 697 633 376 695 51 851
3026 11 4949 376 695 780 921 51 851 407 100 697 633 169 898 768 120 789 415 815 362 439 898 896 799
4026 11 4949 376 695 51 851 789 415 407 100 780 921 439 898 896 799 169 898 768 120 697 633 815 362
5026 11 4949 407 100 896 799 169 898 815 362 697 633 439 898 789 415 376 695 51 851 768 120 780 921
1027 11 4795 932 75 163 959 536 877 751 798 116 904 393 150 736 826 915 318 238 711 416 865 798 3
2027 11 4795 238 711 915 318 798 3 163 959 393 150 736 826 416 865 536 877 116 904 932 75 751 798
3027 11 4795 238 711 536 877 915 318 393 150 751 798 736 826 416 865 163 959 932 75 116 904 798 3
4027 11 4795 393 150 416 865 798 3 932 75 751 798 238 711 536 877 915 318 116 904 736 826 163 959
5027 11 4795 393 150 736 826 751 798 416 865 238 711 536 877 798 3 163 959 915 318 116 904 932 75
1028 11 3980 233 297 413 940 4 376 820 316 688 867 11 860 595 39 935 840 779 200 297 161 200 334
2028 11 3980 200 334 233 297 595 39 11 860 413 940 779 200 820 316 935 840 4 376 297 161 688 867
3028 11 3980 595 39 233 297 4 376 688 867 935 840 779 200 413 940 297 161 11 860 820 316 200 334
4028 11 3980 779 200 297 161 413 940 11 860 820 316 233 297 688 867 935 840 4 376 595 39 200 334
5028 11 3980 4 376 935 840 200 334 779 200 688 867 233 297 595 39 413 940 11 860 820 316 297 161
1029 11 4452 787 168 412 297 198 657 955 192 394 235 59 790 411 92 926 165 450 782 564 16 409 415
2029 11 4452 955 192 564 16 59 790 787 168 198 657 409 415 450 782 412 297 926 165 411 92 394 235
3029 11 4452 926 165 955 192 59 790 198 657 409 415 394 235 411 92 412 297 564 16 787 168 450 782
4029 11 4452 59 790 412 297 198 657 411 92 955 192 787 168 409 415 394 235 564 16 450 782 926 165
5029 11 4452 59 790 787 168 394 235 412 297 564 16 409 415 198 657 926 165 955 192 411 92 450 782
1030 11 5296 299 738 465 751 869 794 358 543 967 349 613 33 909 514 979 280 754 141 273 626 135 430
2030 11 5296 465 751 967 349 909 514 299 738 613 33 869 794 273 626 135 430 754 141 358 543 979 280
3030 11 5296 135 430 273 626 979 280 967 349 299 738 465 751 613 33 754 141 869 794 358 543 909 514
4030 11 5296 465 751 754 141 909 514 358 543 135 430 967 349 273 626 613 33 299 738 979 280 869 794
5030 11 5296 613 33 299 738 967 349 135 430 358 543 273 626 754 141 979 280 909 514 869 794 465 751
1031 11 4324 617 202 861 576 462 894 401 857 37 133 566 933 527 630 19 716 871 688 863 316 182 452
2031 11 4324 861 576 871 688 401 857 182 452 19 716 462 894 566 933 527 630 863 316 37 133 617 202
3031 11 4324 37 133 527 630 401 857 462 894 182 452 617 202 19 716 566 933 863 316 861 576 871 688
4031 11 4324 527 630 37 133 617 202 871 688 401 857 462 894 182 452 861 576 863 316 19 716 566 933
5031 11 4324 861 576 462 894 19 716 37 133 401 857 566 933 182 452 617 202 871 688 863 316 527 630
1032 11 3783 522 411 33 724 568 43 91 619 530 118 977 567 675 451 768 241 273 925 105 525 187 779
2032 11 3783 91 619 768 241 187 779 977 567 530 118 522 411 33 724 568 43 675 451 273 925 105 525
3032 11 3783 187 779 568 43 105 525 33 724 768 241 91 619 530 118 977 567 675 451 273 925 522 411
4032 11 3783 675 451 530 118 91 619 105 525 568 43 768 241 33 724 273 925 187 779 977 567 522 411
5032 11 3783 977 567 530 118 91 619 33 724 768 241 568 43 187 779 522 411 105 525 273 925 675 451
1033 11 3470 526 134 75 593 284 216 141 621 365 512 39 869 749 356 144 505 931 317 176 129 908 955
2033 11 3470 39 869 526 134 176 129 284 216 365 512 749 356 141 621 931 317 75 593 908 955 144 505
3033 11 3470 39 869 176 129 749 356 526 134 144 505 931 317 284 216 365 512 141 621 908 955 75 593
4033 11 3470 284 216 931 317 144 505 526 134 141 621 908 955 39 869 176 129 75 593 365 512 749 356
5033 11 3470 141 621 39 869 931 317 284 216 526 134 144 505 908 955 75 593 176 129 749 356 365 512
1034 11 4565 925 820 261 230 849 661 320 458 36 527 142 783 694 506 307 515 833 913 457 737 883 904
2034 11 4565 307 515 320 458 457 737 694 506 883 904 142 783 849 661 833 913 261 230 36 527 925 820
3034 11 4565 320 458 142 783 261 230 307 515 457 737 883 904 36 527 833 913 694 506 925 820 849 661
4034 11 4565 694 506 849 661 36 527 925 820 457 737 307 515 883 904 261 230 320 458 142 783 833 913
5034 11 4565 36 527 925 820 307 515 849 661 261 230 457 737 694 506 883 904 320 458 833 913 142 783
1035 11 4372 381 4 472 43 364 230 236 262 558 57 570 946 906 228 665 371 65 757 812 720 436 130
2035 11 4372 558 57 381 4 665 371 65 757 570 946 906 228 364 230 812 720 472 43 436 130 236 262
3035 11 4372 906 228 65 757 558 57 570 946 236 262 436 130 381 4 472 43 364 230 812 720 665 371
4035 11 4372 906 228 236 262 812 720 381 4 65 757 472 43 558 57 364 230 570 946 665 371 436 130
5035 11 4372 906 228 65 757 570 946 381 4 364 230 472 43 558 57 812 720 665 371 436 130 236 262
1036 11 4039 261 419 248 117 659 879 606 429 838 973 185 771 849 67 502 267 376 364 19 159 506 465
2036 11 4039 849 67 659 879 261 419 185 771 19 159 506 465 376 364 606 429 248 117 502 267 838 973
3036 11 4039 261 419 606 429 248 117 849 67 19 159 838 973 659 879 506 465 502 267 376 364 185 771
4036 11 4039 261 419 659 879 606 429 506 465 502 267 838 973 849 67 19 159 248 117 185 771 376 364
5036 11 4039 502 267 261 419 849 67 376 364 659 879 185 771 606 429 19 159 506 465 248 117 838 973
1037 11 3786 612 122 237 157 57 674 996 687 816 948 572 898 485 332 309 166 280 570 246 540 123 464
2037 11 3786 57 674 612 122 123 464 280 570 246 540 237 157 572 898 309 166 816 948 996 687 485 332
3037 11 3786 57 674 996 687 280 570 572 898 123 464 309 166 612 122 246 540 816 948 485 332 237 157
4037 11 3786 816 948 237 157 246 540 57 674 123 464 309 166 572 898 996 687 280 570 485 332 612 122
5037 11 3786 485 332 309 166 237 157 246 540 572 898 123 464 57 674 816 948 280 570 996 687 612 122
1038 11 5799 743 990 734 72 812 882 846 259 715 916 655 950 693 156 428 494 652 530 599 78 372 294
2038 11 5799 693 156 599 78 812 882 743 990 846 259 428 494 734 72 715 916 652 530 372 294 655 950
3038 11 5799 734 72 846 259 599 78 428 494 743 990 715 916 655 950 812 882 652 530 372 294 693 156
4038 11 5799 652 530 655 950 812 882 734 72 599 78 743 990 693 156 715 916 372 294 428 494 846 259
5038 11 5799 372 294 652 530 599 78 428 494 734 72 743 990 715 916 655 950 812 882 693 156 846 259
1039 11 2560 81 344 530 899 519 757 56 637 24 256 431 551 3 323 229 965 652 687 595 462 80 676
2039 11 2560 229 965 652 687 80 676 56 637 595 462 24 256 81 344 530 899 519 757 431 551 3 323
3039 11 2560 229 965 3 323 431 551 56 637 24 256 519 757 652 687 80 676 530 899 595 462 81 344
4039 11 2560 81 344 530 899 24 256 56 637 431 551 229 965 3 323 80 676 595 462 652 687 519 757
5039 11 2560 652 687 3 323 431 551 56 637 595 462 229 965 24 256 81 344 519 757 80 676 530 899
1040 11 4024 991 82 249 118 708 640 20 775 653 970 693 568 19 819 94 754 968 7 368 573 268 607
2040 11 4024 249 118 708 640 268 607 968 7 368 573 94 754 19 819 991 82 20 775 693 568 653 970
3040 11 4024 268 607 249 118 968 7 693 568 20 775 708 640 19 819 653 970 94 754 991 82 368 573
4040 11 4024 268 607 708 640 991 82 653 970 368 573 94 754 249 118 693 568 968 7 20 775 19 819
5040 11 4024 268 607 708 640 249 118 94 754 968 7 653 970 368 573 693 568 991 82 19 819 20 775
1041 11 3972 648 496 944 281 714 489 375 939 75 32 100 899 9 516 735 869 620 484 457 925 288 735
2041 11 3972 100 899 620 484 714 489 944 281 735 869 9 516 375 939 648 496 75 32 288 735 457 925
3041 11 3972 735 869 288 735 375 939 75 32 648 496 9 516 944 281 100 899 620 484 714 489 457 925
4041 11 3972 100 899 9 516 620 484 75 32 648 496 288 735 735 869 457 925 714 489 944 281 375 939
5041 11 3972 944 281 75 32 620 484 9 516 100 899 288 735 457 925 735 869 375 939 714 489 648 496
1042 11 4105 768 134 623 386 722 587 632 931 131 776 530 315 577 892 300 408 24 409 713 979 112 630
2042 11 4105 722 587 623 386 713 979 768 134 577 892 131 776 112 630 300 408 632 931 530 315 24 409
3042 11 4105 768 134 632 931 530 315 131 776 577 892 112 630 300 408 713 979 24 409 623 386 722 587
4042 11 4105 722 587 24 409 768 134 131 776 112 630 632 931 300 408 530 315 577 892 713 979 623 386
5042 11 4105 24 409 530 315 577 892 722 587 768 134 632 931 713 979 112 630 623 386 300 408 131 776
1043 11 4284 326 771 494 135 747 311 469 875 122 495 37 99 907 525 406 595 741 134 130 815 976 537
2043 11 4284 130 815 469 875 37 99 907 525 326 771 741 134 406 595 494 135 976 537 747 311 122 495
3043 11 4284 37 99 122 495 907 525 130 815 741 134 976 537 494 135 747 311 469 875 406 595 326 771
4043 11 4284 130 815 37 99 122 495 494 135 469 875 406 595 326 771 907 525 741 134 976 537 747 311
5043 11 4284 907 525 130 815 406 595 37 99 741 134 326 771 122 495 747 311 494 135 469 875 976 537
1044 11 3863 924 828 201 997 237 391 167 966 531 320 552 426 398 369 14 381 753 682 933 297 119 858
2044 11 3863 398 369 933 297 237 391 924 828 167 966 753 682 14 381 201 997 119 858 552 426 531 320
3044 11 3863 933 297 14 381 552 426 531 320 201 997 924 828 237 391 753 682 167 966 398 369 119 858
4044 11 3863 552 426 933 297 237 391 924 828 398 369 167 966 531 320 14 381 201 997 753 682 119 858
5044 11 3863 201 997 933 297 119 858 552 426 924 828 167 966 14 381 753 682 398 369 237 391 531 320
1045 11 3985 540 552 134 304 448 866 480 561 20 540 542 969 288 140 867 792 241 992 450 329 972 115
2045 11 3985 542 969 20 540 450 329 288 140 540 552 448 866 867 792 134 304 972 115 480 561 241 992
3045 11 3985 542 969 480 561 867 792 134 304 20 540 288 140 241 992 972 115 448 866 540 552 450 329
4045 11 3985 480 561 241 992 448 866 867 792 542 969 288 140 450 329 972 115 134 304 20 540 540 552
5045 11 3985 542 969 241 992 134 304 972 115 540 552 448 866 450 329 867 792 20 540 480 561 288 140
1046 11 3928 828 784 389 934 81 465 89 864 978 451 512 909 789 884 364 370 642 336 84 820 155 999
2046 11 3928 89 864 978 451 512 909 81 465 642 336 155 999 389 934 84 820 828 784 364 370 789 884
3046 11 3928 89 864 828 784 642 336 512 909 364 370 389 934 84 820 789 884 978 451 155 999 81 465
4046 11 3928 642 336 155 999 89 864 364 370 978 451 389 934 84 820 512 909 789 884 81 465 828 784
5046 11 3928 828 784 81 465 389 934 978 451 364 370 642 336 84 820 512 909 789 884 155 999 89 864
1047 11 3296 390 15 457 24 165 256 673 756 158 932 766 871 37 942 535 500 18 393 798 218 123 447
2047 11 3296 457 24 766 871 798 218 158 932 535 500 37 942 673 756 390 15 165 256 123 447 18 393
3047 11 3296 37 942 673 756 766 871 18 393 457 24 390 15 165 256 798 218 123 447 535 500 158 932
4047 11 3296 390 15 457 24 18 393 37 942 798 218 158 932 673 756 165 256 766 871 535 500 123 447
5047 11 3296 535 500 673 756 766 871 457 24 37 942 123 447 798 218 18 393 158 932 390 15 165 256
1048 11 5233 784 716 474 179 991 580 457 900 720 459 635 387 13 766 983 411 348 398 213 857 924 141
2048 11 5233 457 900 720 459 991 580 474 179 213 857 983 411 348 398 924 141 635 387 13 766 784 716
3048 11 5233 213 857 991 580 784 716 983 411 474 179 635 387 720 459 13 766 457 900 348 398 924 141
4048 11 5233 474 179 924 141 991 580 784 716 13 766 635 387 720 459 213 857 348 398 457 900 983 411
5048 11 5233 784 716 991 580 474 179 635 387 983 411 348 398 457 900 924 141 720 459 213 857 13 766
1049 11 4721 496 197 504 790 164 657 638 90 293 156 299 658 720 325 889 674 848 338 217 420 834 63
2049 11 4721 299 658 889 674 834 63 720 325 293 156 496 197 848 338 164 657 504 790 638 90 217 420
3049 11 4721 217 420 720 325 848 338 889 674 496 197 164 657 293 156 504 790 834 63 638 90 299 658
4049 11 4721 848 338 293 156 834 63 638 90 720 325 217 420 164 657 496 197 299 658 504 790 889 674
5049 11 4721 164 657 638 90 299 658 504 790 496 197 217 420 889 674 834 63 848 338 293 156 720 325
1050 11 4166 341 406 678 951 81 705 56 53 117 946 914 467 84 349 909 484 851 130 738 199 439 430
2050 11 4166 914 467 341 406 117 946 81 705 84 349 851 130 439 430 909 484 738 199 678 951 56 53
3050 11 4166 84 349 909 484 914 467 738 199 341 406 56 53 81 705 439 430 851 130 678 951 117 946
4050 11 4166 678 951 439 430 341 406 56 53 117 946 914 467 851 130 81 705 84 349 909 484 738 199
5050 11 4166 56 53 81 705 84 349 914 467 117 946 678 951 439 430 738 199 851 130 341 406 909 484
1051 11 5674 507 836 301 916 402 839 895 111 928 654 125 355 920 965 850 665 840 384 454 140 871 78
2051 11 5674 850 665 125 355 301 916 454 140 871 78 920 965 507 836 895 111 402 839 928 654 840 384
3051 11 5674 871 78 454 140 895 111 928 654 920 965 301 916 840 384 402 839 850 665 125 355 507 836
4051 11 5674 850 665 454 140 507 836 301 916 895 111 928 654 840 384 402 839 871 78 125 355 920 965
5051 11 5674 301 916 920 965 895 111 454 140 125 355 840 384 871 78 850 665 402 839 507 836 928 654
1052 11 4547 957 533 345 157 673 578 101 222 864 84 520 7 222 481 703 452 736 302 425 75 138 913
2052 11 4547 345 157 673 578 222 481 864 84 138 913 736 302 425 75 101 222 520 7 703 452 957 533
3052 11 4547 957 533 864 84 703 452 222 481 520 7 425 75 345 157 138 913 101 222 673 578 736 302
4052 11 4547 222 481 957 533 425 75 520 7 138 913 703 452 101 222 673 578 864 84 345 157 736 302
5052 11 4547 138 913 703 452 673 578 425 75 222 481 864 84 957 533 736 302 101 222 345 157 520 7
1053 11 5296 948 989 695 316 921 128 428 453 357 522 298 539 706 625 771 548 503 334 604 574 390 931
2053 11 5296 771 548 357 522 390 931 503 334 604 574 428 453 948 989 695 316 298 539 921 128 706 625
3053 11 5296 298 539 390 931 503 334 948 989 771 548 604 574 706 625 357 522 428 453 695 316 921 128
4053 11 5296 948 989 604 574 390 931 921 128 771 548 357 522 428 453 503 334 695 316 706 625 298 539
5053 11 5296 706 625 695 316 771 548 428 453 503 334 298 539 604 574 357 522 948 989 390 931 921 128
1054 11 4469 856 458 117 677 482 508 365 787 643 181 736 803 74 976 728 271 502 487 500 556 584 381
2054 11 4469 117 677 856 458 365 787 728 271 74 976 736 803 482 508 584 381 502 487 643 181 500 556
3054 11 4469 728 271 117 677 482 508 856 458 365 787 584 381 736 803 74 976 502 487 643 181 500 556
4054 11 4469 502 487 643 181 728 271 117 677 584 381 500 556 482 508 365 787 736 803 856 458 74 976
5054 11 4469 584 381 500 556 728 271 856 458 736 803 502 487 365 787 643 181 117 677 482 508 74 976
1055 11 4141 114 992 300 422 856 226 476 968 700 334 469 639 142 274 188 21 597 751 389 840 946 615
2055 11 4141 597 751 188 21 389 840 946 615 700 334 300 422 142 274 114 992 476 968 856 226 469 639
3055 11 4141 700 334 188 21 946 615 114 992 300 422 856 226 142 274 469 639 389 840 597 751 476 968
4055 11 4141 476 968 700 334 389 840 300 422 142 274 946 615 597 751 114 992 469 639 188 21 856 226
5055 11 4141 597 751 700 334 469 639 188 21 389 840 946 615 856 226 300 422 476 968 114 992 142 274
1056 11 3172 36 555 31 1 110 806 439 676 516 562 790 826 754 606 646 825 371 994 116 724 157 593
2056 11 3172 157 593 36 555 790 826 516 562 754 606 646 825 110 806 439 676 31 1 371 994 116 724
3056 11 3172 157 593 646 825 116 724 371 994 790 826 439 676 36 555 31 1 516 562 754 606 110 806
4056 11 3172 31 1 116 724 516 562 371 994 110 806 754 606 790 826 36 555 439 676 646 825 157 593
5056 11 3172 116 724 646 825 516 562 110 806 157 593 36 555 754 606 439 676 31 1 790 826 371 994
1057 11 4345 155 705 767 5 322 580 919 252 52 401 780 224 382 927 11 636 695 346 597 1000 752 583
2057 11 4345 780 224 767 5 11 636 382 927 752 583 155 705 322 580 919 252 52 401 695 346 597 1000
3057 11 4345 767 5 919 252 11 636 695 346 322 580 382 927 752 583 597 1000 155 705 780 224 52 401
4057 11 4345 767 5 780 224 695 346 382 927 52 401 11 636 155 705 752 583 597 1000 322 580 919 252
5057 11 4345 919 252 767 5 780 224 382 927 52 401 11 636 695 346 155 705 597 1000 752 583 322 580
1058 11 4093 645 648 548 976 538 217 244 633 490 25 622 895 919 586 755 432 187 912 46 303 123 180
2058 11 4093 187 912 538 217 548 976 645 648 755 432 123 180 622 895 490 25 244 633 46 303 919 586
3058 11 4093 548 976 46 303 490 25 244 633 123 180 645 648 187 912 538 217 622 895 919 586 755 432
4058 11 4093 548 976 622 895 244 633 187 912 490 25 755 432 123 180 645 648 919 586 46 303 538 217
5058 11 4093 490 25 548 976 46 303 622 895 919 586 755 432 244 633 645 648 123 180 538 217 187 912
1059 11 2993 90 838 397 168 272 784 248 263 808 749 623 181 179 254 100 979 96 513 730 705 199 759
2059 11 2993 730 705 808 749 100 979 179 254 199 759 90 838 248 263 623 181 272 784 397 168 96 513
3059 11 2993 96 513 397 168 272 784 248 263 623 181 179 254 100 979 90 838 199 759 808 749 730 705
4059 11 2993 248 263 96 513 623 181 199 759 272 784 730 705 808 749 179 254 90 838 397 168 100 979
5059 11 2993 272 784 199 759 248 263 90 838 96 513 100 979 730 705 397 168 808 749 179 254 623 181
1060 11 3891 591 558 153 188 727 906 895 516 315 879 221 110 38 681 392 993 51 352 998 465 483 968
2060 11 3891 895 516 392 993 727 906 315 879 153 188 221 110 998 465 483 968 591 558 51 352 38 681
3060 11 3891 591 558 38 681 51 352 483 968 315 879 153 188 895 516 727 906 221 110 998 465 392 993
4060 11 3891 153 188 221 110 392 993 483 968 51 352 315 879 38 681 998 465 895 516 591 558 727 906
5060 11 3891 51 352 483 968 895 516 153 188 591 558 727 906 392 993 998 465 38 681 221 110 315 879
1061 11 4488 543 686 474 515 472 720 850 480 82 196 949 730 315 53 758 604 315 395 80 510 772 880
2061 11 4488 474 515 315 53 772 880 80 510 315 395 82 196 758 604 543 686 850 480 949 730 472 720
3061 11 4488 315 53 472 720 850 480 772 880 949 730 758 604 543 686 474 515 82 196 80 510 315 395
4061 11 4488 850 480 772 880 758 604 80 510 949 730 82 196 474 515 315 53 472 720 315 395 543 686
5061 11 4488 82 196 543 686 758 604 772 880 474 515 472 720 80 510 850 480 315 53 949 730 315 395
1062 11 5030 724 463 209 246 598 366 794 8 125 257 709 84 834 426 459 369 180 796 989 567 667 346
2062 11 5030 125 257 598 366 180 796 989 567 709 84 724 463 667 346 209 246 794 8 834 426 459 369
3062 11 5030 724 463 667 346 598 366 709 84 989 567 125 257 794 8 180 796 459 369 834 426 209 246
4062 11 5030 180 796 989 567 709 84 598 366 794 8 459 369 209 246 834 426 125 257 667 346 724 463
5062 11 5030 709 84 834 426 794 8 180 796 724 463 125 257 667 346 598 366 989 567 459 369 209 246
1063 11 2904 643 260 4 448 187 532 585 306 244 638 247 800 40 547 675 54 364 574 517 824 125 393
2063 11 2904 125 393 247 800 517 824 675 54 364 574 643 260 244 638 585 306 187 532 40 547 4 448
3063 11 2904 675 54 244 638 40 547 187 532 517 824 585 306 364 574 247 800 4 448 125 393 643 260
4063 11 2904 247 800 40 547 643 260 517 824 675 54 125 393 244 638 4 448 364 574 585 306 187 532
5063 11 2904 585 306 244 638 364 574 675 54 4 448 643 260 125 393 517 824 247 800 40 547 187 532
1064 11 4994 209 208 376 670 360 467 978 969 756 713 555 326 974 22 164 918 916 146 677 792 278 737
2064 11 4994 916 146 278 737 974 22 555 326 164 918 756 713 677 792 360 467 209 208 978 969 376 670
3064 11 4994 278 737 916 146 376 670 677 792 974 22 209 208 164 918 555 326 360 467 978 969 756 713
4064 11 4994 164 918 555 326 677 792 376 670 360 467 209 208 978 969 974 22 756 713 278 737 916 146
5064 11 4994 164 918 677 792 209 208 360 467 974 22 555 326 278 737 376 670 916 146 756 713 978 969
1065 11 4035 947 378 461 636 943 823 645 741 299 133 526 628 369 455 369 240 79 197 187 447 219 704
2065 11 4035 943 823 526 628 369 240 369 455 79 197 187 447 645 741 299 133 461 636 947 378 219 704
3065 11 4035 369 455 187 447 299 133 461 636 645 741 79 197 947 378 943 823 369 240 526 628 219 704
4065 11 4035 947 378 79 197 943 823 187 447 299 133 369 240 219 704 645 741 369 455 526 628 461 636
5065 11 4035 461 636 79 197 645 741 947 378 943 823 369 240 219 704 187 447 369 455 299 133 526 628
1066 11 4703 256 548 945 931 230 874 749 187 494 170 906 468 55 490 245 384 737 16 604 654 658 703
2066 11 4703 749 187 906 468 230 874 494 170 658 703 945 931 55 490 604 654 737 16 256 548 245 384
3066 11 4703 604 654 245 384 256 548 230 874 494 170 55 490 749 187 945 931 737 16 906 468 658 703
4066 11 4703 604 654 55 490 737 16 906 468 230 874 749 187 945 931 256 548 494 170 658 703 245 384
5066 11 4703 737 16 906 468 256 548 494 170 604 654 55 490 658 703 945 931 245 384 230 874 749 187
1067 11 3631 170 901 163 416 355 973 879 606 18 303 996 799 567 532 155 964 175 976 958 614 103 9
2067 11 3631 103 9 879 606 567 532 996 799 958 614 175 976 355 973 163 416 170 901 18 303 155 964
3067 11 3631 170 901 163 416 958 614 996 799 103 9 18 303 355 973 155 964 175 976 567 532 879 606
4067 11 3631 355 973 996 799 879 606 175 976 155 964 103 9 170 901 567 532 18 303 163 416 958 614
5067 11 3631 958 614 355 973 163 416 175 976 879 606 18 303 996 799 170 901 567 532 155 964 103 9
1068 11 5672 877 411 490 812 801 326 625 961 422 54 540 813 372 69 938 16 549 232 630 749 846 642
2068 11 5672 372 69 490 812 625 961 630 749 801 326 422 54 877 411 938 16 846 642 540 813 549 232
3068 11 5672 549 232 490 812 630 749 422 54 801 326 877 411 938 16 372 69 846 642 540 813 625 961
4068 11 5672 372 69 549 232 490 812 625 961 540 813 877 411 846 642 630 749 938 16 422 54 801 326
5068 11 5672 938 16 877 411 540 813 846 642 625 961 549 232 630 749 372 69 490 812 422 54 801 326
1069 11 3729 41 147 780 523 721 632 545 952 913 427 269 643 400 301 366 38 292 256 276 960 59 411
2069 11 3729 545 952 59 411 721 632 400 301 780 523 41 147 292 256 269 643 276 960 366 38 913 427
3069 11 3729 780 523 292 256 545 952 366 38 913 427 400 301 269 643 59 411 276 960 41 147 721 632
4069 11 3729 276 960 41 147 721 632 780 523 366 38 292 256 545 952 400 301 913 427 269 643 59 411
5069 11 3729 913 427 366 38 780 523 41 147 400 301 276 960 545 952 721 632 269 643 292 256 59 411
1070 11 4535 465 692 706 180 157 594 368 868 849 243 872 879 33 41 940 392 367 227 493 205 419 918
2070 11 4535 367 227 849 243 465 692 33 41 419 918 706 180 157 594 872 879 940 392 493 205 368 868
3070 11 4535 368 868 940 392 419 918 157 594 367 227 465 692 706 180 493 205 849 243 872 879 33 41
4070 11 4535 493 205 33 41 367 227 465 692 872 879 706 180 157 594 940 392 419 918 849 243 368 868
5070 11 4535 367 227 157 594 419 918 849 243 940 392 493 205 872 879 465 692 33 41 368 868 706 180
1071 11 4516 275 933 38 183 884 348 85 197 542 500 790 840 412 337 553 484 917 1 662 397 487 737
2071 11 4516 662 397 553 484 487 737 790 840 275 933 542 500 85 197 917 1 884 348 38 183 412 337
3071 11 4516 553 484 412 337 275 933 917 1 38 183 884 348 790 840 662 397 85 197 487 737 542 500
4071 11 4516 542 500 85 197 662 397 553 484 38 183 884 348 487 737 275 933 790 840 917 1 412 337
5071 11 4516 553 484 412 337 917 1 542 500 790 840 85 197 38 183 884 348 662 397 275 933 487 737
1072 11 3643 615 916 260 323 51 639 675 180 553 453 726 22 569 518 213 132 548 809 193 50 151 407
2072 11 3643 260 323 193 50 553 453 675 180 151 407 51 639 569 518 726 22 615 916 213 132 548 809
3072 11 3643 569 518 193 50 726 22 615 916 675 180 151 407 51 639 553 453 213 132 548 809 260 323
4072 11 3643 553 453 151 407 548 809 51 639 675 180 213 132 260 323 726 22 615 916 193 50 569 518
5072 11 3643 260 323 51 639 213 132 726 22 193 50 615 916 553 453 569 518 675 180 151 407 548 809
1073 11 5560 711 334 624 631 434 638 886 374 800 379 983 140 152 632 733 140 801 435 138 497 688 217
2073 11 5560 711 334 733 140 801 435 800 379 434 638 983 140 152 632 688 217 624 631 886 374 138 497
3073 11 5560 801 435 733 140 800 379 711 334 886 374 983 140 624 631 152 632 434 638 138 497 688 217
4073 11 5560 733 140 138 497 800 379 434 638 688 217 711 334 624 631 983 140 801 435 152 632 886 374
5073 11 5560 711 334 733 140 800 379 983 140 624 631 138 497 152 632 886 374 801 435 688 217 434 638
1074 11 4730 662 255 650 229 982 457 718 763 9 557 398 310 15 266 618 880 251 415 806 57 804 721
2074 11 4730 982 457 662 255 9 557 806 57 251 415 398 310 650 229 618 880 718 763 804 721 15 266
3074 11 4730 9 557 982 457 804 721 251 415 618 880 398 310 650 229 15 266 718 763 662 255 806 57
4074 11 4730 982 457 15 266 618 880 806 57 804 721 9 557 650 229 662 255 718 763 251 415 398 310
5074 11 4730 618 880 982 457 662 255 251 415 650 229 15 266 398 310 804 721 9 557 718 763 806 57
1075 11 4476 886 979 304 101 545 284 375 386 636 685 229 569 560 683 427 154 813 201 215 201 605 926
2075 11 4476 304 101 215 201 886 979 813 201 605 926 545 284 427 154 560 683 375 386 636 685 229 569
3075 11 4476 229 569 560 683 545 284 636 685 886 979 813 201 304 101 427 154 605 926 375 386 215 201
4075 11 4476 304 101 813 201 375 386 545 284 560 683 605 926 636 685 229 569 427 154 886 979 215 201
5075 11 4476 886 979 545 284 215 201 636 685 605 926 560 683 304 101 375 386 813 201 229 569 427 154
1076 11 3929 382 726 379 584 463 961 745 998 45 473 32 116 775 20 369 865 407 50 824 11 491 753
2076 11 3929 775 20 463 961 745 998 491 753 382 726 407 50 369 865 824 11 379 584 45 473 32 116
3076 11 3929 824 11 491 753 379 584 32 116 463 961 369 865 382 726 745 998 407 50 775 20 45 473
4076 11 3929 824 11 491 753 45 473 382 726 32 116 407 50 379 584 463 961 745 998 775 20 369 865
5076 11 3929 379 584 463 961 382 726 745 998 775 20 32 116 407 50 369 865 45 473 824 11 491 753
1077 11 5342 350 509 314 841 935 342 813 907 478 449 742 212 914 744 500 581 448 372 563 941 621 179
2077 11 5342 500 581 314 841 935 342 448 372 621 179 813 907 914 744 478 449 350 509 742 212 563 941
3077 11 5342 500 581 350 509 314 841 621 179 742 212 563 941 478 449 914 744 813 907 935 342 448 372
4077 11 5342 500 581 478 449 448 372 742 212 813 907 350 509 314 841 935 342 563 941 914 744 621 179
5077 11 5342 813 907 350 509 314 841 914 744 563 941 621 179 448 372 478 449 935 342 500 581 742 212
1078 11 5442 400 180 703 32 131 201 854 83 596 662 760 616 537 490 898 394 385 470 699 771 840 410
2078 11 5442 537 490 596 662 400 180 385 470 131 201 760 616 898 394 703 32 854 83 840 410 699 771
3078 11 5442 537 490 131 201 703 32 400 180 840 410 385 470 699 771 854 83 898 394 760 616 596 662
4078 11 5442 840 410 854 83 537 490 703 32 898 394 760 616 596 662 400 180 385 470 699 771 131 201
5078 11 5442 400 180 854 83 385 470 703 32 131 201 898 394 537 490 840 410 596 662 760 616 699 771
1079 11 3962 452 771 62 765 253 924 769 875 939 214 24 800 717 538 998 705 332 921 256 142 151 69
2079 11 3962 253 924 769 875 452 771 24 800 256 142 939 214 998 705 151 69 62 765 717 538 332 921
3079 11 3962 332 921 256 142 939 214 717 538 253 924 24 800 151 69 62 765 452 771 998 705 769 875
4079 11 3962 998 705 256 142 332 921 939 214 717 538 62 765 769 875 253 924 151 69 24 800 452 771
5079 11 3962 998 705 769 875 62 765 452 771 253 924 24 800 939 214 332 921 717 538 256 142 151 69
1080 11 4868 199 44 648 49 159 367 50 427 465 601 863 162 430 331 928 600 608 5 884 763 851 803
2080 11 4868 159 367 50 427 430 331 608 5 863 162 851 803 199 44 884 763 465 601 928 600 648 49
3080 11 4868 884 763 863 162 465 601 608 5 199 44 851 803 648 49 928 600 50 427 159 367 430 331
4080 11 4868 884 763 199 44 50 427 465 601 863 162 159 367 430 331 928 600 648 49 851 803 608 5
5080 11 4868 430 331 50 427 884 763 159 367 199 44 608 5 851 803 648 49 863 162 465 601 928 600
1081 11 3693 516 340 69 586 849 426 7 653 330 272 403 367 290 321 633 816 45 341 824 605 651 315
2081 11 3693 69 586 516 340 290 321 330 272 651 315 45 341 7 653 824 605 849 426 633 816 403 367
3081 11 3693 633 816 403 367 7 653 69 586 849 426 330 272 651 315 516 340 290 321 824 605 45 341
4081 11 3693 516 340 824 605 45 341 290 321 69 586 403 367 651 315 849 426 633 816 7 653 330 272
5081 11 3693 403 367 849 426 824 605 45 341 69 586 516 340 330 272 290 321 633 816 7 653 651 315
1082 11 3783 506 609 377 791 447 396 259 279 374 281 640 433 589 603 475 797 540 245 124 22 398 898
2082 11 3783 377 791 374 281 475 797 259 279 447 396 506 609 124 22 540 245 398 898 589 603 640 433
3082 11 3783 540 245 475 797 377 791 640 433 589 603 124 22 398 898 259 279 374 281 447 396 506 609
4082 11 3783 506 609 589 603 398 898 377 791 475 797 540 245 640 433 447 396 374 281 259 279 124 22
5082 11 3783 540 245 475 797 398 898 259 279 377 791 589 603 640 433 124 22 506 609 374 281 447 396
1083 11 5269 325 99 971 419 906 155 370 65 619 338 824 663 789 713 370 98 262 778 825 40 326 443
2083 11 5269 825 40 619 338 326 443 971 419 824 663 370 65 370 98 262 778 325 99 789 713 906 155
3083 11 5269 825 40 370 98 619 338 789 713 326 443 971 419 824 663 906 155 325 99 370 65 262 778
4083 11 5269 370 98 370 65 326 443 825 40 906 155 971 419 262 778 619 338 824 663 325 99 789 713
5083 11 5269 370 65 325 99 824 663 370 98 789 713 262 778 619 338 971 419 825 40 326 443 906 155
1084 11 4121 726 904 100 927 615 701 826 387 268 865 121 747 6 280 501 511 964 845 461 62 564 904
2084 11 4121 615 701 121 747 564 904 268 865 826 387 964 845 501 511 6 280 726 904 461 62 100 927
3084 11 4121 826 387 268 865 461 62 615 701 964 845 726 904 6 280 121 747 100 927 564 904 501 511
4084 11 4121 461 62 615 701 6 280 964 845 100 927 564 904 501 511 726 904 121 747 826 387 268 865
5084 11 4121 6 280 615 701 964 845 100 927 501 511 268 865 726 904 121 747 826 387 461 62 564 904
1085 11 4698 216 843 436 209 578 697 94 991 895 577 972 194 615 160 270 51 320 45 840 558 637 113
2085 11 4698 270 51 840 558 972 194 615 160 895 577 637 113 94 991 216 843 320 45 578 697 436 209
3085 11 4698 320 45 972 194 436 209 578 697 637 113 216 843 94 991 615 160 895 577 270 51 840 558
4085 11 4698 637 113 578 697 216 843 436 209 270 51 615 160 895 577 972 194 94 991 840 558 320 45
5085 11 4698 972 194 578 697 615 160 840 558 895 577 216 843 270 51 320 45 637 113 94 991 436 209
1086 11 5004 844 662 628 159 345 666 652 760 107 216 766 95 961 294 728 10 701 184 150 989 373 129
2086 11 5004 961 294 345 666 728 10 373 129 652 760 701 184 628 159 107 216 844 662 766 95 150 989
3086 11 5004 373 129 766 95 728 10 150 989 961 294 628 159 701 184 345 666 844 662 107 216 652 760
4086 11 5004 766 95 701 184 652 760 150 989 373 129 345 666 844 662 728 10 107 216 961 294 628 159
5086 11 5004 961 294 150 989 652 760 766 95 628 159 701 184 107 216 345 666 373 129 728 10 844 662
1087 11 3700 365 780 84 81 625 139 894 597 11 474 7 516 449 179 869 507 522 186 343 541 456 322
2087 11 3700 11 474 456 322 869 507 7 516 625 139 449 179 365 780 522 186 343 541 84 81 894 597
3087 11 3700 522 186 84 81 449 179 7 516 625 139 343 541 456 322 894 597 11 474 869 507 365 780
4087 11 3700 365 780 84 81 449 179 11 474 894 597 7 516 456 322 625 139 343 541 869 507 522 186
5087 11 3700 449 179 365 780 7 516 625 139 869 507 343 541 522 186 456 322 894 597 11 474 84 81
1088 11 4945 632 302 685 447 557 911 182 474 529 428 717 463 218 534 713 72 715 915 801 534 433 51
2088 11 4945 685 447 801 534 182 474 433 51 529 428 717 463 557 911 713 72 632 302 715 915 218 534
3088 11 4945 801 534 182 474 715 915 529 428 717 463 713 72 433 51 557 911 218 534 685 447 632 302
4088 11 4945 717 463 529 428 713 72 715 915 218 534 632 302 433 51 801 534 182 474 557 911 685 447
5088 11 4945 433 51 685 447 801 534 632 302 557 911 715 915 218 534 713 72 529 428 182 474 717 463
1089 11 4390 550 10 711 55 880 248 59 125 849 75 429 746 505 407 664 407 285 863 12 146 544 162
2089 11 4390 880 248 59 125 711 55 664 407 12 146 544 162 429 746 285 863 849 75 550 10 505 407
3089 11 4390 849 75 12 146 550 10 711 55 880 248 544 162 59 125 664 407 429 746 285 863 505 407
4089 11 4390 849 75 12 146 550 10 59 125 544 162 880 248 505 407 285 863 664 407 711 55 429 746
5089 11 4390 849 75 711 55 59 125 550 10 505 407 664 407 12 146 285 863 429 746 880 248 544 162
1090 11 4404 809 294 890 806 32 866 799 390 983 538 218 647 212 992 74 959 167 697 674 199 648 653
2090 11 4404 799 390 809 294 674 199 218 647 983 538 74 959 32 866 648 653 167 697 890 806 212 992
3090 11 4404 32 866 799 390 167 697 212 992 74 959 674 199 809 294 218 647 648 653 983 538 890 806
4090 11 4404 983 538 167 697 809 294 74 959 212 992 32 866 890 806 674 199 799 390 648 653 218 647
5090 11 4404 809 294 167 697 32 866 674 199 74 959 212 992 799 390 983 538 890 806 218 647 648 653
1091 11 3989 936 743 962 738 103 688 811 302 92 710 937 120 95 257 258 607 37 840 397 736 359 762
2091 11 3989 359 762 397 736 37 840 258 607 103 688 811 302 962 738 92 710 937 120 936 743 95 257
3091 11 3989 103 688 37 840 962 738 937 120 95 257 258 607 92 710 811 302 936 743 359 762 397 736
4091 11 3989 359 762 811 302 936 743 962 738 258 607 103 688 937 120 37 840 95 257 397 736 92 710
5091 11 3989 936 743 962 738 92 710 258 607 37 840 103 688 811 302 95 257 937 120 397 736 359 762
1092 11 4065 71 671 700 953 489 233 242 414 833 810 345 407 563 474 482 852 336 844 415 803 606 626
2092 11 4065 482 852 833 810 345 407 606 626 242 414 336 844 489 233 71 671 563 474 700 953 415 803
3092 11 4065 415 803 336 844 71 671 606 626 833 810 489 233 242 414 345 407 482 852 563 474 700 953
4092 11 4065 71 671 345 407 700 953 833 810 336 844 242 414 489 233 415 803 606 626 563 474 482 852
5092 11 4065 482 852 345 407 833 810 700 953 415 803 71 671 563 474 489 233 606 626 336 844 242 414
1093 11 3853 200 106 199 640 225 930 359 556 733 397 824 844 662 668 174 462 293 78 342 279 806 798
2093 11 3853 733 397 199 640 662 668 225 930 359 556 342 279 200 106 174 462 293 78 824 844 806 798
3093 11 3853 199 640 662 668 359 556 174 462 200 106 733 397 342 279 824 844 806 798 293 78 225 930
4093 11 3853 733 397 199 640 824 844 225 930 342 279 293 78 359 556 806 798 200 106 662 668 174 462
5093 11 3853 225 930 174 462 733 397 806 798 199 640 359 556 662 668 342 279 200 106 824 844 293 78
1094 11 4961 34 564 889 329 933 981 667 430 259 3 441 668 123 549 862 361 566 768 842 816 586 577
2094 11 4961 259 3 842 816 862 361 933 981 667 430 34 564 441 668 123 549 889 329 566 768 586 577
3094 11 4961 123 549 667 430 586 577 34 564 566 768 259 3 933 981 842 816 441 668 862 361 889 329
4094 11 4961 123 549 889 329 586 577 842 816 667 430 566 768 933 981 441 668 862 361 34 564 259 3
5094 11 4961 889 329 862 361 259 3 586 577 566 768 441 668 123 549 667 430 842 816 34 564 933 981
1095 11 4261 121 541 751 583 382 566 815 10 873 880 560 934 545 319 711 840 202 143 10 456 357 579
2095 11 4261 560 934 873 880 10 456 382 566 545 319 357 579 202 143 121 541 751 583 711 840 815 10
3095 11 4261 873 880 202 143 382 566 751 583 560 934 711 840 10 456 121 541 357 579 815 10 545 319
4095 11 4261 545 319 815 10 711 840 357 579 202 143 121 541 751 583 382 566 873 880 10 456 560 934
5095 11 4261 560 934 357 579 202 143 545 319 815 10 711 840 873 880 382 566 751 583 10 456 121 541
1096 11 4508 315 426 386 813 743 671 676 698 709 312 585 402 17 1000 724 274 141 206 771 878 569 161
2096 11 4508 676 698 724 274 141 206 17 1000 315 426 771 878 709 312 386 813 569 161 585 402 743 671
3096 11 4508 709 312 17 1000 676 698 141 206 315 426 386 813 569 161 771 878 743 671 724 274 585 402
4096 11 4508 315 426 771 878 141 206 386 813 709 312 676 698 17 1000 569 161 585 402 743 671 724 274
5096 11 4508 569 161 743 671 771 878 141 206 724 274 676 698 17 1000 585 402 386 813 709 312 315 426
1097 11 4571 944 479 545 518 813 387 466 149 393 706 756 493 1 857 288 150 209 746 795 118 504 359
2097 11 4571 756 493 393 706 813 387 795 118 466 149 944 479 504 359 545 518 209 746 288 150 1 857
3097 11 4571 795 118 756 493 504 359 209 746 1 857 288 150 545 518 813 387 466 149 944 479 393 706
4097 11 4571 545 518 393 706 209 746 504 359 288 150 944 479 1 857 813 387 756 493 795 118 466 149
5097 11 4571 813 387 545 518 795 118 504 359 944 479 393 706 1 857 209 746 756 493 288 150 466 149
1098 11 3518 546 945 597 719 528 140 57 890 177 558 515 620 127 37 88 729 391 549 676 407 696 350
2098 11 3518 528 140 127 37 391 549 597 719 177 558 515 620 696 350 57 890 546 945 676 407 88 729
3098 11 3518 515 620 177 558 528 140 696 350 597 719 127 37 676 407 391 549 546 945 57 890 88 729
4098 11 3518 127 37 177 558 546 945 57 890 597 719 515 620 528 140 88 729 696 350 676 407 391 549
5098 11 3518 546 945 391 549 528 140 88 729 177 558 57 890 676 407 696 350 597 719 127 37 515 620
1099 11 3740 659 864 689 126 718 185 624 859 338 374 19 364 311 150 597 694 249 569 49 795 423 332
2099 11 3740 49 795 659 864 249 569 624 859 19 364 597 694 718 185 311 150 338 374 423 332 689 126
3099 11 3740 423 332 311 150 597 694 338 374 19 364 49 795 689 126 659 864 624 859 718 185 249 569
4099 11 3740 624 859 19 364 311 150 423 332 49 795 597 694 659 864 718 185 338 374 249 569 689 126
5099 11 3740 338 374 249 569 718 185 49 795 311 150 19 364 689 126 597 694 624 859 423 332 659 864
1100 11 4801 513 985 848 387 296 247 158 618 887 93 112 65 973 251 985 93 884 63 145 105 201 4
2100 11 4801 848 387 973 251 887 93 201 4 884 63 513 985 112 65 296 247 985 93 158 618 145 105
3100 11 4801 158 618 513 985 848 387 112 65 145 105 973 251 887 93 296 247 884 63 985 93 201 4
4100 11 4801 201 4 884 63 145 105 887 93 296 247 112 65 513 985 848 387 973 251 158 618 985 93
5100 11 4801 296 247 884 63 158 618 973 251 887 93 985 93 112 65 848 387 513 985 201 4 145 105
