1 14 5100 144 2 172 452 808 38 595 834 109 259 216 295 586 120 602 242 61 568 856 457 269 901 951 617 977 566 29 89
2 14 4849 776 547 514 660 470 731 200 486 610 89 401 543 89 800 702 506 297 690 32 657 936 520 334 130 30 852 671 170
3 14 6411 548 350 189 602 978 640 790 166 937 59 833 829 70 354 294 654 741 162 877 530 235 197 675 342 298 854 549 943
4 14 5818 954 956 213 588 862 535 833 199 216 951 427 592 67 345 72 270 650 634 708 701 248 86 962 477 607 743 454 782
5 14 5188 691 307 708 813 46 448 744 152 138 543 693 780 466 867 722 539 332 198 620 350 905 316 175 768 108 330 137 471
6 14 5822 305 682 818 740 102 950 666 48 322 982 379 795 219 100 643 392 261 933 503 313 928 927 516 437 672 638 944 966
7 14 4762 202 575 801 770 774 731 68 839 228 617 484 102 776 773 138 886 773 906 96 866 639 409 553 184 260 412 161 628
8 14 5438 754 268 382 887 791 796 605 65 99 476 188 904 558 784 634 692 475 872 399 769 132 733 770 586 63 383 948 266
9 14 5504 637 454 264 796 283 435 676 44 890 645 528 919 232 635 646 877 324 56 660 171 575 577 809 657 242 343 114 599
10 14 6916 863 980 751 642 853 586 309 698 826 471 375 430 341 281 849 167 579 933 194 990 705 265 518 398 503 970 980 457
11 14 4785 185 911 875 553 423 185 232 226 300 463 223 434 944 218 777 408 245 943 75 909 319 663 917 859 166 80 301 387
12 14 3992 97 183 710 511 281 825 379 631 539 841 459 925 354 10 67 807 104 559 332 361 534 223 448 631 157 295 529 203
13 14 5220 288 450 789 84 124 785 167 490 801 823 71 480 52 810 822 402 468 454 857 845 118 990 711 403 813 615 444 256
14 14 5955 366 297 406 243 927 890 947 670 498 312 173 62 225 384 150 119 509 806 870 326 498 423 789 440 701 801 385 719
15 14 4844 274 119 443 990 300 573 110 263 604 401 234 879 378 940 386 962 622 462 500 42 659 8 928 243 269 330 348 677
16 14 4292 296 258 994 340 317 98 4 945 568 642 320 933 170 142 283 580 918 852 54 289 817 93 58 34 253 976 313 392
17 14 4175 15 276 192 746 801 895 1000 324 6 788 429 898 379 260 209 632 98 963 356 660 7 332 429 774 316 324 982 855
18 14 5117 207 928 537 489 71 150 533 706 781 839 557 348 67 963 602 120 773 557 151 632 896 875 472 386 278 836 472 501
19 14 5519 321 765 730 194 141 646 867 973 592 882 175 591 448 151 884 653 904 473 302 955 376 999 595 635 481 658 83 673
20 14 5855 590 164 957 188 228 249 524 172 494 961 473 153 420 165 440 119 505 594 291 210 385 912 429 421 768 120 815 362
21 14 6523 921 697 633 896 799 169 898 51 851 789 415 407 100 376 695 439 898 724 393 150 736 826 536 877 163 959 116 904
22 14 5148 3 751 798 416 865 932 75 915 318 238 711 55 413 940 935 840 595 39 200 334 820 316 688 867 11 860 4 376
23 14 4978 297 297 161 779 200 903 787 168 198 657 450 782 926 165 394 235 411 92 412 297 59 790 409 415 955 192 564 16
24 14 6378 979 280 754 141 135 430 273 626 869 794 909 514 465 751 299 738 358 543 967 349 613 33 460 863 316 861 576 37
25 14 5330 566 933 401 857 871 688 462 894 617 202 182 452 19 716 527 630 494 675 451 91 619 522 411 273 925 530 118 768
26 14 5096 33 724 105 525 187 779 568 43 977 567 512 908 955 141 621 144 505 365 512 931 317 75 593 176 129 749 356 284
27 14 6471 526 134 39 869 470 849 661 925 820 457 737 833 913 142 783 694 506 261 230 320 458 307 515 883 904 36 527 913
28 14 4188 230 65 757 570 946 812 720 236 262 436 130 665 371 906 228 558 57 381 4 472 43 876 376 364 506 465 606 429
29 14 5204 771 502 267 19 159 659 879 849 67 248 117 838 973 261 419 868 816 948 572 898 612 122 123 464 246 540 485 332
30 14 6655 674 309 166 280 570 996 687 237 157 873 743 990 655 950 599 78 652 530 693 156 428 494 734 72 846 259 715 916
31 14 3787 882 372 294 967 229 965 530 899 595 462 81 344 652 687 80 676 56 637 3 323 431 551 24 256 519 757 358 20
32 14 6362 19 819 693 568 708 640 968 7 653 970 249 118 268 607 94 754 991 82 368 573 991 375 939 648 496 9 516 100
33 14 5873 288 735 457 925 75 32 620 484 944 281 735 869 714 489 764 24 409 722 587 300 408 577 892 768 134 530 315 713
34 14 5644 131 776 112 630 623 386 632 931 676 741 134 469 875 907 525 122 495 326 771 130 815 976 537 494 135 406 595 37
35 14 6804 747 311 793 119 858 237 391 531 320 924 828 753 682 552 426 933 297 167 966 398 369 201 997 14 381 839 450 329
36 14 5720 561 542 969 540 552 288 140 20 540 867 792 241 992 134 304 448 866 972 115 837 81 465 642 336 84 820 512 909
37 14 6178 934 155 999 828 784 789 884 978 451 364 370 89 864 762 123 447 390 15 798 218 37 942 766 871 165 256 158 932
38 14 5832 24 535 500 673 756 18 393 289 635 387 720 459 348 398 213 857 13 766 983 411 457 900 991 580 474 179 784 716
39 14 5833 141 909 164 657 834 63 848 338 889 674 217 420 293 156 496 197 504 790 720 325 299 658 638 90 900 84 349 341
40 14 5657 439 430 81 705 851 130 678 951 56 53 914 467 738 199 909 484 117 946 530 871 78 928 654 301 916 895 111 840
41 14 4856 402 839 850 665 454 140 507 836 920 965 125 355 174 520 7 673 578 101 222 736 302 864 84 957 533 138 913 703
42 14 4935 345 157 222 481 425 75 149 428 453 921 128 503 334 771 548 357 522 604 574 298 539 695 316 706 625 948 989 390
43 14 5710 108 856 458 728 271 502 487 482 508 365 787 74 976 117 677 643 181 736 803 500 556 584 381 359 469 639 476 968
44 14 4925 422 597 751 188 21 700 334 946 615 114 992 389 840 142 274 856 226 113 116 724 110 806 646 825 371 994 439 676
45 14 5992 562 754 606 31 1 157 593 36 555 790 826 658 695 346 322 580 597 1000 767 5 382 927 752 583 780 224 52 401
46 14 5368 636 155 705 919 252 783 622 895 538 217 244 633 919 586 490 25 645 648 187 912 123 180 755 432 46 303 548 976
47 14 4859 96 513 100 979 397 168 90 838 272 784 248 263 199 759 730 705 808 749 623 181 179 254 371 483 968 392 993 998
48 14 4747 315 879 591 558 221 110 153 188 38 681 895 516 51 352 727 906 346 543 686 472 720 850 480 474 515 82 196 758
49 14 4616 949 730 315 53 772 880 315 395 80 510 538 794 8 459 369 598 366 667 346 834 426 125 257 989 567 724 463 180
50 14 5817 709 84 209 246 978 675 54 187 532 244 638 125 393 517 824 364 574 40 547 4 448 643 260 585 306 247 800 65
51 14 5976 713 555 326 677 792 978 969 164 918 916 146 360 467 209 208 278 737 974 22 376 670 579 947 378 369 455 187 447
52 14 4983 197 461 636 943 823 219 704 299 133 526 628 645 741 369 240 107 256 548 737 16 604 654 55 490 245 384 230 874
53 14 4708 703 494 170 749 187 906 468 945 931 842 567 532 879 606 18 303 170 901 996 799 163 416 103 9 355 973 175 976
54 14 7214 614 155 964 703 490 812 372 69 938 16 630 749 549 232 540 813 422 54 846 642 877 411 801 326 625 961 350 41
55 14 4662 276 960 721 632 269 643 913 427 545 952 366 38 59 411 780 523 400 301 292 256 118 706 180 368 868 33 41 493
56 14 5947 157 594 849 243 872 879 465 692 367 227 940 392 419 918 511 542 500 790 840 38 183 662 397 487 737 85 197 412
57 14 4777 884 348 275 933 917 1 553 484 328 51 639 726 22 548 809 151 407 553 453 213 132 193 50 260 323 675 180 569
58 14 5385 615 916 982 886 374 152 632 688 217 801 435 983 140 800 379 434 638 138 497 711 334 624 631 733 140 211 718 763
59 14 5428 457 806 57 804 721 662 255 650 229 251 415 9 557 398 310 15 266 618 880 951 813 201 636 685 304 101 886 979
60 14 5465 386 560 683 215 201 229 569 605 926 545 284 427 154 941 745 998 463 961 775 20 369 865 407 50 491 753 379 584
61 14 6152 11 382 726 45 473 32 116 404 500 581 914 744 478 449 742 212 350 509 935 342 621 179 448 372 813 907 563 941
62 14 7509 841 217 699 771 703 32 898 394 760 616 854 83 537 490 596 662 131 201 400 180 840 410 385 470 978 62 765 151
63 14 5177 717 538 253 924 452 771 332 921 939 214 24 800 256 142 998 705 769 875 828 159 367 199 44 863 162 430 331 465
64 14 5927 608 5 851 803 928 600 648 49 50 427 884 763 190 849 426 403 367 330 272 7 653 45 341 69 586 824 605 651
65 14 5096 516 340 290 321 633 816 10 447 396 475 797 540 245 589 603 374 281 259 279 398 898 124 22 377 791 506 609 640
66 14 4517 495 906 155 370 98 789 713 262 778 825 40 326 443 619 338 325 99 971 419 824 663 370 65 554 615 701 726 904
67 14 6328 747 826 387 268 865 461 62 964 845 6 280 564 904 501 511 100 927 741 320 45 94 991 436 209 637 113 895 577
68 14 5632 51 615 160 578 697 972 194 840 558 216 843 191 728 10 345 666 628 159 150 989 652 760 373 129 961 294 701 184
69 14 4478 216 844 662 766 95 958 343 541 11 474 869 507 894 597 522 186 365 780 84 81 456 322 625 139 449 179 7 516
70 14 5604 715 915 632 302 557 911 529 428 182 474 713 72 717 463 218 534 433 51 685 447 801 534 651 550 10 544 162 505
71 14 6100 664 407 711 55 12 146 285 863 429 746 880 248 59 125 849 75 347 167 697 799 390 890 806 983 538 74 959 648
72 14 5437 674 199 32 866 809 294 212 992 218 647 587 359 762 811 302 95 257 397 736 936 743 962 738 937 120 258 607 37
73 14 6391 92 710 103 688 707 606 626 71 671 415 803 345 407 700 953 563 474 833 810 489 233 336 844 242 414 482 852 642
74 14 5961 78 806 798 225 930 200 106 199 640 359 556 733 397 342 279 174 462 662 668 824 844 280 441 668 667 430 586 577
75 14 5492 3 933 981 889 329 842 816 566 768 34 564 862 361 123 549 830 10 456 357 579 382 566 751 583 121 541 873 880
76 14 5132 934 711 840 815 10 202 143 545 319 775 585 402 315 426 386 813 17 1000 676 698 141 206 569 161 709 312 771 878
77 14 5432 274 743 671 681 466 149 504 359 813 387 209 746 393 706 795 118 1 857 545 518 756 493 944 479 288 150 131 597
78 14 5240 696 350 57 890 127 37 676 407 88 729 546 945 528 140 177 558 515 620 391 549 952 659 864 249 569 19 364 338
79 14 4100 423 332 624 859 597 694 689 126 49 795 311 150 718 185 337 884 63 973 251 887 93 158 618 145 105 296 247 513
80 14 4588 848 387 201 4 985 93 112 65 315 178 652 405 860 329 305 622 397 744 176 173 442 877 155 512 286 334 1 667
81 14 5211 478 505 445 953 150 340 501 276 483 387 495 360 151 361 534 858 333 220 996 389 828 529 741 493 359 918 20 447
82 14 5198 37 844 764 649 376 709 695 586 714 572 217 298 378 2 156 793 364 569 853 710 855 378 182 919 364 280 543 974
83 14 5405 176 647 441 906 935 937 499 137 84 221 456 430 343 122 124 318 996 622 715 419 612 291 628 670 497 888 251 751
84 14 5767 850 163 324 472 674 896 493 101 121 414 903 893 996 991 298 521 23 249 358 232 346 245 461 238 518 773 844 302
85 14 6228 478 361 903 858 604 215 764 794 431 70 821 308 894 205 157 487 141 436 964 433 214 741 700 818 469 469 246 184
86 14 5072 585 888 73 599 7 434 637 304 650 544 888 404 336 717 249 905 638 237 321 923 983 425 289 535 40 304 644 758
87 14 6045 1 89 253 826 982 738 780 160 430 55 179 975 755 690 769 380 711 478 426 823 858 262 396 735 643 653 374 266
88 14 4793 859 163 350 946 395 231 82 780 31 931 354 889 30 121 125 122 359 345 948 288 990 807 233 445 997 908 239 536
89 14 5944 708 642 17 77 665 109 42 958 163 182 522 231 880 587 665 851 283 994 980 230 861 762 650 257 818 423 177 222
90 14 4993 246 375 133 445 11 569 559 475 266 420 484 647 606 116 561 514 935 275 28 891 631 580 772 20 268 486 742 392
91 14 5756 694 330 905 659 773 650 382 552 183 617 736 184 145 445 675 507 924 902 311 682 356 463 389 955 125 458 597 200
92 14 5436 359 878 780 224 471 444 893 535 927 591 693 12 547 220 157 475 577 545 337 183 289 122 74 154 591 337 101 360
93 14 4194 123 832 312 231 502 100 333 435 214 155 306 453 810 847 685 838 226 850 487 824 123 98 409 433 52 783 661 629
94 14 4698 423 618 34 676 134 916 902 149 359 729 84 817 943 791 641 815 928 70 431 147 277 883 30 378 95 123 592 234
95 14 7652 186 934 802 382 973 918 737 164 370 630 796 634 459 914 629 9 747 772 685 65 998 648 766 449 824 675 594 176
96 14 5433 858 100 138 757 491 943 990 374 142 401 498 351 98 836 615 83 469 994 804 900 480 353 330 391 724 721 155 709
97 14 5578 945 759 831 783 502 233 101 801 74 131 971 436 295 425 595 336 865 261 203 960 484 179 271 476 353 907 483 58
98 14 6086 409 961 165 315 99 808 815 150 620 104 798 297 798 11 756 555 995 62 866 133 295 874 91 441 265 212 636 997
99 14 6023 949 66 58 103 826 876 89 850 510 951 921 977 83 69 899 319 762 371 747 114 45 661 558 956 815 187 267 25
100 14 5831 891 625 666 196 558 287 540 521 636 5 718 147 487 343 890 60 763 352 328 411 394 820 237 690 134 646 47 388
101 14 6716 340 106 231 251 695 667 863 338 583 375 865 348 576 422 979 801 50 743 501 969 961 832 703 409 537 199 512 316
102 14 6094 55 280 234 281 742 7 971 601 791 953 768 424 300 277 719 670 853 834 657 886 155 379 557 950 670 582 146 289
103 14 6757 508 906 281 637 74 136 453 39 770 943 873 648 774 965 856 501 451 485 550 596 366 18 536 771 976 104 979 941
104 14 4995 671 76 658 394 242 763 216 814 962 470 186 241 393 31 275 149 70 40 284 210 116 547 711 158 597 965 863 642
105 14 4221 242 6 405 486 131 977 754 694 857 234 235 786 810 790 209 210 338 813 14 540 213 296 453 876 520 933 96 890
106 14 6544 620 935 420 134 941 706 903 39 596 188 708 628 913 178 382 403 145 775 788 155 134 824 295 616 799 539 537 487
107 14 5903 39 133 569 489 905 328 708 394 181 67 349 564 904 620 124 698 185 617 287 156 947 648 699 996 674 628 808 606
108 14 6334 759 480 889 96 363 693 723 930 460 809 567 592 837 418 80 629 447 360 569 884 637 779 409 785 613 810 565 691
109 14 7515 906 208 512 815 909 408 797 131 903 545 701 247 520 565 432 15 506 347 717 954 527 23 443 892 786 118 735 337
110 14 4379 969 483 279 550 360 710 524 299 299 164 41 932 382 939 505 809 769 969 3 557 663 165 101 696 148 760 431 786
111 14 4526 43 147 383 207 442 79 647 123 884 726 14 399 401 816 559 545 311 881 402 98 260 466 563 477 615 780 134 459
112 14 4001 233 310 458 601 653 400 231 700 430 116 197 611 424 558 271 459 558 824 153 846 353 955 1 622 960 451 80 83
113 14 5159 258 585 67 906 401 676 570 802 461 128 790 284 302 401 95 140 951 24 83 648 191 519 691 902 866 768 723 324
114 14 5529 160 113 912 32 460 697 872 730 217 342 490 409 644 231 277 663 685 473 635 681 711 747 172 328 425 656 252 486
115 14 5975 353 956 245 278 958 286 471 319 788 640 69 395 801 475 743 694 248 3 600 760 123 786 505 309 615 231 950 728
116 14 5916 368 120 669 610 190 979 974 866 41 839 571 905 991 695 285 773 795 800 911 311 144 469 663 129 738 636 55 142
117 14 5615 760 730 113 177 792 86 1000 81 114 263 43 307 359 829 274 59 658 669 607 956 777 8 494 180 239 985 789 411
118 14 4736 459 367 113 238 349 3 125 44 748 27 259 37 63 784 604 939 578 283 1000 50 397 865 306 578 434 665 485 425
119 14 5696 238 766 964 710 308 48 122 288 797 805 928 698 608 678 822 748 156 810 779 319 217 237 517 550 162 205 503 44
120 14 6234 690 251 550 270 248 33 571 204 164 778 316 754 400 952 996 439 975 694 89 915 765 325 384 859 916 858 729 193
121 14 5072 660 954 278 319 838 197 10 765 343 80 204 565 728 824 448 567 308 514 351 757 760 191 622 370 614 336 176 779
122 14 7308 901 902 699 974 289 820 757 726 445 714 984 93 929 236 525 802 598 203 840 673 329 919 781 635 912 110 146 680
123 14 6711 465 808 281 966 798 57 713 873 522 815 584 880 967 696 957 635 103 455 676 215 857 75 159 893 325 85 982 920
124 14 6110 937 433 702 597 83 658 638 643 537 505 109 510 861 719 498 873 431 106 571 866 507 867 944 589 291 377 529 817
125 14 4720 177 763 556 578 731 804 455 736 155 59 766 804 247 509 4 683 767 169 677 48 31 831 910 951 256 47 168 6
126 14 5216 83 462 420 626 738 158 838 26 747 899 588 199 258 644 278 456 421 77 534 370 104 720 852 208 256 414 403 375
127 14 4679 475 544 645 752 624 354 201 166 316 805 618 137 435 68 485 913 261 112 829 239 506 53 54 960 240 239 160 667
128 14 6516 948 93 473 183 706 217 901 211 136 605 847 297 379 906 828 948 603 292 148 859 154 802 462 299 899 600 662 107
129 14 6305 826 713 901 711 330 59 230 632 937 695 365 799 154 788 895 876 534 85 598 483 785 842 146 566 750 653 431 441
130 14 6072 204 962 410 186 151 799 869 459 848 733 595 472 673 748 970 80 442 425 192 570 139 221 942 407 545 393 610 928
131 14 7547 699 295 706 974 884 274 871 431 872 930 9 4 939 399 324 615 949 962 846 235 632 622 189 667 771 810 743 973
132 14 6363 394 377 996 378 719 200 510 909 257 273 389 664 65 65 662 978 570 116 915 980 714 23 731 749 186 801 846 236
133 14 6488 953 798 9 533 899 151 611 272 809 517 700 237 372 447 455 803 652 882 20 941 900 561 799 63 613 161 318 184
134 14 4952 156 870 934 608 328 511 689 303 52 264 136 286 914 86 322 587 598 747 464 941 271 799 511 445 635 225 180 621
135 14 5789 836 488 471 600 665 49 769 74 958 838 595 229 168 669 421 316 158 966 424 434 998 531 412 34 263 233 99 282
136 14 5840 772 220 757 457 578 997 303 346 781 933 817 369 493 588 271 894 18 878 805 815 401 929 606 734 172 85 526 377
137 14 5244 559 684 881 534 477 919 103 766 700 781 46 598 796 182 273 772 262 278 518 747 251 902 88 610 889 404 712 360
138 14 4253 78 354 124 815 544 988 298 75 342 684 739 52 687 845 60 861 101 613 101 535 255 298 876 794 464 474 648 817
139 14 6128 668 106 635 78 633 973 227 254 127 77 476 247 906 624 822 656 693 359 848 954 462 826 709 807 402 986 53 544
140 14 5737 880 895 661 660 731 167 421 229 811 502 631 612 550 42 125 949 2 190 131 870 733 802 291 21 911 852 294 614
141 14 6218 155 395 620 12 500 434 610 371 749 437 724 183 627 947 819 267 572 975 694 251 1000 373 533 456 48 924 122 503
142 14 5944 100 494 345 54 806 781 824 119 859 448 164 644 766 619 979 400 726 276 471 680 617 835 392 938 234 230 148 374
143 14 4820 395 486 47 556 540 801 372 758 33 920 79 80 111 894 317 834 529 66 873 99 903 759 178 826 684 872 965 332
144 14 4454 172 567 318 102 928 937 22 49 883 361 732 638 651 267 488 960 154 76 503 296 168 832 143 368 227 850 179 245
145 14 5669 297 369 896 284 195 300 497 188 583 791 847 569 648 813 186 81 167 197 394 911 288 366 559 321 917 116 613 555
146 14 5530 611 97 497 787 341 686 843 353 444 131 854 95 68 277 707 768 125 903 870 258 451 89 518 341 285 425 299 408
147 14 5544 840 372 491 115 331 659 694 48 356 771 398 130 68 773 900 927 903 140 66 168 616 855 140 558 505 359 622 119
148 14 6391 917 860 650 365 758 800 513 361 887 84 978 952 217 52 743 69 110 95 553 947 112 288 358 407 939 648 254 821
149 14 5856 75 799 941 753 580 549 713 218 537 551 778 47 381 965 624 365 360 630 389 943 636 375 570 179 265 438 472 766
150 14 5097 887 338 112 132 551 633 758 820 577 933 9 86 639 449 536 89 89 296 95 205 150 432 562 836 653 995 754 524
151 14 3497 178 843 85 210 67 189 349 214 477 858 144 849 160 918 128 159 850 174 524 257 146 117 814 216 177 425 273 87
152 14 5156 379 408 237 386 253 634 919 77 298 786 707 556 976 580 264 832 141 682 117 809 616 89 377 715 783 996 379 459
153 14 4724 61 423 201 257 215 581 810 864 901 476 604 187 778 311 782 772 642 80 568 622 92 433 5 64 79 473 168 123
154 14 4900 603 446 887 68 866 209 30 426 606 635 170 878 619 762 104 581 519 526 945 690 10 69 207 345 216 828 344 70
155 14 5857 651 817 236 595 571 574 726 939 230 642 192 929 902 531 858 185 530 234 85 815 957 691 745 837 219 37 420 574
156 14 5151 349 581 133 210 931 375 464 999 263 838 274 986 90 78 732 963 855 765 552 609 449 613 421 273 805 390 121 461
157 14 5480 926 644 386 346 643 894 819 648 690 676 210 698 546 101 337 704 250 263 984 208 461 96 329 478 135 400 134 374
158 14 6478 754 361 785 645 933 308 863 681 366 395 967 971 579 506 130 75 855 967 451 629 114 241 278 6 177 851 846 262
159 14 5685 919 139 468 290 98 921 747 51 943 100 134 95 527 987 652 656 37 179 325 357 83 344 404 916 792 311 978 926
160 14 4736 14 480 406 353 727 112 81 331 5 171 106 287 554 392 299 165 609 770 669 476 467 594 957 295 682 236 345 119
161 14 5245 286 999 116 588 888 213 787 782 101 831 730 454 267 370 188 571 878 540 540 845 423 846 611 554 446 344 296 235
162 14 6468 258 714 384 948 327 756 408 218 511 659 666 31 914 33 566 935 987 183 497 439 429 176 758 981 894 252 487 553
163 14 4929 973 43 412 244 66 747 263 324 841 247 522 970 510 327 790 873 381 992 516 816 169 986 103 536 209 704 407 729
164 14 5205 130 403 990 990 878 417 628 816 443 434 151 697 610 943 201 303 945 983 977 518 146 60 16 169 188 973 204 532
165 14 5269 324 532 770 574 313 672 763 469 345 820 49 46 684 476 617 268 548 391 140 463 583 14 915 690 392 644 144 281
166 14 5548 6 314 36 800 767 689 879 806 762 949 84 146 319 578 566 909 631 70 798 75 539 142 978 649 171 505 399 24
167 14 6528 842 19 801 580 319 279 335 283 485 724 892 781 295 84 932 488 581 958 135 118 150 715 762 37 965 437 666 687
168 14 5827 98 226 494 33 666 102 340 632 554 617 574 621 799 234 732 945 799 258 597 758 489 38 27 837 810 54 305 458
169 14 5552 351 400 398 302 656 715 29 456 515 95 702 797 51 111 571 916 521 60 202 986 529 593 949 377 677 272 789 252
170 14 6076 654 919 315 197 977 681 617 433 11 872 866 721 40 238 451 521 475 114 975 856 684 394 670 96 809 854 52 202
171 14 4892 802 366 245 732 174 68 237 591 317 544 760 855 619 138 551 736 965 665 111 323 584 648 378 106 160 924 212 721
172 14 5595 751 115 551 245 911 647 266 194 489 47 711 858 470 834 428 898 86 610 145 834 892 971 707 289 408 528 179 516
173 14 6168 83 961 420 64 889 658 653 968 923 206 832 912 97 602 218 415 65 961 958 750 919 284 612 485 599 957 442 705
174 14 6067 492 134 63 513 284 591 833 992 993 125 323 323 97 959 447 816 870 837 239 482 866 220 842 479 683 523 552 759
175 14 5025 755 471 306 44 219 456 201 481 92 614 576 356 397 860 446 680 505 641 902 499 595 914 466 438 131 557 691 324
176 14 5992 503 517 951 951 867 954 758 993 281 931 964 989 193 62 163 662 51 510 404 30 402 36 928 606 882 995 143 668
177 14 4724 409 76 153 108 743 146 134 47 43 953 768 47 984 298 646 222 163 479 206 247 260 935 864 617 129 744 404 104
178 14 5476 80 918 985 157 296 588 322 112 75 923 631 55 286 85 230 997 182 601 891 62 420 891 676 461 963 239 809 544
179 14 5960 936 687 766 719 823 290 914 919 47 965 510 496 846 327 781 892 390 266 366 811 141 773 407 357 505 272 18 653
180 14 4810 381 758 357 860 564 965 489 161 741 477 94 450 487 13 18 661 41 987 517 236 398 545 851 942 277 612 798 650
181 14 5544 269 958 490 119 342 158 886 928 542 682 153 901 549 628 703 85 304 829 679 482 424 978 371 530 269 806 950 353
182 14 4614 109 766 52 431 302 553 27 156 707 769 397 489 821 740 993 109 57 695 52 10 389 85 333 771 620 626 909 692
183 14 4831 595 836 46 968 23 23 643 524 315 580 733 682 240 203 967 144 363 895 759 540 905 277 115 575 295 852 40 321
184 14 3666 268 164 183 476 370 108 229 861 952 262 340 707 1 938 11 514 278 785 541 122 74 549 188 264 946 524 202 696
185 14 4939 799 940 148 82 691 975 385 842 970 482 630 835 154 975 203 157 292 385 820 413 30 328 111 717 177 273 764 445
186 14 5172 182 229 992 384 531 723 248 901 402 673 936 242 509 578 239 932 49 468 659 45 565 894 22 532 378 401 753 712
187 14 5732 531 416 815 690 468 957 111 45 143 789 146 453 367 754 895 424 626 219 468 591 842 764 264 396 717 153 773 773
188 14 5086 272 644 170 795 622 511 327 728 841 804 966 663 30 186 78 532 555 589 199 205 369 145 873 683 110 172 946 499
189 14 6416 991 684 121 632 711 171 101 295 902 412 70 620 110 529 743 743 883 394 593 276 176 766 853 768 991 139 775 620
190 14 4072 336 516 560 522 52 159 970 180 331 235 324 334 533 950 113 380 22 83 143 510 381 291 729 150 144 705 452 917
191 14 6642 491 105 624 488 150 370 591 766 681 107 979 362 659 525 80 923 563 241 822 395 835 533 320 129 856 995 652 528
192 14 5716 377 499 442 857 237 588 509 911 627 201 35 41 767 621 646 86 749 470 1 114 756 824 999 491 993 749 8 533
193 14 5552 139 144 360 178 180 387 129 355 579 830 929 596 920 489 678 249 992 970 570 811 229 577 485 755 157 528 594 721
194 14 6655 339 137 652 909 432 823 884 951 801 263 492 74 302 200 207 577 837 45 525 607 888 372 890 634 878 141 192 731
195 14 5029 784 64 513 271 847 69 15 57 184 674 756 363 374 388 491 500 616 501 383 524 270 979 291 221 394 963 369 248
196 14 5704 939 496 871 133 463 960 326 415 194 727 881 520 456 357 217 613 719 144 186 333 440 686 156 450 392 287 891 515
197 14 5559 438 312 231 914 62 20 253 956 775 255 435 968 577 44 896 284 163 836 646 587 498 619 551 672 430 251 994 251
198 14 4646 478 347 807 200 238 237 685 76 140 390 188 367 517 146 25 636 175 777 564 291 419 342 498 489 907 104 167 847
199 14 4580 235 548 226 134 596 560 110 204 334 453 422 662 134 71 982 879 466 365 590 328 703 246 325 738 253 629 349 741
200 14 6533 209 703 958 798 795 671 167 402 542 83 732 79 717 494 355 459 782 50 999 117 441 129 92 639 840 276 538 959
