1 15 2564 72 1 86 339 404 28 298 626 55 194 108 221 293 90 301 182 31 426 428 343 135 676 476 463 489 424 15 67 14 582
2 15 2484 257 495 235 548 100 364 305 67 201 407 45 600 351 380 149 518 16 493 468 390 167 98 15 639 336 127 286 411 175 142
3 15 3783 489 480 395 125 469 44 417 622 35 265 147 491 371 122 439 398 118 148 338 256 149 641 275 708 315 716 478 160 294 647
4 15 3028 417 149 108 713 214 444 34 259 36 203 325 476 354 526 124 65 481 358 304 557 227 587 376 519 154 531 407 35 224 558
5 15 2916 69 407 347 585 233 651 361 404 166 149 310 263 453 237 88 576 54 247 69 354 286 229 341 614 370 76 475 500 24 242
6 15 3525 190 597 110 75 322 294 131 700 252 235 464 695 258 328 336 479 472 725 104 151 288 601 385 581 366 51 420 171 309 363
7 15 2784 388 580 69 665 387 679 48 650 320 307 277 138 130 309 81 471 81 566 134 286 444 593 398 454 33 75 238 141 452 418
8 15 2992 317 519 238 654 200 577 66 550 385 440 32 288 474 199 63 478 227 198 398 213 218 507 22 668 323 396 460 174 318 485
9 15 2994 162 42 330 128 288 433 405 493 121 257 57 449 251 647 490 563 321 640 293 232 349 619 236 281 215 256 141 637 84 434
10 15 3296 97 743 353 199 259 298 252 728 490 343 496 139 456 656 277 317 93 174 113 225 232 167 217 708 109 583 204 184 472 56
11 15 3228 160 498 459 644 83 60 151 290 351 73 92 533 256 211 413 284 316 405 421 345 463 266 5 51 404 78 280 249 181 400
12 15 3493 224 473 79 221 265 152 491 216 225 592 42 93 393 125 245 601 412 53 240 39 405 616 201 351 227 643 423 89 495 533
13 15 2588 407 461 222 192 119 274 149 305 122 696 445 710 335 374 156 130 31 169 192 113 60 382 403 652 163 373 212 592 220 526
14 15 2676 193 539 44 206 60 332 495 225 287 82 132 453 201 176 440 283 470 290 481 467 231 375 21 494 4 696 122 202 165 261
15 15 2995 455 222 129 745 170 238 49 3 473 426 321 240 467 128 71 213 290 689 426 41 145 613 47 44 17 190 488 235 196 449
16 15 3575 138 144 373 601 448 750 162 4 394 322 449 284 130 157 316 74 482 267 330 5 166 322 387 237 162 736 428 1 104 696
17 15 3384 245 54 75 400 353 586 420 418 174 50 482 452 60 580 279 113 316 672 438 354 193 209 418 354 251 166 161 574 365 145
18 15 4029 323 650 487 444 441 131 296 336 76 663 327 678 237 227 478 282 500 446 318 361 329 62 337 575 295 123 479 141 114 187
19 15 2979 86 371 481 355 77 315 83 330 60 379 297 218 105 289 456 322 211 576 60 611 181 585 461 523 317 672 400 127 449 38
20 15 3407 395 311 204 75 188 521 220 674 362 295 75 552 413 402 439 122 480 87 452 598 2 563 399 312 433 699 38 686 159 178
21 15 2690 28 310 470 701 420 446 20 150 167 615 158 516 434 8 430 3 188 175 149 223 81 584 100 677 394 126 99 493 225 587
22 15 2638 83 296 118 309 46 309 149 44 395 307 208 717 96 423 8 599 490 210 377 106 68 323 137 470 435 595 455 385 233 563
23 15 2832 369 269 272 726 175 460 17 345 432 237 431 432 19 100 283 700 201 643 436 516 231 670 309 152 91 339 10 537 264 472
24 15 2932 338 338 46 465 261 309 137 694 265 89 384 181 17 543 53 394 94 584 284 32 489 425 256 681 478 106 311 108 253 274
25 15 3163 466 238 38 445 88 97 375 267 142 162 263 101 20 652 235 637 331 694 410 343 369 625 457 106 392 521 253 196 115 240
26 15 2357 154 387 442 678 18 396 457 273 115 49 379 428 473 609 360 177 131 327 65 499 186 680 114 418 29 286 2 354 22 657
27 15 2817 182 380 233 455 215 139 386 377 134 15 80 494 440 637 34 186 59 629 487 196 210 651 408 711 286 674 306 92 62 348
28 15 3392 270 364 166 43 337 232 83 210 285 747 344 178 79 655 372 742 328 713 300 58 326 397 347 117 214 371 367 54 423 194
29 15 2262 458 609 441 279 147 726 115 724 265 675 298 346 41 258 326 516 40 507 28 478 2 242 216 413 12 192 260 568 179 15
30 15 3544 10 614 347 426 354 480 484 5 327 727 125 89 134 456 47 565 496 62 184 430 496 281 470 486 248 7 258 75 450 216
31 15 3526 229 694 38 24 310 363 472 211 368 652 357 367 382 18 205 541 294 225 204 433 446 576 67 398 158 535 490 99 388 84
32 15 2941 312 290 316 698 338 556 67 352 438 681 263 92 248 245 386 98 408 732 269 370 68 305 298 28 50 561 156 595 60 644
33 15 3184 196 398 160 693 414 565 341 414 213 700 149 126 483 298 185 151 499 11 191 630 225 247 240 421 271 727 270 414 144 105
34 15 3228 270 651 396 181 496 101 152 336 433 729 58 628 41 349 321 252 42 615 256 682 195 700 78 749 414 588 395 663 489 338
35 15 2415 185 67 432 572 62 335 195 12 399 164 19 707 383 653 83 192 79 699 229 18 268 375 337 567 9 295 145 476 194 540
36 15 3302 174 299 107 643 7 574 492 308 229 675 496 435 237 134 392 537 462 106 455 123 329 626 32 636 169 667 337 163 210 220
37 15 2901 248 148 252 593 360 244 150 494 319 68 450 63 175 256 203 330 215 61 353 639 65 509 476 42 27 686 234 553 100 682
38 15 3116 59 710 265 653 39 696 327 226 458 671 56 630 192 302 420 638 333 341 70 381 418 690 483 94 178 130 260 5 337 433
39 15 2724 111 552 151 648 42 718 267 104 457 528 226 259 79 167 241 319 38 112 214 340 461 96 252 251 386 411 179 392 302 431
40 15 3364 270 521 158 530 313 711 495 292 466 81 428 344 364 204 251 365 241 381 183 591 37 732 59 508 322 136 368 602 250 417
41 15 2882 191 270 235 479 238 726 150 317 299 563 94 16 350 251 473 461 57 744 195 630 71 205 428 169 57 87 362 83 403 485
42 15 2880 186 745 220 507 258 421 377 455 16 1 79 445 18 416 395 620 329 521 173 242 290 448 500 575 3 287 464 564 292 585
43 15 2704 26 301 6 477 78 529 460 189 392 467 448 404 109 183 317 690 293 368 13 484 324 140 456 93 90 566 216 35 152 411
44 15 3497 335 72 257 75 490 298 84 68 419 204 392 186 132 149 380 547 353 606 375 468 91 134 127 279 242 726 196 745 499 349
45 15 3328 440 443 279 166 55 115 94 28 341 671 258 38 176 545 453 259 272 514 236 540 425 360 237 386 41 147 379 453 475 547
46 15 3253 27 579 440 236 198 60 255 404 397 6 230 277 299 275 334 259 417 320 63 193 495 425 362 347 90 597 355 63 105 184
47 15 2214 338 40 94 399 122 478 63 295 259 618 182 430 20 410 2 336 322 195 293 229 124 600 33 567 357 416 163 508 396 734
48 15 3000 82 689 458 109 180 350 105 156 139 553 487 16 188 503 290 711 189 277 228 140 224 59 99 346 318 707 412 164 352 225
49 15 2831 263 471 323 556 185 180 54 192 274 553 8 453 327 41 245 184 192 172 437 494 352 370 85 562 94 680 234 709 466 632
50 15 3811 266 660 303 14 152 128 451 747 400 123 208 77 5 267 487 131 488 719 307 117 482 527 245 609 186 52 469 12 315 562
51 15 2655 116 405 407 316 27 634 321 658 206 601 163 469 481 262 21 111 138 720 361 474 135 482 457 320 273 714 183 28 30 308
52 15 2908 262 300 151 219 128 88 353 135 184 651 17 31 247 154 79 446 425 182 436 660 233 519 184 170 470 294 210 689 256 406
53 15 2926 395 630 19 137 331 298 244 553 43 148 206 253 442 261 138 700 459 1 277 363 164 38 320 545 11 411 405 113 204 415
54 15 2731 107 99 97 37 130 242 338 135 285 389 308 687 491 665 187 114 316 516 109 601 218 738 70 600 190 326 319 103 249 533
55 15 2920 312 473 367 105 106 539 382 737 229 605 29 603 361 496 128 488 115 188 208 7 279 299 155 11 133 464 440 713 407 151
56 15 3095 343 228 51 665 490 281 193 420 342 161 101 172 285 454 463 409 142 321 77 706 373 749 232 721 388 15 185 649 204 37
57 15 3388 377 284 292 618 6 287 363 34 237 24 58 303 250 436 457 558 239 337 371 159 175 382 468 257 311 134 224 279 407 680
58 15 4134 471 236 421 163 350 578 352 24 449 296 380 462 427 62 269 367 298 497 66 151 200 135 420 308 193 352 489 47 383 113
59 15 2832 359 404 127 693 226 578 166 691 470 161 12 600 128 106 499 529 385 656 414 119 184 149 22 647 81 323 166 349 301 456
60 15 2984 426 602 464 450 324 37 25 320 442 572 95 637 213 303 184 248 136 5 327 34 171 52 293 618 303 488 158 387 170 218
61 15 2912 317 612 5 336 198 356 399 405 123 442 302 280 141 194 140 298 449 93 11 283 396 380 305 480 217 371 453 116 185 73
62 15 2633 357 197 389 619 20 244 222 464 169 244 50 729 210 618 332 277 33 415 308 526 363 678 61 560 413 290 134 649 231 47
63 15 3652 423 5 140 423 452 376 256 75 464 556 160 34 47 743 218 157 319 85 448 433 135 38 308 120 289 523 486 146 420 418
64 15 3631 422 144 364 8 173 499 314 120 75 742 326 570 187 97 481 220 351 138 54 162 422 496 383 72 479 258 271 8 237 652
65 15 2673 447 448 261 140 183 585 42 61 228 242 313 104 225 134 4 387 87 536 458 474 151 418 456 397 214 137 237 535 36 538
66 15 2386 109 401 217 38 343 336 401 401 326 413 5 408 81 379 204 498 204 533 28 9 73 214 432 322 373 660 124 44 63 637
67 15 3464 174 125 349 599 195 668 403 738 269 56 480 486 327 506 100 24 433 607 147 159 496 163 324 440 180 572 406 226 48 193
68 15 3488 368 702 372 722 369 703 60 193 304 28 420 69 355 77 344 531 303 470 36 504 208 603 173 305 350 715 282 356 417 607
69 15 2866 117 252 422 182 207 362 426 482 147 59 403 599 113 698 100 79 100 480 180 417 367 298 171 209 87 347 331 501 412 633
70 15 3456 221 501 334 323 293 433 130 3 467 736 445 247 421 612 283 576 17 423 431 271 62 412 415 8 228 268 290 287 283 563
71 15 3326 61 406 437 660 280 701 356 630 408 8 101 107 273 239 388 439 201 237 213 290 407 13 500 507 349 106 103 427 81 532
72 15 3156 386 659 362 206 372 504 341 349 75 378 180 610 194 157 373 295 353 596 59 1 429 409 259 567 247 708 240 216 75 98
73 15 2887 360 522 175 43 445 95 19 507 204 66 365 409 473 396 70 133 279 387 310 293 275 714 330 648 125 427 10 273 169 281
74 15 3140 166 468 430 448 347 517 63 37 398 234 75 539 93 253 442 47 487 188 444 70 79 464 73 79 148 185 257 739 424 290
75 15 2373 2 739 47 84 33 236 89 489 203 645 165 229 311 298 372 132 87 331 439 116 256 214 167 1 334 503 239 379 223 715
76 15 2704 170 376 138 362 194 371 180 114 181 401 429 250 110 747 195 621 265 556 247 270 459 15 224 608 19 633 382 487 188 532
77 15 3255 293 536 286 163 149 284 1 117 397 273 285 640 355 641 189 137 460 273 140 407 487 535 88 485 221 679 468 703 250 103
78 15 2880 111 342 215 257 61 93 159 747 311 536 210 459 146 471 335 373 444 188 376 435 425 123 162 354 337 672 247 76 61 311
79 15 3381 447 747 496 224 261 18 125 269 116 259 123 346 119 388 387 633 151 491 239 271 452 644 302 162 382 596 216 53 411 231
80 15 2783 103 118 244 106 218 723 217 161 371 525 409 352 235 185 92 232 293 666 37 450 4 326 319 228 325 408 444 303 168 538
81 15 3298 453 479 119 241 462 737 213 217 268 30 152 483 379 208 1 67 127 620 491 553 390 120 215 41 90 732 378 517 385 285
82 15 2324 239 320 412 644 131 297 368 482 327 281 133 429 430 122 175 710 198 174 41 585 16 698 177 667 15 91 63 91 180 259
83 15 3166 144 743 404 175 223 748 454 179 268 545 354 482 9 58 333 82 21 719 82 136 261 174 440 441 333 639 142 746 490 173
84 15 2452 381 488 129 613 212 133 111 273 123 282 67 334 6 427 280 357 133 315 242 486 303 87 281 386 468 207 14 668 316 435
85 15 2951 10 201 243 557 196 317 347 247 453 494 387 488 191 414 92 463 368 138 73 334 338 380 462 677 156 512 178 347 195 716
86 15 2945 229 448 100 407 180 659 390 168 236 333 447 401 464 443 347 9 274 165 79 356 289 409 169 138 145 92 37 115 296 253
87 15 2244 180 569 62 624 156 174 251 75 167 326 107 116 153 340 405 636 343 629 113 638 244 618 62 74 205 325 26 587 331 472
88 15 2623 212 464 17 507 67 687 451 112 180 547 42 613 472 593 321 612 464 53 216 110 139 662 15 283 48 92 296 175 339 139
89 15 3900 401 286 487 689 369 123 185 473 398 476 230 686 315 7 374 579 343 49 499 486 383 337 412 507 297 132 133 644 50 103
90 15 2960 246 708 495 281 71 301 249 264 49 627 308 63 235 746 402 675 240 265 165 294 362 541 78 532 28 709 380 624 392 377
91 15 2965 51 601 37 98 486 327 148 319 298 252 433 196 102 720 242 134 136 357 177 681 242 44 312 307 481 124 158 74 404 611
92 15 3572 310 78 399 223 399 8 378 416 498 47 433 100 148 656 46 331 133 159 318 748 455 712 33 43 52 619 438 67 425 383
93 15 2799 461 733 42 52 450 239 381 278 374 86 23 496 279 717 408 140 134 19 128 668 313 500 98 418 144 405 261 477 3 539
94 15 2522 244 257 445 45 382 264 164 308 197 615 119 518 67 485 24 291 467 255 53 174 126 522 334 648 169 438 188 649 174 432
95 15 2884 490 601 25 558 251 727 481 624 352 307 269 150 256 237 68 41 140 175 141 556 4 729 301 593 477 576 212 225 139 539
96 15 3193 427 625 329 665 78 285 279 712 335 436 73 217 81 381 453 211 319 56 68 340 20 578 472 655 324 580 483 642 251 338
97 15 2792 275 447 183 14 268 578 488 78 490 706 296 503 38 494 197 182 382 162 407 722 235 139 121 295 16 206 75 53 20 213
98 15 3332 58 410 356 119 299 724 432 481 251 182 3 304 243 98 489 566 347 643 117 177 393 608 395 157 105 254 407 10 270 160
99 15 2563 227 657 260 700 48 667 184 465 468 315 67 706 353 678 20 447 94 531 314 685 89 286 202 109 388 591 78 101 412 222
100 15 2872 400 404 269 365 64 29 67 427 245 679 164 531 197 136 34 262 282 678 310 93 349 139 309 215 78 710 324 524 498 506
