1001 15 2564 404 56 86 678 55 388 31 852 489 848 108 442 476 925 15 133 298 1251 135 1352 293 180 72 2 301 363 428 685 14 1164
2001 15 2564 135 1352 489 848 55 388 404 56 428 685 31 852 298 1251 14 1164 15 133 301 363 476 925 86 678 108 442 72 2 293 180
3001 15 2564 135 1352 86 678 301 363 55 388 489 848 404 56 108 442 15 133 428 685 298 1251 476 925 31 852 72 2 14 1164 293 180
4001 15 2564 31 852 476 925 428 685 108 442 135 1352 404 56 489 848 293 180 55 388 86 678 298 1251 301 363 15 133 72 2 14 1164
5001 15 2564 428 685 55 388 86 678 293 180 489 848 301 363 14 1164 15 133 72 2 31 852 135 1352 404 56 298 1251 108 442 476 925
1002 15 2484 235 1096 45 1200 257 989 167 195 336 254 351 759 286 822 15 1278 468 779 305 134 100 728 201 814 149 1035 175 284 16 985
2002 15 2484 468 779 16 985 100 728 45 1200 167 195 15 1278 201 814 175 284 286 822 351 759 257 989 235 1096 336 254 305 134 149 1035
3002 15 2484 286 822 16 985 201 814 45 1200 100 728 235 1096 15 1278 336 254 175 284 257 989 351 759 149 1035 305 134 167 195 468 779
4002 15 2484 149 1035 336 254 305 134 201 814 286 822 175 284 45 1200 167 195 235 1096 100 728 16 985 257 989 15 1278 468 779 351 759
5002 15 2484 16 985 257 989 235 1096 468 779 336 254 149 1035 305 134 45 1200 15 1278 286 822 351 759 167 195 100 728 175 284 201 814
1003 15 3783 395 249 147 981 417 1243 118 295 149 1281 469 88 315 1431 478 320 439 795 338 512 294 1293 489 960 371 243 275 1415 35 530
2003 15 3783 35 530 315 1431 371 243 469 88 118 295 489 960 338 512 147 981 395 249 417 1243 149 1281 439 795 294 1293 478 320 275 1415
3003 15 3783 338 512 149 1281 315 1431 275 1415 469 88 147 981 489 960 439 795 478 320 395 249 417 1243 371 243 294 1293 118 295 35 530
4003 15 3783 275 1415 395 249 478 320 469 88 294 1293 338 512 439 795 35 530 118 295 489 960 417 1243 149 1281 315 1431 147 981 371 243
5003 15 3783 118 295 469 88 338 512 35 530 478 320 149 1281 395 249 147 981 489 960 294 1293 371 243 417 1243 275 1415 315 1431 439 795
1004 15 3028 417 298 214 888 481 716 325 951 407 69 227 1173 36 405 154 1061 124 129 376 1037 224 1115 108 1426 34 518 354 1051 304 1114
2004 15 3028 224 1115 108 1426 376 1037 325 951 124 129 304 1114 407 69 154 1061 34 518 214 888 481 716 227 1173 36 405 354 1051 417 298
3004 15 3028 481 716 108 1426 354 1051 224 1115 214 888 417 298 34 518 36 405 154 1061 304 1114 227 1173 325 951 376 1037 407 69 124 129
4004 15 3028 154 1061 304 1114 376 1037 227 1173 34 518 481 716 36 405 325 951 214 888 124 129 108 1426 224 1115 407 69 417 298 354 1051
5004 15 3028 214 888 481 716 224 1115 407 69 124 129 154 1061 34 518 36 405 325 951 354 1051 108 1426 417 298 304 1114 376 1037 227 1173
1005 15 2916 24 483 286 457 310 525 69 707 54 494 347 1170 69 814 453 474 341 1227 88 1152 233 1301 361 808 166 297 370 152 475 999
2005 15 2916 69 814 69 707 347 1170 310 525 453 474 88 1152 341 1227 233 1301 475 999 54 494 370 152 166 297 361 808 24 483 286 457
3005 15 2916 69 707 24 483 341 1227 370 152 286 457 69 814 233 1301 347 1170 310 525 166 297 88 1152 54 494 361 808 453 474 475 999
4005 15 2916 347 1170 286 457 361 808 69 707 88 1152 24 483 453 474 69 814 475 999 54 494 370 152 166 297 310 525 233 1301 341 1227
5005 15 2916 475 999 24 483 453 474 54 494 361 808 69 707 166 297 347 1170 370 152 310 525 88 1152 341 1227 286 457 233 1301 69 814
1006 15 3525 385 1161 322 588 131 1399 366 102 464 1390 104 302 420 342 258 656 472 1449 190 1193 288 1201 309 726 252 469 336 957 110 150
2006 15 3525 258 656 385 1161 336 957 131 1399 104 302 110 150 252 469 288 1201 366 102 420 342 190 1193 322 588 309 726 472 1449 464 1390
3006 15 3525 104 302 252 469 110 150 464 1390 472 1449 131 1399 309 726 190 1193 288 1201 366 102 420 342 322 588 258 656 385 1161 336 957
4006 15 3525 252 469 288 1201 258 656 385 1161 190 1193 366 102 131 1399 464 1390 322 588 472 1449 336 957 110 150 420 342 309 726 104 302
5006 15 3525 190 1193 258 656 464 1390 104 302 288 1201 336 957 131 1399 472 1449 420 342 110 150 252 469 385 1161 309 726 366 102 322 588
1007 15 2784 277 276 452 836 444 1186 81 1131 134 572 388 1159 398 908 81 942 69 1329 387 1358 130 618 33 149 238 282 48 1299 320 614
2007 15 2784 48 1299 388 1159 452 836 320 614 81 942 69 1329 398 908 134 572 81 1131 238 282 277 276 387 1358 444 1186 130 618 33 149
3007 15 2784 452 836 81 942 238 282 33 149 130 618 69 1329 81 1131 388 1159 398 908 48 1299 277 276 444 1186 320 614 134 572 387 1358
4007 15 2784 69 1329 48 1299 238 282 81 1131 33 149 320 614 134 572 387 1358 388 1159 277 276 81 942 398 908 130 618 444 1186 452 836
5007 15 2784 320 614 33 149 48 1299 81 942 69 1329 452 836 277 276 130 618 388 1159 81 1131 387 1358 238 282 134 572 444 1186 398 908
1008 15 2992 318 969 323 792 200 1153 32 575 317 1038 218 1013 66 1100 63 956 398 425 238 1307 460 348 385 879 22 1335 227 396 474 398
2008 15 2992 218 1013 323 792 474 398 460 348 318 969 22 1335 385 879 398 425 317 1038 200 1153 238 1307 63 956 227 396 66 1100 32 575
3008 15 2992 227 396 398 425 317 1038 22 1335 323 792 218 1013 460 348 474 398 318 969 385 879 32 575 238 1307 66 1100 63 956 200 1153
4008 15 2992 317 1038 385 879 474 398 323 792 63 956 238 1307 200 1153 32 575 227 396 460 348 218 1013 398 425 22 1335 318 969 66 1100
5008 15 2992 32 575 218 1013 323 792 398 425 22 1335 385 879 317 1038 66 1100 460 348 238 1307 474 398 318 969 63 956 227 396 200 1153
1009 15 2994 84 868 490 1126 405 986 321 1279 57 898 293 463 330 256 236 562 215 512 349 1238 251 1294 288 865 162 84 141 1274 121 514
2009 15 2994 330 256 288 865 321 1279 162 84 236 562 405 986 121 514 293 463 57 898 84 868 141 1274 490 1126 349 1238 251 1294 215 512
3009 15 2994 349 1238 330 256 293 463 321 1279 405 986 57 898 288 865 141 1274 215 512 251 1294 490 1126 162 84 236 562 121 514 84 868
4009 15 2994 215 512 121 514 405 986 84 868 57 898 321 1279 330 256 141 1274 288 865 349 1238 236 562 293 463 162 84 251 1294 490 1126
5009 15 2994 251 1294 321 1279 121 514 293 463 57 898 349 1238 490 1126 330 256 215 512 162 84 236 562 84 868 288 865 141 1274 405 986
1010 15 3296 490 686 232 334 204 367 252 1455 259 596 496 277 113 449 93 348 353 397 277 634 456 1312 472 112 109 1165 217 1416 97 1485
2010 15 3296 472 112 252 1455 259 596 456 1312 353 397 109 1165 97 1485 204 367 232 334 93 348 496 277 490 686 217 1416 277 634 113 449
3010 15 3296 472 112 217 1416 204 367 259 596 113 449 97 1485 490 686 456 1312 277 634 353 397 109 1165 93 348 252 1455 232 334 496 277
4010 15 3296 490 686 113 449 109 1165 232 334 252 1455 496 277 204 367 472 112 259 596 456 1312 277 634 217 1416 353 397 97 1485 93 348
5010 15 3296 496 277 456 1312 109 1165 259 596 97 1485 232 334 252 1455 217 1416 490 686 113 449 353 397 93 348 204 367 472 112 277 634
1011 15 3228 280 498 463 531 413 568 160 995 459 1288 83 120 92 1065 351 146 316 809 151 580 404 155 421 689 5 101 181 800 256 421
2011 15 3228 92 1065 413 568 404 155 151 580 316 809 351 146 256 421 421 689 459 1288 181 800 83 120 463 531 280 498 160 995 5 101
3011 15 3228 421 689 151 580 280 498 181 800 316 809 5 101 463 531 256 421 351 146 459 1288 83 120 160 995 404 155 413 568 92 1065
4011 15 3228 5 101 351 146 92 1065 463 531 316 809 83 120 256 421 151 580 413 568 160 995 459 1288 421 689 181 800 404 155 280 498
5011 15 3228 5 101 404 155 413 568 351 146 421 689 280 498 463 531 459 1288 256 421 92 1065 83 120 316 809 151 580 181 800 160 995
1012 15 3493 245 1201 225 1184 79 442 393 250 240 77 412 106 405 1232 495 1066 224 946 265 304 227 1286 42 185 423 177 491 432 201 701
2012 15 3493 245 1201 42 185 265 304 201 701 423 177 240 77 224 946 79 442 225 1184 495 1066 491 432 412 106 393 250 227 1286 405 1232
3012 15 3493 225 1184 42 185 224 946 201 701 495 1066 240 77 227 1286 491 432 79 442 393 250 423 177 265 304 412 106 245 1201 405 1232
4012 15 3493 265 304 79 442 240 77 201 701 224 946 225 1184 245 1201 227 1286 42 185 423 177 393 250 405 1232 495 1066 491 432 412 106
5012 15 3493 245 1201 491 432 495 1066 412 106 393 250 79 442 405 1232 227 1286 42 185 265 304 423 177 225 1184 224 946 240 77 201 701
1013 15 2588 407 922 60 763 335 747 122 1391 156 259 222 384 220 1051 163 746 192 225 31 337 119 548 212 1183 445 1420 149 609 403 1304
2013 15 2588 403 1304 31 337 122 1391 119 548 60 763 212 1183 163 746 335 747 222 384 149 609 220 1051 407 922 445 1420 192 225 156 259
3013 15 2588 192 225 445 1420 403 1304 335 747 119 548 156 259 222 384 212 1183 407 922 60 763 31 337 220 1051 163 746 122 1391 149 609
4013 15 2588 60 763 31 337 335 747 220 1051 119 548 403 1304 222 384 192 225 156 259 163 746 445 1420 212 1183 122 1391 149 609 407 922
5013 15 2588 403 1304 31 337 122 1391 220 1051 149 609 212 1183 60 763 335 747 192 225 407 922 445 1420 119 548 163 746 222 384 156 259
1014 15 2676 44 411 287 164 481 933 193 1078 4 1392 165 522 201 351 60 664 495 450 132 906 21 988 440 566 122 403 470 579 231 750
2014 15 2676 44 411 495 450 193 1078 470 579 60 664 122 403 21 988 231 750 287 164 132 906 481 933 165 522 4 1392 201 351 440 566
3014 15 2676 165 522 201 351 44 411 287 164 4 1392 122 403 132 906 60 664 231 750 481 933 470 579 495 450 440 566 21 988 193 1078
4014 15 2676 44 411 231 750 132 906 495 450 193 1078 165 522 440 566 60 664 122 403 201 351 287 164 21 988 4 1392 481 933 470 579
5014 15 2676 21 988 132 906 122 403 481 933 495 450 287 164 60 664 165 522 440 566 193 1078 231 750 470 579 44 411 4 1392 201 351
1015 15 2995 71 425 170 475 455 443 145 1225 473 851 321 479 17 380 426 81 488 470 129 1490 196 898 47 87 290 1377 49 6 467 255
2015 15 2995 473 851 49 6 290 1377 455 443 47 87 196 898 129 1490 467 255 321 479 488 470 426 81 145 1225 170 475 71 425 17 380
3015 15 2995 17 380 49 6 129 1490 71 425 321 479 47 87 426 81 145 1225 467 255 473 851 170 475 455 443 290 1377 196 898 488 470
4015 15 2995 17 380 467 255 196 898 290 1377 426 81 488 470 145 1225 473 851 455 443 47 87 321 479 49 6 170 475 129 1490 71 425
5015 15 2995 145 1225 47 87 17 380 426 81 129 1490 321 479 71 425 488 470 196 898 467 255 455 443 473 851 49 6 170 475 290 1377
1016 15 3575 428 1 104 1392 316 147 448 1500 482 534 449 568 138 287 130 314 394 644 387 473 330 10 166 643 373 1201 162 8 162 1472
2016 15 3575 428 1 162 1472 166 643 162 8 449 568 130 314 482 534 104 1392 316 147 387 473 373 1201 330 10 138 287 394 644 448 1500
3016 15 3575 428 1 482 534 130 314 373 1201 316 147 138 287 162 8 387 473 162 1472 449 568 448 1500 330 10 104 1392 166 643 394 644
4016 15 3575 162 8 387 473 166 643 394 644 448 1500 449 568 482 534 130 314 428 1 373 1201 316 147 138 287 104 1392 330 10 162 1472
5016 15 3575 104 1392 387 473 330 10 130 314 166 643 138 287 394 644 316 147 482 534 373 1201 162 8 449 568 448 1500 162 1472 428 1
1017 15 3384 193 417 482 903 75 799 245 107 418 708 353 1172 365 290 279 226 420 835 174 100 251 332 316 1344 161 1147 438 708 60 1160
2017 15 3384 251 332 161 1147 245 107 316 1344 60 1160 353 1172 365 290 418 708 75 799 438 708 193 417 279 226 174 100 482 903 420 835
3017 15 3384 420 835 75 799 482 903 316 1344 251 332 279 226 161 1147 60 1160 418 708 438 708 365 290 174 100 245 107 193 417 353 1172
4017 15 3384 245 107 365 290 60 1160 251 332 438 708 193 417 353 1172 161 1147 418 708 174 100 75 799 279 226 420 835 482 903 316 1344
5017 15 3384 418 708 60 1160 438 708 279 226 161 1147 482 903 353 1172 316 1344 251 332 174 100 365 290 193 417 245 107 420 835 75 799
1018 15 4029 441 262 76 1326 500 892 323 1300 487 888 237 453 318 722 329 124 114 373 327 1356 295 246 478 564 296 671 337 1150 479 281
2018 15 4029 237 453 114 373 327 1356 500 892 329 124 295 246 296 671 323 1300 318 722 76 1326 479 281 441 262 337 1150 478 564 487 888
3018 15 4029 114 373 337 1150 323 1300 441 262 296 671 479 281 295 246 329 124 500 892 318 722 478 564 76 1326 487 888 327 1356 237 453
4018 15 4029 478 564 318 722 296 671 76 1326 487 888 337 1150 441 262 295 246 114 373 329 124 323 1300 327 1356 479 281 237 453 500 892
5018 15 4029 487 888 441 262 329 124 479 281 318 722 337 1150 76 1326 296 671 500 892 478 564 323 1300 114 373 237 453 327 1356 295 246
1019 15 2979 77 630 60 757 400 253 297 436 83 660 105 578 317 1344 456 644 86 741 481 710 449 76 60 1222 181 1169 211 1151 461 1046
2019 15 2979 449 76 86 741 481 710 181 1169 77 630 105 578 317 1344 60 757 297 436 400 253 456 644 461 1046 60 1222 83 660 211 1151
3019 15 2979 456 644 105 578 317 1344 400 253 449 76 211 1151 60 1222 60 757 77 630 86 741 83 660 297 436 181 1169 461 1046 481 710
4019 15 2979 456 644 60 1222 317 1344 83 660 211 1151 181 1169 481 710 86 741 461 1046 449 76 105 578 77 630 60 757 297 436 400 253
5019 15 2979 449 76 297 436 456 644 461 1046 211 1151 77 630 181 1169 83 660 400 253 317 1344 105 578 86 741 60 1222 60 757 481 710
1020 15 3407 362 589 480 173 159 356 399 624 75 1104 2 1126 413 804 188 1042 395 622 204 150 452 1196 439 244 433 1398 220 1347 38 1372
2020 15 3407 399 624 75 1104 480 173 433 1398 362 589 159 356 220 1347 2 1126 188 1042 452 1196 204 150 395 622 413 804 439 244 38 1372
3020 15 3407 38 1372 220 1347 399 624 480 173 452 1196 188 1042 439 244 395 622 2 1126 204 150 362 589 159 356 413 804 75 1104 433 1398
4020 15 3407 362 589 75 1104 2 1126 480 173 395 622 413 804 433 1398 204 150 159 356 220 1347 188 1042 452 1196 439 244 399 624 38 1372
5020 15 3407 204 150 159 356 480 173 413 804 439 244 452 1196 38 1372 395 622 188 1042 220 1347 399 624 433 1398 362 589 75 1104 2 1126
1021 15 2690 470 1402 188 349 28 619 394 252 167 1229 149 445 158 1032 100 1354 81 1168 20 300 430 5 225 1173 99 985 434 16 420 892
2021 15 2690 394 252 420 892 20 300 225 1173 28 619 158 1032 434 16 99 985 81 1168 430 5 470 1402 188 349 167 1229 149 445 100 1354
3021 15 2690 20 300 81 1168 158 1032 470 1402 394 252 420 892 225 1173 149 445 434 16 167 1229 28 619 99 985 430 5 188 349 100 1354
4021 15 2690 167 1229 394 252 20 300 225 1173 470 1402 430 5 81 1168 188 349 420 892 434 16 99 985 149 445 100 1354 158 1032 28 619
5021 15 2690 28 619 225 1173 158 1032 20 300 430 5 420 892 99 985 470 1402 434 16 81 1168 394 252 167 1229 100 1354 188 349 149 445
1022 15 2638 68 645 377 211 233 1126 8 1197 490 420 118 617 149 88 83 591 395 613 96 846 435 1190 455 770 46 617 208 1433 137 939
2022 15 2638 8 1197 435 1190 118 617 490 420 96 846 455 770 233 1126 46 617 377 211 395 613 68 645 83 591 208 1433 137 939 149 88
3022 15 2638 8 1197 395 613 68 645 490 420 435 1190 46 617 96 846 377 211 149 88 208 1433 137 939 233 1126 83 591 455 770 118 617
4022 15 2638 68 645 455 770 149 88 118 617 490 420 395 613 233 1126 96 846 435 1190 83 591 137 939 208 1433 377 211 8 1197 46 617
5022 15 2638 46 617 377 211 490 420 96 846 395 613 149 88 83 591 68 645 233 1126 118 617 435 1190 8 1197 455 770 137 939 208 1433
1023 15 2832 231 1340 283 1399 91 677 272 1451 432 473 264 944 19 200 175 919 10 1074 17 690 309 303 201 1285 431 864 369 537 436 1032
2023 15 2832 231 1340 431 864 309 303 369 537 10 1074 272 1451 432 473 201 1285 436 1032 175 919 91 677 17 690 283 1399 19 200 264 944
3023 15 2832 91 677 175 919 272 1451 231 1340 264 944 431 864 369 537 10 1074 432 473 309 303 436 1032 283 1399 201 1285 17 690 19 200
4023 15 2832 431 864 91 677 175 919 369 537 272 1451 201 1285 10 1074 309 303 19 200 231 1340 436 1032 264 944 283 1399 17 690 432 473
5023 15 2832 19 200 283 1399 201 1285 17 690 369 537 231 1340 91 677 175 919 309 303 432 473 264 944 10 1074 431 864 436 1032 272 1451
1024 15 2932 94 1168 53 787 478 212 311 216 265 177 17 1086 256 1362 489 850 384 361 137 1387 46 929 338 676 284 64 261 617 253 547
2024 15 2932 261 617 17 1086 53 787 253 547 311 216 478 212 46 929 256 1362 489 850 137 1387 94 1168 384 361 284 64 265 177 338 676
3024 15 2932 284 64 253 547 256 1362 137 1387 489 850 53 787 478 212 311 216 46 929 94 1168 384 361 265 177 261 617 338 676 17 1086
4024 15 2932 311 216 94 1168 338 676 17 1086 256 1362 46 929 284 64 261 617 478 212 384 361 137 1387 53 787 253 547 489 850 265 177
5024 15 2932 53 787 284 64 261 617 137 1387 46 929 384 361 253 547 256 1362 94 1168 478 212 489 850 311 216 338 676 265 177 17 1086
1025 15 3163 457 212 115 480 235 1273 392 1041 142 324 253 392 375 534 20 1303 410 685 88 193 466 475 331 1388 263 201 369 1250 38 889
2025 15 3163 410 685 375 534 115 480 392 1041 235 1273 331 1388 369 1250 38 889 142 324 466 475 457 212 88 193 263 201 253 392 20 1303
3025 15 3163 253 392 20 1303 369 1250 38 889 457 212 88 193 392 1041 142 324 466 475 263 201 410 685 375 534 235 1273 115 480 331 1388
4025 15 3163 392 1041 38 889 331 1388 375 534 369 1250 263 201 457 212 115 480 466 475 20 1303 253 392 235 1273 88 193 142 324 410 685
5025 15 3163 235 1273 457 212 20 1303 88 193 369 1250 466 475 375 534 115 480 392 1041 331 1388 253 392 38 889 142 324 410 685 263 201
1026 15 2357 2 707 114 836 131 654 18 791 29 571 360 354 65 997 442 1356 22 1313 379 855 154 773 473 1218 186 1359 115 97 457 545
2026 15 2357 186 1359 115 97 379 855 457 545 442 1356 114 836 29 571 2 707 360 354 22 1313 154 773 18 791 131 654 473 1218 65 997
3026 15 2357 22 1313 131 654 457 545 186 1359 379 855 154 773 18 791 360 354 442 1356 29 571 114 836 65 997 473 1218 115 97 2 707
4026 15 2357 360 354 2 707 457 545 473 1218 154 773 379 855 186 1359 65 997 29 571 131 654 18 791 442 1356 114 836 22 1313 115 97
5026 15 2357 115 97 473 1218 457 545 114 836 186 1359 154 773 360 354 2 707 22 1313 379 855 131 654 442 1356 29 571 65 997 18 791
1027 15 2817 182 759 306 183 134 29 59 1257 34 371 487 391 408 1421 440 1273 386 753 62 696 80 988 210 1302 233 909 215 277 286 1347
2027 15 2817 182 759 306 183 440 1273 215 277 233 909 408 1421 59 1257 80 988 134 29 210 1302 62 696 34 371 386 753 286 1347 487 391
3027 15 2817 182 759 408 1421 440 1273 62 696 286 1347 34 371 306 183 210 1302 59 1257 134 29 80 988 386 753 233 909 487 391 215 277
4027 15 2817 182 759 210 1302 408 1421 59 1257 233 909 80 988 62 696 386 753 286 1347 440 1273 134 29 306 183 34 371 487 391 215 277
5027 15 2817 487 391 408 1421 210 1302 386 753 34 371 134 29 306 183 233 909 62 696 286 1347 215 277 440 1273 182 759 59 1257 80 988
1028 15 3392 347 234 326 794 344 355 214 741 367 108 337 463 328 1425 166 86 83 420 270 727 300 116 372 1484 423 388 285 1494 79 1310
2028 15 3392 423 388 300 116 328 1425 214 741 326 794 372 1484 347 234 344 355 79 1310 270 727 285 1494 83 420 367 108 166 86 337 463
3028 15 3392 367 108 344 355 328 1425 337 463 166 86 372 1484 79 1310 83 420 214 741 423 388 270 727 300 116 347 234 285 1494 326 794
4028 15 3392 166 86 344 355 337 463 326 794 214 741 83 420 300 116 372 1484 328 1425 347 234 79 1310 270 727 285 1494 423 388 367 108
5028 15 3392 328 1425 79 1310 367 108 83 420 423 388 344 355 372 1484 214 741 347 234 300 116 326 794 285 1494 166 86 337 463 270 727
1029 15 2262 147 1451 115 1448 179 30 2 484 12 383 40 1013 326 1031 458 1217 441 558 260 1135 298 692 216 826 265 1349 41 516 28 956
2029 15 2262 260 1135 216 826 2 484 28 956 458 1217 298 692 326 1031 40 1013 179 30 265 1349 441 558 41 516 115 1448 147 1451 12 383
3029 15 2262 298 692 41 516 28 956 2 484 265 1349 179 30 216 826 260 1135 326 1031 441 558 458 1217 147 1451 115 1448 12 383 40 1013
4029 15 2262 12 383 441 558 179 30 41 516 40 1013 458 1217 2 484 326 1031 147 1451 298 692 28 956 216 826 260 1135 115 1448 265 1349
5029 15 2262 147 1451 326 1031 179 30 216 826 12 383 115 1448 28 956 260 1135 41 516 298 692 441 558 40 1013 458 1217 2 484 265 1349
1030 15 3544 184 860 134 911 470 972 484 10 327 1454 347 852 496 123 258 150 496 562 47 1130 450 432 354 960 248 13 10 1228 125 177
2030 15 3544 248 13 470 972 496 123 327 1454 354 960 184 860 47 1130 125 177 10 1228 258 150 347 852 484 10 134 911 450 432 496 562
3030 15 3544 258 150 347 852 354 960 327 1454 450 432 496 123 10 1228 47 1130 496 562 470 972 184 860 248 13 484 10 125 177 134 911
4030 15 3544 484 10 496 123 327 1454 10 1228 496 562 258 150 134 911 347 852 354 960 125 177 450 432 248 13 47 1130 184 860 470 972
5030 15 3544 484 10 47 1130 10 1228 248 13 258 150 327 1454 496 123 496 562 134 911 125 177 184 860 354 960 470 972 450 432 347 852
1031 15 3526 382 36 446 1152 388 168 204 865 472 421 490 197 357 734 38 48 368 1304 67 795 310 726 294 450 229 1388 158 1070 205 1082
2031 15 3526 229 1388 67 795 490 197 204 865 382 36 472 421 368 1304 205 1082 446 1152 357 734 310 726 158 1070 294 450 38 48 388 168
3031 15 3526 310 726 368 1304 67 795 490 197 472 421 357 734 158 1070 294 450 38 48 388 168 204 865 205 1082 382 36 229 1388 446 1152
4031 15 3526 158 1070 388 168 368 1304 310 726 472 421 446 1152 357 734 490 197 204 865 294 450 67 795 229 1388 38 48 205 1082 382 36
5031 15 3526 204 865 205 1082 357 734 472 421 67 795 388 168 368 1304 310 726 490 197 38 48 229 1388 446 1152 382 36 294 450 158 1070
1032 15 2941 316 1396 408 1464 156 1189 338 1111 68 609 60 1287 50 1121 67 703 386 195 269 740 298 55 438 1361 312 579 248 489 263 183
2032 15 2941 438 1361 269 740 67 703 50 1121 386 195 68 609 248 489 156 1189 263 183 338 1111 408 1464 316 1396 312 579 60 1287 298 55
3032 15 2941 67 703 408 1464 248 489 312 579 60 1287 50 1121 263 183 68 609 156 1189 386 195 438 1361 316 1396 338 1111 269 740 298 55
4032 15 2941 338 1111 263 183 60 1287 316 1396 156 1189 67 703 269 740 68 609 248 489 298 55 50 1121 408 1464 386 195 312 579 438 1361
5032 15 2941 438 1361 68 609 67 703 156 1189 60 1287 50 1121 386 195 269 740 316 1396 298 55 338 1111 408 1464 263 183 248 489 312 579
1033 15 3184 483 596 414 1130 240 841 191 1259 144 210 225 493 185 301 499 21 160 1386 271 1453 270 827 341 827 149 251 213 1399 196 796
2033 15 3184 271 1453 213 1399 225 493 483 596 144 210 160 1386 191 1259 185 301 270 827 240 841 414 1130 196 796 499 21 341 827 149 251
3033 15 3184 414 1130 225 493 213 1399 499 21 185 301 191 1259 483 596 270 827 271 1453 149 251 144 210 240 841 160 1386 196 796 341 827
4033 15 3184 225 493 499 21 144 210 185 301 191 1259 270 827 271 1453 240 841 341 827 483 596 414 1130 213 1399 160 1386 149 251 196 796
5033 15 3184 499 21 144 210 225 493 271 1453 270 827 213 1399 483 596 149 251 414 1130 341 827 240 841 160 1386 196 796 185 301 191 1259
1034 15 3228 496 201 321 504 395 1325 433 1458 256 1363 396 362 152 671 58 1255 414 1175 270 1301 42 1230 41 698 78 1498 489 676 195 1400
2034 15 3228 395 1325 396 362 414 1175 152 671 270 1301 496 201 42 1230 256 1363 58 1255 41 698 78 1498 195 1400 433 1458 489 676 321 504
3034 15 3228 321 504 42 1230 433 1458 41 698 414 1175 152 671 496 201 395 1325 58 1255 195 1400 256 1363 396 362 78 1498 270 1301 489 676
4034 15 3228 195 1400 496 201 396 362 433 1458 256 1363 78 1498 41 698 58 1255 414 1175 42 1230 395 1325 321 504 489 676 270 1301 152 671
5034 15 3228 414 1175 489 676 321 504 270 1301 195 1400 41 698 152 671 42 1230 58 1255 496 201 78 1498 433 1458 256 1363 395 1325 396 362
1035 15 2415 383 1306 145 952 194 1080 62 670 229 35 185 133 19 1413 79 1398 337 1134 83 384 399 327 268 750 9 590 432 1143 195 23
2035 15 2415 195 23 83 384 268 750 337 1134 399 327 79 1398 194 1080 9 590 19 1413 383 1306 62 670 145 952 432 1143 229 35 185 133
3035 15 2415 268 750 79 1398 19 1413 145 952 229 35 383 1306 194 1080 9 590 62 670 185 133 83 384 195 23 337 1134 399 327 432 1143
4035 15 2415 9 590 79 1398 383 1306 268 750 194 1080 62 670 19 1413 83 384 185 133 337 1134 399 327 432 1143 229 35 195 23 145 952
5035 15 2415 83 384 19 1413 195 23 383 1306 399 327 9 590 229 35 268 750 432 1143 337 1134 145 952 79 1398 194 1080 62 670 185 133
1036 15 3302 7 1148 392 1074 492 616 462 211 210 439 455 246 107 1285 169 1333 237 268 337 326 174 597 329 1251 32 1272 496 870 229 1350
2036 15 3302 210 439 337 326 496 870 462 211 174 597 455 246 392 1074 32 1272 7 1148 169 1333 107 1285 229 1350 492 616 237 268 329 1251
3036 15 3302 107 1285 174 597 237 268 210 439 392 1074 7 1148 329 1251 337 326 462 211 455 246 492 616 229 1350 169 1333 32 1272 496 870
4036 15 3302 229 1350 392 1074 237 268 174 597 329 1251 32 1272 496 870 169 1333 7 1148 455 246 337 326 107 1285 492 616 210 439 462 211
5036 15 3302 107 1285 337 326 229 1350 169 1333 237 268 455 246 32 1272 210 439 462 211 392 1074 329 1251 174 597 496 870 7 1148 492 616
1037 15 2901 450 126 319 135 353 1277 234 1106 248 296 215 121 100 1363 65 1017 360 487 252 1185 150 987 476 84 175 511 203 659 27 1371
2037 15 2901 203 659 319 135 234 1106 248 296 215 121 360 487 252 1185 27 1371 150 987 65 1017 100 1363 476 84 450 126 353 1277 175 511
3037 15 2901 353 1277 215 121 150 987 476 84 248 296 319 135 252 1185 27 1371 450 126 65 1017 100 1363 175 511 234 1106 203 659 360 487
4037 15 2901 27 1371 248 296 203 659 100 1363 175 511 150 987 450 126 360 487 353 1277 476 84 252 1185 65 1017 319 135 234 1106 215 121
5037 15 2901 319 135 450 126 175 511 150 987 360 487 203 659 476 84 353 1277 65 1017 248 296 27 1371 234 1106 100 1363 252 1185 215 121
1038 15 3116 192 603 420 1275 418 1380 39 1392 56 1259 327 451 458 1342 337 866 70 761 333 681 265 1306 260 10 483 187 59 1419 178 260
2038 15 3116 192 603 56 1259 70 761 260 10 418 1380 333 681 483 187 327 451 178 260 458 1342 59 1419 265 1306 39 1392 420 1275 337 866
3038 15 3116 70 761 458 1342 265 1306 333 681 260 10 56 1259 39 1392 192 603 337 866 178 260 327 451 420 1275 59 1419 483 187 418 1380
4038 15 3116 56 1259 418 1380 333 681 337 866 327 451 39 1392 260 10 178 260 458 1342 483 187 420 1275 59 1419 192 603 265 1306 70 761
5038 15 3116 458 1342 265 1306 483 187 59 1419 327 451 420 1275 178 260 56 1259 337 866 192 603 333 681 39 1392 260 10 418 1380 70 761
1039 15 2724 151 1295 42 1435 267 207 461 192 241 638 79 333 214 679 179 783 38 223 457 1055 252 501 111 1104 226 517 386 821 302 861
2039 15 2724 241 638 179 783 151 1295 267 207 42 1435 457 1055 386 821 214 679 226 517 302 861 111 1104 79 333 461 192 252 501 38 223
3039 15 2724 179 783 151 1295 214 679 226 517 42 1435 461 192 79 333 457 1055 302 861 386 821 252 501 267 207 38 223 111 1104 241 638
4039 15 2724 111 1104 179 783 226 517 457 1055 38 223 461 192 151 1295 241 638 79 333 42 1435 214 679 252 501 386 821 302 861 267 207
5039 15 2724 226 517 38 223 302 861 457 1055 79 333 461 192 241 638 252 501 42 1435 111 1104 214 679 267 207 151 1295 179 783 386 821
1040 15 3364 250 834 368 1204 59 1016 466 161 241 762 313 1422 158 1059 322 272 428 687 270 1042 364 407 495 584 183 1181 251 730 37 1464
2040 15 3364 364 407 368 1204 37 1464 250 834 183 1181 270 1042 251 730 241 762 322 272 466 161 495 584 59 1016 428 687 158 1059 313 1422
3040 15 3364 59 1016 241 762 313 1422 37 1464 322 272 251 730 466 161 495 584 368 1204 270 1042 250 834 158 1059 428 687 364 407 183 1181
4040 15 3364 183 1181 428 687 364 407 368 1204 495 584 37 1464 270 1042 241 762 313 1422 466 161 251 730 158 1059 59 1016 322 272 250 834
5040 15 3364 59 1016 158 1059 313 1422 37 1464 368 1204 322 272 270 1042 364 407 250 834 428 687 466 161 183 1181 495 584 251 730 241 762
1041 15 2882 57 174 299 1126 235 958 403 969 195 1260 350 501 57 1488 71 410 473 922 150 633 191 539 428 338 362 165 94 31 238 1452
2041 15 2882 238 1452 403 969 57 1488 195 1260 362 165 94 31 71 410 428 338 473 922 350 501 235 958 57 174 299 1126 191 539 150 633
3041 15 2882 473 922 150 633 57 1488 191 539 94 31 428 338 195 1260 362 165 57 174 235 958 238 1452 71 410 403 969 299 1126 350 501
4041 15 2882 350 501 150 633 57 1488 94 31 299 1126 191 539 195 1260 428 338 71 410 473 922 235 958 238 1452 403 969 362 165 57 174
5041 15 2882 362 165 191 539 238 1452 428 338 403 969 195 1260 150 633 299 1126 57 1488 57 174 473 922 71 410 94 31 350 501 235 958
1042 15 2880 377 909 464 1127 290 895 258 842 18 832 186 1490 329 1042 500 1150 395 1239 3 573 79 889 220 1014 173 483 16 1 292 1170
2042 15 2880 186 1490 16 1 290 895 173 483 500 1150 395 1239 3 573 79 889 464 1127 18 832 377 909 220 1014 329 1042 258 842 292 1170
3042 15 2880 395 1239 292 1170 3 573 500 1150 290 895 79 889 329 1042 173 483 16 1 220 1014 186 1490 377 909 464 1127 258 842 18 832
4042 15 2880 16 1 329 1042 18 832 464 1127 290 895 500 1150 186 1490 3 573 173 483 258 842 220 1014 79 889 292 1170 377 909 395 1239
5042 15 2880 3 573 500 1150 464 1127 18 832 16 1 290 895 173 483 292 1170 186 1490 395 1239 377 909 258 842 79 889 329 1042 220 1014
1043 15 2704 109 366 448 807 6 954 456 185 460 377 216 69 78 1058 90 1132 152 822 13 967 392 933 26 601 293 735 317 1379 324 280
2043 15 2704 152 822 456 185 216 69 460 377 13 967 324 280 109 366 293 735 78 1058 448 807 90 1132 26 601 6 954 392 933 317 1379
3043 15 2704 392 933 90 1132 6 954 317 1379 152 822 456 185 324 280 109 366 26 601 216 69 78 1058 293 735 13 967 460 377 448 807
4043 15 2704 448 807 6 954 392 933 90 1132 78 1058 293 735 324 280 13 967 152 822 26 601 460 377 456 185 317 1379 109 366 216 69
5043 15 2704 13 967 90 1132 293 735 448 807 78 1058 6 954 392 933 324 280 152 822 460 377 456 185 26 601 109 366 216 69 317 1379
1044 15 3497 490 595 375 935 499 697 196 1490 127 557 91 268 353 1211 380 1094 392 371 419 408 132 298 335 143 257 149 242 1452 84 135
2044 15 3497 257 149 127 557 91 268 490 595 196 1490 375 935 380 1094 392 371 132 298 242 1452 353 1211 419 408 499 697 335 143 84 135
3044 15 3497 380 1094 335 143 132 298 84 135 375 935 127 557 242 1452 419 408 490 595 392 371 353 1211 91 268 257 149 499 697 196 1490
4044 15 3497 380 1094 392 371 375 935 91 268 353 1211 196 1490 419 408 132 298 242 1452 335 143 499 697 127 557 257 149 490 595 84 135
5044 15 3497 257 149 196 1490 499 697 380 1094 335 143 375 935 392 371 242 1452 132 298 353 1211 91 268 419 408 84 135 490 595 127 557
1045 15 3328 425 720 176 1090 341 1342 94 56 453 518 440 886 475 1094 237 772 272 1028 379 905 258 76 236 1080 41 294 55 229 279 331
2045 15 3328 279 331 258 76 236 1080 425 720 341 1342 453 518 55 229 440 886 41 294 475 1094 272 1028 94 56 176 1090 379 905 237 772
3045 15 3328 272 1028 94 56 237 772 41 294 176 1090 279 331 258 76 379 905 453 518 475 1094 440 886 341 1342 425 720 236 1080 55 229
4045 15 3328 236 1080 475 1094 425 720 379 905 237 772 341 1342 272 1028 279 331 176 1090 94 56 55 229 41 294 258 76 440 886 453 518
5045 15 3328 440 886 272 1028 258 76 237 772 236 1080 55 229 425 720 176 1090 41 294 475 1094 94 56 279 331 379 905 341 1342 453 518
1046 15 3253 495 850 105 368 417 639 255 807 198 120 355 126 230 554 334 518 299 549 362 694 397 12 440 472 27 1157 90 1193 63 385
2046 15 3253 299 549 230 554 440 472 362 694 334 518 198 120 355 126 105 368 63 385 417 639 495 850 90 1193 397 12 27 1157 255 807
3046 15 3253 255 807 230 554 417 639 495 850 198 120 355 126 397 12 63 385 27 1157 90 1193 105 368 440 472 334 518 362 694 299 549
4046 15 3253 355 126 495 850 63 385 230 554 440 472 397 12 362 694 334 518 27 1157 198 120 417 639 299 549 255 807 90 1193 105 368
5046 15 3253 440 472 90 1193 334 518 355 126 362 694 198 120 299 549 417 639 255 807 495 850 63 385 27 1157 397 12 230 554 105 368
1047 15 2214 259 1235 2 671 293 458 124 1200 322 389 94 798 357 832 63 590 338 80 182 860 163 1015 20 820 122 956 33 1134 396 1467
2047 15 2214 357 832 338 80 122 956 322 389 33 1134 2 671 396 1467 63 590 293 458 259 1235 94 798 20 820 163 1015 182 860 124 1200
3047 15 2214 322 389 259 1235 122 956 182 860 293 458 20 820 2 671 357 832 396 1467 338 80 63 590 163 1015 33 1134 94 798 124 1200
4047 15 2214 259 1235 122 956 124 1200 182 860 293 458 163 1015 357 832 20 820 33 1134 322 389 338 80 63 590 2 671 94 798 396 1467
5047 15 2214 293 458 182 860 122 956 94 798 259 1235 322 389 2 671 124 1200 20 820 338 80 63 590 357 832 33 1134 396 1467 163 1015
1048 15 3000 105 311 139 1105 224 118 99 692 228 280 82 1377 318 1414 188 1005 412 328 180 700 487 32 290 1421 189 553 458 218 352 449
2048 15 3000 188 1005 318 1414 139 1105 352 449 224 118 105 311 99 692 180 700 290 1421 487 32 458 218 82 1377 189 553 412 328 228 280
3048 15 3000 189 553 180 700 82 1377 139 1105 99 692 105 311 352 449 412 328 290 1421 318 1414 188 1005 458 218 487 32 224 118 228 280
4048 15 3000 228 280 458 218 290 1421 412 328 105 311 180 700 99 692 82 1377 189 553 139 1105 318 1414 352 449 188 1005 487 32 224 118
5048 15 3000 487 32 224 118 352 449 99 692 188 1005 105 311 228 280 458 218 318 1414 139 1105 180 700 412 328 189 553 82 1377 290 1421
1049 15 2831 437 987 323 1111 54 384 94 1359 185 359 274 1106 245 367 192 344 234 1418 263 942 466 1263 85 1123 8 906 327 82 352 740
2049 15 2831 437 987 274 1106 245 367 8 906 192 344 323 1111 85 1123 94 1359 185 359 352 740 327 82 54 384 466 1263 234 1418 263 942
3049 15 2831 8 906 263 942 466 1263 94 1359 85 1123 352 740 323 1111 437 987 192 344 54 384 327 82 185 359 245 367 274 1106 234 1418
4049 15 2831 8 906 85 1123 466 1263 94 1359 245 367 185 359 234 1418 352 740 54 384 323 1111 327 82 263 942 192 344 274 1106 437 987
5049 15 2831 54 384 352 740 327 82 8 906 94 1359 466 1263 245 367 274 1106 437 987 85 1123 263 942 185 359 192 344 323 1111 234 1418
1050 15 3811 245 1218 186 104 315 1123 266 1319 482 1054 451 1494 469 24 303 27 307 233 5 533 488 1437 487 262 208 154 400 245 152 255
2050 15 3811 303 27 307 233 482 1054 451 1494 5 533 266 1319 487 262 208 154 315 1123 245 1218 469 24 488 1437 186 104 152 255 400 245
3050 15 3811 451 1494 303 27 186 104 487 262 482 1054 315 1123 400 245 307 233 488 1437 208 154 152 255 266 1319 245 1218 5 533 469 24
4050 15 3811 482 1054 400 245 5 533 186 104 487 262 245 1218 307 233 303 27 315 1123 469 24 266 1319 488 1437 208 154 451 1494 152 255
5050 15 3811 482 1054 488 1437 307 233 186 104 5 533 266 1319 208 154 451 1494 400 245 487 262 315 1123 303 27 245 1218 152 255 469 24
1051 15 2655 457 640 321 1315 135 964 21 221 27 1268 138 1439 407 632 183 56 206 1201 30 616 361 947 481 524 163 937 116 810 273 1428
2051 15 2655 163 937 481 524 321 1315 206 1201 135 964 273 1428 407 632 138 1439 30 616 457 640 183 56 116 810 21 221 361 947 27 1268
3051 15 2655 183 56 273 1428 361 947 21 221 163 937 27 1268 407 632 30 616 206 1201 457 640 138 1439 481 524 135 964 116 810 321 1315
4051 15 2655 481 524 273 1428 183 56 116 810 457 640 21 221 361 947 321 1315 30 616 27 1268 206 1201 163 937 135 964 407 632 138 1439
5051 15 2655 206 1201 116 810 407 632 273 1428 21 221 183 56 30 616 321 1315 138 1439 361 947 481 524 27 1268 457 640 163 937 135 964
1052 15 2908 425 364 128 176 233 1037 151 438 184 340 353 270 17 61 79 891 184 1302 256 812 210 1377 470 588 436 1319 247 307 262 600
2052 15 2908 128 176 184 1302 247 307 256 812 233 1037 262 600 470 588 151 438 210 1377 436 1319 353 270 184 340 79 891 425 364 17 61
3052 15 2908 210 1377 436 1319 184 340 79 891 128 176 256 812 151 438 470 588 425 364 233 1037 247 307 184 1302 262 600 17 61 353 270
4052 15 2908 184 1302 79 891 247 307 436 1319 128 176 17 61 353 270 151 438 233 1037 425 364 184 340 210 1377 470 588 256 812 262 600
5052 15 2908 353 270 184 1302 184 340 210 1377 17 61 256 812 79 891 470 588 262 600 151 438 247 307 425 364 128 176 436 1319 233 1037
1053 15 2926 442 522 395 1259 331 596 277 726 459 1 19 274 11 821 405 226 244 1105 164 76 206 505 43 295 138 1399 320 1089 204 829
2053 15 2926 405 226 244 1105 206 505 138 1399 331 596 395 1259 442 522 19 274 459 1 320 1089 164 76 43 295 11 821 277 726 204 829
3053 15 2926 19 274 277 726 395 1259 331 596 244 1105 405 226 164 76 206 505 459 1 204 829 43 295 442 522 11 821 320 1089 138 1399
4053 15 2926 244 1105 138 1399 331 596 459 1 164 76 11 821 206 505 277 726 204 829 395 1259 320 1089 19 274 405 226 43 295 442 522
5053 15 2926 43 295 405 226 442 522 320 1089 277 726 206 505 244 1105 204 829 11 821 19 274 395 1259 331 596 164 76 459 1 138 1399
1054 15 2731 97 74 190 651 107 198 70 1199 319 206 130 484 316 1032 187 228 109 1201 308 1374 249 1066 285 777 338 270 218 1475 491 1329
2054 15 2731 107 198 338 270 218 1475 97 74 308 1374 130 484 285 777 249 1066 70 1199 491 1329 187 228 109 1201 319 206 190 651 316 1032
3054 15 2731 285 777 249 1066 190 651 130 484 316 1032 491 1329 338 270 70 1199 218 1475 308 1374 319 206 97 74 109 1201 187 228 107 198
4054 15 2731 70 1199 319 206 97 74 107 198 316 1032 308 1374 491 1329 218 1475 190 651 338 270 285 777 130 484 187 228 249 1066 109 1201
5054 15 2731 308 1374 338 270 109 1201 491 1329 130 484 218 1475 187 228 97 74 70 1199 285 777 190 651 107 198 319 206 316 1032 249 1066
1055 15 2920 312 946 367 209 407 301 128 975 382 1473 155 22 106 1077 361 992 440 1426 279 597 115 376 208 13 133 927 229 1209 29 1205
2055 15 2920 208 13 133 927 312 946 29 1205 155 22 440 1426 279 597 128 975 115 376 229 1209 382 1473 106 1077 361 992 407 301 367 209
3055 15 2920 155 22 279 597 382 1473 29 1205 208 13 106 1077 367 209 440 1426 115 376 133 927 229 1209 407 301 361 992 312 946 128 975
4055 15 2920 407 301 29 1205 361 992 312 946 367 209 440 1426 128 975 279 597 115 376 382 1473 208 13 155 22 106 1077 133 927 229 1209
5055 15 2920 106 1077 115 376 155 22 440 1426 29 1205 382 1473 208 13 133 927 407 301 229 1209 128 975 312 946 361 992 367 209 279 597
1056 15 3095 232 1441 51 1329 77 1411 342 322 463 818 285 907 101 344 142 641 204 74 193 840 185 1298 388 30 373 1497 490 562 343 455
2056 15 3095 463 818 51 1329 285 907 232 1441 142 641 343 455 101 344 193 840 373 1497 204 74 490 562 342 322 77 1411 185 1298 388 30
3056 15 3095 342 322 373 1497 193 840 490 562 101 344 142 641 463 818 77 1411 185 1298 343 455 285 907 51 1329 204 74 232 1441 388 30
4056 15 3095 51 1329 193 840 388 30 232 1441 285 907 77 1411 142 641 204 74 101 344 185 1298 343 455 373 1497 490 562 463 818 342 322
5056 15 3095 342 322 101 344 204 74 232 1441 142 641 388 30 285 907 185 1298 463 818 193 840 373 1497 51 1329 77 1411 343 455 490 562
1057 15 3388 407 1360 58 606 250 872 311 268 377 568 224 558 371 317 175 763 363 67 457 1116 237 48 468 513 6 573 239 673 292 1236
2057 15 3388 6 573 371 317 292 1236 237 48 407 1360 58 606 224 558 468 513 311 268 250 872 377 568 239 673 457 1116 363 67 175 763
3057 15 3388 468 513 363 67 237 48 457 1116 239 673 292 1236 224 558 407 1360 371 317 377 568 6 573 175 763 58 606 311 268 250 872
4057 15 3388 407 1360 175 763 292 1236 311 268 239 673 363 67 457 1116 6 573 58 606 237 48 224 558 377 568 468 513 371 317 250 872
5057 15 3388 468 513 58 606 250 872 457 1116 239 673 175 763 407 1360 311 268 363 67 371 317 292 1236 377 568 224 558 237 48 6 573
1058 15 4134 66 301 350 1156 298 993 427 124 269 734 489 93 380 924 200 269 420 615 193 704 383 226 471 471 449 591 352 48 421 325
2058 15 4134 193 704 298 993 383 226 421 325 380 924 200 269 489 93 269 734 471 471 350 1156 427 124 352 48 66 301 449 591 420 615
3058 15 4134 427 124 489 93 449 591 420 615 350 1156 383 226 66 301 200 269 193 704 421 325 471 471 269 734 380 924 298 993 352 48
4058 15 4134 298 993 471 471 489 93 269 734 383 226 421 325 193 704 427 124 420 615 380 924 200 269 449 591 350 1156 66 301 352 48
5058 15 4134 352 48 471 471 383 226 489 93 66 301 350 1156 269 734 380 924 420 615 298 993 427 124 421 325 193 704 449 591 200 269
1059 15 2832 226 1156 128 212 184 298 166 1382 414 238 470 321 22 1294 12 1200 166 697 127 1385 385 1312 499 1057 359 807 301 911 81 645
2059 15 2832 359 807 414 238 127 1385 81 645 499 1057 12 1200 166 1382 184 298 128 212 166 697 385 1312 22 1294 226 1156 470 321 301 911
3059 15 2832 127 1385 359 807 128 212 184 298 499 1057 470 321 12 1200 166 1382 414 238 301 911 226 1156 22 1294 81 645 166 697 385 1312
4059 15 2832 301 911 385 1312 166 1382 22 1294 128 212 127 1385 81 645 184 298 166 697 499 1057 359 807 470 321 12 1200 414 238 226 1156
5059 15 2832 127 1385 301 911 184 298 166 697 128 212 359 807 385 1312 414 238 81 645 166 1382 22 1294 226 1156 12 1200 499 1057 470 321
1060 15 2984 464 900 158 773 213 605 426 1204 327 67 95 1273 25 640 184 495 170 435 324 73 171 104 136 10 293 1235 303 976 442 1144
2060 15 2984 442 1144 95 1273 158 773 213 605 171 104 170 435 25 640 464 900 184 495 324 73 327 67 426 1204 303 976 136 10 293 1235
3060 15 2984 324 73 327 67 170 435 184 495 293 1235 25 640 158 773 426 1204 95 1273 213 605 171 104 464 900 136 10 303 976 442 1144
4060 15 2984 136 10 184 495 25 640 171 104 426 1204 95 1273 442 1144 213 605 293 1235 327 67 324 73 464 900 303 976 158 773 170 435
5060 15 2984 303 976 293 1235 324 73 136 10 442 1144 95 1273 213 605 184 495 25 640 170 435 464 900 171 104 158 773 426 1204 327 67
1061 15 2912 453 232 198 712 11 565 5 671 123 883 305 960 141 388 396 759 317 1224 302 560 449 185 185 146 140 596 217 742 399 809
2061 15 2912 198 712 140 596 5 671 11 565 396 759 453 232 305 960 123 883 399 809 317 1224 185 146 141 388 449 185 302 560 217 742
3061 15 2912 453 232 396 759 123 883 305 960 399 809 140 596 302 560 317 1224 141 388 5 671 198 712 11 565 217 742 185 146 449 185
4061 15 2912 140 596 11 565 317 1224 399 809 305 960 217 742 449 185 302 560 123 883 5 671 198 712 396 759 185 146 141 388 453 232
5061 15 2912 317 1224 123 883 11 565 302 560 198 712 449 185 396 759 453 232 399 809 185 146 217 742 140 596 305 960 5 671 141 388
1062 15 2633 50 1457 134 1297 222 928 231 93 20 488 332 554 210 1236 413 580 33 830 308 1051 363 1356 389 1237 169 488 61 1120 357 393
2062 15 2633 20 488 332 554 413 580 357 393 389 1237 222 928 61 1120 33 830 134 1297 210 1236 231 93 363 1356 308 1051 50 1457 169 488
3062 15 2633 231 93 389 1237 134 1297 210 1236 308 1051 222 928 357 393 169 488 332 554 363 1356 61 1120 50 1457 20 488 33 830 413 580
4062 15 2633 363 1356 357 393 231 93 222 928 389 1237 134 1297 61 1120 33 830 20 488 413 580 50 1457 308 1051 332 554 210 1236 169 488
5062 15 2633 413 580 308 1051 332 554 363 1356 169 488 134 1297 61 1120 231 93 357 393 33 830 50 1457 20 488 222 928 210 1236 389 1237
1063 15 3652 256 149 423 9 218 313 448 865 486 291 308 239 420 836 464 1111 160 68 452 751 135 76 47 1486 289 1045 140 846 319 169
2063 15 3652 423 9 448 865 420 836 308 239 452 751 140 846 464 1111 256 149 486 291 319 169 135 76 47 1486 160 68 218 313 289 1045
3063 15 3652 256 149 452 751 308 239 448 865 160 68 423 9 140 846 135 76 319 169 486 291 289 1045 420 836 218 313 47 1486 464 1111
4063 15 3652 423 9 160 68 289 1045 464 1111 452 751 135 76 47 1486 218 313 420 836 448 865 256 149 308 239 486 291 140 846 319 169
5063 15 3652 256 149 289 1045 486 291 423 9 452 751 420 836 160 68 140 846 319 169 308 239 47 1486 218 313 464 1111 448 865 135 76
1064 15 3631 314 239 75 1483 364 15 54 324 479 515 271 16 237 1303 422 992 173 998 481 440 326 1140 351 276 187 193 383 143 422 287
2064 15 3631 481 440 364 15 314 239 326 1140 271 16 75 1483 237 1303 422 992 173 998 351 276 54 324 479 515 422 287 187 193 383 143
3064 15 3631 237 1303 187 193 314 239 364 15 481 440 75 1483 351 276 479 515 422 287 54 324 383 143 326 1140 271 16 422 992 173 998
4064 15 3631 422 287 237 1303 187 193 173 998 326 1140 75 1483 351 276 314 239 383 143 479 515 364 15 271 16 481 440 422 992 54 324
5064 15 3631 479 515 481 440 75 1483 364 15 173 998 326 1140 237 1303 54 324 422 287 351 276 187 193 314 239 271 16 383 143 422 992
1065 15 2673 214 273 42 121 87 1072 313 208 228 483 237 1070 36 1075 447 896 261 279 225 268 456 793 151 836 183 1169 458 948 4 774
2065 15 2673 447 896 237 1070 225 268 228 483 36 1075 4 774 87 1072 456 793 42 121 214 273 261 279 183 1169 313 208 458 948 151 836
3065 15 2673 237 1070 183 1169 151 836 458 948 313 208 261 279 447 896 4 774 36 1075 87 1072 214 273 225 268 228 483 42 121 456 793
4065 15 2673 447 896 214 273 456 793 183 1169 36 1075 313 208 225 268 151 836 42 121 228 483 261 279 458 948 87 1072 4 774 237 1070
5065 15 2673 42 121 456 793 225 268 458 948 214 273 151 836 237 1070 447 896 183 1169 228 483 313 208 87 1072 261 279 4 774 36 1075
1066 15 2386 217 76 81 757 28 18 373 1320 204 995 401 801 432 643 63 1274 73 427 326 825 124 88 5 816 204 1066 343 671 109 801
2066 15 2386 109 801 326 825 73 427 204 995 373 1320 343 671 217 76 124 88 204 1066 81 757 5 816 28 18 63 1274 401 801 432 643
3066 15 2386 63 1274 109 801 343 671 28 18 432 643 217 76 5 816 81 757 204 1066 373 1320 401 801 204 995 124 88 73 427 326 825
4066 15 2386 109 801 343 671 204 1066 326 825 204 995 432 643 5 816 63 1274 401 801 217 76 81 757 124 88 73 427 28 18 373 1320
5066 15 2386 124 88 432 643 373 1320 204 1066 401 801 343 671 81 757 5 816 63 1274 28 18 204 995 109 801 73 427 217 76 326 825
1067 15 3464 195 1335 174 250 480 972 147 318 433 1214 100 48 349 1198 324 880 406 452 269 111 180 1143 496 326 403 1475 48 385 327 1011
2067 15 3464 433 1214 180 1143 100 48 324 880 480 972 406 452 195 1335 327 1011 349 1198 403 1475 147 318 496 326 174 250 269 111 48 385
3067 15 3464 180 1143 174 250 496 326 349 1198 195 1335 324 880 327 1011 100 48 48 385 433 1214 403 1475 406 452 269 111 480 972 147 318
4067 15 3464 433 1214 48 385 100 48 496 326 349 1198 195 1335 180 1143 327 1011 269 111 406 452 147 318 174 250 403 1475 480 972 324 880
5067 15 3464 496 326 269 111 147 318 100 48 349 1198 324 880 180 1143 174 250 195 1335 48 385 433 1214 403 1475 480 972 327 1011 406 452
1068 15 3488 369 1405 173 610 417 1214 282 711 355 154 36 1007 208 1205 303 939 368 1404 420 138 350 1430 372 1443 304 55 344 1061 60 386
2068 15 3488 282 711 36 1007 304 55 173 610 420 138 60 386 350 1430 355 154 344 1061 369 1405 372 1443 303 939 368 1404 208 1205 417 1214
3068 15 3488 304 55 417 1214 173 610 369 1405 350 1430 368 1404 282 711 60 386 303 939 420 138 355 154 36 1007 344 1061 372 1443 208 1205
4068 15 3488 282 711 420 138 344 1061 303 939 369 1405 304 55 173 610 36 1007 208 1205 355 154 60 386 350 1430 417 1214 368 1404 372 1443
5068 15 3488 36 1007 303 939 344 1061 420 138 304 55 173 610 372 1443 208 1205 350 1430 369 1405 282 711 368 1404 355 154 417 1214 60 386
1069 15 2866 147 117 367 595 171 418 100 959 100 158 331 1002 113 1395 117 503 87 693 207 723 403 1197 426 963 422 363 180 834 412 1265
2069 15 2866 171 418 117 503 207 723 100 959 412 1265 426 963 147 117 422 363 113 1395 403 1197 87 693 331 1002 367 595 180 834 100 158
3069 15 2866 331 1002 171 418 87 693 180 834 367 595 412 1265 100 158 422 363 403 1197 207 723 426 963 100 959 147 117 113 1395 117 503
4069 15 2866 171 418 147 117 87 693 207 723 412 1265 117 503 100 959 403 1197 100 158 422 363 426 963 367 595 180 834 113 1395 331 1002
5069 15 2866 180 834 422 363 100 959 87 693 403 1197 412 1265 426 963 171 418 331 1002 113 1395 367 595 207 723 100 158 147 117 117 503
1070 15 3456 17 846 283 1126 130 5 467 1471 445 494 228 535 293 865 283 1152 334 645 415 15 290 573 62 823 221 1002 431 541 421 1224
2070 15 3456 467 1471 283 1152 130 5 290 573 228 535 334 645 62 823 293 865 221 1002 445 494 431 541 421 1224 415 15 283 1126 17 846
3070 15 3456 17 846 415 15 334 645 431 541 283 1152 445 494 62 823 293 865 283 1126 221 1002 290 573 228 535 130 5 421 1224 467 1471
4070 15 3456 445 494 62 823 293 865 415 15 228 535 130 5 431 541 290 573 283 1152 221 1002 421 1224 467 1471 17 846 334 645 283 1126
5070 15 3456 283 1152 334 645 445 494 415 15 431 541 283 1126 421 1224 467 1471 130 5 290 573 62 823 17 846 293 865 228 535 221 1002
1071 15 3326 437 1319 407 25 103 854 273 478 356 1260 81 1063 349 212 500 1014 388 877 213 579 101 214 61 811 201 473 280 1401 408 15
2071 15 3326 273 478 500 1014 388 877 103 854 81 1063 408 15 280 1401 201 473 101 214 349 212 437 1319 356 1260 61 811 213 579 407 25
3071 15 3326 103 854 356 1260 61 811 201 473 280 1401 388 877 273 478 81 1063 349 212 408 15 500 1014 213 579 407 25 101 214 437 1319
4071 15 3326 408 15 61 811 103 854 213 579 437 1319 201 473 273 478 356 1260 407 25 349 212 388 877 500 1014 81 1063 280 1401 101 214
5071 15 3326 213 579 500 1014 388 877 81 1063 201 473 103 854 407 25 101 214 408 15 437 1319 349 212 273 478 61 811 356 1260 280 1401
1072 15 3156 247 1416 373 589 386 1317 353 1192 240 432 180 1220 259 1134 341 698 75 756 75 196 59 1 362 411 372 1007 194 313 429 817
2072 15 3156 341 698 353 1192 75 756 180 1220 240 432 429 817 75 196 247 1416 373 589 372 1007 194 313 386 1317 362 411 59 1 259 1134
3072 15 3156 362 411 59 1 180 1220 194 313 75 196 372 1007 240 432 259 1134 247 1416 353 1192 373 589 341 698 429 817 386 1317 75 756
4072 15 3156 247 1416 75 756 259 1134 341 698 386 1317 353 1192 180 1220 240 432 194 313 373 589 429 817 59 1 362 411 372 1007 75 196
5072 15 3156 75 756 353 1192 180 1220 386 1317 75 196 373 589 372 1007 259 1134 240 432 429 817 362 411 341 698 247 1416 59 1 194 313
1073 15 2887 70 265 275 1427 279 773 310 586 125 853 365 818 204 132 175 85 360 1043 19 1014 330 1296 473 792 445 190 10 546 169 561
2073 15 2887 275 1427 19 1014 70 265 175 85 360 1043 10 546 330 1296 445 190 473 792 310 586 169 561 279 773 365 818 204 132 125 853
3073 15 2887 330 1296 445 190 175 85 310 586 279 773 473 792 360 1043 275 1427 19 1014 125 853 70 265 169 561 10 546 365 818 204 132
4073 15 2887 204 132 279 773 330 1296 175 85 310 586 360 1043 473 792 19 1014 10 546 125 853 275 1427 70 265 169 561 365 818 445 190
5073 15 2887 204 132 365 818 125 853 279 773 445 190 473 792 169 561 10 546 275 1427 330 1296 19 1014 70 265 310 586 175 85 360 1043
1074 15 3140 347 1033 430 896 166 935 424 580 148 370 75 1077 63 73 444 140 398 467 79 927 442 94 487 376 73 158 257 1477 93 505
2074 15 3140 424 580 93 505 257 1477 442 94 75 1077 73 158 79 927 444 140 398 467 63 73 430 896 347 1033 148 370 166 935 487 376
3074 15 3140 398 467 73 158 442 94 257 1477 487 376 347 1033 79 927 63 73 424 580 430 896 75 1077 93 505 166 935 444 140 148 370
4074 15 3140 398 467 79 927 444 140 93 505 430 896 148 370 424 580 442 94 257 1477 73 158 347 1033 63 73 75 1077 166 935 487 376
5074 15 3140 75 1077 148 370 166 935 487 376 430 896 93 505 347 1033 424 580 444 140 442 94 257 1477 79 927 73 158 398 467 63 73
1075 15 2373 165 457 334 1005 89 978 47 168 87 662 203 1289 256 428 439 232 2 1477 33 472 311 595 372 264 223 1429 239 758 167 1
2075 15 2373 223 1429 2 1477 167 1 334 1005 203 1289 165 457 311 595 439 232 372 264 47 168 256 428 33 472 239 758 87 662 89 978
3075 15 2373 89 978 372 264 165 457 439 232 47 168 87 662 223 1429 203 1289 239 758 167 1 334 1005 2 1477 33 472 311 595 256 428
4075 15 2373 203 1289 165 457 223 1429 47 168 311 595 256 428 334 1005 33 472 167 1 87 662 89 978 439 232 239 758 2 1477 372 264
5075 15 2373 311 595 239 758 89 978 167 1 47 168 372 264 87 662 439 232 334 1005 2 1477 256 428 165 457 223 1429 203 1289 33 472
1076 15 2704 224 1216 138 724 195 1242 110 1494 459 29 429 499 194 742 19 1266 382 973 170 752 180 227 188 1064 247 539 181 801 265 1111
2076 15 2704 138 724 224 1216 188 1064 110 1494 459 29 382 973 194 742 170 752 181 801 247 539 429 499 265 1111 195 1242 180 227 19 1266
3076 15 2704 181 801 195 1242 188 1064 19 1266 459 29 382 973 265 1111 194 742 429 499 224 1216 180 227 138 724 247 539 170 752 110 1494
4076 15 2704 110 1494 19 1266 265 1111 170 752 247 539 180 227 181 801 224 1216 429 499 459 29 138 724 188 1064 194 742 195 1242 382 973
5076 15 2704 181 801 247 539 19 1266 180 227 459 29 429 499 110 1494 170 752 382 973 224 1216 188 1064 194 742 265 1111 195 1242 138 724
1077 15 3255 250 205 286 326 460 545 355 1282 221 1358 487 1070 189 273 1 233 88 970 285 1280 149 567 293 1071 468 1406 397 546 140 814
2077 15 3255 149 567 397 546 468 1406 140 814 487 1070 221 1358 460 545 355 1282 250 205 1 233 285 1280 189 273 286 326 88 970 293 1071
3077 15 3255 468 1406 293 1071 487 1070 149 567 355 1282 250 205 88 970 285 1280 221 1358 140 814 1 233 460 545 286 326 189 273 397 546
4077 15 3255 460 545 285 1280 293 1071 250 205 88 970 397 546 140 814 468 1406 189 273 1 233 149 567 286 326 355 1282 487 1070 221 1358
5077 15 3255 250 205 189 273 1 233 397 546 221 1358 460 545 149 567 355 1282 285 1280 468 1406 88 970 286 326 487 1070 293 1071 140 814
1078 15 2880 146 941 162 708 215 514 425 245 376 869 311 1072 247 151 337 1344 61 186 61 621 159 1494 444 376 335 745 210 917 111 684
2078 15 2880 215 514 337 1344 247 151 335 745 210 917 61 621 444 376 61 186 146 941 425 245 111 684 159 1494 311 1072 376 869 162 708
3078 15 2880 111 684 335 745 311 1072 247 151 425 245 61 186 159 1494 146 941 376 869 337 1344 210 917 215 514 162 708 444 376 61 621
4078 15 2880 162 708 61 621 210 917 247 151 159 1494 61 186 311 1072 215 514 111 684 425 245 146 941 376 869 337 1344 335 745 444 376
5078 15 2880 146 941 210 917 159 1494 444 376 425 245 335 745 247 151 337 1344 111 684 215 514 61 186 376 869 61 621 162 708 311 1072
1079 15 3381 216 105 119 776 261 35 452 1287 123 691 125 537 382 1191 496 447 411 462 302 323 387 1266 116 518 239 542 151 982 447 1494
2079 15 3381 239 542 116 518 447 1494 123 691 216 105 119 776 382 1191 302 323 125 537 452 1287 496 447 411 462 387 1266 261 35 151 982
3079 15 3381 447 1494 119 776 116 518 382 1191 302 323 496 447 151 982 216 105 239 542 452 1287 125 537 411 462 261 35 387 1266 123 691
4079 15 3381 302 323 411 462 382 1191 447 1494 119 776 452 1287 123 691 216 105 116 518 496 447 387 1266 261 35 239 542 125 537 151 982
5079 15 3381 116 518 261 35 387 1266 119 776 151 982 302 323 411 462 123 691 452 1287 447 1494 239 542 216 105 496 447 125 537 382 1191
1080 15 2783 325 816 293 1332 235 369 371 1049 444 605 168 1076 319 456 218 1446 4 651 92 464 103 235 244 212 409 704 217 321 37 899
2080 15 2783 4 651 325 816 217 321 103 235 319 456 168 1076 444 605 235 369 409 704 293 1332 371 1049 218 1446 244 212 92 464 37 899
3080 15 2783 325 816 218 1446 244 212 37 899 293 1332 103 235 217 321 235 369 4 651 168 1076 371 1049 409 704 92 464 444 605 319 456
4080 15 2783 244 212 217 321 37 899 235 369 371 1049 444 605 319 456 409 704 218 1446 325 816 103 235 168 1076 4 651 92 464 293 1332
5080 15 2783 218 1446 4 651 371 1049 325 816 235 369 217 321 409 704 168 1076 444 605 92 464 37 899 244 212 319 456 293 1332 103 235
1081 15 3298 378 1034 1 133 90 1463 453 957 385 570 213 433 127 1239 390 240 379 415 119 481 491 1106 215 82 152 966 268 59 462 1474
2081 15 3298 378 1034 379 415 119 481 268 59 1 133 453 957 215 82 462 1474 385 570 491 1106 213 433 127 1239 390 240 90 1463 152 966
3081 15 3298 462 1474 1 133 390 240 268 59 379 415 453 957 378 1034 119 481 90 1463 127 1239 491 1106 215 82 385 570 213 433 152 966
4081 15 3298 127 1239 90 1463 378 1034 462 1474 390 240 152 966 1 133 379 415 491 1106 453 957 215 82 119 481 268 59 385 570 213 433
5081 15 3298 379 415 385 570 462 1474 491 1106 213 433 378 1034 453 957 152 966 90 1463 390 240 268 59 215 82 127 1239 119 481 1 133
1082 15 2324 41 1170 177 1334 368 964 133 857 175 1419 239 639 15 182 198 347 412 1287 327 561 131 594 180 518 63 182 16 1396 430 244
2082 15 2324 15 182 239 639 175 1419 16 1396 368 964 177 1334 412 1287 430 244 133 857 131 594 63 182 198 347 41 1170 327 561 180 518
3082 15 2324 327 561 368 964 239 639 15 182 198 347 63 182 177 1334 175 1419 430 244 16 1396 41 1170 412 1287 180 518 131 594 133 857
4082 15 2324 412 1287 175 1419 177 1334 180 518 239 639 368 964 430 244 15 182 198 347 16 1396 327 561 41 1170 131 594 133 857 63 182
5082 15 2324 177 1334 175 1419 327 561 368 964 131 594 412 1287 198 347 180 518 15 182 41 1170 239 639 63 182 430 244 133 857 16 1396
1083 15 3166 333 1277 268 1089 354 963 82 272 9 115 404 349 440 881 223 1495 21 1437 261 347 333 163 144 1485 142 1491 490 345 454 358
2083 15 3166 354 963 268 1089 454 358 490 345 261 347 21 1437 144 1485 9 115 142 1491 333 163 440 881 82 272 404 349 333 1277 223 1495
3083 15 3166 21 1437 82 272 333 1277 354 963 268 1089 223 1495 454 358 144 1485 404 349 333 163 142 1491 9 115 440 881 490 345 261 347
4083 15 3166 82 272 9 115 404 349 144 1485 333 163 440 881 454 358 261 347 333 1277 21 1437 142 1491 268 1089 490 345 354 963 223 1495
5083 15 3166 333 163 333 1277 223 1495 268 1089 404 349 440 881 490 345 82 272 9 115 454 358 354 963 142 1491 261 347 21 1437 144 1485
1084 15 2452 129 1226 242 971 14 1336 280 713 303 174 6 853 212 265 281 771 67 667 133 630 123 563 111 545 468 413 381 975 316 869
2084 15 2452 14 1336 242 971 111 545 468 413 381 975 123 563 316 869 303 174 6 853 281 771 133 630 212 265 129 1226 67 667 280 713
3084 15 2452 303 174 212 265 316 869 133 630 6 853 281 771 280 713 129 1226 67 667 123 563 242 971 14 1336 381 975 468 413 111 545
4084 15 2452 67 667 281 771 280 713 303 174 316 869 468 413 111 545 212 265 6 853 242 971 133 630 129 1226 381 975 123 563 14 1336
5084 15 2452 281 771 133 630 242 971 381 975 67 667 468 413 6 853 111 545 280 713 14 1336 316 869 123 563 303 174 129 1226 212 265
1085 15 2951 368 275 195 1432 191 828 92 925 73 667 178 694 347 494 338 760 243 1113 10 401 156 1023 196 633 462 1353 387 975 453 988
2085 15 2951 368 275 156 1023 178 694 243 1113 191 828 10 401 387 975 338 760 462 1353 73 667 196 633 195 1432 453 988 92 925 347 494
3085 15 2951 191 828 243 1113 196 633 387 975 178 694 73 667 347 494 195 1432 156 1023 368 275 453 988 462 1353 92 925 338 760 10 401
4085 15 2951 347 494 92 925 178 694 338 760 73 667 156 1023 387 975 196 633 462 1353 195 1432 243 1113 191 828 10 401 453 988 368 275
5085 15 2951 196 633 462 1353 368 275 92 925 347 494 73 667 195 1432 156 1023 453 988 387 975 191 828 338 760 10 401 243 1113 178 694
1086 15 2945 289 817 236 665 100 814 229 895 274 330 37 230 296 505 169 275 180 1317 79 712 145 183 347 18 447 802 464 886 390 336
2086 15 2945 390 336 100 814 347 18 145 183 169 275 289 817 236 665 229 895 296 505 79 712 464 886 37 230 447 802 180 1317 274 330
3086 15 2945 347 18 169 275 390 336 464 886 145 183 100 814 37 230 289 817 296 505 79 712 229 895 180 1317 274 330 447 802 236 665
4086 15 2945 100 814 37 230 180 1317 79 712 145 183 447 802 390 336 296 505 347 18 169 275 236 665 464 886 289 817 274 330 229 895
5086 15 2945 180 1317 236 665 100 814 447 802 229 895 289 817 296 505 145 183 169 275 79 712 37 230 464 886 274 330 347 18 390 336
1087 15 2244 167 652 331 943 62 147 113 1275 107 232 180 1137 153 679 62 1248 26 1174 244 1236 251 150 156 347 343 1257 405 1271 205 649
2087 15 2244 113 1275 153 679 62 147 331 943 343 1257 205 649 26 1174 244 1236 167 652 62 1248 405 1271 107 232 156 347 180 1137 251 150
3087 15 2244 205 649 62 1248 62 147 113 1275 156 347 153 679 244 1236 251 150 167 652 331 943 107 232 405 1271 180 1137 343 1257 26 1174
4087 15 2244 405 1271 113 1275 343 1257 167 652 251 150 180 1137 26 1174 62 147 244 1236 156 347 153 679 107 232 331 943 205 649 62 1248
5087 15 2244 26 1174 62 1248 331 943 251 150 180 1137 107 232 156 347 62 147 343 1257 244 1236 167 652 153 679 205 649 113 1275 405 1271
1088 15 2623 139 1324 464 105 42 1226 212 927 339 278 17 1013 15 566 216 220 472 1186 296 350 48 184 67 1374 451 223 180 1094 321 1223
2088 15 2623 17 1013 464 105 339 278 180 1094 212 927 15 566 67 1374 48 184 42 1226 296 350 472 1186 216 220 451 223 139 1324 321 1223
3088 15 2623 17 1013 451 223 180 1094 15 566 67 1374 321 1223 42 1226 472 1186 48 184 212 927 339 278 296 350 464 105 139 1324 216 220
4088 15 2623 296 350 464 105 321 1223 17 1013 42 1226 180 1094 139 1324 216 220 67 1374 451 223 48 184 15 566 472 1186 339 278 212 927
5088 15 2623 17 1013 216 220 464 105 67 1374 339 278 212 927 296 350 48 184 180 1094 451 223 15 566 139 1324 42 1226 472 1186 321 1223
1089 15 3900 369 246 398 951 383 674 230 1371 499 972 487 1377 343 97 50 206 297 263 185 945 133 1287 401 572 412 1013 374 1158 315 13
2089 15 3900 369 246 133 1287 374 1158 230 1371 185 945 398 951 487 1377 297 263 383 674 499 972 50 206 315 13 401 572 343 97 412 1013
3089 15 3900 383 674 401 572 50 206 343 97 499 972 297 263 133 1287 398 951 374 1158 412 1013 230 1371 185 945 369 246 487 1377 315 13
4089 15 3900 401 572 50 206 185 945 315 13 499 972 487 1377 230 1371 297 263 383 674 343 97 369 246 398 951 374 1158 412 1013 133 1287
5089 15 3900 297 263 343 97 499 972 401 572 369 246 50 206 398 951 383 674 487 1377 315 13 374 1158 185 945 412 1013 133 1287 230 1371
1090 15 2960 249 527 495 561 402 1350 240 530 380 1247 392 753 71 601 78 1063 235 1491 49 1254 246 1415 362 1082 165 587 308 125 28 1417
2090 15 2960 495 561 78 1063 392 753 240 530 362 1082 380 1247 249 527 49 1254 165 587 71 601 28 1417 235 1491 402 1350 246 1415 308 125
3090 15 2960 28 1417 246 1415 249 527 380 1247 235 1491 49 1254 71 601 78 1063 402 1350 392 753 165 587 362 1082 495 561 308 125 240 530
4090 15 2960 249 527 380 1247 235 1491 402 1350 165 587 71 601 362 1082 49 1254 308 125 246 1415 78 1063 240 530 28 1417 495 561 392 753
5090 15 2960 235 1491 240 530 392 753 165 587 402 1350 380 1247 249 527 71 601 49 1254 78 1063 495 561 362 1082 28 1417 308 125 246 1415
1091 15 2965 481 248 486 653 242 87 433 391 102 1440 404 1222 37 196 177 1361 51 1201 312 614 158 148 242 268 136 714 148 638 298 503
2091 15 2965 433 391 486 653 177 1361 148 638 136 714 158 148 312 614 37 196 242 268 298 503 404 1222 102 1440 51 1201 481 248 242 87
3091 15 2965 51 1201 298 503 158 148 136 714 102 1440 312 614 177 1361 404 1222 481 248 242 87 433 391 37 196 486 653 242 268 148 638
4091 15 2965 481 248 298 503 102 1440 177 1361 242 87 51 1201 242 268 404 1222 148 638 486 653 136 714 312 614 433 391 37 196 158 148
5091 15 2965 51 1201 242 268 177 1361 102 1440 312 614 298 503 486 653 433 391 148 638 158 148 242 87 481 248 37 196 136 714 404 1222
1092 15 3572 148 1311 425 765 433 200 33 86 318 1496 455 1424 399 446 46 661 399 16 378 832 438 133 310 156 498 93 133 318 52 1238
2092 15 3572 498 93 378 832 425 765 52 1238 399 16 318 1496 46 661 133 318 455 1424 433 200 438 133 310 156 148 1311 33 86 399 446
3092 15 3572 133 318 52 1238 438 133 378 832 33 86 498 93 318 1496 310 156 46 661 425 765 399 16 455 1424 433 200 148 1311 399 446
4092 15 3572 318 1496 52 1238 425 765 498 93 310 156 399 446 378 832 433 200 148 1311 455 1424 133 318 33 86 399 16 438 133 46 661
5092 15 3572 425 765 52 1238 378 832 455 1424 433 200 33 86 148 1311 318 1496 438 133 46 661 498 93 310 156 399 16 133 318 399 446
1093 15 2799 461 1465 42 103 3 1077 279 1433 23 991 450 478 128 1336 313 999 134 37 98 836 408 280 374 171 261 954 381 556 144 809
2093 15 2799 3 1077 450 478 461 1465 134 37 42 103 313 999 128 1336 279 1433 144 809 408 280 261 954 374 171 98 836 23 991 381 556
3093 15 2799 381 556 23 991 279 1433 408 280 3 1077 313 999 98 836 42 103 134 37 374 171 144 809 261 954 128 1336 461 1465 450 478
4093 15 2799 3 1077 461 1465 279 1433 128 1336 42 103 374 171 381 556 261 954 23 991 144 809 450 478 98 836 134 37 408 280 313 999
5093 15 2799 134 37 23 991 461 1465 279 1433 450 478 408 280 144 809 313 999 42 103 261 954 3 1077 374 171 128 1336 98 836 381 556
1094 15 2522 334 1295 119 1035 126 1043 169 875 164 616 382 527 67 969 174 864 24 581 445 89 467 510 244 514 53 347 197 1230 188 1298
2094 15 2522 53 347 169 875 382 527 445 89 126 1043 197 1230 188 1298 244 514 334 1295 174 864 164 616 24 581 67 969 119 1035 467 510
3094 15 2522 67 969 382 527 188 1298 169 875 174 864 244 514 467 510 126 1043 24 581 197 1230 119 1035 445 89 164 616 334 1295 53 347
4094 15 2522 188 1298 445 89 467 510 382 527 67 969 164 616 197 1230 169 875 174 864 53 347 119 1035 126 1043 334 1295 24 581 244 514
5094 15 2522 334 1295 53 347 382 527 197 1230 24 581 174 864 445 89 244 514 67 969 188 1298 467 510 164 616 126 1043 119 1035 169 875
1095 15 2884 68 82 256 474 301 1186 212 450 477 1152 269 299 139 1078 352 613 4 1457 141 1112 251 1453 140 350 481 1248 25 1115 490 1201
2095 15 2884 251 1453 68 82 25 1115 141 1112 256 474 212 450 352 613 139 1078 477 1152 140 350 490 1201 4 1457 301 1186 269 299 481 1248
3095 15 2884 256 474 490 1201 269 299 25 1115 140 350 139 1078 4 1457 481 1248 251 1453 352 613 301 1186 68 82 212 450 477 1152 141 1112
4095 15 2884 68 82 477 1152 251 1453 140 350 490 1201 212 450 4 1457 352 613 25 1115 141 1112 269 299 481 1248 139 1078 256 474 301 1186
5095 15 2884 477 1152 68 82 25 1115 301 1186 140 350 139 1078 481 1248 256 474 141 1112 490 1201 4 1457 251 1453 352 613 269 299 212 450
1096 15 3193 319 111 251 676 81 761 73 434 483 1284 78 569 453 422 335 872 324 1160 279 1424 329 1329 472 1309 427 1250 68 680 20 1155
2096 15 3193 453 422 324 1160 329 1329 68 680 319 111 81 761 472 1309 251 676 483 1284 78 569 279 1424 20 1155 73 434 335 872 427 1250
3096 15 3193 335 872 427 1250 20 1155 251 676 329 1329 81 761 472 1309 279 1424 483 1284 68 680 78 569 319 111 324 1160 73 434 453 422
4096 15 3193 68 680 329 1329 78 569 319 111 81 761 20 1155 324 1160 251 676 483 1284 335 872 279 1424 453 422 73 434 427 1250 472 1309
5096 15 3193 453 422 78 569 483 1284 319 111 335 872 73 434 427 1250 81 761 279 1424 324 1160 472 1309 329 1329 20 1155 251 676 68 680
1097 15 2792 488 156 382 323 490 1411 268 1156 183 27 75 105 275 894 197 363 38 987 296 1006 20 426 407 1443 121 589 16 412 235 278
2097 15 2792 16 412 121 589 275 894 268 1156 490 1411 197 363 38 987 488 156 183 27 407 1443 296 1006 382 323 235 278 20 426 75 105
3097 15 2792 268 1156 407 1443 235 278 75 105 197 363 490 1411 296 1006 121 589 488 156 38 987 183 27 275 894 382 323 16 412 20 426
4097 15 2792 183 27 16 412 75 105 197 363 296 1006 382 323 235 278 20 426 121 589 490 1411 268 1156 38 987 275 894 407 1443 488 156
5097 15 2792 275 894 268 1156 75 105 490 1411 38 987 407 1443 121 589 20 426 16 412 183 27 235 278 488 156 296 1006 382 323 197 363
1098 15 3332 395 314 251 363 407 20 489 1131 270 319 299 1447 393 1215 432 962 105 507 356 237 347 1285 243 196 117 353 58 820 3 607
2098 15 3332 356 237 299 1447 105 507 251 363 407 20 347 1285 243 196 270 319 58 820 393 1215 489 1131 395 314 432 962 117 353 3 607
3098 15 3332 117 353 395 314 105 507 407 20 58 820 270 319 393 1215 299 1447 432 962 356 237 489 1131 251 363 3 607 347 1285 243 196
4098 15 3332 243 196 299 1447 117 353 489 1131 251 363 432 962 407 20 395 314 105 507 347 1285 393 1215 356 237 270 319 3 607 58 820
5098 15 3332 432 962 3 607 243 196 117 353 58 820 356 237 407 20 251 363 489 1131 299 1447 105 507 393 1215 395 314 270 319 347 1285
1099 15 2563 89 572 412 443 48 1334 388 1182 314 1369 94 1062 184 930 353 1355 468 630 260 1399 67 1411 202 217 227 1314 20 894 78 201
2099 15 2563 353 1355 468 630 20 894 314 1369 412 443 94 1062 89 572 227 1314 260 1399 78 201 388 1182 202 217 48 1334 67 1411 184 930
3099 15 2563 202 217 388 1182 67 1411 89 572 412 443 353 1355 260 1399 314 1369 468 630 20 894 78 201 94 1062 48 1334 184 930 227 1314
4099 15 2563 48 1334 468 630 412 443 388 1182 353 1355 67 1411 89 572 184 930 202 217 260 1399 94 1062 20 894 78 201 227 1314 314 1369
5099 15 2563 412 443 94 1062 314 1369 78 201 67 1411 184 930 202 217 388 1182 468 630 260 1399 48 1334 89 572 353 1355 20 894 227 1314
1100 15 2872 349 278 164 1061 78 1420 245 1357 498 1011 324 1048 309 430 67 853 34 524 197 272 310 185 400 808 269 730 64 58 282 1356
2100 15 2872 64 58 282 1356 34 524 67 853 310 185 269 730 498 1011 197 272 324 1048 349 278 309 430 400 808 245 1357 78 1420 164 1061
3100 15 2872 498 1011 349 278 309 430 78 1420 282 1356 245 1357 34 524 310 185 400 808 67 853 324 1048 269 730 164 1061 197 272 64 58
4100 15 2872 349 278 164 1061 197 272 245 1357 67 853 498 1011 324 1048 64 58 282 1356 310 185 78 1420 269 730 400 808 34 524 309 430
5100 15 2872 282 1356 310 185 349 278 34 524 498 1011 400 808 64 58 269 730 197 272 324 1048 67 853 164 1061 78 1420 309 430 245 1357
