1001 15 2564 404 4 86 46 55 26 31 57 489 57 108 30 476 62 15 9 298 84 135 91 293 12 72 1 301 25 428 46 14 78
2001 15 2564 135 91 489 57 55 26 404 4 428 46 31 57 298 84 14 78 15 9 301 25 476 62 86 46 108 30 72 1 293 12
3001 15 2564 135 91 86 46 301 25 55 26 489 57 404 4 108 30 15 9 428 46 298 84 476 62 31 57 72 1 14 78 293 12
4001 15 2564 31 57 476 62 428 46 108 30 135 91 404 4 489 57 293 12 55 26 86 46 298 84 301 25 15 9 72 1 14 78
5001 15 2564 428 46 55 26 86 46 293 12 489 57 301 25 14 78 15 9 72 1 31 57 135 91 404 4 298 84 108 30 476 62
1002 15 2484 235 74 45 80 257 66 167 13 336 17 351 51 286 55 15 86 468 52 305 9 100 49 201 55 149 69 175 19 16 66
2002 15 2484 468 52 16 66 100 49 45 80 167 13 15 86 201 55 175 19 286 55 351 51 257 66 235 74 336 17 305 9 149 69
3002 15 2484 286 55 16 66 201 55 45 80 100 49 235 74 15 86 336 17 175 19 257 66 351 51 149 69 305 9 167 13 468 52
4002 15 2484 149 69 336 17 305 9 201 55 286 55 175 19 45 80 167 13 235 74 100 49 16 66 257 66 15 86 468 52 351 51
5002 15 2484 16 66 257 66 235 74 468 52 336 17 149 69 305 9 45 80 15 86 286 55 351 51 167 13 100 49 175 19 201 55
1003 15 3783 395 17 147 66 417 83 118 20 149 86 469 6 315 96 478 22 439 53 338 35 294 87 489 64 371 17 275 95 35 36
2003 15 3783 35 36 315 96 371 17 469 6 118 20 489 64 338 35 147 66 395 17 417 83 149 86 439 53 294 87 478 22 275 95
3003 15 3783 338 35 149 86 315 96 275 95 469 6 147 66 489 64 439 53 478 22 395 17 417 83 371 17 294 87 118 20 35 36
4003 15 3783 275 95 395 17 478 22 469 6 294 87 338 35 439 53 35 36 118 20 489 64 417 83 149 86 315 96 147 66 371 17
5003 15 3783 118 20 469 6 338 35 35 36 478 22 149 86 395 17 147 66 489 64 294 87 371 17 417 83 275 95 315 96 439 53
1004 15 3028 417 20 214 60 481 48 325 64 407 5 227 79 36 27 154 71 124 9 376 70 224 75 108 96 34 35 354 71 304 75
2004 15 3028 224 75 108 96 376 70 325 64 124 9 304 75 407 5 154 71 34 35 214 60 481 48 227 79 36 27 354 71 417 20
3004 15 3028 481 48 108 96 354 71 224 75 214 60 417 20 34 35 36 27 154 71 304 75 227 79 325 64 376 70 407 5 124 9
4004 15 3028 154 71 304 75 376 70 227 79 34 35 481 48 36 27 325 64 214 60 124 9 108 96 224 75 407 5 417 20 354 71
5004 15 3028 214 60 481 48 224 75 407 5 124 9 154 71 34 35 36 27 325 64 354 71 108 96 417 20 304 75 376 70 227 79
1005 15 2916 24 33 286 31 310 35 69 48 54 33 347 78 69 55 453 32 341 82 88 77 233 87 361 54 166 20 370 11 475 67
2005 15 2916 69 55 69 48 347 78 310 35 453 32 88 77 341 82 233 87 475 67 54 33 370 11 166 20 361 54 24 33 286 31
3005 15 2916 69 48 24 33 341 82 370 11 286 31 69 55 233 87 347 78 310 35 166 20 88 77 54 33 361 54 453 32 475 67
4005 15 2916 347 78 286 31 361 54 69 48 88 77 24 33 453 32 69 55 475 67 54 33 370 11 166 20 310 35 233 87 341 82
5005 15 2916 475 67 24 33 453 32 54 33 361 54 69 48 166 20 347 78 370 11 310 35 88 77 341 82 286 31 233 87 69 55
1006 15 3525 385 78 322 40 131 94 366 7 464 93 104 21 420 23 258 44 472 97 190 80 288 81 309 49 252 32 336 64 110 10
2006 15 3525 258 44 385 78 336 64 131 94 104 21 110 10 252 32 288 81 366 7 420 23 190 80 322 40 309 49 472 97 464 93
3006 15 3525 104 21 252 32 110 10 464 93 472 97 131 94 309 49 190 80 288 81 366 7 420 23 322 40 258 44 385 78 336 64
4006 15 3525 252 32 288 81 258 44 385 78 190 80 366 7 131 94 464 93 322 40 472 97 336 64 110 10 420 23 309 49 104 21
5006 15 3525 190 80 258 44 464 93 104 21 288 81 336 64 131 94 472 97 420 23 110 10 252 32 385 78 309 49 366 7 322 40
1007 15 2784 277 19 452 56 444 80 81 76 134 39 388 78 398 61 81 63 69 89 387 91 130 42 33 10 238 19 48 87 320 41
2007 15 2784 48 87 388 78 452 56 320 41 81 63 69 89 398 61 134 39 81 76 238 19 277 19 387 91 444 80 130 42 33 10
3007 15 2784 452 56 81 63 238 19 33 10 130 42 69 89 81 76 388 78 398 61 48 87 277 19 444 80 320 41 134 39 387 91
4007 15 2784 69 89 48 87 238 19 81 76 33 10 320 41 134 39 387 91 388 78 277 19 81 63 398 61 130 42 444 80 452 56
5007 15 2784 320 41 33 10 48 87 81 63 69 89 452 56 277 19 130 42 388 78 81 76 387 91 238 19 134 39 444 80 398 61
1008 15 2992 318 65 323 53 200 77 32 39 317 70 218 68 66 74 63 64 398 29 238 88 460 24 385 59 22 89 227 27 474 27
2008 15 2992 218 68 323 53 474 27 460 24 318 65 22 89 385 59 398 29 317 70 200 77 238 88 63 64 227 27 66 74 32 39
3008 15 2992 227 27 398 29 317 70 22 89 323 53 218 68 460 24 474 27 318 65 385 59 32 39 238 88 66 74 63 64 200 77
4008 15 2992 317 70 385 59 474 27 323 53 63 64 238 88 200 77 32 39 227 27 460 24 218 68 398 29 22 89 318 65 66 74
5008 15 2992 32 39 218 68 323 53 398 29 22 89 385 59 317 70 66 74 460 24 238 88 474 27 318 65 63 64 227 27 200 77
1009 15 2994 84 58 490 76 405 66 321 86 57 60 293 31 330 18 236 38 215 35 349 83 251 87 288 58 162 6 141 85 121 35
2009 15 2994 330 18 288 58 321 86 162 6 236 38 405 66 121 35 293 31 57 60 84 58 141 85 490 76 349 83 251 87 215 35
3009 15 2994 349 83 330 18 293 31 321 86 405 66 57 60 288 58 141 85 215 35 251 87 490 76 162 6 236 38 121 35 84 58
4009 15 2994 215 35 121 35 405 66 84 58 57 60 321 86 330 18 141 85 288 58 349 83 236 38 293 31 162 6 251 87 490 76
5009 15 2994 251 87 321 86 121 35 293 31 57 60 349 83 490 76 330 18 215 35 162 6 236 38 84 58 288 58 141 85 405 66
1010 15 3296 490 46 232 23 204 25 252 97 259 40 496 19 113 30 93 24 353 27 277 43 456 88 472 8 109 78 217 95 97 99
2010 15 3296 472 8 252 97 259 40 456 88 353 27 109 78 97 99 204 25 232 23 93 24 496 19 490 46 217 95 277 43 113 30
3010 15 3296 472 8 217 95 204 25 259 40 113 30 97 99 490 46 456 88 277 43 353 27 109 78 93 24 252 97 232 23 496 19
4010 15 3296 490 46 113 30 109 78 232 23 252 97 496 19 204 25 472 8 259 40 456 88 277 43 217 95 353 27 97 99 93 24
5010 15 3296 496 19 456 88 109 78 259 40 97 99 232 23 252 97 217 95 490 46 113 30 353 27 93 24 204 25 472 8 277 43
1011 15 3228 280 34 463 36 413 38 160 67 459 86 83 8 92 71 351 10 316 54 151 39 404 11 421 46 5 7 181 54 256 29
2011 15 3228 92 71 413 38 404 11 151 39 316 54 351 10 256 29 421 46 459 86 181 54 83 8 463 36 280 34 160 67 5 7
3011 15 3228 421 46 151 39 280 34 181 54 316 54 5 7 463 36 256 29 351 10 459 86 83 8 160 67 404 11 413 38 92 71
4011 15 3228 5 7 351 10 92 71 463 36 316 54 83 8 256 29 151 39 413 38 160 67 459 86 421 46 181 54 404 11 280 34
5011 15 3228 5 7 404 11 413 38 351 10 421 46 280 34 463 36 459 86 256 29 92 71 83 8 316 54 151 39 181 54 160 67
1012 15 3493 245 81 225 79 79 30 393 17 240 6 412 8 405 83 495 72 224 64 265 21 227 86 42 13 423 12 491 29 201 47
2012 15 3493 245 81 42 13 265 21 201 47 423 12 240 6 224 64 79 30 225 79 495 72 491 29 412 8 393 17 227 86 405 83
3012 15 3493 225 79 42 13 224 64 201 47 495 72 240 6 227 86 491 29 79 30 393 17 423 12 265 21 412 8 245 81 405 83
4012 15 3493 265 21 79 30 240 6 201 47 224 64 225 79 245 81 227 86 42 13 423 12 393 17 405 83 495 72 491 29 412 8
5012 15 3493 245 81 491 29 495 72 412 8 393 17 79 30 405 83 227 86 42 13 265 21 423 12 225 79 224 64 240 6 201 47
1013 15 2588 407 62 60 51 335 50 122 93 156 18 222 26 220 71 163 50 192 15 31 23 119 37 212 79 445 95 149 41 403 87
2013 15 2588 403 87 31 23 122 93 119 37 60 51 212 79 163 50 335 50 222 26 149 41 220 71 407 62 445 95 192 15 156 18
3013 15 2588 192 15 445 95 403 87 335 50 119 37 156 18 222 26 212 79 407 62 60 51 31 23 220 71 163 50 122 93 149 41
4013 15 2588 60 51 31 23 335 50 220 71 119 37 403 87 222 26 192 15 156 18 163 50 445 95 212 79 122 93 149 41 407 62
5013 15 2588 403 87 31 23 122 93 220 71 149 41 212 79 60 51 335 50 192 15 407 62 445 95 119 37 163 50 222 26 156 18
1014 15 2676 44 28 287 11 481 63 193 72 4 93 165 35 201 24 60 45 495 30 132 61 21 66 440 38 122 27 470 39 231 50
2014 15 2676 44 28 495 30 193 72 470 39 60 45 122 27 21 66 231 50 287 11 132 61 481 63 165 35 4 93 201 24 440 38
3014 15 2676 165 35 201 24 44 28 287 11 4 93 122 27 132 61 60 45 231 50 481 63 470 39 495 30 440 38 21 66 193 72
4014 15 2676 44 28 231 50 132 61 495 30 193 72 165 35 440 38 60 45 122 27 201 24 287 11 21 66 4 93 481 63 470 39
5014 15 2676 21 66 132 61 122 27 481 63 495 30 287 11 60 45 165 35 440 38 193 72 231 50 470 39 44 28 4 93 201 24
1015 15 2995 71 29 170 32 455 30 145 82 473 57 321 32 17 26 426 6 488 32 129 100 196 60 47 6 290 92 49 1 467 17
2015 15 2995 473 57 49 1 290 92 455 30 47 6 196 60 129 100 467 17 321 32 488 32 426 6 145 82 170 32 71 29 17 26
3015 15 2995 17 26 49 1 129 100 71 29 321 32 47 6 426 6 145 82 467 17 473 57 170 32 455 30 290 92 196 60 488 32
4015 15 2995 17 26 467 17 196 60 290 92 426 6 488 32 145 82 473 57 455 30 47 6 321 32 49 1 170 32 129 100 71 29
5015 15 2995 145 82 47 6 17 26 426 6 129 100 321 32 71 29 488 32 196 60 467 17 455 30 473 57 49 1 170 32 290 92
1016 15 3575 428 1 104 93 316 10 448 100 482 36 449 38 138 20 130 21 394 43 387 32 330 1 166 43 373 81 162 1 162 99
2016 15 3575 428 1 162 99 166 43 162 1 449 38 130 21 482 36 104 93 316 10 387 32 373 81 330 1 138 20 394 43 448 100
3016 15 3575 428 1 482 36 130 21 373 81 316 10 138 20 162 1 387 32 162 99 449 38 448 100 330 1 104 93 166 43 394 43
4016 15 3575 162 1 387 32 166 43 394 43 448 100 449 38 482 36 130 21 428 1 373 81 316 10 138 20 104 93 330 1 162 99
5016 15 3575 104 93 387 32 330 1 130 21 166 43 138 20 394 43 316 10 482 36 373 81 162 1 449 38 448 100 162 99 428 1
1017 15 3384 193 28 482 61 75 54 245 8 418 48 353 79 365 20 279 16 420 56 174 7 251 23 316 90 161 77 438 48 60 78
2017 15 3384 251 23 161 77 245 8 316 90 60 78 353 79 365 20 418 48 75 54 438 48 193 28 279 16 174 7 482 61 420 56
3017 15 3384 420 56 75 54 482 61 316 90 251 23 279 16 161 77 60 78 418 48 438 48 365 20 174 7 245 8 193 28 353 79
4017 15 3384 245 8 365 20 60 78 251 23 438 48 193 28 353 79 161 77 418 48 174 7 75 54 279 16 420 56 482 61 316 90
5017 15 3384 418 48 60 78 438 48 279 16 161 77 482 61 353 79 316 90 251 23 174 7 365 20 193 28 245 8 420 56 75 54
1018 15 4029 441 18 76 89 500 60 323 87 487 60 237 31 318 49 329 9 114 25 327 91 295 17 478 38 296 45 337 77 479 19
2018 15 4029 237 31 114 25 327 91 500 60 329 9 295 17 296 45 323 87 318 49 76 89 479 19 441 18 337 77 478 38 487 60
3018 15 4029 114 25 337 77 323 87 441 18 296 45 479 19 295 17 329 9 500 60 318 49 478 38 76 89 487 60 327 91 237 31
4018 15 4029 478 38 318 49 296 45 76 89 487 60 337 77 441 18 295 17 114 25 329 9 323 87 327 91 479 19 237 31 500 60
5018 15 4029 487 60 441 18 329 9 479 19 318 49 337 77 76 89 296 45 500 60 478 38 323 87 114 25 237 31 327 91 295 17
1019 15 2979 77 42 60 51 400 17 297 30 83 44 105 39 317 90 456 43 86 50 481 48 449 6 60 82 181 78 211 77 461 70
2019 15 2979 449 6 86 50 481 48 181 78 77 42 105 39 317 90 60 51 297 30 400 17 456 43 461 70 60 82 83 44 211 77
3019 15 2979 456 43 105 39 317 90 400 17 449 6 211 77 60 82 60 51 77 42 86 50 83 44 297 30 181 78 461 70 481 48
4019 15 2979 456 43 60 82 317 90 83 44 211 77 181 78 481 48 86 50 461 70 449 6 105 39 77 42 60 51 297 30 400 17
5019 15 2979 449 6 297 30 456 43 461 70 211 77 77 42 181 78 83 44 400 17 317 90 105 39 86 50 60 82 60 51 481 48
1020 15 3407 362 40 480 12 159 24 399 42 75 74 2 76 413 54 188 70 395 42 204 10 452 80 439 17 433 94 220 90 38 92
2020 15 3407 399 42 75 74 480 12 433 94 362 40 159 24 220 90 2 76 188 70 452 80 204 10 395 42 413 54 439 17 38 92
3020 15 3407 38 92 220 90 399 42 480 12 452 80 188 70 439 17 395 42 2 76 204 10 362 40 159 24 413 54 75 74 433 94
4020 15 3407 362 40 75 74 2 76 480 12 395 42 413 54 433 94 204 10 159 24 220 90 188 70 452 80 439 17 399 42 38 92
5020 15 3407 204 10 159 24 480 12 413 54 439 17 452 80 38 92 395 42 188 70 220 90 399 42 433 94 362 40 75 74 2 76
1021 15 2690 470 94 188 24 28 42 394 17 167 82 149 30 158 69 100 91 81 78 20 20 430 1 225 79 99 66 434 2 420 60
2021 15 2690 394 17 420 60 20 20 225 79 28 42 158 69 434 2 99 66 81 78 430 1 470 94 188 24 167 82 149 30 100 91
3021 15 2690 20 20 81 78 158 69 470 94 394 17 420 60 225 79 149 30 434 2 167 82 28 42 99 66 430 1 188 24 100 91
4021 15 2690 167 82 394 17 20 20 225 79 470 94 430 1 81 78 188 24 420 60 434 2 99 66 149 30 100 91 158 69 28 42
5021 15 2690 28 42 225 79 158 69 20 20 430 1 420 60 99 66 470 94 434 2 81 78 394 17 167 82 100 91 188 24 149 30
1022 15 2638 68 43 377 15 233 76 8 80 490 28 118 42 149 6 83 40 395 41 96 57 435 80 455 52 46 42 208 96 137 63
2022 15 2638 8 80 435 80 118 42 490 28 96 57 455 52 233 76 46 42 377 15 395 41 68 43 83 40 208 96 137 63 149 6
3022 15 2638 8 80 395 41 68 43 490 28 435 80 46 42 96 57 377 15 149 6 208 96 137 63 233 76 83 40 455 52 118 42
4022 15 2638 68 43 455 52 149 6 118 42 490 28 395 41 233 76 96 57 435 80 83 40 137 63 208 96 377 15 8 80 46 42
5022 15 2638 46 42 377 15 490 28 96 57 395 41 149 6 83 40 68 43 233 76 118 42 435 80 8 80 455 52 137 63 208 96
1023 15 2832 231 90 283 94 91 46 272 97 432 32 264 63 19 14 175 62 10 72 17 46 309 21 201 86 431 58 369 36 436 69
2023 15 2832 231 90 431 58 309 21 369 36 10 72 272 97 432 32 201 86 436 69 175 62 91 46 17 46 283 94 19 14 264 63
3023 15 2832 91 46 175 62 272 97 231 90 264 63 431 58 369 36 10 72 432 32 309 21 436 69 283 94 201 86 17 46 19 14
4023 15 2832 431 58 91 46 175 62 369 36 272 97 201 86 10 72 309 21 19 14 231 90 436 69 264 63 283 94 17 46 432 32
5023 15 2832 19 14 283 94 201 86 17 46 369 36 231 90 91 46 175 62 309 21 432 32 264 63 10 72 431 58 436 69 272 97
1024 15 2932 94 78 53 53 478 15 311 15 265 12 17 73 256 91 489 57 384 25 137 93 46 62 338 46 284 5 261 42 253 37
2024 15 2932 261 42 17 73 53 53 253 37 311 15 478 15 46 62 256 91 489 57 137 93 94 78 384 25 284 5 265 12 338 46
3024 15 2932 284 5 253 37 256 91 137 93 489 57 53 53 478 15 311 15 46 62 94 78 384 25 265 12 261 42 338 46 17 73
4024 15 2932 311 15 94 78 338 46 17 73 256 91 46 62 284 5 261 42 478 15 384 25 137 93 53 53 253 37 489 57 265 12
5024 15 2932 53 53 284 5 261 42 137 93 46 62 384 25 253 37 256 91 94 78 478 15 489 57 311 15 338 46 265 12 17 73
1025 15 3163 457 15 115 32 235 85 392 70 142 22 253 27 375 36 20 87 410 46 88 13 466 32 331 93 263 14 369 84 38 60
2025 15 3163 410 46 375 36 115 32 392 70 235 85 331 93 369 84 38 60 142 22 466 32 457 15 88 13 263 14 253 27 20 87
3025 15 3163 253 27 20 87 369 84 38 60 457 15 88 13 392 70 142 22 466 32 263 14 410 46 375 36 235 85 115 32 331 93
4025 15 3163 392 70 38 60 331 93 375 36 369 84 263 14 457 15 115 32 466 32 20 87 253 27 235 85 88 13 142 22 410 46
5025 15 3163 235 85 457 15 20 87 88 13 369 84 466 32 375 36 115 32 392 70 331 93 253 27 38 60 142 22 410 46 263 14
1026 15 2357 2 48 114 56 131 44 18 53 29 39 360 24 65 67 442 91 22 88 379 57 154 52 473 82 186 91 115 7 457 37
2026 15 2357 186 91 115 7 379 57 457 37 442 91 114 56 29 39 2 48 360 24 22 88 154 52 18 53 131 44 473 82 65 67
3026 15 2357 22 88 131 44 457 37 186 91 379 57 154 52 18 53 360 24 442 91 29 39 114 56 65 67 473 82 115 7 2 48
4026 15 2357 360 24 2 48 457 37 473 82 154 52 379 57 186 91 65 67 29 39 131 44 18 53 442 91 114 56 22 88 115 7
5026 15 2357 115 7 473 82 457 37 114 56 186 91 154 52 360 24 2 48 22 88 379 57 131 44 442 91 29 39 65 67 18 53
1027 15 2817 182 51 306 13 134 2 59 84 34 25 487 27 408 95 440 85 386 51 62 47 80 66 210 87 233 61 215 19 286 90
2027 15 2817 182 51 306 13 440 85 215 19 233 61 408 95 59 84 80 66 134 2 210 87 62 47 34 25 386 51 286 90 487 27
3027 15 2817 182 51 408 95 440 85 62 47 286 90 34 25 306 13 210 87 59 84 134 2 80 66 386 51 233 61 487 27 215 19
4027 15 2817 182 51 210 87 408 95 59 84 233 61 80 66 62 47 386 51 286 90 440 85 134 2 306 13 34 25 487 27 215 19
5027 15 2817 487 27 408 95 210 87 386 51 34 25 134 2 306 13 233 61 62 47 286 90 215 19 440 85 182 51 59 84 80 66
1028 15 3392 347 16 326 53 344 24 214 50 367 8 337 31 328 95 166 6 83 28 270 49 300 8 372 99 423 26 285 100 79 88
2028 15 3392 423 26 300 8 328 95 214 50 326 53 372 99 347 16 344 24 79 88 270 49 285 100 83 28 367 8 166 6 337 31
3028 15 3392 367 8 344 24 328 95 337 31 166 6 372 99 79 88 83 28 214 50 423 26 270 49 300 8 347 16 285 100 326 53
4028 15 3392 166 6 344 24 337 31 326 53 214 50 83 28 300 8 372 99 328 95 347 16 79 88 270 49 285 100 423 26 367 8
5028 15 3392 328 95 79 88 367 8 83 28 423 26 344 24 372 99 214 50 347 16 300 8 326 53 285 100 166 6 337 31 270 49
1029 15 2262 147 97 115 97 179 2 2 33 12 26 40 68 326 69 458 82 441 38 260 76 298 47 216 56 265 90 41 35 28 64
2029 15 2262 260 76 216 56 2 33 28 64 458 82 298 47 326 69 40 68 179 2 265 90 441 38 41 35 115 97 147 97 12 26
3029 15 2262 298 47 41 35 28 64 2 33 265 90 179 2 216 56 260 76 326 69 441 38 458 82 147 97 115 97 12 26 40 68
4029 15 2262 12 26 441 38 179 2 41 35 40 68 458 82 2 33 326 69 147 97 298 47 28 64 216 56 260 76 115 97 265 90
5029 15 2262 147 97 326 69 179 2 216 56 12 26 115 97 28 64 260 76 41 35 298 47 441 38 40 68 458 82 2 33 265 90
1030 15 3544 184 58 134 61 470 65 484 1 327 97 347 57 496 9 258 10 496 38 47 76 450 29 354 64 248 1 10 82 125 12
2030 15 3544 248 1 470 65 496 9 327 97 354 64 184 58 47 76 125 12 10 82 258 10 347 57 484 1 134 61 450 29 496 38
3030 15 3544 258 10 347 57 354 64 327 97 450 29 496 9 10 82 47 76 496 38 470 65 184 58 248 1 484 1 125 12 134 61
4030 15 3544 484 1 496 9 327 97 10 82 496 38 258 10 134 61 347 57 354 64 125 12 450 29 248 1 47 76 184 58 470 65
5030 15 3544 484 1 47 76 10 82 248 1 258 10 327 97 496 9 496 38 134 61 125 12 184 58 354 64 470 65 450 29 347 57
1031 15 3526 382 3 446 77 388 12 204 58 472 29 490 14 357 49 38 4 368 87 67 53 310 49 294 30 229 93 158 72 205 73
2031 15 3526 229 93 67 53 490 14 204 58 382 3 472 29 368 87 205 73 446 77 357 49 310 49 158 72 294 30 38 4 388 12
3031 15 3526 310 49 368 87 67 53 490 14 472 29 357 49 158 72 294 30 38 4 388 12 204 58 205 73 382 3 229 93 446 77
4031 15 3526 158 72 388 12 368 87 310 49 472 29 446 77 357 49 490 14 204 58 294 30 67 53 229 93 38 4 205 73 382 3
5031 15 3526 204 58 205 73 357 49 472 29 67 53 388 12 368 87 310 49 490 14 38 4 229 93 446 77 382 3 294 30 158 72
1032 15 2941 316 94 408 98 156 80 338 75 68 41 60 86 50 75 67 47 386 13 269 50 298 4 438 91 312 39 248 33 263 13
2032 15 2941 438 91 269 50 67 47 50 75 386 13 68 41 248 33 156 80 263 13 338 75 408 98 316 94 312 39 60 86 298 4
3032 15 2941 67 47 408 98 248 33 312 39 60 86 50 75 263 13 68 41 156 80 386 13 438 91 316 94 338 75 269 50 298 4
4032 15 2941 338 75 263 13 60 86 316 94 156 80 67 47 269 50 68 41 248 33 298 4 50 75 408 98 386 13 312 39 438 91
5032 15 2941 438 91 68 41 67 47 156 80 60 86 50 75 386 13 269 50 316 94 298 4 338 75 408 98 263 13 248 33 312 39
1033 15 3184 483 40 414 76 240 57 191 84 144 14 225 33 185 21 499 2 160 93 271 97 270 56 341 56 149 17 213 94 196 54
2033 15 3184 271 97 213 94 225 33 483 40 144 14 160 93 191 84 185 21 270 56 240 57 414 76 196 54 499 2 341 56 149 17
3033 15 3184 414 76 225 33 213 94 499 2 185 21 191 84 483 40 270 56 271 97 149 17 144 14 240 57 160 93 196 54 341 56
4033 15 3184 225 33 499 2 144 14 185 21 191 84 270 56 271 97 240 57 341 56 483 40 414 76 213 94 160 93 149 17 196 54
5033 15 3184 499 2 144 14 225 33 271 97 270 56 213 94 483 40 149 17 414 76 341 56 240 57 160 93 196 54 185 21 191 84
1034 15 3228 496 14 321 34 395 89 433 98 256 91 396 25 152 45 58 84 414 79 270 87 42 82 41 47 78 100 489 46 195 94
2034 15 3228 395 89 396 25 414 79 152 45 270 87 496 14 42 82 256 91 58 84 41 47 78 100 195 94 433 98 489 46 321 34
3034 15 3228 321 34 42 82 433 98 41 47 414 79 152 45 496 14 395 89 58 84 195 94 256 91 396 25 78 100 270 87 489 46
4034 15 3228 195 94 496 14 396 25 433 98 256 91 78 100 41 47 58 84 414 79 42 82 395 89 321 34 489 46 270 87 152 45
5034 15 3228 414 79 489 46 321 34 270 87 195 94 41 47 152 45 42 82 58 84 496 14 78 100 433 98 256 91 395 89 396 25
1035 15 2415 383 88 145 64 194 72 62 45 229 3 185 9 19 95 79 94 337 76 83 26 399 22 268 50 9 40 432 77 195 2
2035 15 2415 195 2 83 26 268 50 337 76 399 22 79 94 194 72 9 40 19 95 383 88 62 45 145 64 432 77 229 3 185 9
3035 15 2415 268 50 79 94 19 95 145 64 229 3 383 88 194 72 9 40 62 45 185 9 83 26 195 2 337 76 399 22 432 77
4035 15 2415 9 40 79 94 383 88 268 50 194 72 62 45 19 95 83 26 185 9 337 76 399 22 432 77 229 3 195 2 145 64
5035 15 2415 83 26 19 95 195 2 383 88 399 22 9 40 229 3 268 50 432 77 337 76 145 64 79 94 194 72 62 45 185 9
1036 15 3302 7 77 392 72 492 42 462 15 210 30 455 17 107 86 169 89 237 18 337 22 174 40 329 84 32 85 496 58 229 90
2036 15 3302 210 30 337 22 496 58 462 15 174 40 455 17 392 72 32 85 7 77 169 89 107 86 229 90 492 42 237 18 329 84
3036 15 3302 107 86 174 40 237 18 210 30 392 72 7 77 329 84 337 22 462 15 455 17 492 42 229 90 169 89 32 85 496 58
4036 15 3302 229 90 392 72 237 18 174 40 329 84 32 85 496 58 169 89 7 77 455 17 337 22 107 86 492 42 210 30 462 15
5036 15 3302 107 86 337 22 229 90 169 89 237 18 455 17 32 85 210 30 462 15 392 72 329 84 174 40 496 58 7 77 492 42
1037 15 2901 450 9 319 9 353 86 234 74 248 20 215 9 100 91 65 68 360 33 252 79 150 66 476 6 175 35 203 44 27 92
2037 15 2901 203 44 319 9 234 74 248 20 215 9 360 33 252 79 27 92 150 66 65 68 100 91 476 6 450 9 353 86 175 35
3037 15 2901 353 86 215 9 150 66 476 6 248 20 319 9 252 79 27 92 450 9 65 68 100 91 175 35 234 74 203 44 360 33
4037 15 2901 27 92 248 20 203 44 100 91 175 35 150 66 450 9 360 33 353 86 476 6 252 79 65 68 319 9 234 74 215 9
5037 15 2901 319 9 450 9 175 35 150 66 360 33 203 44 476 6 353 86 65 68 248 20 27 92 234 74 100 91 252 79 215 9
1038 15 3116 192 41 420 85 418 92 39 93 56 84 327 31 458 90 337 58 70 51 333 46 265 88 260 1 483 13 59 95 178 18
2038 15 3116 192 41 56 84 70 51 260 1 418 92 333 46 483 13 327 31 178 18 458 90 59 95 265 88 39 93 420 85 337 58
3038 15 3116 70 51 458 90 265 88 333 46 260 1 56 84 39 93 192 41 337 58 178 18 327 31 420 85 59 95 483 13 418 92
4038 15 3116 56 84 418 92 333 46 337 58 327 31 39 93 260 1 178 18 458 90 483 13 420 85 59 95 192 41 265 88 70 51
5038 15 3116 458 90 265 88 483 13 59 95 327 31 420 85 178 18 56 84 337 58 192 41 333 46 39 93 260 1 418 92 70 51
1039 15 2724 151 87 42 96 267 14 461 13 241 43 79 23 214 46 179 53 38 15 457 71 252 34 111 74 226 35 386 55 302 58
2039 15 2724 241 43 179 53 151 87 267 14 42 96 457 71 386 55 214 46 226 35 302 58 111 74 79 23 461 13 252 34 38 15
3039 15 2724 179 53 151 87 214 46 226 35 42 96 461 13 79 23 457 71 302 58 386 55 252 34 267 14 38 15 111 74 241 43
4039 15 2724 111 74 179 53 226 35 457 71 38 15 461 13 151 87 241 43 79 23 42 96 214 46 252 34 386 55 302 58 267 14
5039 15 2724 226 35 38 15 302 58 457 71 79 23 461 13 241 43 252 34 42 96 111 74 214 46 267 14 151 87 179 53 386 55
1040 15 3364 250 56 368 81 59 68 466 11 241 51 313 95 158 71 322 19 428 46 270 70 364 28 495 39 183 79 251 49 37 98
2040 15 3364 364 28 368 81 37 98 250 56 183 79 270 70 251 49 241 51 322 19 466 11 495 39 59 68 428 46 158 71 313 95
3040 15 3364 59 68 241 51 313 95 37 98 322 19 251 49 466 11 495 39 368 81 270 70 250 56 158 71 428 46 364 28 183 79
4040 15 3364 183 79 428 46 364 28 368 81 495 39 37 98 270 70 241 51 313 95 466 11 251 49 158 71 59 68 322 19 250 56
5040 15 3364 59 68 158 71 313 95 37 98 368 81 322 19 270 70 364 28 250 56 428 46 466 11 183 79 495 39 251 49 241 51
1041 15 2882 57 12 299 76 235 64 403 65 195 84 350 34 57 100 71 28 473 62 150 43 191 36 428 23 362 11 94 3 238 97
2041 15 2882 238 97 403 65 57 100 195 84 362 11 94 3 71 28 428 23 473 62 350 34 235 64 57 12 299 76 191 36 150 43
3041 15 2882 473 62 150 43 57 100 191 36 94 3 428 23 195 84 362 11 57 12 235 64 238 97 71 28 403 65 299 76 350 34
4041 15 2882 350 34 150 43 57 100 94 3 299 76 191 36 195 84 428 23 71 28 473 62 235 64 238 97 403 65 362 11 57 12
5041 15 2882 362 11 191 36 238 97 428 23 403 65 195 84 150 43 299 76 57 100 57 12 473 62 71 28 94 3 350 34 235 64
1042 15 2880 377 61 464 76 290 60 258 57 18 56 186 100 329 70 500 77 395 83 3 39 79 60 220 68 173 33 16 1 292 78
2042 15 2880 186 100 16 1 290 60 173 33 500 77 395 83 3 39 79 60 464 76 18 56 377 61 220 68 329 70 258 57 292 78
3042 15 2880 395 83 292 78 3 39 500 77 290 60 79 60 329 70 173 33 16 1 220 68 186 100 377 61 464 76 258 57 18 56
4042 15 2880 16 1 329 70 18 56 464 76 290 60 500 77 186 100 3 39 173 33 258 57 220 68 79 60 292 78 377 61 395 83
5042 15 2880 3 39 500 77 464 76 18 56 16 1 290 60 173 33 292 78 186 100 395 83 377 61 258 57 79 60 329 70 220 68
1043 15 2704 109 25 448 54 6 64 456 13 460 26 216 5 78 71 90 76 152 55 13 65 392 63 26 41 293 49 317 92 324 19
2043 15 2704 152 55 456 13 216 5 460 26 13 65 324 19 109 25 293 49 78 71 448 54 90 76 26 41 6 64 392 63 317 92
3043 15 2704 392 63 90 76 6 64 317 92 152 55 456 13 324 19 109 25 26 41 216 5 78 71 293 49 13 65 460 26 448 54
4043 15 2704 448 54 6 64 392 63 90 76 78 71 293 49 324 19 13 65 152 55 26 41 460 26 456 13 317 92 109 25 216 5
5043 15 2704 13 65 90 76 293 49 448 54 78 71 6 64 392 63 324 19 152 55 460 26 456 13 26 41 109 25 216 5 317 92
1044 15 3497 490 40 375 63 499 47 196 100 127 38 91 18 353 81 380 73 392 25 419 28 132 20 335 10 257 10 242 97 84 9
2044 15 3497 257 10 127 38 91 18 490 40 196 100 375 63 380 73 392 25 132 20 242 97 353 81 419 28 499 47 335 10 84 9
3044 15 3497 380 73 335 10 132 20 84 9 375 63 127 38 242 97 419 28 490 40 392 25 353 81 91 18 257 10 499 47 196 100
4044 15 3497 380 73 392 25 375 63 91 18 353 81 196 100 419 28 132 20 242 97 335 10 499 47 127 38 257 10 490 40 84 9
5044 15 3497 257 10 196 100 499 47 380 73 335 10 375 63 392 25 242 97 132 20 353 81 91 18 419 28 84 9 490 40 127 38
1045 15 3328 425 48 176 73 341 90 94 4 453 35 440 60 475 73 237 52 272 69 379 61 258 6 236 72 41 20 55 16 279 23
2045 15 3328 279 23 258 6 236 72 425 48 341 90 453 35 55 16 440 60 41 20 475 73 272 69 94 4 176 73 379 61 237 52
3045 15 3328 272 69 94 4 237 52 41 20 176 73 279 23 258 6 379 61 453 35 475 73 440 60 341 90 425 48 236 72 55 16
4045 15 3328 236 72 475 73 425 48 379 61 237 52 341 90 272 69 279 23 176 73 94 4 55 16 41 20 258 6 440 60 453 35
5045 15 3328 440 60 272 69 258 6 237 52 236 72 55 16 425 48 176 73 41 20 475 73 94 4 279 23 379 61 341 90 453 35
1046 15 3253 495 57 105 25 417 43 255 54 198 8 355 9 230 37 334 35 299 37 362 47 397 1 440 32 27 78 90 80 63 26
2046 15 3253 299 37 230 37 440 32 362 47 334 35 198 8 355 9 105 25 63 26 417 43 495 57 90 80 397 1 27 78 255 54
3046 15 3253 255 54 230 37 417 43 495 57 198 8 355 9 397 1 63 26 27 78 90 80 105 25 440 32 334 35 362 47 299 37
4046 15 3253 355 9 495 57 63 26 230 37 440 32 397 1 362 47 334 35 27 78 198 8 417 43 299 37 255 54 90 80 105 25
5046 15 3253 440 32 90 80 334 35 355 9 362 47 198 8 299 37 417 43 255 54 495 57 63 26 27 78 397 1 230 37 105 25
1047 15 2214 259 83 2 45 293 31 124 80 322 26 94 54 357 56 63 40 338 6 182 58 163 68 20 55 122 64 33 76 396 98
2047 15 2214 357 56 338 6 122 64 322 26 33 76 2 45 396 98 63 40 293 31 259 83 94 54 20 55 163 68 182 58 124 80
3047 15 2214 322 26 259 83 122 64 182 58 293 31 20 55 2 45 357 56 396 98 338 6 63 40 163 68 33 76 94 54 124 80
4047 15 2214 259 83 122 64 124 80 182 58 293 31 163 68 357 56 20 55 33 76 322 26 338 6 63 40 2 45 94 54 396 98
5047 15 2214 293 31 182 58 122 64 94 54 259 83 322 26 2 45 124 80 20 55 338 6 63 40 357 56 33 76 396 98 163 68
1048 15 3000 105 21 139 74 224 8 99 47 228 19 82 92 318 95 188 67 412 22 180 47 487 3 290 95 189 37 458 15 352 30
2048 15 3000 188 67 318 95 139 74 352 30 224 8 105 21 99 47 180 47 290 95 487 3 458 15 82 92 189 37 412 22 228 19
3048 15 3000 189 37 180 47 82 92 139 74 99 47 105 21 352 30 412 22 290 95 318 95 188 67 458 15 487 3 224 8 228 19
4048 15 3000 228 19 458 15 290 95 412 22 105 21 180 47 99 47 82 92 189 37 139 74 318 95 352 30 188 67 487 3 224 8
5048 15 3000 487 3 224 8 352 30 99 47 188 67 105 21 228 19 458 15 318 95 139 74 180 47 412 22 189 37 82 92 290 95
1049 15 2831 437 66 323 75 54 26 94 91 185 24 274 74 245 25 192 23 234 95 263 63 466 85 85 75 8 61 327 6 352 50
2049 15 2831 437 66 274 74 245 25 8 61 192 23 323 75 85 75 94 91 185 24 352 50 327 6 54 26 466 85 234 95 263 63
3049 15 2831 8 61 263 63 466 85 94 91 85 75 352 50 323 75 437 66 192 23 54 26 327 6 185 24 245 25 274 74 234 95
4049 15 2831 8 61 85 75 466 85 94 91 245 25 185 24 234 95 352 50 54 26 323 75 327 6 263 63 192 23 274 74 437 66
5049 15 2831 54 26 352 50 327 6 8 61 94 91 466 85 245 25 274 74 437 66 85 75 263 63 185 24 192 23 323 75 234 95
1050 15 3811 245 82 186 7 315 75 266 88 482 71 451 100 469 2 303 2 307 16 5 36 488 96 487 18 208 11 400 17 152 17
2050 15 3811 303 2 307 16 482 71 451 100 5 36 266 88 487 18 208 11 315 75 245 82 469 2 488 96 186 7 152 17 400 17
3050 15 3811 451 100 303 2 186 7 487 18 482 71 315 75 400 17 307 16 488 96 208 11 152 17 266 88 245 82 5 36 469 2
4050 15 3811 482 71 400 17 5 36 186 7 487 18 245 82 307 16 303 2 315 75 469 2 266 88 488 96 208 11 451 100 152 17
5050 15 3811 482 71 488 96 307 16 186 7 5 36 266 88 208 11 451 100 400 17 487 18 315 75 303 2 245 82 152 17 469 2
1051 15 2655 457 43 321 88 135 65 21 15 27 85 138 96 407 43 183 4 206 81 30 42 361 64 481 35 163 63 116 54 273 96
2051 15 2655 163 63 481 35 321 88 206 81 135 65 273 96 407 43 138 96 30 42 457 43 183 4 116 54 21 15 361 64 27 85
3051 15 2655 183 4 273 96 361 64 21 15 163 63 27 85 407 43 30 42 206 81 457 43 138 96 481 35 135 65 116 54 321 88
4051 15 2655 481 35 273 96 183 4 116 54 457 43 21 15 361 64 321 88 30 42 27 85 206 81 163 63 135 65 407 43 138 96
5051 15 2655 206 81 116 54 407 43 273 96 21 15 183 4 30 42 321 88 138 96 361 64 481 35 27 85 457 43 163 63 135 65
1052 15 2908 425 25 128 12 233 70 151 30 184 23 353 18 17 5 79 60 184 87 256 55 210 92 470 40 436 88 247 21 262 40
2052 15 2908 128 12 184 87 247 21 256 55 233 70 262 40 470 40 151 30 210 92 436 88 353 18 184 23 79 60 425 25 17 5
3052 15 2908 210 92 436 88 184 23 79 60 128 12 256 55 151 30 470 40 425 25 233 70 247 21 184 87 262 40 17 5 353 18
4052 15 2908 184 87 79 60 247 21 436 88 128 12 17 5 353 18 151 30 233 70 425 25 184 23 210 92 470 40 256 55 262 40
5052 15 2908 353 18 184 87 184 23 210 92 17 5 256 55 79 60 470 40 262 40 151 30 247 21 425 25 128 12 436 88 233 70
1053 15 2926 442 35 395 84 331 40 277 49 459 1 19 19 11 55 405 16 244 74 164 6 206 34 43 20 138 94 320 73 204 56
2053 15 2926 405 16 244 74 206 34 138 94 331 40 395 84 442 35 19 19 459 1 320 73 164 6 43 20 11 55 277 49 204 56
3053 15 2926 19 19 277 49 395 84 331 40 244 74 405 16 164 6 206 34 459 1 204 56 43 20 442 35 11 55 320 73 138 94
4053 15 2926 244 74 138 94 331 40 459 1 164 6 11 55 206 34 277 49 204 56 395 84 320 73 19 19 405 16 43 20 442 35
5053 15 2926 43 20 405 16 442 35 320 73 277 49 206 34 244 74 204 56 11 55 19 19 395 84 331 40 164 6 459 1 138 94
1054 15 2731 97 5 190 44 107 14 70 80 319 14 130 33 316 69 187 16 109 81 308 92 249 72 285 52 338 18 218 99 491 89
2054 15 2731 107 14 338 18 218 99 97 5 308 92 130 33 285 52 249 72 70 80 491 89 187 16 109 81 319 14 190 44 316 69
3054 15 2731 285 52 249 72 190 44 130 33 316 69 491 89 338 18 70 80 218 99 308 92 319 14 97 5 109 81 187 16 107 14
4054 15 2731 70 80 319 14 97 5 107 14 316 69 308 92 491 89 218 99 190 44 338 18 285 52 130 33 187 16 249 72 109 81
5054 15 2731 308 92 338 18 109 81 491 89 130 33 218 99 187 16 97 5 70 80 285 52 190 44 107 14 319 14 316 69 249 72
1055 15 2920 312 64 367 14 407 21 128 65 382 99 155 2 106 72 361 67 440 96 279 40 115 26 208 1 133 62 229 81 29 81
2055 15 2920 208 1 133 62 312 64 29 81 155 2 440 96 279 40 128 65 115 26 229 81 382 99 106 72 361 67 407 21 367 14
3055 15 2920 155 2 279 40 382 99 29 81 208 1 106 72 367 14 440 96 115 26 133 62 229 81 407 21 361 67 312 64 128 65
4055 15 2920 407 21 29 81 361 67 312 64 367 14 440 96 128 65 279 40 115 26 382 99 208 1 155 2 106 72 133 62 229 81
5055 15 2920 106 72 115 26 155 2 440 96 29 81 382 99 208 1 133 62 407 21 229 81 128 65 312 64 361 67 367 14 279 40
1056 15 3095 232 97 51 89 77 95 342 22 463 55 285 61 101 23 142 43 204 5 193 56 185 87 388 2 373 100 490 38 343 31
2056 15 3095 463 55 51 89 285 61 232 97 142 43 343 31 101 23 193 56 373 100 204 5 490 38 342 22 77 95 185 87 388 2
3056 15 3095 342 22 373 100 193 56 490 38 101 23 142 43 463 55 77 95 185 87 343 31 285 61 51 89 204 5 232 97 388 2
4056 15 3095 51 89 193 56 388 2 232 97 285 61 77 95 142 43 204 5 101 23 185 87 343 31 373 100 490 38 463 55 342 22
5056 15 3095 342 22 101 23 204 5 232 97 142 43 388 2 285 61 185 87 463 55 193 56 373 100 51 89 77 95 343 31 490 38
1057 15 3388 407 91 58 41 250 59 311 18 377 38 224 38 371 22 175 51 363 5 457 75 237 4 468 35 6 39 239 45 292 83
2057 15 3388 6 39 371 22 292 83 237 4 407 91 58 41 224 38 468 35 311 18 250 59 377 38 239 45 457 75 363 5 175 51
3057 15 3388 468 35 363 5 237 4 457 75 239 45 292 83 224 38 407 91 371 22 377 38 6 39 175 51 58 41 311 18 250 59
4057 15 3388 407 91 175 51 292 83 311 18 239 45 363 5 457 75 6 39 58 41 237 4 224 38 377 38 468 35 371 22 250 59
5057 15 3388 468 35 58 41 250 59 457 75 239 45 175 51 407 91 311 18 363 5 371 22 292 83 377 38 224 38 237 4 6 39
1058 15 4134 66 21 350 78 298 67 427 9 269 49 489 7 380 62 200 18 420 41 193 47 383 16 471 32 449 40 352 4 421 22
2058 15 4134 193 47 298 67 383 16 421 22 380 62 200 18 489 7 269 49 471 32 350 78 427 9 352 4 66 21 449 40 420 41
3058 15 4134 427 9 489 7 449 40 420 41 350 78 383 16 66 21 200 18 193 47 421 22 471 32 269 49 380 62 298 67 352 4
4058 15 4134 298 67 471 32 489 7 269 49 383 16 421 22 193 47 427 9 420 41 380 62 200 18 449 40 350 78 66 21 352 4
5058 15 4134 352 4 471 32 383 16 489 7 66 21 350 78 269 49 380 62 420 41 298 67 427 9 421 22 193 47 449 40 200 18
1059 15 2832 226 78 128 15 184 20 166 93 414 16 470 22 22 87 12 80 166 47 127 93 385 88 499 71 359 54 301 61 81 43
2059 15 2832 359 54 414 16 127 93 81 43 499 71 12 80 166 93 184 20 128 15 166 47 385 88 22 87 226 78 470 22 301 61
3059 15 2832 127 93 359 54 128 15 184 20 499 71 470 22 12 80 166 93 414 16 301 61 226 78 22 87 81 43 166 47 385 88
4059 15 2832 301 61 385 88 166 93 22 87 128 15 127 93 81 43 184 20 166 47 499 71 359 54 470 22 12 80 414 16 226 78
5059 15 2832 127 93 301 61 184 20 166 47 128 15 359 54 385 88 414 16 81 43 166 93 22 87 226 78 12 80 499 71 470 22
1060 15 2984 464 60 158 52 213 41 426 81 327 5 95 85 25 43 184 33 170 29 324 5 171 7 136 1 293 83 303 66 442 77
2060 15 2984 442 77 95 85 158 52 213 41 171 7 170 29 25 43 464 60 184 33 324 5 327 5 426 81 303 66 136 1 293 83
3060 15 2984 324 5 327 5 170 29 184 33 293 83 25 43 158 52 426 81 95 85 213 41 171 7 464 60 136 1 303 66 442 77
4060 15 2984 136 1 184 33 25 43 171 7 426 81 95 85 442 77 213 41 293 83 327 5 324 5 464 60 303 66 158 52 170 29
5060 15 2984 303 66 293 83 324 5 136 1 442 77 95 85 213 41 184 33 25 43 170 29 464 60 171 7 158 52 426 81 327 5
1061 15 2912 453 16 198 48 11 38 5 45 123 59 305 64 141 26 396 51 317 82 302 38 449 13 185 10 140 40 217 50 399 54
2061 15 2912 198 48 140 40 5 45 11 38 396 51 453 16 305 64 123 59 399 54 317 82 185 10 141 26 449 13 302 38 217 50
3061 15 2912 453 16 396 51 123 59 305 64 399 54 140 40 302 38 317 82 141 26 5 45 198 48 11 38 217 50 185 10 449 13
4061 15 2912 140 40 11 38 317 82 399 54 305 64 217 50 449 13 302 38 123 59 5 45 198 48 396 51 185 10 141 26 453 16
5061 15 2912 317 82 123 59 11 38 302 38 198 48 449 13 396 51 453 16 399 54 185 10 217 50 140 40 305 64 5 45 141 26
1062 15 2633 50 98 134 87 222 62 231 7 20 33 332 37 210 83 413 39 33 56 308 71 363 91 389 83 169 33 61 75 357 27
2062 15 2633 20 33 332 37 413 39 357 27 389 83 222 62 61 75 33 56 134 87 210 83 231 7 363 91 308 71 50 98 169 33
3062 15 2633 231 7 389 83 134 87 210 83 308 71 222 62 357 27 169 33 332 37 363 91 61 75 50 98 20 33 33 56 413 39
4062 15 2633 363 91 357 27 231 7 222 62 389 83 134 87 61 75 33 56 20 33 413 39 50 98 308 71 332 37 210 83 169 33
5062 15 2633 413 39 308 71 332 37 363 91 169 33 134 87 61 75 231 7 357 27 33 56 50 98 20 33 222 62 210 83 389 83
1063 15 3652 256 10 423 1 218 21 448 58 486 20 308 16 420 56 464 75 160 5 452 51 135 6 47 100 289 70 140 57 319 12
2063 15 3652 423 1 448 58 420 56 308 16 452 51 140 57 464 75 256 10 486 20 319 12 135 6 47 100 160 5 218 21 289 70
3063 15 3652 256 10 452 51 308 16 448 58 160 5 423 1 140 57 135 6 319 12 486 20 289 70 420 56 218 21 47 100 464 75
4063 15 3652 423 1 160 5 289 70 464 75 452 51 135 6 47 100 218 21 420 56 448 58 256 10 308 16 486 20 140 57 319 12
5063 15 3652 256 10 289 70 486 20 423 1 452 51 420 56 160 5 140 57 319 12 308 16 47 100 218 21 464 75 448 58 135 6
1064 15 3631 314 16 75 99 364 1 54 22 479 35 271 2 237 87 422 67 173 67 481 30 326 76 351 19 187 13 383 10 422 20
2064 15 3631 481 30 364 1 314 16 326 76 271 2 75 99 237 87 422 67 173 67 351 19 54 22 479 35 422 20 187 13 383 10
3064 15 3631 237 87 187 13 314 16 364 1 481 30 75 99 351 19 479 35 422 20 54 22 383 10 326 76 271 2 422 67 173 67
4064 15 3631 422 20 237 87 187 13 173 67 326 76 75 99 351 19 314 16 383 10 479 35 364 1 271 2 481 30 422 67 54 22
5064 15 3631 479 35 481 30 75 99 364 1 173 67 326 76 237 87 54 22 422 20 351 19 187 13 314 16 271 2 383 10 422 67
1065 15 2673 214 19 42 9 87 72 313 14 228 33 237 72 36 72 447 60 261 19 225 18 456 53 151 56 183 78 458 64 4 52
2065 15 2673 447 60 237 72 225 18 228 33 36 72 4 52 87 72 456 53 42 9 214 19 261 19 183 78 313 14 458 64 151 56
3065 15 2673 237 72 183 78 151 56 458 64 313 14 261 19 447 60 4 52 36 72 87 72 214 19 225 18 228 33 42 9 456 53
4065 15 2673 447 60 214 19 456 53 183 78 36 72 313 14 225 18 151 56 42 9 228 33 261 19 458 64 87 72 4 52 237 72
5065 15 2673 42 9 456 53 225 18 458 64 214 19 151 56 237 72 447 60 183 78 228 33 313 14 87 72 261 19 4 52 36 72
1066 15 2386 217 6 81 51 28 2 373 88 204 67 401 54 432 43 63 85 73 29 326 55 124 6 5 55 204 72 343 45 109 54
2066 15 2386 109 54 326 55 73 29 204 67 373 88 343 45 217 6 124 6 204 72 81 51 5 55 28 2 63 85 401 54 432 43
3066 15 2386 63 85 109 54 343 45 28 2 432 43 217 6 5 55 81 51 204 72 373 88 401 54 204 67 124 6 73 29 326 55
4066 15 2386 109 54 343 45 204 72 326 55 204 67 432 43 5 55 63 85 401 54 217 6 81 51 124 6 73 29 28 2 373 88
5066 15 2386 124 6 432 43 373 88 204 72 401 54 343 45 81 51 5 55 63 85 28 2 204 67 109 54 73 29 217 6 326 55
1067 15 3464 195 89 174 17 480 65 147 22 433 81 100 4 349 80 324 59 406 31 269 8 180 77 496 22 403 99 48 26 327 68
2067 15 3464 433 81 180 77 100 4 324 59 480 65 406 31 195 89 327 68 349 80 403 99 147 22 496 22 174 17 269 8 48 26
3067 15 3464 180 77 174 17 496 22 349 80 195 89 324 59 327 68 100 4 48 26 433 81 403 99 406 31 269 8 480 65 147 22
4067 15 3464 433 81 48 26 100 4 496 22 349 80 195 89 180 77 327 68 269 8 406 31 147 22 174 17 403 99 480 65 324 59
5067 15 3464 496 22 269 8 147 22 100 4 349 80 324 59 180 77 174 17 195 89 48 26 433 81 403 99 480 65 327 68 406 31
1068 15 3488 369 94 173 41 417 81 282 48 355 11 36 68 208 81 303 63 368 94 420 10 350 96 372 97 304 4 344 71 60 26
2068 15 3488 282 48 36 68 304 4 173 41 420 10 60 26 350 96 355 11 344 71 369 94 372 97 303 63 368 94 208 81 417 81
3068 15 3488 304 4 417 81 173 41 369 94 350 96 368 94 282 48 60 26 303 63 420 10 355 11 36 68 344 71 372 97 208 81
4068 15 3488 282 48 420 10 344 71 303 63 369 94 304 4 173 41 36 68 208 81 355 11 60 26 350 96 417 81 368 94 372 97
5068 15 3488 36 68 303 63 344 71 420 10 304 4 173 41 372 97 208 81 350 96 369 94 282 48 368 94 355 11 417 81 60 26
1069 15 2866 147 8 367 40 171 28 100 64 100 11 331 67 113 93 117 34 87 47 207 49 403 80 426 65 422 25 180 56 412 85
2069 15 2866 171 28 117 34 207 49 100 64 412 85 426 65 147 8 422 25 113 93 403 80 87 47 331 67 367 40 180 56 100 11
3069 15 2866 331 67 171 28 87 47 180 56 367 40 412 85 100 11 422 25 403 80 207 49 426 65 100 64 147 8 113 93 117 34
4069 15 2866 171 28 147 8 87 47 207 49 412 85 117 34 100 64 403 80 100 11 422 25 426 65 367 40 180 56 113 93 331 67
5069 15 2866 180 56 422 25 100 64 87 47 403 80 412 85 426 65 171 28 331 67 113 93 367 40 207 49 100 11 147 8 117 34
1070 15 3456 17 57 283 76 130 1 467 99 445 33 228 36 293 58 283 77 334 43 415 1 290 39 62 55 221 67 431 37 421 82
2070 15 3456 467 99 283 77 130 1 290 39 228 36 334 43 62 55 293 58 221 67 445 33 431 37 421 82 415 1 283 76 17 57
3070 15 3456 17 57 415 1 334 43 431 37 283 77 445 33 62 55 293 58 283 76 221 67 290 39 228 36 130 1 421 82 467 99
4070 15 3456 445 33 62 55 293 58 415 1 228 36 130 1 431 37 290 39 283 77 221 67 421 82 467 99 17 57 334 43 283 76
5070 15 3456 283 77 334 43 445 33 415 1 431 37 283 76 421 82 467 99 130 1 290 39 62 55 17 57 293 58 228 36 221 67
1071 15 3326 437 88 407 2 103 57 273 32 356 84 81 71 349 15 500 68 388 59 213 39 101 15 61 55 201 32 280 94 408 1
2071 15 3326 273 32 500 68 388 59 103 57 81 71 408 1 280 94 201 32 101 15 349 15 437 88 356 84 61 55 213 39 407 2
3071 15 3326 103 57 356 84 61 55 201 32 280 94 388 59 273 32 81 71 349 15 408 1 500 68 213 39 407 2 101 15 437 88
4071 15 3326 408 1 61 55 103 57 213 39 437 88 201 32 273 32 356 84 407 2 349 15 388 59 500 68 81 71 280 94 101 15
5071 15 3326 213 39 500 68 388 59 81 71 201 32 103 57 407 2 101 15 408 1 437 88 349 15 273 32 61 55 356 84 280 94
1072 15 3156 247 95 373 40 386 88 353 80 240 29 180 82 259 76 341 47 75 51 75 14 59 1 362 28 372 68 194 21 429 55
2072 15 3156 341 47 353 80 75 51 180 82 240 29 429 55 75 14 247 95 373 40 372 68 194 21 386 88 362 28 59 1 259 76
3072 15 3156 362 28 59 1 180 82 194 21 75 14 372 68 240 29 259 76 247 95 353 80 373 40 341 47 429 55 386 88 75 51
4072 15 3156 247 95 75 51 259 76 341 47 386 88 353 80 180 82 240 29 194 21 373 40 429 55 59 1 362 28 372 68 75 14
5072 15 3156 75 51 353 80 180 82 386 88 75 14 373 40 372 68 259 76 240 29 429 55 362 28 341 47 247 95 59 1 194 21
1073 15 2887 70 18 275 96 279 52 310 40 125 57 365 55 204 9 175 6 360 70 19 68 330 87 473 53 445 13 10 37 169 38
2073 15 2887 275 96 19 68 70 18 175 6 360 70 10 37 330 87 445 13 473 53 310 40 169 38 279 52 365 55 204 9 125 57
3073 15 2887 330 87 445 13 175 6 310 40 279 52 473 53 360 70 275 96 19 68 125 57 70 18 169 38 10 37 365 55 204 9
4073 15 2887 204 9 279 52 330 87 175 6 310 40 360 70 473 53 19 68 10 37 125 57 275 96 70 18 169 38 365 55 445 13
5073 15 2887 204 9 365 55 125 57 279 52 445 13 473 53 169 38 10 37 275 96 330 87 19 68 70 18 310 40 175 6 360 70
1074 15 3140 347 69 430 60 166 63 424 39 148 25 75 72 63 5 444 10 398 32 79 62 442 7 487 26 73 11 257 99 93 34
2074 15 3140 424 39 93 34 257 99 442 7 75 72 73 11 79 62 444 10 398 32 63 5 430 60 347 69 148 25 166 63 487 26
3074 15 3140 398 32 73 11 442 7 257 99 487 26 347 69 79 62 63 5 424 39 430 60 75 72 93 34 166 63 444 10 148 25
4074 15 3140 398 32 79 62 444 10 93 34 430 60 148 25 424 39 442 7 257 99 73 11 347 69 63 5 75 72 166 63 487 26
5074 15 3140 75 72 148 25 166 63 487 26 430 60 93 34 347 69 424 39 444 10 442 7 257 99 79 62 73 11 398 32 63 5
1075 15 2373 165 31 334 67 89 66 47 12 87 45 203 86 256 29 439 16 2 99 33 32 311 40 372 18 223 96 239 51 167 1
2075 15 2373 223 96 2 99 167 1 334 67 203 86 165 31 311 40 439 16 372 18 47 12 256 29 33 32 239 51 87 45 89 66
3075 15 2373 89 66 372 18 165 31 439 16 47 12 87 45 223 96 203 86 239 51 167 1 334 67 2 99 33 32 311 40 256 29
4075 15 2373 203 86 165 31 223 96 47 12 311 40 256 29 334 67 33 32 167 1 87 45 89 66 439 16 239 51 2 99 372 18
5075 15 2373 311 40 239 51 89 66 167 1 47 12 372 18 87 45 439 16 334 67 2 99 256 29 165 31 223 96 203 86 33 32
1076 15 2704 224 82 138 49 195 83 110 100 459 2 429 34 194 50 19 85 382 65 170 51 180 16 188 71 247 36 181 54 265 75
2076 15 2704 138 49 224 82 188 71 110 100 459 2 382 65 194 50 170 51 181 54 247 36 429 34 265 75 195 83 180 16 19 85
3076 15 2704 181 54 195 83 188 71 19 85 459 2 382 65 265 75 194 50 429 34 224 82 180 16 138 49 247 36 170 51 110 100
4076 15 2704 110 100 19 85 265 75 170 51 247 36 180 16 181 54 224 82 429 34 459 2 138 49 188 71 194 50 195 83 382 65
5076 15 2704 181 54 247 36 19 85 180 16 459 2 429 34 110 100 170 51 382 65 224 82 188 71 194 50 265 75 195 83 138 49
1077 15 3255 250 14 286 22 460 37 355 86 221 91 487 72 189 19 1 16 88 65 285 86 149 38 293 72 468 94 397 37 140 55
2077 15 3255 149 38 397 37 468 94 140 55 487 72 221 91 460 37 355 86 250 14 1 16 285 86 189 19 286 22 88 65 293 72
3077 15 3255 468 94 293 72 487 72 149 38 355 86 250 14 88 65 285 86 221 91 140 55 1 16 460 37 286 22 189 19 397 37
4077 15 3255 460 37 285 86 293 72 250 14 88 65 397 37 140 55 468 94 189 19 1 16 149 38 286 22 355 86 487 72 221 91
5077 15 3255 250 14 189 19 1 16 397 37 221 91 460 37 149 38 355 86 285 86 468 94 88 65 286 22 487 72 293 72 140 55
1078 15 2880 146 63 162 48 215 35 425 17 376 58 311 72 247 11 337 90 61 13 61 42 159 100 444 26 335 50 210 62 111 46
2078 15 2880 215 35 337 90 247 11 335 50 210 62 61 42 444 26 61 13 146 63 425 17 111 46 159 100 311 72 376 58 162 48
3078 15 2880 111 46 335 50 311 72 247 11 425 17 61 13 159 100 146 63 376 58 337 90 210 62 215 35 162 48 444 26 61 42
4078 15 2880 162 48 61 42 210 62 247 11 159 100 61 13 311 72 215 35 111 46 425 17 146 63 376 58 337 90 335 50 444 26
5078 15 2880 146 63 210 62 159 100 444 26 425 17 335 50 247 11 337 90 111 46 215 35 61 13 376 58 61 42 162 48 311 72
1079 15 3381 216 7 119 52 261 3 452 86 123 47 125 36 382 80 496 30 411 31 302 22 387 85 116 35 239 37 151 66 447 100
2079 15 3381 239 37 116 35 447 100 123 47 216 7 119 52 382 80 302 22 125 36 452 86 496 30 411 31 387 85 261 3 151 66
3079 15 3381 447 100 119 52 116 35 382 80 302 22 496 30 151 66 216 7 239 37 452 86 125 36 411 31 261 3 387 85 123 47
4079 15 3381 302 22 411 31 382 80 447 100 119 52 452 86 123 47 216 7 116 35 496 30 387 85 261 3 239 37 125 36 151 66
5079 15 3381 116 35 261 3 387 85 119 52 151 66 302 22 411 31 123 47 452 86 447 100 239 37 216 7 496 30 125 36 382 80
1080 15 2783 325 55 293 89 235 25 371 70 444 41 168 72 319 31 218 97 4 44 92 31 103 16 244 15 409 47 217 22 37 60
2080 15 2783 4 44 325 55 217 22 103 16 319 31 168 72 444 41 235 25 409 47 293 89 371 70 218 97 244 15 92 31 37 60
3080 15 2783 325 55 218 97 244 15 37 60 293 89 103 16 217 22 235 25 4 44 168 72 371 70 409 47 92 31 444 41 319 31
4080 15 2783 244 15 217 22 37 60 235 25 371 70 444 41 319 31 409 47 218 97 325 55 103 16 168 72 4 44 92 31 293 89
5080 15 2783 218 97 4 44 371 70 325 55 235 25 217 22 409 47 168 72 444 41 92 31 37 60 244 15 319 31 293 89 103 16
1081 15 3298 378 69 1 9 90 98 453 64 385 38 213 29 127 83 390 16 379 28 119 33 491 74 215 6 152 65 268 4 462 99
2081 15 3298 378 69 379 28 119 33 268 4 1 9 453 64 215 6 462 99 385 38 491 74 213 29 127 83 390 16 90 98 152 65
3081 15 3298 462 99 1 9 390 16 268 4 379 28 453 64 378 69 119 33 90 98 127 83 491 74 215 6 385 38 213 29 152 65
4081 15 3298 127 83 90 98 378 69 462 99 390 16 152 65 1 9 379 28 491 74 453 64 215 6 119 33 268 4 385 38 213 29
5081 15 3298 379 28 385 38 462 99 491 74 213 29 378 69 453 64 152 65 90 98 390 16 268 4 215 6 127 83 119 33 1 9
1082 15 2324 41 78 177 89 368 65 133 58 175 95 239 43 15 13 198 24 412 86 327 38 131 40 180 35 63 13 16 94 430 17
2082 15 2324 15 13 239 43 175 95 16 94 368 65 177 89 412 86 430 17 133 58 131 40 63 13 198 24 41 78 327 38 180 35
3082 15 2324 327 38 368 65 239 43 15 13 198 24 63 13 177 89 175 95 430 17 16 94 41 78 412 86 180 35 131 40 133 58
4082 15 2324 412 86 175 95 177 89 180 35 239 43 368 65 430 17 15 13 198 24 16 94 327 38 41 78 131 40 133 58 63 13
5082 15 2324 177 89 175 95 327 38 368 65 131 40 412 86 198 24 180 35 15 13 41 78 239 43 63 13 430 17 133 58 16 94
1083 15 3166 333 86 268 73 354 65 82 19 9 8 404 24 440 59 223 100 21 96 261 24 333 11 144 99 142 100 490 23 454 24
2083 15 3166 354 65 268 73 454 24 490 23 261 24 21 96 144 99 9 8 142 100 333 11 440 59 82 19 404 24 333 86 223 100
3083 15 3166 21 96 82 19 333 86 354 65 268 73 223 100 454 24 144 99 404 24 333 11 142 100 9 8 440 59 490 23 261 24
4083 15 3166 82 19 9 8 404 24 144 99 333 11 440 59 454 24 261 24 333 86 21 96 142 100 268 73 490 23 354 65 223 100
5083 15 3166 333 11 333 86 223 100 268 73 404 24 440 59 490 23 82 19 9 8 454 24 354 65 142 100 261 24 21 96 144 99
1084 15 2452 129 82 242 65 14 90 280 48 303 12 6 57 212 18 281 52 67 45 133 42 123 38 111 37 468 28 381 65 316 58
2084 15 2452 14 90 242 65 111 37 468 28 381 65 123 38 316 58 303 12 6 57 281 52 133 42 212 18 129 82 67 45 280 48
3084 15 2452 303 12 212 18 316 58 133 42 6 57 281 52 280 48 129 82 67 45 123 38 242 65 14 90 381 65 468 28 111 37
4084 15 2452 67 45 281 52 280 48 303 12 316 58 468 28 111 37 212 18 6 57 242 65 133 42 129 82 381 65 123 38 14 90
5084 15 2452 281 52 133 42 242 65 381 65 67 45 468 28 6 57 111 37 280 48 14 90 316 58 123 38 303 12 129 82 212 18
1085 15 2951 368 19 195 96 191 56 92 62 73 45 178 47 347 33 338 51 243 75 10 27 156 69 196 43 462 91 387 65 453 66
2085 15 2951 368 19 156 69 178 47 243 75 191 56 10 27 387 65 338 51 462 91 73 45 196 43 195 96 453 66 92 62 347 33
3085 15 2951 191 56 243 75 196 43 387 65 178 47 73 45 347 33 195 96 156 69 368 19 453 66 462 91 92 62 338 51 10 27
4085 15 2951 347 33 92 62 178 47 338 51 73 45 156 69 387 65 196 43 462 91 195 96 243 75 191 56 10 27 453 66 368 19
5085 15 2951 196 43 462 91 368 19 92 62 347 33 73 45 195 96 156 69 453 66 387 65 191 56 338 51 10 27 243 75 178 47
1086 15 2945 289 55 236 45 100 55 229 60 274 22 37 16 296 34 169 19 180 88 79 48 145 13 347 2 447 54 464 60 390 23
2086 15 2945 390 23 100 55 347 2 145 13 169 19 289 55 236 45 229 60 296 34 79 48 464 60 37 16 447 54 180 88 274 22
3086 15 2945 347 2 169 19 390 23 464 60 145 13 100 55 37 16 289 55 296 34 79 48 229 60 180 88 274 22 447 54 236 45
4086 15 2945 100 55 37 16 180 88 79 48 145 13 447 54 390 23 296 34 347 2 169 19 236 45 464 60 289 55 274 22 229 60
5086 15 2945 180 88 236 45 100 55 447 54 229 60 289 55 296 34 145 13 169 19 79 48 37 16 464 60 274 22 347 2 390 23
1087 15 2244 167 44 331 63 62 10 113 85 107 16 180 76 153 46 62 84 26 79 244 83 251 10 156 24 343 84 405 85 205 44
2087 15 2244 113 85 153 46 62 10 331 63 343 84 205 44 26 79 244 83 167 44 62 84 405 85 107 16 156 24 180 76 251 10
3087 15 2244 205 44 62 84 62 10 113 85 156 24 153 46 244 83 251 10 167 44 331 63 107 16 405 85 180 76 343 84 26 79
4087 15 2244 405 85 113 85 343 84 167 44 251 10 180 76 26 79 62 10 244 83 156 24 153 46 107 16 331 63 205 44 62 84
5087 15 2244 26 79 62 84 331 63 251 10 180 76 107 16 156 24 62 10 343 84 244 83 167 44 153 46 205 44 113 85 405 85
1088 15 2623 139 89 464 7 42 82 212 62 339 19 17 68 15 38 216 15 472 80 296 24 48 13 67 92 451 15 180 73 321 82
2088 15 2623 17 68 464 7 339 19 180 73 212 62 15 38 67 92 48 13 42 82 296 24 472 80 216 15 451 15 139 89 321 82
3088 15 2623 17 68 451 15 180 73 15 38 67 92 321 82 42 82 472 80 48 13 212 62 339 19 296 24 464 7 139 89 216 15
4088 15 2623 296 24 464 7 321 82 17 68 42 82 180 73 139 89 216 15 67 92 451 15 48 13 15 38 472 80 339 19 212 62
5088 15 2623 17 68 216 15 464 7 67 92 339 19 212 62 296 24 48 13 180 73 451 15 15 38 139 89 42 82 472 80 321 82
1089 15 3900 369 17 398 64 383 45 230 92 499 65 487 92 343 7 50 14 297 18 185 63 133 86 401 39 412 68 374 78 315 1
2089 15 3900 369 17 133 86 374 78 230 92 185 63 398 64 487 92 297 18 383 45 499 65 50 14 315 1 401 39 343 7 412 68
3089 15 3900 383 45 401 39 50 14 343 7 499 65 297 18 133 86 398 64 374 78 412 68 230 92 185 63 369 17 487 92 315 1
4089 15 3900 401 39 50 14 185 63 315 1 499 65 487 92 230 92 297 18 383 45 343 7 369 17 398 64 374 78 412 68 133 86
5089 15 3900 297 18 343 7 499 65 401 39 369 17 50 14 398 64 383 45 487 92 315 1 374 78 185 63 412 68 133 86 230 92
1090 15 2960 249 36 495 38 402 90 240 36 380 84 392 51 71 41 78 71 235 100 49 84 246 95 362 73 165 40 308 9 28 95
2090 15 2960 495 38 78 71 392 51 240 36 362 73 380 84 249 36 49 84 165 40 71 41 28 95 235 100 402 90 246 95 308 9
3090 15 2960 28 95 246 95 249 36 380 84 235 100 49 84 71 41 78 71 402 90 392 51 165 40 362 73 495 38 308 9 240 36
4090 15 2960 249 36 380 84 235 100 402 90 165 40 71 41 362 73 49 84 308 9 246 95 78 71 240 36 28 95 495 38 392 51
5090 15 2960 235 100 240 36 392 51 165 40 402 90 380 84 249 36 71 41 49 84 78 71 495 38 362 73 28 95 308 9 246 95
1091 15 2965 481 17 486 44 242 6 433 27 102 96 404 82 37 14 177 91 51 81 312 41 158 10 242 18 136 48 148 43 298 34
2091 15 2965 433 27 486 44 177 91 148 43 136 48 158 10 312 41 37 14 242 18 298 34 404 82 102 96 51 81 481 17 242 6
3091 15 2965 51 81 298 34 158 10 136 48 102 96 312 41 177 91 404 82 481 17 242 6 433 27 37 14 486 44 242 18 148 43
4091 15 2965 481 17 298 34 102 96 177 91 242 6 51 81 242 18 404 82 148 43 486 44 136 48 312 41 433 27 37 14 158 10
5091 15 2965 51 81 242 18 177 91 102 96 312 41 298 34 486 44 433 27 148 43 158 10 242 6 481 17 37 14 136 48 404 82
1092 15 3572 148 88 425 51 433 14 33 6 318 100 455 95 399 30 46 45 399 2 378 56 438 9 310 11 498 7 133 22 52 83
2092 15 3572 498 7 378 56 425 51 52 83 399 2 318 100 46 45 133 22 455 95 433 14 438 9 310 11 148 88 33 6 399 30
3092 15 3572 133 22 52 83 438 9 378 56 33 6 498 7 318 100 310 11 46 45 425 51 399 2 455 95 433 14 148 88 399 30
4092 15 3572 318 100 52 83 425 51 498 7 310 11 399 30 378 56 433 14 148 88 455 95 133 22 33 6 399 2 438 9 46 45
5092 15 3572 425 51 52 83 378 56 455 95 433 14 33 6 148 88 318 100 438 9 46 45 498 7 310 11 399 2 133 22 399 30
1093 15 2799 461 98 42 7 3 72 279 96 23 67 450 32 128 90 313 67 134 3 98 56 408 19 374 12 261 64 381 38 144 54
2093 15 2799 3 72 450 32 461 98 134 3 42 7 313 67 128 90 279 96 144 54 408 19 261 64 374 12 98 56 23 67 381 38
3093 15 2799 381 38 23 67 279 96 408 19 3 72 313 67 98 56 42 7 134 3 374 12 144 54 261 64 128 90 461 98 450 32
4093 15 2799 3 72 461 98 279 96 128 90 42 7 374 12 381 38 261 64 23 67 144 54 450 32 98 56 134 3 408 19 313 67
5093 15 2799 134 3 23 67 461 98 279 96 450 32 408 19 144 54 313 67 42 7 261 64 3 72 374 12 128 90 98 56 381 38
1094 15 2522 334 87 119 69 126 70 169 59 164 42 382 36 67 65 174 58 24 39 445 6 467 34 244 35 53 24 197 82 188 87
2094 15 2522 53 24 169 59 382 36 445 6 126 70 197 82 188 87 244 35 334 87 174 58 164 42 24 39 67 65 119 69 467 34
3094 15 2522 67 65 382 36 188 87 169 59 174 58 244 35 467 34 126 70 24 39 197 82 119 69 445 6 164 42 334 87 53 24
4094 15 2522 188 87 445 6 467 34 382 36 67 65 164 42 197 82 169 59 174 58 53 24 119 69 126 70 334 87 24 39 244 35
5094 15 2522 334 87 53 24 382 36 197 82 24 39 174 58 445 6 244 35 67 65 188 87 467 34 164 42 126 70 119 69 169 59
1095 15 2884 68 6 256 32 301 80 212 30 477 77 269 20 139 72 352 41 4 98 141 75 251 97 140 24 481 84 25 75 490 81
2095 15 2884 251 97 68 6 25 75 141 75 256 32 212 30 352 41 139 72 477 77 140 24 490 81 4 98 301 80 269 20 481 84
3095 15 2884 256 32 490 81 269 20 25 75 140 24 139 72 4 98 481 84 251 97 352 41 301 80 68 6 212 30 477 77 141 75
4095 15 2884 68 6 477 77 251 97 140 24 490 81 212 30 4 98 352 41 25 75 141 75 269 20 481 84 139 72 256 32 301 80
5095 15 2884 477 77 68 6 25 75 301 80 140 24 139 72 481 84 256 32 141 75 490 81 4 98 251 97 352 41 269 20 212 30
1096 15 3193 319 8 251 46 81 51 73 29 483 86 78 38 453 29 335 59 324 78 279 95 329 89 472 88 427 84 68 46 20 77
2096 15 3193 453 29 324 78 329 89 68 46 319 8 81 51 472 88 251 46 483 86 78 38 279 95 20 77 73 29 335 59 427 84
3096 15 3193 335 59 427 84 20 77 251 46 329 89 81 51 472 88 279 95 483 86 68 46 78 38 319 8 324 78 73 29 453 29
4096 15 3193 68 46 329 89 78 38 319 8 81 51 20 77 324 78 251 46 483 86 335 59 279 95 453 29 73 29 427 84 472 88
5096 15 3193 453 29 78 38 483 86 319 8 335 59 73 29 427 84 81 51 279 95 324 78 472 88 329 89 20 77 251 46 68 46
1097 15 2792 488 11 382 22 490 95 268 78 183 2 75 7 275 60 197 25 38 66 296 68 20 29 407 97 121 40 16 28 235 19
2097 15 2792 16 28 121 40 275 60 268 78 490 95 197 25 38 66 488 11 183 2 407 97 296 68 382 22 235 19 20 29 75 7
3097 15 2792 268 78 407 97 235 19 75 7 197 25 490 95 296 68 121 40 488 11 38 66 183 2 275 60 382 22 16 28 20 29
4097 15 2792 183 2 16 28 75 7 197 25 296 68 382 22 235 19 20 29 121 40 490 95 268 78 38 66 275 60 407 97 488 11
5097 15 2792 275 60 268 78 75 7 490 95 38 66 407 97 121 40 20 29 16 28 183 2 235 19 488 11 296 68 382 22 197 25
1098 15 3332 395 21 251 25 407 2 489 76 270 22 299 97 393 81 432 65 105 34 356 16 347 86 243 14 117 24 58 55 3 41
2098 15 3332 356 16 299 97 105 34 251 25 407 2 347 86 243 14 270 22 58 55 393 81 489 76 395 21 432 65 117 24 3 41
3098 15 3332 117 24 395 21 105 34 407 2 58 55 270 22 393 81 299 97 432 65 356 16 489 76 251 25 3 41 347 86 243 14
4098 15 3332 243 14 299 97 117 24 489 76 251 25 432 65 407 2 395 21 105 34 347 86 393 81 356 16 270 22 3 41 58 55
5098 15 3332 432 65 3 41 243 14 117 24 58 55 356 16 407 2 251 25 489 76 299 97 105 34 393 81 395 21 270 22 347 86
1099 15 2563 89 39 412 30 48 89 388 79 314 92 94 71 184 62 353 91 468 42 260 94 67 95 202 15 227 88 20 60 78 14
2099 15 2563 353 91 468 42 20 60 314 92 412 30 94 71 89 39 227 88 260 94 78 14 388 79 202 15 48 89 67 95 184 62
3099 15 2563 202 15 388 79 67 95 89 39 412 30 353 91 260 94 314 92 468 42 20 60 78 14 94 71 48 89 184 62 227 88
4099 15 2563 48 89 468 42 412 30 388 79 353 91 67 95 89 39 184 62 202 15 260 94 94 71 20 60 78 14 227 88 314 92
5099 15 2563 412 30 94 71 314 92 78 14 67 95 184 62 202 15 388 79 468 42 260 94 48 89 89 39 353 91 20 60 227 88
1100 15 2872 349 19 164 71 78 95 245 91 498 68 324 70 309 29 67 57 34 35 197 19 310 13 400 54 269 49 64 4 282 91
2100 15 2872 64 4 282 91 34 35 67 57 310 13 269 49 498 68 197 19 324 70 349 19 309 29 400 54 245 91 78 95 164 71
3100 15 2872 498 68 349 19 309 29 78 95 282 91 245 91 34 35 310 13 400 54 67 57 324 70 269 49 164 71 197 19 64 4
4100 15 2872 349 19 164 71 197 19 245 91 67 57 498 68 324 70 64 4 282 91 310 13 78 95 269 49 400 54 34 35 309 29
5100 15 2872 282 91 310 13 349 19 34 35 498 68 400 54 64 4 269 49 197 19 324 70 67 57 164 71 78 95 309 29 245 91
