1001 15 2564 404 10 86 113 55 65 31 142 489 142 108 74 476 155 15 23 298 209 135 226 293 30 72 1 301 61 428 115 14 194
2001 15 2564 135 226 489 142 55 65 404 10 428 115 31 142 298 209 14 194 15 23 301 61 476 155 86 113 108 74 72 1 293 30
3001 15 2564 135 226 86 113 301 61 55 65 489 142 404 10 108 74 15 23 428 115 298 209 476 155 31 142 72 1 14 194 293 30
4001 15 2564 31 142 476 155 428 115 108 74 135 226 404 10 489 142 293 30 55 65 86 113 298 209 301 61 15 23 72 1 14 194
5001 15 2564 428 115 55 65 86 113 293 30 489 142 301 61 14 194 15 23 72 1 31 142 135 226 404 10 298 209 108 74 476 155
1002 15 2484 235 183 45 200 257 165 167 33 336 43 351 127 286 137 15 213 468 130 305 23 100 122 201 136 149 173 175 48 16 165
2002 15 2484 468 130 16 165 100 122 45 200 167 33 15 213 201 136 175 48 286 137 351 127 257 165 235 183 336 43 305 23 149 173
3002 15 2484 286 137 16 165 201 136 45 200 100 122 235 183 15 213 336 43 175 48 257 165 351 127 149 173 305 23 167 33 468 130
4002 15 2484 149 173 336 43 305 23 201 136 286 137 175 48 45 200 167 33 235 183 100 122 16 165 257 165 15 213 468 130 351 127
5002 15 2484 16 165 257 165 235 183 468 130 336 43 149 173 305 23 45 200 15 213 286 137 351 127 167 33 100 122 175 48 201 136
1003 15 3783 395 42 147 164 417 208 118 50 149 214 469 15 315 239 478 54 439 133 338 86 294 216 489 160 371 41 275 236 35 89
2003 15 3783 35 89 315 239 371 41 469 15 118 50 489 160 338 86 147 164 395 42 417 208 149 214 439 133 294 216 478 54 275 236
3003 15 3783 338 86 149 214 315 239 275 236 469 15 147 164 489 160 439 133 478 54 395 42 417 208 371 41 294 216 118 50 35 89
4003 15 3783 275 236 395 42 478 54 469 15 294 216 338 86 439 133 35 89 118 50 489 160 417 208 149 214 315 239 147 164 371 41
5003 15 3783 118 50 469 15 338 86 35 89 478 54 149 214 395 42 147 164 489 160 294 216 371 41 417 208 275 236 315 239 439 133
1004 15 3028 417 50 214 148 481 120 325 159 407 12 227 196 36 68 154 177 124 22 376 173 224 186 108 238 34 87 354 176 304 186
2004 15 3028 224 186 108 238 376 173 325 159 124 22 304 186 407 12 154 177 34 87 214 148 481 120 227 196 36 68 354 176 417 50
3004 15 3028 481 120 108 238 354 176 224 186 214 148 417 50 34 87 36 68 154 177 304 186 227 196 325 159 376 173 407 12 124 22
4004 15 3028 154 177 304 186 376 173 227 196 34 87 481 120 36 68 325 159 214 148 124 22 108 238 224 186 407 12 417 50 354 176
5004 15 3028 214 148 481 120 224 186 407 12 124 22 154 177 34 87 36 68 325 159 354 176 108 238 417 50 304 186 376 173 227 196
1005 15 2916 24 81 286 77 310 88 69 118 54 83 347 195 69 136 453 79 341 205 88 192 233 217 361 135 166 50 370 26 475 167
2005 15 2916 69 136 69 118 347 195 310 88 453 79 88 192 341 205 233 217 475 167 54 83 370 26 166 50 361 135 24 81 286 77
3005 15 2916 69 118 24 81 341 205 370 26 286 77 69 136 233 217 347 195 310 88 166 50 88 192 54 83 361 135 453 79 475 167
4005 15 2916 347 195 286 77 361 135 69 118 88 192 24 81 453 79 69 136 475 167 54 83 370 26 166 50 310 88 233 217 341 205
5005 15 2916 475 167 24 81 453 79 54 83 361 135 69 118 166 50 347 195 370 26 310 88 88 192 341 205 286 77 233 217 69 136
1006 15 3525 385 194 322 98 131 234 366 17 464 232 104 51 420 57 258 110 472 242 190 199 288 201 309 121 252 79 336 160 110 25
2006 15 3525 258 110 385 194 336 160 131 234 104 51 110 25 252 79 288 201 366 17 420 57 190 199 322 98 309 121 472 242 464 232
3006 15 3525 104 51 252 79 110 25 464 232 472 242 131 234 309 121 190 199 288 201 366 17 420 57 322 98 258 110 385 194 336 160
4006 15 3525 252 79 288 201 258 110 385 194 190 199 366 17 131 234 464 232 322 98 472 242 336 160 110 25 420 57 309 121 104 51
5006 15 3525 190 199 258 110 464 232 104 51 288 201 336 160 131 234 472 242 420 57 110 25 252 79 385 194 309 121 366 17 322 98
1007 15 2784 277 46 452 140 444 198 81 189 134 96 388 194 398 152 81 157 69 222 387 227 130 103 33 25 238 47 48 217 320 103
2007 15 2784 48 217 388 194 452 140 320 103 81 157 69 222 398 152 134 96 81 189 238 47 277 46 387 227 444 198 130 103 33 25
3007 15 2784 452 140 81 157 238 47 33 25 130 103 69 222 81 189 388 194 398 152 48 217 277 46 444 198 320 103 134 96 387 227
4007 15 2784 69 222 48 217 238 47 81 189 33 25 320 103 134 96 387 227 388 194 277 46 81 157 398 152 130 103 444 198 452 140
5007 15 2784 320 103 33 25 48 217 81 157 69 222 452 140 277 46 130 103 388 194 81 189 387 227 238 47 134 96 444 198 398 152
1008 15 2992 318 162 323 132 200 193 32 96 317 173 218 169 66 184 63 160 398 71 238 218 460 58 385 147 22 223 227 66 474 67
2008 15 2992 218 169 323 132 474 67 460 58 318 162 22 223 385 147 398 71 317 173 200 193 238 218 63 160 227 66 66 184 32 96
3008 15 2992 227 66 398 71 317 173 22 223 323 132 218 169 460 58 474 67 318 162 385 147 32 96 238 218 66 184 63 160 200 193
4008 15 2992 317 173 385 147 474 67 323 132 63 160 238 218 200 193 32 96 227 66 460 58 218 169 398 71 22 223 318 162 66 184
5008 15 2992 32 96 218 169 323 132 398 71 22 223 385 147 317 173 66 184 460 58 238 218 474 67 318 162 63 160 227 66 200 193
1009 15 2994 84 145 490 188 405 165 321 214 57 150 293 78 330 43 236 94 215 86 349 207 251 216 288 145 162 14 141 213 121 86
2009 15 2994 330 43 288 145 321 214 162 14 236 94 405 165 121 86 293 78 57 150 84 145 141 213 490 188 349 207 251 216 215 86
3009 15 2994 349 207 330 43 293 78 321 214 405 165 57 150 288 145 141 213 215 86 251 216 490 188 162 14 236 94 121 86 84 145
4009 15 2994 215 86 121 86 405 165 84 145 57 150 321 214 330 43 141 213 288 145 349 207 236 94 293 78 162 14 251 216 490 188
5009 15 2994 251 216 321 214 121 86 293 78 57 150 349 207 490 188 330 43 215 86 162 14 236 94 84 145 288 145 141 213 405 165
1010 15 3296 490 115 232 56 204 62 252 243 259 100 496 47 113 75 93 58 353 67 277 106 456 219 472 19 109 195 217 236 97 248
2010 15 3296 472 19 252 243 259 100 456 219 353 67 109 195 97 248 204 62 232 56 93 58 496 47 490 115 217 236 277 106 113 75
3010 15 3296 472 19 217 236 204 62 259 100 113 75 97 248 490 115 456 219 277 106 353 67 109 195 93 58 252 243 232 56 496 47
4010 15 3296 490 115 113 75 109 195 232 56 252 243 496 47 204 62 472 19 259 100 456 219 277 106 217 236 353 67 97 248 93 58
5010 15 3296 496 47 456 219 109 195 259 100 97 248 232 56 252 243 217 236 490 115 113 75 353 67 93 58 204 62 472 19 277 106
1011 15 3228 280 83 463 89 413 95 160 166 459 215 83 20 92 178 351 25 316 135 151 97 404 26 421 115 5 17 181 134 256 71
2011 15 3228 92 178 413 95 404 26 151 97 316 135 351 25 256 71 421 115 459 215 181 134 83 20 463 89 280 83 160 166 5 17
3011 15 3228 421 115 151 97 280 83 181 134 316 135 5 17 463 89 256 71 351 25 459 215 83 20 160 166 404 26 413 95 92 178
4011 15 3228 5 17 351 25 92 178 463 89 316 135 83 20 256 71 151 97 413 95 160 166 459 215 421 115 181 134 404 26 280 83
5011 15 3228 5 17 404 26 413 95 351 25 421 115 280 83 463 89 459 215 256 71 92 178 83 20 316 135 151 97 181 134 160 166
1012 15 3493 245 201 225 198 79 74 393 42 240 13 412 18 405 206 495 178 224 158 265 51 227 215 42 31 423 30 491 72 201 117
2012 15 3493 245 201 42 31 265 51 201 117 423 30 240 13 224 158 79 74 225 198 495 178 491 72 412 18 393 42 227 215 405 206
3012 15 3493 225 198 42 31 224 158 201 117 495 178 240 13 227 215 491 72 79 74 393 42 423 30 265 51 412 18 245 201 405 206
4012 15 3493 265 51 79 74 240 13 201 117 224 158 225 198 245 201 227 215 42 31 423 30 393 42 405 206 495 178 491 72 412 18
5012 15 3493 245 201 491 72 495 178 412 18 393 42 79 74 405 206 227 215 42 31 265 51 423 30 225 198 224 158 240 13 201 117
1013 15 2588 407 154 60 128 335 125 122 232 156 44 222 64 220 176 163 125 192 38 31 57 119 92 212 198 445 237 149 102 403 218
2013 15 2588 403 218 31 57 122 232 119 92 60 128 212 198 163 125 335 125 222 64 149 102 220 176 407 154 445 237 192 38 156 44
3013 15 2588 192 38 445 237 403 218 335 125 119 92 156 44 222 64 212 198 407 154 60 128 31 57 220 176 163 125 122 232 149 102
4013 15 2588 60 128 31 57 335 125 220 176 119 92 403 218 222 64 192 38 156 44 163 125 445 237 212 198 122 232 149 102 407 154
5013 15 2588 403 218 31 57 122 232 220 176 149 102 212 198 60 128 335 125 192 38 407 154 445 237 119 92 163 125 222 64 156 44
1014 15 2676 44 69 287 28 481 156 193 180 4 232 165 87 201 59 60 111 495 75 132 151 21 165 440 95 122 68 470 97 231 125
2014 15 2676 44 69 495 75 193 180 470 97 60 111 122 68 21 165 231 125 287 28 132 151 481 156 165 87 4 232 201 59 440 95
3014 15 2676 165 87 201 59 44 69 287 28 4 232 122 68 132 151 60 111 231 125 481 156 470 97 495 75 440 95 21 165 193 180
4014 15 2676 44 69 231 125 132 151 495 75 193 180 165 87 440 95 60 111 122 68 201 59 287 28 21 165 4 232 481 156 470 97
5014 15 2676 21 165 132 151 122 68 481 156 495 75 287 28 60 111 165 87 440 95 193 180 231 125 470 97 44 69 4 232 201 59
1015 15 2995 71 71 170 80 455 74 145 205 473 142 321 80 17 64 426 14 488 79 129 249 196 150 47 15 290 230 49 1 467 43
2015 15 2995 473 142 49 1 290 230 455 74 47 15 196 150 129 249 467 43 321 80 488 79 426 14 145 205 170 80 71 71 17 64
3015 15 2995 17 64 49 1 129 249 71 71 321 80 47 15 426 14 145 205 467 43 473 142 170 80 455 74 290 230 196 150 488 79
4015 15 2995 17 64 467 43 196 150 290 230 426 14 488 79 145 205 473 142 455 74 47 15 321 80 49 1 170 80 129 249 71 71
5015 15 2995 145 205 47 15 17 64 426 14 129 249 321 80 71 71 488 79 196 150 467 43 455 74 473 142 49 1 170 80 290 230
1016 15 3575 428 1 104 232 316 25 448 250 482 89 449 95 138 48 130 53 394 108 387 79 330 2 166 108 373 201 162 2 162 246
2016 15 3575 428 1 162 246 166 108 162 2 449 95 130 53 482 89 104 232 316 25 387 79 373 201 330 2 138 48 394 108 448 250
3016 15 3575 428 1 482 89 130 53 373 201 316 25 138 48 162 2 387 79 162 246 449 95 448 250 330 2 104 232 166 108 394 108
4016 15 3575 162 2 387 79 166 108 394 108 448 250 449 95 482 89 130 53 428 1 373 201 316 25 138 48 104 232 330 2 162 246
5016 15 3575 104 232 387 79 330 2 130 53 166 108 138 48 394 108 316 25 482 89 373 201 162 2 449 95 448 250 162 246 428 1
1017 15 3384 193 70 482 151 75 134 245 18 418 118 353 196 365 49 279 38 420 140 174 17 251 56 316 224 161 192 438 118 60 194
2017 15 3384 251 56 161 192 245 18 316 224 60 194 353 196 365 49 418 118 75 134 438 118 193 70 279 38 174 17 482 151 420 140
3017 15 3384 420 140 75 134 482 151 316 224 251 56 279 38 161 192 60 194 418 118 438 118 365 49 174 17 245 18 193 70 353 196
4017 15 3384 245 18 365 49 60 194 251 56 438 118 193 70 353 196 161 192 418 118 174 17 75 134 279 38 420 140 482 151 316 224
5017 15 3384 418 118 60 194 438 118 279 38 161 192 482 151 353 196 316 224 251 56 174 17 365 49 193 70 245 18 420 140 75 134
1018 15 4029 441 44 76 221 500 149 323 217 487 148 237 76 318 121 329 21 114 63 327 226 295 41 478 94 296 112 337 192 479 47
2018 15 4029 237 76 114 63 327 226 500 149 329 21 295 41 296 112 323 217 318 121 76 221 479 47 441 44 337 192 478 94 487 148
3018 15 4029 114 63 337 192 323 217 441 44 296 112 479 47 295 41 329 21 500 149 318 121 478 94 76 221 487 148 327 226 237 76
4018 15 4029 478 94 318 121 296 112 76 221 487 148 337 192 441 44 295 41 114 63 329 21 323 217 327 226 479 47 237 76 500 149
5018 15 4029 487 148 441 44 329 21 479 47 318 121 337 192 76 221 296 112 500 149 478 94 323 217 114 63 237 76 327 226 295 41
1019 15 2979 77 105 60 127 400 43 297 73 83 110 105 97 317 224 456 108 86 124 481 119 449 13 60 204 181 195 211 192 461 175
2019 15 2979 449 13 86 124 481 119 181 195 77 105 105 97 317 224 60 127 297 73 400 43 456 108 461 175 60 204 83 110 211 192
3019 15 2979 456 108 105 97 317 224 400 43 449 13 211 192 60 204 60 127 77 105 86 124 83 110 297 73 181 195 461 175 481 119
4019 15 2979 456 108 60 204 317 224 83 110 211 192 181 195 481 119 86 124 461 175 449 13 105 97 77 105 60 127 297 73 400 43
5019 15 2979 449 13 297 73 456 108 461 175 211 192 77 105 181 195 83 110 400 43 317 224 105 97 86 124 60 204 60 127 481 119
1020 15 3407 362 99 480 29 159 60 399 104 75 184 2 188 413 134 188 174 395 104 204 25 452 200 439 41 433 233 220 225 38 229
2020 15 3407 399 104 75 184 480 29 433 233 362 99 159 60 220 225 2 188 188 174 452 200 204 25 395 104 413 134 439 41 38 229
3020 15 3407 38 229 220 225 399 104 480 29 452 200 188 174 439 41 395 104 2 188 204 25 362 99 159 60 413 134 75 184 433 233
4020 15 3407 362 99 75 184 2 188 480 29 395 104 413 134 433 233 204 25 159 60 220 225 188 174 452 200 439 41 399 104 38 229
5020 15 3407 204 25 159 60 480 29 413 134 439 41 452 200 38 229 395 104 188 174 220 225 399 104 433 233 362 99 75 184 2 188
1021 15 2690 470 234 188 59 28 104 394 42 167 205 149 75 158 172 100 226 81 195 20 50 430 1 225 196 99 165 434 3 420 149
2021 15 2690 394 42 420 149 20 50 225 196 28 104 158 172 434 3 99 165 81 195 430 1 470 234 188 59 167 205 149 75 100 226
3021 15 2690 20 50 81 195 158 172 470 234 394 42 420 149 225 196 149 75 434 3 167 205 28 104 99 165 430 1 188 59 100 226
4021 15 2690 167 205 394 42 20 50 225 196 470 234 430 1 81 195 188 59 420 149 434 3 99 165 149 75 100 226 158 172 28 104
5021 15 2690 28 104 225 196 158 172 20 50 430 1 420 149 99 165 470 234 434 3 81 195 394 42 167 205 100 226 188 59 149 75
1022 15 2638 68 108 377 36 233 188 8 200 490 70 118 103 149 15 83 99 395 103 96 141 435 199 455 129 46 103 208 239 137 157
2022 15 2638 8 200 435 199 118 103 490 70 96 141 455 129 233 188 46 103 377 36 395 103 68 108 83 99 208 239 137 157 149 15
3022 15 2638 8 200 395 103 68 108 490 70 435 199 46 103 96 141 377 36 149 15 208 239 137 157 233 188 83 99 455 129 118 103
4022 15 2638 68 108 455 129 149 15 118 103 490 70 395 103 233 188 96 141 435 199 83 99 137 157 208 239 377 36 8 200 46 103
5022 15 2638 46 103 377 36 490 70 96 141 395 103 149 15 83 99 68 108 233 188 118 103 435 199 8 200 455 129 137 157 208 239
1023 15 2832 231 224 283 234 91 113 272 242 432 79 264 158 19 34 175 154 10 179 17 115 309 51 201 215 431 144 369 90 436 172
2023 15 2832 231 224 431 144 309 51 369 90 10 179 272 242 432 79 201 215 436 172 175 154 91 113 17 115 283 234 19 34 264 158
3023 15 2832 91 113 175 154 272 242 231 224 264 158 431 144 369 90 10 179 432 79 309 51 436 172 283 234 201 215 17 115 19 34
4023 15 2832 431 144 91 113 175 154 369 90 272 242 201 215 10 179 309 51 19 34 231 224 436 172 264 158 283 234 17 115 432 79
5023 15 2832 19 34 283 234 201 215 17 115 369 90 231 224 91 113 175 154 309 51 432 79 264 158 10 179 431 144 436 172 272 242
1024 15 2932 94 195 53 132 478 36 311 36 265 30 17 181 256 227 489 142 384 61 137 232 46 155 338 113 284 11 261 103 253 92
2024 15 2932 261 103 17 181 53 132 253 92 311 36 478 36 46 155 256 227 489 142 137 232 94 195 384 61 284 11 265 30 338 113
3024 15 2932 284 11 253 92 256 227 137 232 489 142 53 132 478 36 311 36 46 155 94 195 384 61 265 30 261 103 338 113 17 181
4024 15 2932 311 36 94 195 338 113 17 181 256 227 46 155 284 11 261 103 478 36 384 61 137 232 53 132 253 92 489 142 265 30
5024 15 2932 53 132 284 11 261 103 137 232 46 155 384 61 253 92 256 227 94 195 478 36 489 142 311 36 338 113 265 30 17 181
1025 15 3163 457 36 115 80 235 213 392 174 142 54 253 66 375 89 20 218 410 115 88 33 466 80 331 232 263 34 369 209 38 149
2025 15 3163 410 115 375 89 115 80 392 174 235 213 331 232 369 209 38 149 142 54 466 80 457 36 88 33 263 34 253 66 20 218
3025 15 3163 253 66 20 218 369 209 38 149 457 36 88 33 392 174 142 54 466 80 263 34 410 115 375 89 235 213 115 80 331 232
4025 15 3163 392 174 38 149 331 232 375 89 369 209 263 34 457 36 115 80 466 80 20 218 253 66 235 213 88 33 142 54 410 115
5025 15 3163 235 213 457 36 20 218 88 33 369 209 466 80 375 89 115 80 392 174 331 232 253 66 38 149 142 54 410 115 263 34
1026 15 2357 2 118 114 140 131 109 18 132 29 96 360 59 65 167 442 226 22 219 379 143 154 129 473 203 186 227 115 17 457 91
2026 15 2357 186 227 115 17 379 143 457 91 442 226 114 140 29 96 2 118 360 59 22 219 154 129 18 132 131 109 473 203 65 167
3026 15 2357 22 219 131 109 457 91 186 227 379 143 154 129 18 132 360 59 442 226 29 96 114 140 65 167 473 203 115 17 2 118
4026 15 2357 360 59 2 118 457 91 473 203 154 129 379 143 186 227 65 167 29 96 131 109 18 132 442 226 114 140 22 219 115 17
5026 15 2357 115 17 473 203 457 91 114 140 186 227 154 129 360 59 2 118 22 219 379 143 131 109 442 226 29 96 65 167 18 132
1027 15 2817 182 127 306 31 134 5 59 210 34 62 487 66 408 237 440 213 386 126 62 116 80 165 210 217 233 152 215 47 286 225
2027 15 2817 182 127 306 31 440 213 215 47 233 152 408 237 59 210 80 165 134 5 210 217 62 116 34 62 386 126 286 225 487 66
3027 15 2817 182 127 408 237 440 213 62 116 286 225 34 62 306 31 210 217 59 210 134 5 80 165 386 126 233 152 487 66 215 47
4027 15 2817 182 127 210 217 408 237 59 210 233 152 80 165 62 116 386 126 286 225 440 213 134 5 306 31 34 62 487 66 215 47
5027 15 2817 487 66 408 237 210 217 386 126 34 62 134 5 306 31 233 152 62 116 286 225 215 47 440 213 182 127 59 210 80 165
1028 15 3392 347 39 326 133 344 60 214 124 367 18 337 78 328 238 166 15 83 70 270 122 300 20 372 248 423 65 285 249 79 219
2028 15 3392 423 65 300 20 328 238 214 124 326 133 372 248 347 39 344 60 79 219 270 122 285 249 83 70 367 18 166 15 337 78
3028 15 3392 367 18 344 60 328 238 337 78 166 15 372 248 79 219 83 70 214 124 423 65 270 122 300 20 347 39 285 249 326 133
4028 15 3392 166 15 344 60 337 78 326 133 214 124 83 70 300 20 372 248 328 238 347 39 79 219 270 122 285 249 423 65 367 18
5028 15 3392 328 238 79 219 367 18 83 70 423 65 344 60 372 248 214 124 347 39 300 20 326 133 285 249 166 15 337 78 270 122
1029 15 2262 147 242 115 242 179 5 2 81 12 64 40 169 326 172 458 203 441 93 260 190 298 116 216 138 265 225 41 86 28 160
2029 15 2262 260 190 216 138 2 81 28 160 458 203 298 116 326 172 40 169 179 5 265 225 441 93 41 86 115 242 147 242 12 64
3029 15 2262 298 116 41 86 28 160 2 81 265 225 179 5 216 138 260 190 326 172 441 93 458 203 147 242 115 242 12 64 40 169
4029 15 2262 12 64 441 93 179 5 41 86 40 169 458 203 2 81 326 172 147 242 298 116 28 160 216 138 260 190 115 242 265 225
5029 15 2262 147 242 326 172 179 5 216 138 12 64 115 242 28 160 260 190 41 86 298 116 441 93 40 169 458 203 2 81 265 225
1030 15 3544 184 144 134 152 470 162 484 2 327 243 347 142 496 21 258 25 496 94 47 189 450 72 354 160 248 3 10 205 125 30
2030 15 3544 248 3 470 162 496 21 327 243 354 160 184 144 47 189 125 30 10 205 258 25 347 142 484 2 134 152 450 72 496 94
3030 15 3544 258 25 347 142 354 160 327 243 450 72 496 21 10 205 47 189 496 94 470 162 184 144 248 3 484 2 125 30 134 152
4030 15 3544 484 2 496 21 327 243 10 205 496 94 258 25 134 152 347 142 354 160 125 30 450 72 248 3 47 189 184 144 470 162
5030 15 3544 484 2 47 189 10 205 248 3 258 25 327 243 496 21 496 94 134 152 125 30 184 144 354 160 470 162 450 72 347 142
1031 15 3526 382 6 446 192 388 28 204 145 472 71 490 33 357 123 38 8 368 218 67 133 310 121 294 75 229 232 158 179 205 181
2031 15 3526 229 232 67 133 490 33 204 145 382 6 472 71 368 218 205 181 446 192 357 123 310 121 158 179 294 75 38 8 388 28
3031 15 3526 310 121 368 218 67 133 490 33 472 71 357 123 158 179 294 75 38 8 388 28 204 145 205 181 382 6 229 232 446 192
4031 15 3526 158 179 388 28 368 218 310 121 472 71 446 192 357 123 490 33 204 145 294 75 67 133 229 232 38 8 205 181 382 6
5031 15 3526 204 145 205 181 357 123 472 71 67 133 388 28 368 218 310 121 490 33 38 8 229 232 446 192 382 6 294 75 158 179
1032 15 2941 316 233 408 244 156 199 338 186 68 102 60 215 50 187 67 118 386 33 269 124 298 10 438 227 312 97 248 82 263 31
2032 15 2941 438 227 269 124 67 118 50 187 386 33 68 102 248 82 156 199 263 31 338 186 408 244 316 233 312 97 60 215 298 10
3032 15 2941 67 118 408 244 248 82 312 97 60 215 50 187 263 31 68 102 156 199 386 33 438 227 316 233 338 186 269 124 298 10
4032 15 2941 338 186 263 31 60 215 316 233 156 199 67 118 269 124 68 102 248 82 298 10 50 187 408 244 386 33 312 97 438 227
5032 15 2941 438 227 68 102 67 118 156 199 60 215 50 187 386 33 269 124 316 233 298 10 338 186 408 244 263 31 248 82 312 97
1033 15 3184 483 100 414 189 240 141 191 210 144 35 225 83 185 51 499 4 160 231 271 243 270 138 341 138 149 42 213 234 196 133
2033 15 3184 271 243 213 234 225 83 483 100 144 35 160 231 191 210 185 51 270 138 240 141 414 189 196 133 499 4 341 138 149 42
3033 15 3184 414 189 225 83 213 234 499 4 185 51 191 210 483 100 270 138 271 243 149 42 144 35 240 141 160 231 196 133 341 138
4033 15 3184 225 83 499 4 144 35 185 51 191 210 270 138 271 243 240 141 341 138 483 100 414 189 213 234 160 231 149 42 196 133
5033 15 3184 499 4 144 35 225 83 271 243 270 138 213 234 483 100 149 42 414 189 341 138 240 141 160 231 196 133 185 51 191 210
1034 15 3228 496 34 321 84 395 221 433 243 256 228 396 61 152 112 58 210 414 196 270 217 42 205 41 117 78 250 489 113 195 234
2034 15 3228 395 221 396 61 414 196 152 112 270 217 496 34 42 205 256 228 58 210 41 117 78 250 195 234 433 243 489 113 321 84
3034 15 3228 321 84 42 205 433 243 41 117 414 196 152 112 496 34 395 221 58 210 195 234 256 228 396 61 78 250 270 217 489 113
4034 15 3228 195 234 496 34 396 61 433 243 256 228 78 250 41 117 58 210 414 196 42 205 395 221 321 84 489 113 270 217 152 112
5034 15 3228 414 196 489 113 321 84 270 217 195 234 41 117 152 112 42 205 58 210 496 34 78 250 433 243 256 228 395 221 396 61
1035 15 2415 383 218 145 159 194 180 62 112 229 6 185 23 19 236 79 233 337 189 83 64 399 55 268 125 9 99 432 191 195 4
2035 15 2415 195 4 83 64 268 125 337 189 399 55 79 233 194 180 9 99 19 236 383 218 62 112 145 159 432 191 229 6 185 23
3035 15 2415 268 125 79 233 19 236 145 159 229 6 383 218 194 180 9 99 62 112 185 23 83 64 195 4 337 189 399 55 432 191
4035 15 2415 9 99 79 233 383 218 268 125 194 180 62 112 19 236 83 64 185 23 337 189 399 55 432 191 229 6 195 4 145 159
5035 15 2415 83 64 19 236 195 4 383 218 399 55 9 99 229 6 268 125 432 191 337 189 145 159 79 233 194 180 62 112 185 23
1036 15 3302 7 192 392 179 492 103 462 36 210 74 455 41 107 215 169 223 237 45 337 55 174 100 329 209 32 212 496 145 229 225
2036 15 3302 210 74 337 55 496 145 462 36 174 100 455 41 392 179 32 212 7 192 169 223 107 215 229 225 492 103 237 45 329 209
3036 15 3302 107 215 174 100 237 45 210 74 392 179 7 192 329 209 337 55 462 36 455 41 492 103 229 225 169 223 32 212 496 145
4036 15 3302 229 225 392 179 237 45 174 100 329 209 32 212 496 145 169 223 7 192 455 41 337 55 107 215 492 103 210 74 462 36
5036 15 3302 107 215 337 55 229 225 169 223 237 45 455 41 32 212 210 74 462 36 392 179 329 209 174 100 496 145 7 192 492 103
1037 15 2901 450 21 319 23 353 213 234 185 248 50 215 21 100 228 65 170 360 82 252 198 150 165 476 14 175 86 203 110 27 229
2037 15 2901 203 110 319 23 234 185 248 50 215 21 360 82 252 198 27 229 150 165 65 170 100 228 476 14 450 21 353 213 175 86
3037 15 2901 353 213 215 21 150 165 476 14 248 50 319 23 252 198 27 229 450 21 65 170 100 228 175 86 234 185 203 110 360 82
4037 15 2901 27 229 248 50 203 110 100 228 175 86 150 165 450 21 360 82 353 213 476 14 252 198 65 170 319 23 234 185 215 21
5037 15 2901 319 23 450 21 175 86 150 165 360 82 203 110 476 14 353 213 65 170 248 50 27 229 234 185 100 228 252 198 215 21
1038 15 3116 192 101 420 213 418 230 39 232 56 210 327 76 458 224 337 145 70 127 333 114 265 218 260 2 483 32 59 237 178 44
2038 15 3116 192 101 56 210 70 127 260 2 418 230 333 114 483 32 327 76 178 44 458 224 59 237 265 218 39 232 420 213 337 145
3038 15 3116 70 127 458 224 265 218 333 114 260 2 56 210 39 232 192 101 337 145 178 44 327 76 420 213 59 237 483 32 418 230
4038 15 3116 56 210 418 230 333 114 337 145 327 76 39 232 260 2 178 44 458 224 483 32 420 213 59 237 192 101 265 218 70 127
5038 15 3116 458 224 265 218 483 32 59 237 327 76 420 213 178 44 56 210 337 145 192 101 333 114 39 232 260 2 418 230 70 127
1039 15 2724 151 216 42 240 267 35 461 32 241 107 79 56 214 114 179 131 38 38 457 176 252 84 111 184 226 87 386 137 302 144
2039 15 2724 241 107 179 131 151 216 267 35 42 240 457 176 386 137 214 114 226 87 302 144 111 184 79 56 461 32 252 84 38 38
3039 15 2724 179 131 151 216 214 114 226 87 42 240 461 32 79 56 457 176 302 144 386 137 252 84 267 35 38 38 111 184 241 107
4039 15 2724 111 184 179 131 226 87 457 176 38 38 461 32 151 216 241 107 79 56 42 240 214 114 252 84 386 137 302 144 267 35
5039 15 2724 226 87 38 38 302 144 457 176 79 56 461 32 241 107 252 84 42 240 111 184 214 114 267 35 151 216 179 131 386 137
1040 15 3364 250 139 368 201 59 170 466 27 241 127 313 237 158 177 322 46 428 115 270 174 364 68 495 98 183 197 251 122 37 244
2040 15 3364 364 68 368 201 37 244 250 139 183 197 270 174 251 122 241 127 322 46 466 27 495 98 59 170 428 115 158 177 313 237
3040 15 3364 59 170 241 127 313 237 37 244 322 46 251 122 466 27 495 98 368 201 270 174 250 139 158 177 428 115 364 68 183 197
4040 15 3364 183 197 428 115 364 68 368 201 495 98 37 244 270 174 241 127 313 237 466 27 251 122 158 177 59 170 322 46 250 139
5040 15 3364 59 170 158 177 313 237 37 244 368 201 322 46 270 174 364 68 250 139 428 115 466 27 183 197 495 98 251 122 241 127
1041 15 2882 57 29 299 188 235 160 403 162 195 210 350 84 57 248 71 69 473 154 150 106 191 90 428 57 362 28 94 6 238 242
2041 15 2882 238 242 403 162 57 248 195 210 362 28 94 6 71 69 428 57 473 154 350 84 235 160 57 29 299 188 191 90 150 106
3041 15 2882 473 154 150 106 57 248 191 90 94 6 428 57 195 210 362 28 57 29 235 160 238 242 71 69 403 162 299 188 350 84
4041 15 2882 350 84 150 106 57 248 94 6 299 188 191 90 195 210 428 57 71 69 473 154 235 160 238 242 403 162 362 28 57 29
5041 15 2882 362 28 191 90 238 242 428 57 403 162 195 210 150 106 299 188 57 248 57 29 473 154 71 69 94 6 350 84 235 160
1042 15 2880 377 152 464 188 290 150 258 141 18 139 186 249 329 174 500 192 395 207 3 96 79 149 220 169 173 81 16 1 292 195
2042 15 2880 186 249 16 1 290 150 173 81 500 192 395 207 3 96 79 149 464 188 18 139 377 152 220 169 329 174 258 141 292 195
3042 15 2880 395 207 292 195 3 96 500 192 290 150 79 149 329 174 173 81 16 1 220 169 186 249 377 152 464 188 258 141 18 139
4042 15 2880 16 1 329 174 18 139 464 188 290 150 500 192 186 249 3 96 173 81 258 141 220 169 79 149 292 195 377 152 395 207
5042 15 2880 3 96 500 192 464 188 18 139 16 1 290 150 173 81 292 195 186 249 395 207 377 152 258 141 79 149 329 174 220 169
1043 15 2704 109 61 448 135 6 159 456 31 460 63 216 12 78 177 90 189 152 137 13 162 392 156 26 101 293 123 317 230 324 47
2043 15 2704 152 137 456 31 216 12 460 63 13 162 324 47 109 61 293 123 78 177 448 135 90 189 26 101 6 159 392 156 317 230
3043 15 2704 392 156 90 189 6 159 317 230 152 137 456 31 324 47 109 61 26 101 216 12 78 177 293 123 13 162 460 63 448 135
4043 15 2704 448 135 6 159 392 156 90 189 78 177 293 123 324 47 13 162 152 137 26 101 460 63 456 31 317 230 109 61 216 12
5043 15 2704 13 162 90 189 293 123 448 135 78 177 6 159 392 156 324 47 152 137 460 63 456 31 26 101 109 61 216 12 317 230
1044 15 3497 490 100 375 156 499 117 196 249 127 93 91 45 353 202 380 183 392 62 419 68 132 50 335 24 257 25 242 242 84 23
2044 15 3497 257 25 127 93 91 45 490 100 196 249 375 156 380 183 392 62 132 50 242 242 353 202 419 68 499 117 335 24 84 23
3044 15 3497 380 183 335 24 132 50 84 23 375 156 127 93 242 242 419 68 490 100 392 62 353 202 91 45 257 25 499 117 196 249
4044 15 3497 380 183 392 62 375 156 91 45 353 202 196 249 419 68 132 50 242 242 335 24 499 117 127 93 257 25 490 100 84 23
5044 15 3497 257 25 196 249 499 117 380 183 335 24 375 156 392 62 242 242 132 50 353 202 91 45 419 68 84 23 490 100 127 93
1045 15 3328 425 120 176 182 341 224 94 10 453 87 440 148 475 183 237 129 272 172 379 151 258 13 236 180 41 49 55 39 279 56
2045 15 3328 279 56 258 13 236 180 425 120 341 224 453 87 55 39 440 148 41 49 475 183 272 172 94 10 176 182 379 151 237 129
3045 15 3328 272 172 94 10 237 129 41 49 176 182 279 56 258 13 379 151 453 87 475 183 440 148 341 224 425 120 236 180 55 39
4045 15 3328 236 180 475 183 425 120 379 151 237 129 341 224 272 172 279 56 176 182 94 10 55 39 41 49 258 13 440 148 453 87
5045 15 3328 440 148 272 172 258 13 237 129 236 180 55 39 425 120 176 182 41 49 475 183 94 10 279 56 379 151 341 224 453 87
1046 15 3253 495 142 105 62 417 107 255 135 198 20 355 21 230 93 334 87 299 92 362 116 397 2 440 79 27 193 90 199 63 65
2046 15 3253 299 92 230 93 440 79 362 116 334 87 198 20 355 21 105 62 63 65 417 107 495 142 90 199 397 2 27 193 255 135
3046 15 3253 255 135 230 93 417 107 495 142 198 20 355 21 397 2 63 65 27 193 90 199 105 62 440 79 334 87 362 116 299 92
4046 15 3253 355 21 495 142 63 65 230 93 440 79 397 2 362 116 334 87 27 193 198 20 417 107 299 92 255 135 90 199 105 62
5046 15 3253 440 79 90 199 334 87 355 21 362 116 198 20 299 92 417 107 255 135 495 142 63 65 27 193 397 2 230 93 105 62
1047 15 2214 259 206 2 112 293 77 124 200 322 65 94 133 357 139 63 99 338 14 182 144 163 170 20 137 122 160 33 189 396 245
2047 15 2214 357 139 338 14 122 160 322 65 33 189 2 112 396 245 63 99 293 77 259 206 94 133 20 137 163 170 182 144 124 200
3047 15 2214 322 65 259 206 122 160 182 144 293 77 20 137 2 112 357 139 396 245 338 14 63 99 163 170 33 189 94 133 124 200
4047 15 2214 259 206 122 160 124 200 182 144 293 77 163 170 357 139 20 137 33 189 322 65 338 14 63 99 2 112 94 133 396 245
5047 15 2214 293 77 182 144 122 160 94 133 259 206 322 65 2 112 124 200 20 137 338 14 63 99 357 139 33 189 396 245 163 170
1048 15 3000 105 52 139 185 224 20 99 116 228 47 82 230 318 236 188 168 412 55 180 117 487 6 290 237 189 93 458 37 352 75
2048 15 3000 188 168 318 236 139 185 352 75 224 20 105 52 99 116 180 117 290 237 487 6 458 37 82 230 189 93 412 55 228 47
3048 15 3000 189 93 180 117 82 230 139 185 99 116 105 52 352 75 412 55 290 237 318 236 188 168 458 37 487 6 224 20 228 47
4048 15 3000 228 47 458 37 290 237 412 55 105 52 180 117 99 116 82 230 189 93 139 185 318 236 352 75 188 168 487 6 224 20
5048 15 3000 487 6 224 20 352 75 99 116 188 168 105 52 228 47 458 37 318 236 139 185 180 117 412 55 189 93 82 230 290 237
1049 15 2831 437 165 323 186 54 64 94 227 185 60 274 185 245 62 192 58 234 237 263 157 466 211 85 188 8 151 327 14 352 124
2049 15 2831 437 165 274 185 245 62 8 151 192 58 323 186 85 188 94 227 185 60 352 124 327 14 54 64 466 211 234 237 263 157
3049 15 2831 8 151 263 157 466 211 94 227 85 188 352 124 323 186 437 165 192 58 54 64 327 14 185 60 245 62 274 185 234 237
4049 15 2831 8 151 85 188 466 211 94 227 245 62 185 60 234 237 352 124 54 64 323 186 327 14 263 157 192 58 274 185 437 165
5049 15 2831 54 64 352 124 327 14 8 151 94 227 466 211 245 62 274 185 437 165 85 188 263 157 185 60 192 58 323 186 234 237
1050 15 3811 245 203 186 18 315 188 266 220 482 176 451 249 469 4 303 5 307 39 5 89 488 240 487 44 208 26 400 41 152 43
2050 15 3811 303 5 307 39 482 176 451 249 5 89 266 220 487 44 208 26 315 188 245 203 469 4 488 240 186 18 152 43 400 41
3050 15 3811 451 249 303 5 186 18 487 44 482 176 315 188 400 41 307 39 488 240 208 26 152 43 266 220 245 203 5 89 469 4
4050 15 3811 482 176 400 41 5 89 186 18 487 44 245 203 307 39 303 5 315 188 469 4 266 220 488 240 208 26 451 249 152 43
5050 15 3811 482 176 488 240 307 39 186 18 5 89 266 220 208 26 451 249 400 41 487 44 315 188 303 5 245 203 152 43 469 4
1051 15 2655 457 107 321 220 135 161 21 37 27 212 138 240 407 106 183 10 206 201 30 103 361 158 481 88 163 157 116 135 273 238
2051 15 2655 163 157 481 88 321 220 206 201 135 161 273 238 407 106 138 240 30 103 457 107 183 10 116 135 21 37 361 158 27 212
3051 15 2655 183 10 273 238 361 158 21 37 163 157 27 212 407 106 30 103 206 201 457 107 138 240 481 88 135 161 116 135 321 220
4051 15 2655 481 88 273 238 183 10 116 135 457 107 21 37 361 158 321 220 30 103 27 212 206 201 163 157 135 161 407 106 138 240
5051 15 2655 206 201 116 135 407 106 273 238 21 37 183 10 30 103 321 220 138 240 361 158 481 88 27 212 457 107 163 157 135 161
1052 15 2908 425 61 128 30 233 173 151 73 184 57 353 45 17 11 79 149 184 217 256 136 210 230 470 98 436 220 247 52 262 100
2052 15 2908 128 30 184 217 247 52 256 136 233 173 262 100 470 98 151 73 210 230 436 220 353 45 184 57 79 149 425 61 17 11
3052 15 2908 210 230 436 220 184 57 79 149 128 30 256 136 151 73 470 98 425 61 233 173 247 52 184 217 262 100 17 11 353 45
4052 15 2908 184 217 79 149 247 52 436 220 128 30 17 11 353 45 151 73 233 173 425 61 184 57 210 230 470 98 256 136 262 100
5052 15 2908 353 45 184 217 184 57 210 230 17 11 256 136 79 149 470 98 262 100 151 73 247 52 425 61 128 30 436 220 233 173
1053 15 2926 442 87 395 210 331 100 277 121 459 1 19 46 11 137 405 38 244 185 164 13 206 85 43 50 138 234 320 182 204 139
2053 15 2926 405 38 244 185 206 85 138 234 331 100 395 210 442 87 19 46 459 1 320 182 164 13 43 50 11 137 277 121 204 139
3053 15 2926 19 46 277 121 395 210 331 100 244 185 405 38 164 13 206 85 459 1 204 139 43 50 442 87 11 137 320 182 138 234
4053 15 2926 244 185 138 234 331 100 459 1 164 13 11 137 206 85 277 121 204 139 395 210 320 182 19 46 405 38 43 50 442 87
5053 15 2926 43 50 405 38 442 87 320 182 277 121 206 85 244 185 204 139 11 137 19 46 395 210 331 100 164 13 459 1 138 234
1054 15 2731 97 13 190 109 107 33 70 200 319 35 130 81 316 172 187 38 109 201 308 229 249 178 285 130 338 45 218 246 491 222
2054 15 2731 107 33 338 45 218 246 97 13 308 229 130 81 285 130 249 178 70 200 491 222 187 38 109 201 319 35 190 109 316 172
3054 15 2731 285 130 249 178 190 109 130 81 316 172 491 222 338 45 70 200 218 246 308 229 319 35 97 13 109 201 187 38 107 33
4054 15 2731 70 200 319 35 97 13 107 33 316 172 308 229 491 222 218 246 190 109 338 45 285 130 130 81 187 38 249 178 109 201
5054 15 2731 308 229 338 45 109 201 491 222 130 81 218 246 187 38 97 13 70 200 285 130 190 109 107 33 319 35 316 172 249 178
1055 15 2920 312 158 367 35 407 51 128 163 382 246 155 4 106 180 361 166 440 238 279 100 115 63 208 3 133 155 229 202 29 201
2055 15 2920 208 3 133 155 312 158 29 201 155 4 440 238 279 100 128 163 115 63 229 202 382 246 106 180 361 166 407 51 367 35
3055 15 2920 155 4 279 100 382 246 29 201 208 3 106 180 367 35 440 238 115 63 133 155 229 202 407 51 361 166 312 158 128 163
4055 15 2920 407 51 29 201 361 166 312 158 367 35 440 238 128 163 279 100 115 63 382 246 208 3 155 4 106 180 133 155 229 202
5055 15 2920 106 180 115 63 155 4 440 238 29 201 382 246 208 3 133 155 407 51 229 202 128 163 312 158 361 166 367 35 279 100
1056 15 3095 232 241 51 222 77 236 342 54 463 137 285 152 101 58 142 107 204 13 193 140 185 217 388 5 373 250 490 94 343 76
2056 15 3095 463 137 51 222 285 152 232 241 142 107 343 76 101 58 193 140 373 250 204 13 490 94 342 54 77 236 185 217 388 5
3056 15 3095 342 54 373 250 193 140 490 94 101 58 142 107 463 137 77 236 185 217 343 76 285 152 51 222 204 13 232 241 388 5
4056 15 3095 51 222 193 140 388 5 232 241 285 152 77 236 142 107 204 13 101 58 185 217 343 76 373 250 490 94 463 137 342 54
5056 15 3095 342 54 101 58 204 13 232 241 142 107 388 5 285 152 185 217 463 137 193 140 373 250 51 222 77 236 343 76 490 94
1057 15 3388 407 227 58 101 250 146 311 45 377 95 224 93 371 53 175 128 363 12 457 186 237 8 468 86 6 96 239 113 292 206
2057 15 3388 6 96 371 53 292 206 237 8 407 227 58 101 224 93 468 86 311 45 250 146 377 95 239 113 457 186 363 12 175 128
3057 15 3388 468 86 363 12 237 8 457 186 239 113 292 206 224 93 407 227 371 53 377 95 6 96 175 128 58 101 311 45 250 146
4057 15 3388 407 227 175 128 292 206 311 45 239 113 363 12 457 186 6 96 58 101 237 8 224 93 377 95 468 86 371 53 250 146
5057 15 3388 468 86 58 101 250 146 457 186 239 113 175 128 407 227 311 45 363 12 371 53 292 206 377 95 224 93 237 8 6 96
1058 15 4134 66 51 350 193 298 166 427 21 269 123 489 16 380 154 200 45 420 103 193 118 383 38 471 79 449 99 352 8 421 55
2058 15 4134 193 118 298 166 383 38 421 55 380 154 200 45 489 16 269 123 471 79 350 193 427 21 352 8 66 51 449 99 420 103
3058 15 4134 427 21 489 16 449 99 420 103 350 193 383 38 66 51 200 45 193 118 421 55 471 79 269 123 380 154 298 166 352 8
4058 15 4134 298 166 471 79 489 16 269 123 383 38 421 55 193 118 427 21 420 103 380 154 200 45 449 99 350 193 66 51 352 8
5058 15 4134 352 8 471 79 383 38 489 16 66 51 350 193 269 123 380 154 420 103 298 166 427 21 421 55 193 118 449 99 200 45
1059 15 2832 226 193 128 36 184 50 166 231 414 40 470 54 22 216 12 200 166 117 127 231 385 219 499 177 359 135 301 152 81 108
2059 15 2832 359 135 414 40 127 231 81 108 499 177 12 200 166 231 184 50 128 36 166 117 385 219 22 216 226 193 470 54 301 152
3059 15 2832 127 231 359 135 128 36 184 50 499 177 470 54 12 200 166 231 414 40 301 152 226 193 22 216 81 108 166 117 385 219
4059 15 2832 301 152 385 219 166 231 22 216 128 36 127 231 81 108 184 50 166 117 499 177 359 135 470 54 12 200 414 40 226 193
5059 15 2832 127 231 301 152 184 50 166 117 128 36 359 135 385 219 414 40 81 108 166 231 22 216 226 193 12 200 499 177 470 54
1060 15 2984 464 150 158 129 213 101 426 201 327 12 95 213 25 107 184 83 170 73 324 13 171 18 136 2 293 206 303 163 442 191
2060 15 2984 442 191 95 213 158 129 213 101 171 18 170 73 25 107 464 150 184 83 324 13 327 12 426 201 303 163 136 2 293 206
3060 15 2984 324 13 327 12 170 73 184 83 293 206 25 107 158 129 426 201 95 213 213 101 171 18 464 150 136 2 303 163 442 191
4060 15 2984 136 2 184 83 25 107 171 18 426 201 95 213 442 191 213 101 293 206 327 12 324 13 464 150 303 163 158 129 170 73
5060 15 2984 303 163 293 206 324 13 136 2 442 191 95 213 213 101 184 83 25 107 170 73 464 150 171 18 158 129 426 201 327 12
1061 15 2912 453 39 198 119 11 95 5 112 123 148 305 160 141 65 396 127 317 204 302 94 449 31 185 25 140 100 217 124 399 135
2061 15 2912 198 119 140 100 5 112 11 95 396 127 453 39 305 160 123 148 399 135 317 204 185 25 141 65 449 31 302 94 217 124
3061 15 2912 453 39 396 127 123 148 305 160 399 135 140 100 302 94 317 204 141 65 5 112 198 119 11 95 217 124 185 25 449 31
4061 15 2912 140 100 11 95 317 204 399 135 305 160 217 124 449 31 302 94 123 148 5 112 198 119 396 127 185 25 141 65 453 39
5061 15 2912 317 204 123 148 11 95 302 94 198 119 449 31 396 127 453 39 399 135 185 25 217 124 140 100 305 160 5 112 141 65
1062 15 2633 50 243 134 217 222 155 231 16 20 82 332 93 210 206 413 97 33 139 308 176 363 226 389 207 169 82 61 187 357 66
2062 15 2633 20 82 332 93 413 97 357 66 389 207 222 155 61 187 33 139 134 217 210 206 231 16 363 226 308 176 50 243 169 82
3062 15 2633 231 16 389 207 134 217 210 206 308 176 222 155 357 66 169 82 332 93 363 226 61 187 50 243 20 82 33 139 413 97
4062 15 2633 363 226 357 66 231 16 222 155 389 207 134 217 61 187 33 139 20 82 413 97 50 243 308 176 332 93 210 206 169 82
5062 15 2633 413 97 308 176 332 93 363 226 169 82 134 217 61 187 231 16 357 66 33 139 50 243 20 82 222 155 210 206 389 207
1063 15 3652 256 25 423 2 218 53 448 145 486 49 308 40 420 140 464 186 160 12 452 126 135 13 47 248 289 175 140 141 319 29
2063 15 3652 423 2 448 145 420 140 308 40 452 126 140 141 464 186 256 25 486 49 319 29 135 13 47 248 160 12 218 53 289 175
3063 15 3652 256 25 452 126 308 40 448 145 160 12 423 2 140 141 135 13 319 29 486 49 289 175 420 140 218 53 47 248 464 186
4063 15 3652 423 2 160 12 289 175 464 186 452 126 135 13 47 248 218 53 420 140 448 145 256 25 308 40 486 49 140 141 319 29
5063 15 3652 256 25 289 175 486 49 423 2 452 126 420 140 160 12 140 141 319 29 308 40 47 248 218 53 464 186 448 145 135 13
1064 15 3631 314 40 75 248 364 3 54 54 479 86 271 3 237 218 422 166 173 167 481 74 326 190 351 46 187 33 383 24 422 48
2064 15 3631 481 74 364 3 314 40 326 190 271 3 75 248 237 218 422 166 173 167 351 46 54 54 479 86 422 48 187 33 383 24
3064 15 3631 237 218 187 33 314 40 364 3 481 74 75 248 351 46 479 86 422 48 54 54 383 24 326 190 271 3 422 166 173 167
4064 15 3631 422 48 237 218 187 33 173 167 326 190 75 248 351 46 314 40 383 24 479 86 364 3 271 3 481 74 422 166 54 54
5064 15 3631 479 86 481 74 75 248 364 3 173 167 326 190 237 218 54 54 422 48 351 46 187 33 314 40 271 3 383 24 422 166
1065 15 2673 214 46 42 21 87 179 313 35 228 81 237 179 36 180 447 150 261 47 225 45 456 133 151 140 183 195 458 158 4 129
2065 15 2673 447 150 237 179 225 45 228 81 36 180 4 129 87 179 456 133 42 21 214 46 261 47 183 195 313 35 458 158 151 140
3065 15 2673 237 179 183 195 151 140 458 158 313 35 261 47 447 150 4 129 36 180 87 179 214 46 225 45 228 81 42 21 456 133
4065 15 2673 447 150 214 46 456 133 183 195 36 180 313 35 225 45 151 140 42 21 228 81 261 47 458 158 87 179 4 129 237 179
5065 15 2673 42 21 456 133 225 45 458 158 214 46 151 140 237 179 447 150 183 195 228 81 313 35 87 179 261 47 4 129 36 180
1066 15 2386 217 13 81 127 28 3 373 220 204 166 401 134 432 108 63 213 73 72 326 138 124 15 5 136 204 178 343 112 109 134
2066 15 2386 109 134 326 138 73 72 204 166 373 220 343 112 217 13 124 15 204 178 81 127 5 136 28 3 63 213 401 134 432 108
3066 15 2386 63 213 109 134 343 112 28 3 432 108 217 13 5 136 81 127 204 178 373 220 401 134 204 166 124 15 73 72 326 138
4066 15 2386 109 134 343 112 204 178 326 138 204 166 432 108 5 136 63 213 401 134 217 13 81 127 124 15 73 72 28 3 373 220
5066 15 2386 124 15 432 108 373 220 204 178 401 134 343 112 81 127 5 136 63 213 28 3 204 166 109 134 73 72 217 13 326 138
1067 15 3464 195 223 174 42 480 162 147 53 433 203 100 8 349 200 324 147 406 76 269 19 180 191 496 55 403 246 48 65 327 169
2067 15 3464 433 203 180 191 100 8 324 147 480 162 406 76 195 223 327 169 349 200 403 246 147 53 496 55 174 42 269 19 48 65
3067 15 3464 180 191 174 42 496 55 349 200 195 223 324 147 327 169 100 8 48 65 433 203 403 246 406 76 269 19 480 162 147 53
4067 15 3464 433 203 48 65 100 8 496 55 349 200 195 223 180 191 327 169 269 19 406 76 147 53 174 42 403 246 480 162 324 147
5067 15 3464 496 55 269 19 147 53 100 8 349 200 324 147 180 191 174 42 195 223 48 65 433 203 403 246 480 162 327 169 406 76
1068 15 3488 369 235 173 102 417 203 282 119 355 26 36 168 208 201 303 157 368 234 420 23 350 239 372 241 304 10 344 177 60 65
2068 15 3488 282 119 36 168 304 10 173 102 420 23 60 65 350 239 355 26 344 177 369 235 372 241 303 157 368 234 208 201 417 203
3068 15 3488 304 10 417 203 173 102 369 235 350 239 368 234 282 119 60 65 303 157 420 23 355 26 36 168 344 177 372 241 208 201
4068 15 3488 282 119 420 23 344 177 303 157 369 235 304 10 173 102 36 168 208 201 355 26 60 65 350 239 417 203 368 234 372 241
5068 15 3488 36 168 303 157 344 177 420 23 304 10 173 102 372 241 208 201 350 239 369 235 282 119 368 234 355 26 417 203 60 65
1069 15 2866 147 20 367 100 171 70 100 160 100 27 331 167 113 233 117 84 87 116 207 121 403 200 426 161 422 61 180 139 412 211
2069 15 2866 171 70 117 84 207 121 100 160 412 211 426 161 147 20 422 61 113 233 403 200 87 116 331 167 367 100 180 139 100 27
3069 15 2866 331 167 171 70 87 116 180 139 367 100 412 211 100 27 422 61 403 200 207 121 426 161 100 160 147 20 113 233 117 84
4069 15 2866 171 70 147 20 87 116 207 121 412 211 117 84 100 160 403 200 100 27 422 61 426 161 367 100 180 139 113 233 331 167
5069 15 2866 180 139 422 61 100 160 87 116 403 200 412 211 426 161 171 70 331 167 113 233 367 100 207 121 100 27 147 20 117 84
1070 15 3456 17 141 283 188 130 1 467 246 445 83 228 90 293 145 283 192 334 108 415 3 290 96 62 138 221 167 431 91 421 204
2070 15 3456 467 246 283 192 130 1 290 96 228 90 334 108 62 138 293 145 221 167 445 83 431 91 421 204 415 3 283 188 17 141
3070 15 3456 17 141 415 3 334 108 431 91 283 192 445 83 62 138 293 145 283 188 221 167 290 96 228 90 130 1 421 204 467 246
4070 15 3456 445 83 62 138 293 145 415 3 228 90 130 1 431 91 290 96 283 192 221 167 421 204 467 246 17 141 334 108 283 188
5070 15 3456 283 192 334 108 445 83 415 3 431 91 283 188 421 204 467 246 130 1 290 96 62 138 17 141 293 145 228 90 221 167
1071 15 3326 437 220 407 5 103 143 273 80 356 210 81 178 349 36 500 169 388 147 213 97 101 36 61 136 201 79 280 234 408 3
2071 15 3326 273 80 500 169 388 147 103 143 81 178 408 3 280 234 201 79 101 36 349 36 437 220 356 210 61 136 213 97 407 5
3071 15 3326 103 143 356 210 61 136 201 79 280 234 388 147 273 80 81 178 349 36 408 3 500 169 213 97 407 5 101 36 437 220
4071 15 3326 408 3 61 136 103 143 213 97 437 220 201 79 273 80 356 210 407 5 349 36 388 147 500 169 81 178 280 234 101 36
5071 15 3326 213 97 500 169 388 147 81 178 201 79 103 143 407 5 101 36 408 3 437 220 349 36 273 80 61 136 356 210 280 234
1072 15 3156 247 236 373 99 386 220 353 199 240 72 180 204 259 189 341 117 75 126 75 33 59 1 362 69 372 168 194 53 429 137
2072 15 3156 341 117 353 199 75 126 180 204 240 72 429 137 75 33 247 236 373 99 372 168 194 53 386 220 362 69 59 1 259 189
3072 15 3156 362 69 59 1 180 204 194 53 75 33 372 168 240 72 259 189 247 236 353 199 373 99 341 117 429 137 386 220 75 126
4072 15 3156 247 236 75 126 259 189 341 117 386 220 353 199 180 204 240 72 194 53 373 99 429 137 59 1 362 69 372 168 75 33
5072 15 3156 75 126 353 199 180 204 386 220 75 33 373 99 372 168 259 189 240 72 429 137 362 69 341 117 247 236 59 1 194 53
1073 15 2887 70 45 275 238 279 129 310 98 125 143 365 137 204 22 175 15 360 174 19 169 330 216 473 132 445 32 10 91 169 94
2073 15 2887 275 238 19 169 70 45 175 15 360 174 10 91 330 216 445 32 473 132 310 98 169 94 279 129 365 137 204 22 125 143
3073 15 2887 330 216 445 32 175 15 310 98 279 129 473 132 360 174 275 238 19 169 125 143 70 45 169 94 10 91 365 137 204 22
4073 15 2887 204 22 279 129 330 216 175 15 310 98 360 174 473 132 19 169 10 91 125 143 275 238 70 45 169 94 365 137 445 32
5073 15 2887 204 22 365 137 125 143 279 129 445 32 473 132 169 94 10 91 275 238 330 216 19 169 70 45 310 98 175 15 360 174
1074 15 3140 347 173 430 150 166 156 424 97 148 62 75 180 63 13 444 24 398 78 79 155 442 16 487 63 73 27 257 247 93 85
2074 15 3140 424 97 93 85 257 247 442 16 75 180 73 27 79 155 444 24 398 78 63 13 430 150 347 173 148 62 166 156 487 63
3074 15 3140 398 78 73 27 442 16 257 247 487 63 347 173 79 155 63 13 424 97 430 150 75 180 93 85 166 156 444 24 148 62
4074 15 3140 398 78 79 155 444 24 93 85 430 150 148 62 424 97 442 16 257 247 73 27 347 173 63 13 75 180 166 156 487 63
5074 15 3140 75 180 148 62 166 156 487 63 430 150 93 85 347 173 424 97 444 24 442 16 257 247 79 155 73 27 398 78 63 13
1075 15 2373 165 77 334 168 89 163 47 28 87 111 203 215 256 72 439 39 2 247 33 79 311 100 372 44 223 239 239 127 167 1
2075 15 2373 223 239 2 247 167 1 334 168 203 215 165 77 311 100 439 39 372 44 47 28 256 72 33 79 239 127 87 111 89 163
3075 15 2373 89 163 372 44 165 77 439 39 47 28 87 111 223 239 203 215 239 127 167 1 334 168 2 247 33 79 311 100 256 72
4075 15 2373 203 215 165 77 223 239 47 28 311 100 256 72 334 168 33 79 167 1 87 111 89 163 439 39 239 127 2 247 372 44
5075 15 2373 311 100 239 127 89 163 167 1 47 28 372 44 87 111 439 39 334 168 2 247 256 72 165 77 223 239 203 215 33 79
1076 15 2704 224 203 138 121 195 207 110 249 459 5 429 84 194 124 19 211 382 163 170 126 180 38 188 178 247 90 181 134 265 186
2076 15 2704 138 121 224 203 188 178 110 249 459 5 382 163 194 124 170 126 181 134 247 90 429 84 265 186 195 207 180 38 19 211
3076 15 2704 181 134 195 207 188 178 19 211 459 5 382 163 265 186 194 124 429 84 224 203 180 38 138 121 247 90 170 126 110 249
4076 15 2704 110 249 19 211 265 186 170 126 247 90 180 38 181 134 224 203 429 84 459 5 138 121 188 178 194 124 195 207 382 163
5076 15 2704 181 134 247 90 19 211 180 38 459 5 429 84 110 249 170 126 382 163 224 203 188 178 194 124 265 186 195 207 138 121
1077 15 3255 250 35 286 55 460 91 355 214 221 227 487 179 189 46 1 39 88 162 285 214 149 95 293 179 468 235 397 91 140 136
2077 15 3255 149 95 397 91 468 235 140 136 487 179 221 227 460 91 355 214 250 35 1 39 285 214 189 46 286 55 88 162 293 179
3077 15 3255 468 235 293 179 487 179 149 95 355 214 250 35 88 162 285 214 221 227 140 136 1 39 460 91 286 55 189 46 397 91
4077 15 3255 460 91 285 214 293 179 250 35 88 162 397 91 140 136 468 235 189 46 1 39 149 95 286 55 355 214 487 179 221 227
5077 15 3255 250 35 189 46 1 39 397 91 221 227 460 91 149 95 355 214 285 214 468 235 88 162 286 55 487 179 293 179 140 136
1078 15 2880 146 157 162 118 215 86 425 41 376 145 311 179 247 26 337 224 61 31 61 104 159 249 444 63 335 125 210 153 111 114
2078 15 2880 215 86 337 224 247 26 335 125 210 153 61 104 444 63 61 31 146 157 425 41 111 114 159 249 311 179 376 145 162 118
3078 15 2880 111 114 335 125 311 179 247 26 425 41 61 31 159 249 146 157 376 145 337 224 210 153 215 86 162 118 444 63 61 104
4078 15 2880 162 118 61 104 210 153 247 26 159 249 61 31 311 179 215 86 111 114 425 41 146 157 376 145 337 224 335 125 444 63
5078 15 2880 146 157 210 153 159 249 444 63 425 41 335 125 247 26 337 224 111 114 215 86 61 31 376 145 61 104 162 118 311 179
1079 15 3381 216 18 119 130 261 6 452 215 123 116 125 90 382 199 496 75 411 77 302 54 387 211 116 87 239 91 151 164 447 249
2079 15 3381 239 91 116 87 447 249 123 116 216 18 119 130 382 199 302 54 125 90 452 215 496 75 411 77 387 211 261 6 151 164
3079 15 3381 447 249 119 130 116 87 382 199 302 54 496 75 151 164 216 18 239 91 452 215 125 90 411 77 261 6 387 211 123 116
4079 15 3381 302 54 411 77 382 199 447 249 119 130 452 215 123 116 216 18 116 87 496 75 387 211 261 6 239 91 125 90 151 164
5079 15 3381 116 87 261 6 387 211 119 130 151 164 302 54 411 77 123 116 452 215 447 249 239 91 216 18 496 75 125 90 382 199
1080 15 2783 325 136 293 222 235 62 371 175 444 101 168 180 319 76 218 241 4 109 92 78 103 40 244 36 409 118 217 54 37 150
2080 15 2783 4 109 325 136 217 54 103 40 319 76 168 180 444 101 235 62 409 118 293 222 371 175 218 241 244 36 92 78 37 150
3080 15 2783 325 136 218 241 244 36 37 150 293 222 103 40 217 54 235 62 4 109 168 180 371 175 409 118 92 78 444 101 319 76
4080 15 2783 244 36 217 54 37 150 235 62 371 175 444 101 319 76 409 118 218 241 325 136 103 40 168 180 4 109 92 78 293 222
5080 15 2783 218 241 4 109 371 175 325 136 235 62 217 54 409 118 168 180 444 101 92 78 37 150 244 36 319 76 293 222 103 40
1081 15 3298 378 173 1 23 90 244 453 160 385 95 213 73 127 207 390 40 379 70 119 81 491 185 215 14 152 161 268 10 462 246
2081 15 3298 378 173 379 70 119 81 268 10 1 23 453 160 215 14 462 246 385 95 491 185 213 73 127 207 390 40 90 244 152 161
3081 15 3298 462 246 1 23 390 40 268 10 379 70 453 160 378 173 119 81 90 244 127 207 491 185 215 14 385 95 213 73 152 161
4081 15 3298 127 207 90 244 378 173 462 246 390 40 152 161 1 23 379 70 491 185 453 160 215 14 119 81 268 10 385 95 213 73
5081 15 3298 379 70 385 95 462 246 491 185 213 73 378 173 453 160 152 161 90 244 390 40 268 10 215 14 127 207 119 81 1 23
1082 15 2324 41 195 177 223 368 161 133 143 175 237 239 107 15 31 198 58 412 215 327 94 131 99 180 87 63 31 16 233 430 41
2082 15 2324 15 31 239 107 175 237 16 233 368 161 177 223 412 215 430 41 133 143 131 99 63 31 198 58 41 195 327 94 180 87
3082 15 2324 327 94 368 161 239 107 15 31 198 58 63 31 177 223 175 237 430 41 16 233 41 195 412 215 180 87 131 99 133 143
4082 15 2324 412 215 175 237 177 223 180 87 239 107 368 161 430 41 15 31 198 58 16 233 327 94 41 195 131 99 133 143 63 31
5082 15 2324 177 223 175 237 327 94 368 161 131 99 412 215 198 58 180 87 15 31 41 195 239 107 63 31 430 41 133 143 16 233
1083 15 3166 333 213 268 182 354 161 82 46 9 20 404 59 440 147 223 250 21 240 261 58 333 28 144 248 142 249 490 58 454 60
2083 15 3166 354 161 268 182 454 60 490 58 261 58 21 240 144 248 9 20 142 249 333 28 440 147 82 46 404 59 333 213 223 250
3083 15 3166 21 240 82 46 333 213 354 161 268 182 223 250 454 60 144 248 404 59 333 28 142 249 9 20 440 147 490 58 261 58
4083 15 3166 82 46 9 20 404 59 144 248 333 28 440 147 454 60 261 58 333 213 21 240 142 249 268 182 490 58 354 161 223 250
5083 15 3166 333 28 333 213 223 250 268 182 404 59 440 147 490 58 82 46 9 20 454 60 354 161 142 249 261 58 21 240 144 248
1084 15 2452 129 205 242 162 14 223 280 119 303 29 6 143 212 45 281 129 67 112 133 105 123 94 111 91 468 69 381 163 316 145
2084 15 2452 14 223 242 162 111 91 468 69 381 163 123 94 316 145 303 29 6 143 281 129 133 105 212 45 129 205 67 112 280 119
3084 15 2452 303 29 212 45 316 145 133 105 6 143 281 129 280 119 129 205 67 112 123 94 242 162 14 223 381 163 468 69 111 91
4084 15 2452 67 112 281 129 280 119 303 29 316 145 468 69 111 91 212 45 6 143 242 162 133 105 129 205 381 163 123 94 14 223
5084 15 2452 281 129 133 105 242 162 381 163 67 112 468 69 6 143 111 91 280 119 14 223 316 145 123 94 303 29 129 205 212 45
1085 15 2951 368 46 195 239 191 138 92 155 73 112 178 116 347 83 338 127 243 186 10 67 156 171 196 106 462 226 387 163 453 165
2085 15 2951 368 46 156 171 178 116 243 186 191 138 10 67 387 163 338 127 462 226 73 112 196 106 195 239 453 165 92 155 347 83
3085 15 2951 191 138 243 186 196 106 387 163 178 116 73 112 347 83 195 239 156 171 368 46 453 165 462 226 92 155 338 127 10 67
4085 15 2951 347 83 92 155 178 116 338 127 73 112 156 171 387 163 196 106 462 226 195 239 243 186 191 138 10 67 453 165 368 46
5085 15 2951 196 106 462 226 368 46 92 155 347 83 73 112 195 239 156 171 453 165 387 163 191 138 338 127 10 67 243 186 178 116
1086 15 2945 289 137 236 111 100 136 229 150 274 55 37 39 296 85 169 46 180 220 79 119 145 31 347 3 447 134 464 148 390 56
2086 15 2945 390 56 100 136 347 3 145 31 169 46 289 137 236 111 229 150 296 85 79 119 464 148 37 39 447 134 180 220 274 55
3086 15 2945 347 3 169 46 390 56 464 148 145 31 100 136 37 39 289 137 296 85 79 119 229 150 180 220 274 55 447 134 236 111
4086 15 2945 100 136 37 39 180 220 79 119 145 31 447 134 390 56 296 85 347 3 169 46 236 111 464 148 289 137 274 55 229 150
5086 15 2945 180 220 236 111 100 136 447 134 229 150 289 137 296 85 145 31 169 46 79 119 37 39 464 148 274 55 347 3 390 56
1087 15 2244 167 109 331 158 62 25 113 213 107 39 180 190 153 114 62 208 26 196 244 206 251 25 156 58 343 210 405 212 205 109
2087 15 2244 113 213 153 114 62 25 331 158 343 210 205 109 26 196 244 206 167 109 62 208 405 212 107 39 156 58 180 190 251 25
3087 15 2244 205 109 62 208 62 25 113 213 156 58 153 114 244 206 251 25 167 109 331 158 107 39 405 212 180 190 343 210 26 196
4087 15 2244 405 212 113 213 343 210 167 109 251 25 180 190 26 196 62 25 244 206 156 58 153 114 107 39 331 158 205 109 62 208
5087 15 2244 26 196 62 208 331 158 251 25 180 190 107 39 156 58 62 25 343 210 244 206 167 109 153 114 205 109 113 213 405 212
1088 15 2623 139 221 464 18 42 205 212 155 339 47 17 169 15 95 216 37 472 198 296 59 48 31 67 229 451 38 180 183 321 204
2088 15 2623 17 169 464 18 339 47 180 183 212 155 15 95 67 229 48 31 42 205 296 59 472 198 216 37 451 38 139 221 321 204
3088 15 2623 17 169 451 38 180 183 15 95 67 229 321 204 42 205 472 198 48 31 212 155 339 47 296 59 464 18 139 221 216 37
4088 15 2623 296 59 464 18 321 204 17 169 42 205 180 183 139 221 216 37 67 229 451 38 48 31 15 95 472 198 339 47 212 155
5088 15 2623 17 169 216 37 464 18 67 229 339 47 212 155 296 59 48 31 180 183 451 38 15 95 139 221 42 205 472 198 321 204
1089 15 3900 369 41 398 159 383 113 230 229 499 162 487 230 343 17 50 35 297 44 185 158 133 215 401 96 412 169 374 193 315 3
2089 15 3900 369 41 133 215 374 193 230 229 185 158 398 159 487 230 297 44 383 113 499 162 50 35 315 3 401 96 343 17 412 169
3089 15 3900 383 113 401 96 50 35 343 17 499 162 297 44 133 215 398 159 374 193 412 169 230 229 185 158 369 41 487 230 315 3
4089 15 3900 401 96 50 35 185 158 315 3 499 162 487 230 230 229 297 44 383 113 343 17 369 41 398 159 374 193 412 169 133 215
5089 15 3900 297 44 343 17 499 162 401 96 369 41 50 35 398 159 383 113 487 230 315 3 374 193 185 158 412 169 133 215 230 229
1090 15 2960 249 88 495 94 402 225 240 89 380 208 392 126 71 101 78 178 235 249 49 209 246 236 362 181 165 98 308 21 28 237
2090 15 2960 495 94 78 178 392 126 240 89 362 181 380 208 249 88 49 209 165 98 71 101 28 237 235 249 402 225 246 236 308 21
3090 15 2960 28 237 246 236 249 88 380 208 235 249 49 209 71 101 78 178 402 225 392 126 165 98 362 181 495 94 308 21 240 89
4090 15 2960 249 88 380 208 235 249 402 225 165 98 71 101 362 181 49 209 308 21 246 236 78 178 240 89 28 237 495 94 392 126
5090 15 2960 235 249 240 89 392 126 165 98 402 225 380 208 249 88 71 101 49 209 78 178 495 94 362 181 28 237 308 21 246 236
1091 15 2965 481 42 486 109 242 15 433 66 102 240 404 204 37 33 177 227 51 201 312 103 158 25 242 45 136 119 148 107 298 84
2091 15 2965 433 66 486 109 177 227 148 107 136 119 158 25 312 103 37 33 242 45 298 84 404 204 102 240 51 201 481 42 242 15
3091 15 2965 51 201 298 84 158 25 136 119 102 240 312 103 177 227 404 204 481 42 242 15 433 66 37 33 486 109 242 45 148 107
4091 15 2965 481 42 298 84 102 240 177 227 242 15 51 201 242 45 404 204 148 107 486 109 136 119 312 103 433 66 37 33 158 25
5091 15 2965 51 201 242 45 177 227 102 240 312 103 298 84 486 109 433 66 148 107 158 25 242 15 481 42 37 33 136 119 404 204
1092 15 3572 148 219 425 128 433 34 33 15 318 250 455 238 399 75 46 111 399 3 378 139 438 23 310 26 498 16 133 53 52 207
2092 15 3572 498 16 378 139 425 128 52 207 399 3 318 250 46 111 133 53 455 238 433 34 438 23 310 26 148 219 33 15 399 75
3092 15 3572 133 53 52 207 438 23 378 139 33 15 498 16 318 250 310 26 46 111 425 128 399 3 455 238 433 34 148 219 399 75
4092 15 3572 318 250 52 207 425 128 498 16 310 26 399 75 378 139 433 34 148 219 455 238 133 53 33 15 399 3 438 23 46 111
5092 15 3572 425 128 52 207 378 139 455 238 433 34 33 15 148 219 318 250 438 23 46 111 498 16 310 26 399 3 133 53 399 75
1093 15 2799 461 245 42 18 3 180 279 239 23 166 450 80 128 223 313 167 134 7 98 140 408 47 374 29 261 159 381 93 144 135
2093 15 2799 3 180 450 80 461 245 134 7 42 18 313 167 128 223 279 239 144 135 408 47 261 159 374 29 98 140 23 166 381 93
3093 15 2799 381 93 23 166 279 239 408 47 3 180 313 167 98 140 42 18 134 7 374 29 144 135 261 159 128 223 461 245 450 80
4093 15 2799 3 180 461 245 279 239 128 223 42 18 374 29 381 93 261 159 23 166 144 135 450 80 98 140 134 7 408 47 313 167
5093 15 2799 134 7 23 166 461 245 279 239 450 80 408 47 144 135 313 167 42 18 261 159 3 180 374 29 128 223 98 140 381 93
1094 15 2522 334 216 119 173 126 174 169 146 164 103 382 88 67 162 174 144 24 97 445 15 467 85 244 86 53 58 197 205 188 217
2094 15 2522 53 58 169 146 382 88 445 15 126 174 197 205 188 217 244 86 334 216 174 144 164 103 24 97 67 162 119 173 467 85
3094 15 2522 67 162 382 88 188 217 169 146 174 144 244 86 467 85 126 174 24 97 197 205 119 173 445 15 164 103 334 216 53 58
4094 15 2522 188 217 445 15 467 85 382 88 67 162 164 103 197 205 169 146 174 144 53 58 119 173 126 174 334 216 24 97 244 86
5094 15 2522 334 216 53 58 382 88 197 205 24 97 174 144 445 15 244 86 67 162 188 217 467 85 164 103 126 174 119 173 169 146
1095 15 2884 68 14 256 79 301 198 212 75 477 192 269 50 139 180 352 103 4 243 141 186 251 243 140 59 481 208 25 186 490 201
2095 15 2884 251 243 68 14 25 186 141 186 256 79 212 75 352 103 139 180 477 192 140 59 490 201 4 243 301 198 269 50 481 208
3095 15 2884 256 79 490 201 269 50 25 186 140 59 139 180 4 243 481 208 251 243 352 103 301 198 68 14 212 75 477 192 141 186
4095 15 2884 68 14 477 192 251 243 140 59 490 201 212 75 4 243 352 103 25 186 141 186 269 50 481 208 139 180 256 79 301 198
5095 15 2884 477 192 68 14 25 186 301 198 140 59 139 180 481 208 256 79 141 186 490 201 4 243 251 243 352 103 269 50 212 75
1096 15 3193 319 19 251 113 81 127 73 73 483 214 78 95 453 71 335 146 324 194 279 238 329 222 472 219 427 209 68 114 20 193
2096 15 3193 453 71 324 194 329 222 68 114 319 19 81 127 472 219 251 113 483 214 78 95 279 238 20 193 73 73 335 146 427 209
3096 15 3193 335 146 427 209 20 193 251 113 329 222 81 127 472 219 279 238 483 214 68 114 78 95 319 19 324 194 73 73 453 71
4096 15 3193 68 114 329 222 78 95 319 19 81 127 20 193 324 194 251 113 483 214 335 146 279 238 453 71 73 73 427 209 472 219
5096 15 3193 453 71 78 95 483 214 319 19 335 146 73 73 427 209 81 127 279 238 324 194 472 219 329 222 20 193 251 113 68 114
1097 15 2792 488 26 382 54 490 236 268 193 183 5 75 18 275 149 197 61 38 165 296 168 20 71 407 241 121 99 16 69 235 47
2097 15 2792 16 69 121 99 275 149 268 193 490 236 197 61 38 165 488 26 183 5 407 241 296 168 382 54 235 47 20 71 75 18
3097 15 2792 268 193 407 241 235 47 75 18 197 61 490 236 296 168 121 99 488 26 38 165 183 5 275 149 382 54 16 69 20 71
4097 15 2792 183 5 16 69 75 18 197 61 296 168 382 54 235 47 20 71 121 99 490 236 268 193 38 165 275 149 407 241 488 26
5097 15 2792 275 149 268 193 75 18 490 236 38 165 407 241 121 99 20 71 16 69 183 5 235 47 488 26 296 168 382 54 197 61
1098 15 3332 395 53 251 61 407 4 489 189 270 54 299 242 393 203 432 161 105 85 356 40 347 215 243 33 117 59 58 137 3 102
2098 15 3332 356 40 299 242 105 85 251 61 407 4 347 215 243 33 270 54 58 137 393 203 489 189 395 53 432 161 117 59 3 102
3098 15 3332 117 59 395 53 105 85 407 4 58 137 270 54 393 203 299 242 432 161 356 40 489 189 251 61 3 102 347 215 243 33
4098 15 3332 243 33 299 242 117 59 489 189 251 61 432 161 407 4 395 53 105 85 347 215 393 203 356 40 270 54 3 102 58 137
5098 15 3332 432 161 3 102 243 33 117 59 58 137 356 40 407 4 251 61 489 189 299 242 105 85 393 203 395 53 270 54 347 215
1099 15 2563 89 96 412 74 48 223 388 197 314 229 94 177 184 155 353 226 468 105 260 234 67 236 202 37 227 219 20 149 78 34
2099 15 2563 353 226 468 105 20 149 314 229 412 74 94 177 89 96 227 219 260 234 78 34 388 197 202 37 48 223 67 236 184 155
3099 15 2563 202 37 388 197 67 236 89 96 412 74 353 226 260 234 314 229 468 105 20 149 78 34 94 177 48 223 184 155 227 219
4099 15 2563 48 223 468 105 412 74 388 197 353 226 67 236 89 96 184 155 202 37 260 234 94 177 20 149 78 34 227 219 314 229
5099 15 2563 412 74 94 177 314 229 78 34 67 236 184 155 202 37 388 197 468 105 260 234 48 223 89 96 353 226 20 149 227 219
1100 15 2872 349 47 164 177 78 237 245 227 498 169 324 175 309 72 67 143 34 88 197 46 310 31 400 135 269 122 64 10 282 226
2100 15 2872 64 10 282 226 34 88 67 143 310 31 269 122 498 169 197 46 324 175 349 47 309 72 400 135 245 227 78 237 164 177
3100 15 2872 498 169 349 47 309 72 78 237 282 226 245 227 34 88 310 31 400 135 67 143 324 175 269 122 164 177 197 46 64 10
4100 15 2872 349 47 164 177 197 46 245 227 67 143 498 169 324 175 64 10 282 226 310 31 78 237 269 122 400 135 34 88 309 72
5100 15 2872 282 226 310 31 349 47 34 88 498 169 400 135 64 10 269 122 197 46 324 175 67 143 164 177 78 237 309 72 245 227
