1001 20 8413 595 109 452 38 242 568 547 660 657 520 144 172 800 506 334 30 89 776 470 200 486 89 401 89 586 602 977 29 901 617 259 295 297 32 852 170 572 350 856 269
2001 20 8413 470 200 800 506 572 350 856 269 977 29 547 660 657 520 334 30 595 109 89 776 852 170 259 295 297 32 486 89 586 602 242 568 901 617 401 89 144 172 452 38
3001 20 8413 800 506 595 109 259 295 977 29 901 617 242 568 486 89 852 170 856 269 89 776 470 200 452 38 334 30 547 660 586 602 657 520 572 350 297 32 144 172 401 89
4001 20 8413 452 38 800 506 856 269 486 89 547 660 401 89 586 602 297 32 89 776 242 568 470 200 144 172 595 109 901 617 572 350 977 29 334 30 259 295 657 520 852 170
5001 20 8413 259 295 144 172 586 602 856 269 572 350 470 200 401 89 657 520 547 660 852 170 334 30 242 568 800 506 89 776 452 38 595 109 297 32 977 29 486 89 901 617
1002 20 9607 530 197 138 693 535 199 701 86 675 298 427 67 854 943 640 166 743 782 213 862 708 46 629 956 294 741 650 708 937 833 345 270 448 152 962 607 751 307 829 354
2002 20 9607 345 270 530 197 937 833 743 782 138 693 962 607 854 943 294 741 448 152 708 46 629 956 675 298 427 67 751 307 701 86 829 354 650 708 535 199 640 166 213 862
3002 20 9607 743 782 427 67 448 152 640 166 708 46 294 741 650 708 937 833 675 298 629 956 701 86 854 943 138 693 535 199 345 270 530 197 962 607 213 862 751 307 829 354
4002 20 9607 743 782 937 833 829 354 629 956 962 607 675 298 427 67 530 197 138 693 854 943 448 152 650 708 345 270 701 86 535 199 213 862 640 166 294 741 708 46 751 307
5002 20 9607 708 46 751 307 675 298 427 67 701 86 294 741 640 166 829 354 629 956 854 943 743 782 962 607 138 693 345 270 535 199 448 152 937 833 530 197 650 708 213 862
1003 20 9579 575 770 484 776 316 768 839 617 966 202 503 928 672 944 219 643 471 305 682 740 982 795 774 68 666 322 539 198 466 722 392 933 773 886 108 137 620 905 927 437
2003 20 9579 666 322 316 768 839 617 774 68 219 643 620 905 539 198 108 137 392 933 773 886 466 722 503 928 471 305 484 776 982 795 672 944 927 437 575 770 966 202 682 740
3003 20 9579 108 137 682 740 539 198 620 905 982 795 503 928 773 886 575 770 774 68 484 776 927 437 392 933 316 768 666 322 839 617 471 305 466 722 966 202 672 944 219 643
4003 20 9579 966 202 575 770 620 905 839 617 773 886 666 322 539 198 108 137 471 305 392 933 503 928 316 768 466 722 484 776 219 643 982 795 774 68 672 944 927 437 682 740
5003 20 9579 316 768 539 198 219 643 672 944 966 202 503 928 466 722 773 886 108 137 927 437 471 305 774 68 682 740 620 905 575 770 392 933 839 617 982 795 666 322 484 776
1004 20 8379 399 132 660 575 639 553 906 866 184 412 476 904 877 56 605 99 454 796 266 637 733 586 692 872 161 162 283 676 645 919 558 634 232 646 754 382 887 796 63 948
2004 20 8379 558 634 454 796 877 56 63 948 476 904 887 796 733 586 399 132 184 412 660 575 692 872 639 553 645 919 605 99 266 637 283 676 232 646 906 866 754 382 161 162
3004 20 8379 887 796 232 646 184 412 605 99 645 919 906 866 476 904 161 162 733 586 660 575 692 872 754 382 877 56 454 796 283 676 63 948 639 553 558 634 266 637 399 132
4004 20 8379 877 56 605 99 161 162 754 382 184 412 399 132 692 872 887 796 558 634 660 575 232 646 266 637 454 796 639 553 476 904 906 866 645 919 283 676 733 586 63 948
5004 20 8379 645 919 877 56 660 575 232 646 266 637 283 676 399 132 558 634 63 948 605 99 476 904 733 586 161 162 454 796 906 866 639 553 692 872 754 382 184 412 887 796
1005 20 9012 586 698 301 701 343 599 97 710 300 223 875 423 398 970 705 518 933 990 980 992 185 226 826 375 849 579 319 917 502 980 751 853 859 80 809 242 430 281 218 408
2005 20 9012 751 853 980 992 502 980 859 80 185 226 586 698 705 518 300 223 301 701 319 917 218 408 933 990 97 710 826 375 875 423 430 281 809 242 849 579 398 970 343 599
3005 20 9012 300 223 398 970 301 701 343 599 826 375 933 990 97 710 751 853 430 281 319 917 859 80 185 226 875 423 502 980 809 242 980 992 218 408 849 579 586 698 705 518
4005 20 9012 705 518 751 853 398 970 826 375 343 599 300 223 502 980 980 992 185 226 933 990 430 281 875 423 809 242 849 579 319 917 859 80 218 408 97 710 301 701 586 698
5005 20 9012 751 853 398 970 705 518 980 992 586 698 933 990 875 423 319 917 185 226 809 242 502 980 97 710 301 701 343 599 849 579 218 408 859 80 826 375 300 223 430 281
1006 20 8448 237 297 981 450 448 157 459 354 454 845 10 807 890 670 801 71 711 813 789 124 822 468 104 332 406 927 631 841 785 490 361 223 295 203 281 379 480 810 615 256
2006 20 8448 480 810 104 332 822 468 454 845 890 670 406 927 361 223 281 379 237 297 459 354 631 841 981 450 615 256 801 71 785 490 711 813 789 124 448 157 10 807 295 203
3006 20 8448 448 157 480 810 631 841 459 354 237 297 104 332 615 256 801 71 822 468 361 223 406 927 890 670 281 379 454 845 981 450 295 203 711 813 10 807 789 124 785 490
4006 20 8448 459 354 281 379 406 927 104 332 789 124 981 450 237 297 454 845 890 670 785 490 801 71 361 223 711 813 10 807 480 810 615 256 448 157 822 468 631 841 295 203
5006 20 8448 361 223 789 124 295 203 237 297 454 845 890 670 10 807 785 490 104 332 406 927 480 810 711 813 615 256 801 71 448 157 459 354 631 841 981 450 822 468 281 379
1007 20 7807 423 440 300 110 933 142 622 500 870 498 98 945 119 990 568 320 928 269 719 274 283 918 263 401 42 8 312 62 119 806 994 317 330 677 225 150 701 385 910 258
2007 20 7807 994 317 928 269 719 274 870 498 283 918 423 440 42 8 701 385 330 677 312 62 263 401 225 150 568 320 300 110 910 258 98 945 119 806 622 500 933 142 119 990
3007 20 7807 98 945 928 269 994 317 119 806 263 401 622 500 119 990 701 385 933 142 568 320 312 62 423 440 283 918 719 274 42 8 910 258 300 110 330 677 225 150 870 498
4007 20 7807 119 806 701 385 300 110 933 142 910 258 330 677 119 990 225 150 98 945 719 274 283 918 568 320 42 8 312 62 928 269 263 401 870 498 994 317 423 440 622 500
5007 20 7807 933 142 312 62 283 918 870 498 423 440 225 150 568 320 300 110 42 8 330 677 928 269 701 385 98 945 910 258 119 806 994 317 622 500 263 401 719 274 119 990
1008 20 8407 54 817 557 67 632 875 379 209 93 34 15 192 1000 6 855 207 316 982 706 839 773 151 332 774 313 599 746 895 928 489 632 963 963 120 788 898 356 7 71 533
2008 20 8407 773 151 71 533 316 982 746 895 93 34 332 774 356 7 15 192 1000 6 632 963 54 817 313 599 963 120 557 67 855 207 379 209 706 839 928 489 632 875 788 898
3008 20 8407 928 489 963 120 332 774 356 7 313 599 316 982 706 839 557 67 379 209 855 207 746 895 1000 6 71 533 773 151 15 192 632 963 93 34 788 898 54 817 632 875
4008 20 8407 332 774 632 963 706 839 356 7 963 120 928 489 773 151 855 207 788 898 313 599 746 895 632 875 93 34 71 533 1000 6 15 192 316 982 54 817 379 209 557 67
5008 20 8407 746 895 855 207 632 875 379 209 313 599 773 151 1000 6 963 120 632 963 54 817 71 533 332 774 706 839 316 982 928 489 15 192 557 67 356 7 93 34 788 898
1009 20 8232 473 420 362 921 210 912 767 164 505 291 429 768 472 221 595 481 882 591 321 730 867 592 386 836 957 228 194 646 658 673 165 119 448 884 697 896 653 473 249 172
2009 20 8232 473 420 386 836 653 473 321 730 595 481 429 768 448 884 658 673 249 172 697 896 767 164 194 646 505 291 472 221 957 228 210 912 867 592 882 591 165 119 362 921
3009 20 8232 194 646 653 473 249 172 321 730 473 420 429 768 165 119 595 481 505 291 957 228 697 896 867 592 210 912 767 164 448 884 882 591 386 836 658 673 472 221 362 921
4009 20 8232 767 164 658 673 653 473 473 420 595 481 165 119 249 172 362 921 867 592 194 646 472 221 697 896 321 730 429 768 210 912 505 291 386 836 957 228 882 591 448 884
5009 20 8232 595 481 697 896 472 221 867 592 767 164 505 291 653 473 194 646 658 673 165 119 448 884 957 228 429 768 210 912 249 172 882 591 321 730 362 921 386 836 473 420
1010 20 9247 39 334 439 724 867 860 789 407 297 161 932 915 393 736 100 695 779 903 55 940 657 782 798 751 787 198 926 394 935 595 798 865 820 688 318 711 826 877 4 233
2010 20 9247 297 161 4 233 798 751 826 877 926 394 867 860 100 695 932 915 798 865 820 688 657 782 318 711 787 198 393 736 935 595 55 940 39 334 789 407 779 903 439 724
3010 20 9247 867 860 657 782 55 940 820 688 926 394 39 334 100 695 789 407 297 161 798 751 932 915 798 865 439 724 393 736 4 233 787 198 318 711 935 595 779 903 826 877
4010 20 9247 439 724 55 940 787 198 826 877 39 334 932 915 4 233 820 688 867 860 789 407 318 711 657 782 297 161 926 394 100 695 798 751 935 595 798 865 779 903 393 736
5010 20 9247 779 903 787 198 55 940 926 394 657 782 393 736 789 407 935 595 439 724 820 688 100 695 798 865 297 161 798 751 867 860 39 334 826 877 318 711 932 915 4 233
1011 20 7624 452 716 688 894 280 141 861 37 358 967 297 790 675 91 751 738 411 412 349 33 617 182 409 955 135 273 909 465 626 794 527 494 192 16 133 933 460 316 401 871
2011 20 7624 133 933 460 316 409 955 297 790 280 141 349 33 192 16 411 412 452 716 401 871 527 494 617 182 909 465 358 967 751 738 135 273 675 91 861 37 688 894 626 794
3011 20 7624 135 273 297 790 861 37 411 412 527 494 909 465 280 141 626 794 409 955 452 716 675 91 133 933 617 182 460 316 349 33 751 738 358 967 688 894 401 871 192 16
4011 20 7624 527 494 192 16 861 37 452 716 688 894 133 933 675 91 460 316 349 33 409 955 297 790 751 738 358 967 909 465 411 412 626 794 401 871 280 141 135 273 617 182
5011 20 7624 688 894 617 182 527 494 349 33 751 738 280 141 192 16 452 716 135 273 409 955 411 412 401 871 297 790 909 465 460 316 133 933 675 91 358 967 861 37 626 794
1012 20 7632 724 525 515 904 142 694 768 33 522 273 320 307 925 118 134 869 144 365 470 661 129 356 567 908 284 526 75 176 187 568 925 457 737 913 955 621 512 317 506 230
2012 20 7632 724 525 512 317 925 457 955 621 925 118 144 365 320 307 506 230 75 176 470 661 142 694 129 356 768 33 515 904 187 568 737 913 284 526 522 273 567 908 134 869
3012 20 7632 187 568 470 661 75 176 512 317 506 230 522 273 320 307 284 526 134 869 515 904 724 525 925 457 129 356 144 365 925 118 737 913 768 33 142 694 955 621 567 908
4012 20 7632 75 176 955 621 506 230 925 118 142 694 522 273 187 568 925 457 470 661 768 33 129 356 512 317 284 526 724 525 515 904 737 913 134 869 567 908 320 307 144 365
5012 20 7632 187 568 75 176 724 525 506 230 522 273 320 307 925 457 512 317 284 526 925 118 515 904 129 356 470 661 567 908 144 365 737 913 142 694 955 621 134 869 768 33
1013 20 7651 230 757 485 57 267 159 948 898 376 506 527 364 67 117 465 429 674 166 419 816 228 57 659 849 665 906 464 540 262 130 381 472 185 502 838 261 612 123 812 236
2013 20 7651 465 429 674 166 838 261 267 159 262 130 659 849 230 757 464 540 612 123 812 236 419 816 665 906 376 506 527 364 948 898 381 472 485 57 185 502 67 117 228 57
3013 20 7651 262 130 948 898 464 540 185 502 659 849 228 57 527 364 612 123 67 117 485 57 674 166 419 816 230 757 665 906 812 236 267 159 376 506 381 472 838 261 465 429
4013 20 7651 485 57 838 261 659 849 419 816 262 130 376 506 665 906 185 502 812 236 267 159 464 540 527 364 228 57 381 472 674 166 948 898 67 117 465 429 612 123 230 757
5013 20 7651 185 502 612 123 419 816 465 429 527 364 948 898 267 159 381 472 485 57 674 166 376 506 665 906 838 261 812 236 230 757 464 540 228 57 67 117 659 849 262 130
1014 20 8816 551 256 693 708 462 344 676 637 3 431 655 599 652 80 693 428 519 358 687 157 82 573 916 882 372 967 970 118 268 94 78 530 873 990 494 72 530 595 846 715
2014 20 8816 530 595 372 967 3 431 846 715 82 573 494 72 693 428 462 344 551 256 916 882 687 157 693 708 655 599 970 118 519 358 268 94 676 637 78 530 873 990 652 80
3014 20 8816 551 256 970 118 693 708 655 599 676 637 519 358 693 428 462 344 916 882 268 94 687 157 530 595 873 990 846 715 78 530 372 967 494 72 82 573 652 80 3 431
4014 20 8816 530 595 3 431 372 967 655 599 687 157 652 80 494 72 78 530 82 573 551 256 676 637 462 344 873 990 916 882 268 94 519 358 970 118 846 715 693 428 693 708
5014 20 8816 873 990 693 428 462 344 494 72 78 530 268 94 3 431 652 80 916 882 551 256 970 118 676 637 82 573 693 708 687 157 519 358 530 595 655 599 846 715 372 967
1015 20 8261 714 764 131 112 135 595 741 469 281 869 630 386 24 722 288 457 620 944 134 315 577 768 976 494 925 32 516 899 875 525 122 326 587 408 648 9 771 815 632 676
2015 20 8261 875 525 587 408 122 326 516 899 24 722 288 457 134 315 976 494 741 469 632 676 620 944 281 869 630 386 131 112 135 595 925 32 771 815 577 768 648 9 714 764
3015 20 8261 122 326 516 899 288 457 587 408 135 595 648 9 131 112 976 494 630 386 771 815 714 764 24 722 632 676 577 768 741 469 875 525 620 944 925 32 134 315 281 869
4015 20 8261 714 764 288 457 648 9 875 525 577 768 281 869 620 944 24 722 630 386 925 32 134 315 135 595 587 408 976 494 771 815 741 469 516 899 632 676 122 326 131 112
5015 20 8261 24 722 587 408 630 386 771 815 925 32 632 676 135 595 648 9 620 944 131 112 741 469 281 869 134 315 875 525 122 326 976 494 516 899 714 764 288 457 577 768
1016 20 9862 884 451 134 448 237 531 398 201 540 792 839 329 866 115 297 966 552 933 828 682 828 789 480 542 642 84 793 858 820 909 837 465 288 20 969 552 997 381 99 311
2016 20 9862 480 542 866 115 134 448 288 20 839 329 398 201 837 465 820 909 884 451 540 792 969 552 99 311 552 933 297 966 642 84 793 858 828 682 997 381 828 789 237 531
3016 20 9862 839 329 480 542 820 909 793 858 237 531 398 201 99 311 288 20 642 84 866 115 297 966 884 451 134 448 837 465 828 682 552 933 969 552 828 789 540 792 997 381
4016 20 9862 540 792 969 552 398 201 828 682 642 84 99 311 837 465 552 933 288 20 828 789 820 909 297 966 134 448 793 858 866 115 839 329 480 542 237 531 997 381 884 451
5016 20 9862 969 552 820 909 837 465 828 789 552 933 997 381 839 329 480 542 793 858 540 792 237 531 134 448 884 451 642 84 297 966 866 115 398 201 99 311 288 20 828 682
1017 20 7105 156 197 580 179 390 798 18 289 457 535 504 720 325 658 370 864 635 720 784 924 983 457 459 398 164 834 766 165 338 674 218 942 762 447 256 932 500 756 217 293
2017 20 7105 217 293 338 674 983 457 762 447 784 924 325 658 156 197 370 864 218 942 256 932 635 720 766 165 18 289 500 756 164 834 390 798 504 720 459 398 580 179 457 535
3017 20 7105 218 942 504 720 370 864 500 756 457 535 635 720 156 197 217 293 766 165 784 924 459 398 338 674 164 834 325 658 256 932 762 447 580 179 18 289 983 457 390 798
4017 20 7105 218 942 370 864 784 924 580 179 164 834 459 398 635 720 156 197 338 674 217 293 18 289 457 535 256 932 390 798 766 165 762 447 504 720 500 756 983 457 325 658
5017 20 7105 457 535 500 756 635 720 370 864 983 457 218 942 762 447 459 398 18 289 325 658 390 798 766 165 217 293 504 720 580 179 156 197 256 932 338 674 164 834 784 924
1018 20 7987 130 951 920 125 895 840 850 454 578 222 909 117 654 916 140 836 946 871 703 345 406 430 384 839 157 481 467 199 355 520 533 913 56 914 736 864 81 851 84 341
2018 20 7987 157 481 355 520 895 840 130 951 56 914 140 836 384 839 920 125 467 199 654 916 703 345 850 454 406 430 909 117 533 913 81 851 578 222 946 871 84 341 736 864
3018 20 7987 406 430 84 341 736 864 355 520 654 916 920 125 533 913 81 851 703 345 946 871 384 839 895 840 909 117 130 951 578 222 56 914 157 481 140 836 467 199 850 454
4018 20 7987 578 222 81 851 130 951 736 864 56 914 84 341 703 345 157 481 140 836 850 454 406 430 467 199 909 117 895 840 355 520 384 839 533 913 654 916 920 125 946 871
5018 20 7987 84 341 140 836 130 951 909 117 406 430 850 454 703 345 56 914 384 839 920 125 946 871 578 222 895 840 654 916 467 199 533 913 81 851 157 481 736 864 355 520
1019 20 8055 989 931 458 271 181 803 381 469 75 428 453 128 502 482 548 522 639 968 615 992 539 316 500 584 508 787 604 298 706 948 700 946 117 643 503 771 300 597 751 21
2019 20 8055 700 946 458 271 639 968 503 771 539 316 453 128 508 787 117 643 502 482 989 931 300 597 500 584 615 992 75 428 706 948 381 469 548 522 181 803 604 298 751 21
3019 20 8055 989 931 615 992 604 298 381 469 500 584 539 316 548 522 700 946 458 271 706 948 751 21 117 643 508 787 453 128 502 482 75 428 300 597 503 771 181 803 639 968
4019 20 8055 181 803 548 522 503 771 615 992 75 428 300 597 500 584 700 946 989 931 453 128 604 298 539 316 458 271 706 948 751 21 502 482 508 787 117 643 381 469 639 968
5019 20 8055 75 428 989 931 300 597 117 643 604 298 181 803 458 271 639 968 548 522 615 992 539 316 503 771 453 128 508 787 502 482 700 946 500 584 751 21 381 469 706 948
1020 20 9052 244 919 840 274 562 606 806 825 252 622 790 658 593 555 586 25 439 516 895 217 856 113 580 1000 780 52 155 919 927 583 401 636 31 157 695 322 767 382 116 110
2020 20 9052 593 555 895 217 780 52 155 919 252 622 695 322 790 658 116 110 401 636 31 157 856 113 580 1000 439 516 586 25 767 382 562 606 806 825 927 583 244 919 840 274
3020 20 9052 116 110 593 555 790 658 155 919 767 382 695 322 856 113 895 217 562 606 244 919 806 825 780 52 252 622 580 1000 586 25 439 516 927 583 31 157 840 274 401 636
4020 20 9052 116 110 244 919 593 555 780 52 927 583 580 1000 790 658 586 25 439 516 695 322 252 622 856 113 895 217 562 606 401 636 155 919 767 382 840 274 806 825 31 157
5020 20 9052 252 622 895 217 562 606 116 110 856 113 806 825 439 516 927 583 695 322 840 274 790 658 593 555 580 1000 244 919 401 636 767 382 780 52 586 25 155 919 31 157
1021 20 8244 248 199 432 303 480 515 371 968 346 686 188 681 998 315 759 705 838 784 895 51 397 90 670 513 123 755 221 153 472 850 879 558 648 912 352 906 181 254 808 623
2021 20 8244 895 51 480 515 808 623 352 906 346 686 248 199 221 153 181 254 472 850 838 784 397 90 432 303 371 968 879 558 188 681 998 315 670 513 759 705 123 755 648 912
3021 20 8244 371 968 352 906 123 755 895 51 472 850 248 199 188 681 838 784 221 153 670 513 648 912 480 515 808 623 181 254 998 315 397 90 879 558 346 686 432 303 759 705
4021 20 8244 188 681 181 254 352 906 248 199 371 968 759 705 397 90 879 558 808 623 648 912 895 51 123 755 346 686 998 315 480 515 838 784 670 513 432 303 472 850 221 153
5021 20 8244 181 254 221 153 808 623 346 686 371 968 248 199 472 850 998 315 397 90 838 784 648 912 759 705 480 515 352 906 123 755 895 51 432 303 670 513 188 681 879 558
1022 20 9011 880 395 463 796 369 366 80 538 532 638 426 257 448 260 800 756 40 4 794 459 989 724 713 326 667 834 709 209 125 517 585 247 196 604 824 574 675 187 949 315
2022 20 9011 794 459 426 257 713 326 989 724 532 638 585 247 667 834 824 574 125 517 196 604 463 796 369 366 880 395 40 4 800 756 709 209 675 187 448 260 949 315 80 538
3022 20 9011 426 257 794 459 532 638 824 574 448 260 369 366 675 187 949 315 463 796 196 604 585 247 989 724 880 395 709 209 800 756 125 517 80 538 40 4 667 834 713 326
4022 20 9011 80 538 713 326 989 724 448 260 794 459 800 756 125 517 675 187 585 247 196 604 667 834 463 796 369 366 880 395 824 574 426 257 532 638 949 315 40 4 709 209
5022 20 9011 426 257 532 638 675 187 794 459 585 247 667 834 713 326 709 209 125 517 989 724 949 315 196 604 369 366 824 574 800 756 80 538 463 796 880 395 448 260 40 4
1023 20 8721 467 208 654 490 916 360 737 604 969 918 187 79 245 230 107 548 494 749 197 636 22 670 943 219 532 606 874 703 278 974 704 133 378 455 931 567 741 240 526 645
2023 20 8721 245 230 931 567 467 208 22 670 943 219 654 490 278 974 737 604 494 749 187 79 197 636 874 703 526 645 916 360 969 918 704 133 741 240 378 455 532 606 107 548
3023 20 8721 969 918 494 749 931 567 737 604 278 974 874 703 704 133 943 219 378 455 532 606 526 645 245 230 467 208 197 636 741 240 916 360 187 79 22 670 654 490 107 548
4023 20 8721 654 490 107 548 22 670 378 455 931 567 278 974 197 636 187 79 737 604 916 360 969 918 741 240 467 208 943 219 526 645 532 606 874 703 245 230 494 749 704 133
5023 20 8721 187 79 741 240 532 606 467 208 278 974 943 219 494 749 197 636 526 645 704 133 245 230 654 490 107 548 931 567 22 670 737 604 378 455 969 918 916 360 874 703
1024 20 9763 961 41 540 422 749 232 801 625 958 155 400 292 938 630 180 868 411 523 996 163 303 901 147 960 642 411 643 427 256 706 964 490 416 9 366 59 812 69 721 269
2024 20 9763 400 292 964 490 256 706 749 232 147 960 180 868 643 427 958 155 366 59 938 630 642 411 411 523 540 422 961 41 812 69 303 901 416 9 721 269 996 163 801 625
3024 20 9763 642 411 303 901 400 292 801 625 411 523 938 630 366 59 643 427 964 490 416 9 180 868 812 69 540 422 749 232 147 960 958 155 996 163 256 706 721 269 961 41
4024 20 9763 147 960 812 69 961 41 303 901 366 59 643 427 749 232 411 523 958 155 938 630 964 490 400 292 256 706 801 625 180 868 540 422 996 163 721 269 642 411 416 9
5024 20 9763 411 523 938 630 147 960 801 625 721 269 303 901 540 422 749 232 812 69 958 155 366 59 643 427 400 292 642 411 961 41 996 163 416 9 964 490 180 868 256 706
1025 20 6508 511 500 193 260 367 940 41 205 51 726 183 397 879 692 884 275 790 38 22 809 569 615 323 180 151 553 197 337 392 918 487 85 453 132 157 849 933 1 553 328
2025 20 6508 879 692 51 726 197 337 22 809 157 849 41 205 569 615 487 85 151 553 193 260 323 180 790 38 884 275 553 328 392 918 183 397 511 500 933 1 453 132 367 940
3025 20 6508 553 328 879 692 323 180 790 38 22 809 367 940 151 553 157 849 392 918 884 275 569 615 197 337 183 397 193 260 487 85 511 500 453 132 41 205 51 726 933 1
4025 20 6508 22 809 933 1 392 918 41 205 183 397 453 132 553 328 197 337 879 692 884 275 487 85 51 726 151 553 157 849 193 260 569 615 790 38 323 180 367 940 511 500
5025 20 6508 51 726 193 260 151 553 553 328 879 692 487 85 41 205 884 275 323 180 392 918 569 615 367 940 183 397 22 809 790 38 453 132 511 500 157 849 197 337 933 1
1026 20 7919 804 662 560 215 15 618 138 711 217 435 255 229 979 386 152 688 733 211 379 638 983 800 982 374 557 310 201 685 251 9 457 57 880 813 304 886 334 631 718 982
2026 20 7919 718 982 557 310 251 9 983 800 201 685 379 638 15 618 457 57 217 435 334 631 560 215 304 886 880 813 255 229 979 386 138 711 982 374 804 662 152 688 733 211
3026 20 7919 334 631 251 9 201 685 560 215 152 688 557 310 733 211 15 618 304 886 979 386 983 800 255 229 718 982 880 813 982 374 217 435 804 662 138 711 457 57 379 638
4026 20 7919 217 435 138 711 15 618 982 374 255 229 983 800 457 57 733 211 334 631 152 688 251 9 201 685 304 886 880 813 979 386 804 662 379 638 557 310 560 215 718 982
5026 20 7919 152 688 982 374 217 435 718 982 251 9 334 631 379 638 457 57 557 310 979 386 15 618 880 813 201 685 804 662 983 800 138 711 733 211 560 215 255 229 304 886
1027 20 8981 473 116 342 179 382 45 448 813 350 935 394 616 449 212 584 11 314 217 427 941 854 537 229 605 926 284 907 941 914 478 775 369 699 703 404 581 865 50 491 379
2027 20 8981 473 116 449 212 907 941 775 369 314 217 394 616 584 11 854 537 404 581 491 379 350 935 865 50 382 45 699 703 914 478 448 813 427 941 926 284 342 179 229 605
3027 20 8981 448 813 404 581 914 478 865 50 350 935 926 284 342 179 314 217 382 45 394 616 427 941 854 537 907 941 449 212 491 379 229 605 775 369 584 11 473 116 699 703
4027 20 8981 314 217 926 284 865 50 775 369 350 935 473 116 427 941 404 581 382 45 342 179 854 537 907 941 491 379 229 605 699 703 914 478 394 616 449 212 448 813 584 11
5027 20 8981 382 45 584 11 448 813 404 581 491 379 914 478 473 116 427 941 314 217 342 179 394 616 907 941 350 935 926 284 699 703 775 369 865 50 449 212 229 605 854 537
1028 20 7736 162 331 803 600 330 7 256 998 69 824 538 924 828 367 653 341 840 385 426 367 465 608 151 717 427 763 648 50 199 863 921 214 201 180 596 131 705 875 452 332
2028 20 7736 840 385 803 600 427 763 330 7 151 717 162 331 69 824 648 50 921 214 538 924 828 367 201 180 465 608 452 332 426 367 199 863 653 341 705 875 256 998 596 131
3028 20 7736 199 863 803 600 69 824 201 180 840 385 828 367 330 7 653 341 427 763 256 998 648 50 705 875 921 214 151 717 465 608 452 332 538 924 596 131 162 331 426 367
4028 20 7736 69 824 256 998 465 608 705 875 162 331 840 385 648 50 452 332 921 214 199 863 151 717 426 367 427 763 538 924 596 131 653 341 828 367 330 7 201 180 803 600
5028 20 7736 653 341 840 385 151 717 465 608 201 180 538 924 162 331 596 131 828 367 199 863 69 824 427 763 256 998 921 214 330 7 452 332 705 875 426 367 648 50 803 600
1029 20 8317 633 10 651 516 797 245 778 40 506 640 281 279 155 98 971 824 340 321 554 701 447 475 433 906 398 124 589 374 338 99 663 65 789 262 326 619 22 791 726 121
2029 20 8317 554 701 789 262 326 619 338 99 797 245 340 321 506 640 589 374 155 98 447 475 633 10 778 40 663 65 971 824 22 791 433 906 398 124 281 279 651 516 726 121
3029 20 8317 663 65 789 262 22 791 340 321 651 516 797 245 155 98 778 40 398 124 447 475 338 99 726 121 633 10 281 279 554 701 589 374 506 640 326 619 971 824 433 906
4029 20 8317 797 245 326 619 22 791 447 475 663 65 155 98 554 701 338 99 506 640 726 121 433 906 971 824 589 374 778 40 281 279 340 321 398 124 633 10 651 516 789 262
5029 20 8317 340 321 778 40 433 906 651 516 281 279 155 98 398 124 633 10 554 701 726 121 789 262 506 640 447 475 971 824 589 374 663 65 797 245 338 99 326 619 22 791
1030 20 8419 662 95 964 6 501 100 294 184 216 191 11 869 927 320 865 62 615 578 666 159 652 373 194 558 728 345 958 541 826 268 280 904 436 637 45 991 107 844 577 51
2030 20 8419 45 991 652 373 615 578 501 100 964 6 280 904 436 637 666 159 927 320 865 62 577 51 662 95 107 844 728 345 194 558 294 184 11 869 216 191 958 541 826 268
3030 20 8419 615 578 826 268 865 62 666 159 577 51 728 345 964 6 958 541 662 95 927 320 652 373 294 184 280 904 194 558 11 869 107 844 436 637 501 100 216 191 45 991
4030 20 8419 280 904 662 95 45 991 728 345 927 320 964 6 501 100 666 159 577 51 107 844 294 184 216 191 11 869 652 373 615 578 194 558 826 268 865 62 436 637 958 541
5030 20 8419 865 62 728 345 666 159 280 904 964 6 216 191 107 844 501 100 194 558 958 541 45 991 294 184 11 869 652 373 615 578 927 320 577 51 662 95 826 268 436 637
1031 20 7634 463 534 248 125 429 880 186 780 516 715 915 302 84 456 433 685 146 863 651 10 428 474 447 534 557 529 894 522 713 717 322 139 407 407 544 505 449 7 711 12
2031 20 7634 463 534 915 302 449 7 894 522 713 717 433 685 186 780 428 474 516 715 146 863 407 407 447 534 544 505 651 10 248 125 84 456 711 12 557 529 322 139 429 880
3031 20 7634 428 474 463 534 146 863 449 7 557 529 516 715 84 456 433 685 186 780 894 522 651 10 429 880 248 125 407 407 915 302 711 12 322 139 447 534 713 717 544 505
4031 20 7634 84 456 248 125 186 780 447 534 894 522 407 407 429 880 544 505 449 7 557 529 146 863 711 12 433 685 463 534 713 717 915 302 651 10 428 474 322 139 516 715
5031 20 7634 146 863 429 880 894 522 447 534 449 7 186 780 557 529 651 10 407 407 516 715 544 505 322 139 248 125 711 12 84 456 713 717 428 474 433 685 915 302 463 534
1032 20 9562 671 803 606 71 258 37 345 700 809 212 257 736 890 983 953 474 697 390 103 707 936 962 648 674 199 866 587 762 992 647 738 120 538 959 75 167 811 95 840 710
2032 20 9562 103 707 606 71 738 120 840 710 75 167 992 647 538 959 345 700 811 95 257 736 671 803 258 37 890 983 809 212 199 866 648 674 697 390 953 474 587 762 936 962
3032 20 9562 738 120 936 962 587 762 809 212 199 866 538 959 648 674 890 983 671 803 953 474 345 700 103 707 606 71 697 390 992 647 840 710 257 736 75 167 258 37 811 95
4032 20 9562 587 762 738 120 936 962 890 983 809 212 648 674 697 390 257 736 953 474 840 710 811 95 258 37 75 167 199 866 671 803 992 647 606 71 103 707 538 959 345 700
5032 20 9562 345 700 992 647 671 803 103 707 257 736 953 474 890 983 697 390 809 212 258 37 75 167 936 962 538 959 199 866 648 674 606 71 840 710 811 95 587 762 738 120
1033 20 9527 824 280 549 10 642 78 336 242 462 668 981 329 456 579 430 577 806 225 199 359 862 123 342 174 556 397 810 233 842 566 414 852 930 106 441 667 768 564 259 933
2033 20 9527 430 577 806 225 462 668 930 106 336 242 824 280 981 329 441 667 342 174 414 852 456 579 199 359 642 78 556 397 842 566 549 10 810 233 768 564 862 123 259 933
3033 20 9527 862 123 441 667 842 566 414 852 981 329 824 280 456 579 462 668 430 577 549 10 199 359 768 564 556 397 336 242 930 106 806 225 259 933 342 174 810 233 642 78
4033 20 9527 642 78 336 242 441 667 259 933 842 566 981 329 414 852 824 280 810 233 199 359 462 668 342 174 768 564 862 123 456 579 549 10 430 577 930 106 806 225 556 397
5033 20 9527 810 233 441 667 862 123 462 668 199 359 336 242 806 225 549 10 930 106 981 329 642 78 430 577 414 852 342 174 768 564 824 280 556 397 259 933 842 566 456 579
1034 20 7960 706 118 479 150 206 161 566 583 585 315 121 873 466 504 711 815 709 771 359 387 209 393 880 934 743 681 426 813 10 143 545 775 131 719 676 141 545 756 878 274
2034 20 7960 709 771 676 141 131 719 585 315 545 775 209 393 206 161 878 274 426 813 743 681 566 583 10 143 479 150 466 504 121 873 706 118 880 934 359 387 711 815 545 756
3034 20 7960 878 274 711 815 10 143 880 934 585 315 545 756 206 161 121 873 706 118 566 583 131 719 359 387 466 504 676 141 545 775 479 150 709 771 743 681 426 813 209 393
4034 20 7960 121 873 585 315 566 583 711 815 545 775 206 161 426 813 709 771 706 118 676 141 880 934 545 756 878 274 466 504 479 150 209 393 743 681 10 143 359 387 131 719
5034 20 7960 676 141 545 756 880 934 466 504 743 681 709 771 878 274 426 813 566 583 206 161 479 150 545 775 10 143 209 393 711 815 359 387 121 873 585 315 706 118 131 719
1035 20 5775 311 718 332 859 350 890 569 364 126 795 185 884 848 201 338 423 93 65 407 729 315 652 558 620 247 985 597 689 127 676 145 296 93 618 391 952 528 177 659 249
2035 20 5775 558 620 350 890 528 177 407 729 127 676 597 689 391 952 247 985 569 364 848 201 338 423 185 884 145 296 311 718 126 795 659 249 93 618 93 65 315 652 332 859
3035 20 5775 407 729 338 423 126 795 315 652 93 65 93 618 597 689 185 884 247 985 350 890 569 364 332 859 145 296 391 952 558 620 848 201 528 177 127 676 311 718 659 249
4035 20 5775 350 890 247 985 391 952 597 689 338 423 558 620 848 201 126 795 315 652 528 177 127 676 569 364 185 884 93 65 407 729 311 718 332 859 145 296 93 618 659 249
5035 20 5775 126 795 659 249 848 201 350 890 247 985 528 177 185 884 569 364 145 296 332 859 127 676 407 729 93 618 558 620 391 952 597 689 93 65 315 652 338 423 311 718
1036 20 8761 811 844 877 512 764 376 333 996 276 387 918 447 495 151 298 2 176 442 667 478 741 359 389 529 709 586 622 744 860 305 150 501 505 953 286 1 714 217 361 858
2036 20 8761 505 953 389 529 714 217 361 858 150 501 667 478 811 844 286 1 298 2 333 996 622 744 709 586 276 387 176 442 860 305 764 376 877 512 741 359 495 151 918 447
3036 20 8761 764 376 505 953 389 529 150 501 811 844 877 512 286 1 918 447 298 2 622 744 276 387 709 586 860 305 714 217 495 151 667 478 176 442 333 996 361 858 741 359
4036 20 8761 860 305 741 359 667 478 150 501 709 586 918 447 622 744 505 953 333 996 714 217 764 376 389 529 495 151 286 1 811 844 176 442 276 387 298 2 361 858 877 512
5036 20 8761 811 844 741 359 622 744 150 501 918 447 276 387 860 305 877 512 667 478 495 151 505 953 389 529 176 442 764 376 714 217 298 2 333 996 361 858 709 586 286 1
1037 20 9220 456 343 628 497 935 499 896 101 23 358 324 674 996 715 137 221 122 318 853 855 121 903 991 521 974 176 378 919 888 751 419 291 793 569 364 543 647 906 580 163
2037 20 9220 793 569 419 291 137 221 996 715 935 499 974 176 378 919 853 855 121 903 888 751 122 318 456 343 364 543 23 358 324 674 991 521 628 497 896 101 580 163 647 906
3037 20 9220 935 499 793 569 991 521 121 903 628 497 122 318 647 906 378 919 23 358 853 855 419 291 456 343 888 751 580 163 137 221 974 176 364 543 324 674 896 101 996 715
4037 20 9220 137 221 628 497 991 521 935 499 996 715 853 855 419 291 324 674 647 906 122 318 378 919 121 903 888 751 456 343 23 358 896 101 793 569 974 176 364 543 580 163
5037 20 9220 419 291 378 919 647 906 896 101 793 569 324 674 23 358 121 903 935 499 888 751 853 855 364 543 991 521 580 163 456 343 628 497 137 221 974 176 996 715 122 318
1038 20 7600 404 717 650 888 469 184 346 461 304 758 205 487 858 215 844 655 238 773 923 425 478 903 73 7 289 40 700 469 141 964 764 431 433 741 309 888 638 321 434 304
2038 20 7600 469 184 346 461 141 964 304 758 73 7 309 888 923 425 434 304 205 487 858 215 238 773 638 321 433 741 650 888 478 903 844 655 764 431 289 40 404 717 700 469
3038 20 7600 433 741 141 964 238 773 478 903 434 304 289 40 73 7 858 215 404 717 469 184 346 461 700 469 638 321 650 888 923 425 309 888 205 487 764 431 844 655 304 758
4038 20 7600 650 888 433 741 141 964 638 321 478 903 73 7 238 773 844 655 205 487 923 425 858 215 469 184 434 304 404 717 304 758 764 431 700 469 289 40 309 888 346 461
5038 20 7600 73 7 205 487 469 184 700 469 434 304 844 655 638 321 304 758 650 888 289 40 309 888 764 431 923 425 433 741 404 717 858 215 346 461 478 903 238 773 141 964
1039 20 10081 1 253 359 948 997 239 478 823 807 445 975 690 858 396 642 77 665 42 958 182 121 122 354 30 738 160 946 231 374 571 430 179 735 653 769 711 859 350 536 708
2039 20 10081 374 571 478 823 769 711 359 948 430 179 859 350 1 253 958 182 354 30 735 653 738 160 807 445 665 42 946 231 997 239 642 77 121 122 536 708 858 396 975 690
3039 20 10081 430 179 859 350 735 653 769 711 359 948 354 30 665 42 997 239 642 77 536 708 121 122 958 182 946 231 807 445 478 823 975 690 858 396 374 571 738 160 1 253
4039 20 10081 859 350 121 122 738 160 997 239 354 30 374 571 536 708 807 445 642 77 665 42 1 253 769 711 958 182 478 823 359 948 858 396 430 179 946 231 735 653 975 690
5039 20 10081 997 239 359 948 374 571 735 653 807 445 354 30 121 122 859 350 769 711 478 823 975 690 738 160 1 253 946 231 858 396 536 708 958 182 665 42 430 179 642 77
1040 20 8746 116 514 11 559 184 445 486 392 422 330 980 861 183 736 375 445 650 552 762 257 475 420 818 177 772 268 222 246 935 28 675 924 587 851 484 606 905 773 891 580
2040 20 8746 486 392 675 924 905 773 484 606 772 268 183 736 935 28 222 246 116 514 184 445 818 177 587 851 650 552 422 330 475 420 375 445 891 580 11 559 980 861 762 257
3040 20 8746 116 514 772 268 675 924 891 580 11 559 587 851 905 773 484 606 375 445 475 420 222 246 935 28 762 257 422 330 818 177 183 736 184 445 980 861 486 392 650 552
4040 20 8746 11 559 486 392 475 420 762 257 222 246 818 177 772 268 116 514 184 445 891 580 980 861 650 552 935 28 587 851 675 924 484 606 422 330 375 445 905 773 183 736
5040 20 8746 11 559 905 773 891 580 184 445 587 851 183 736 818 177 375 445 980 861 484 606 422 330 935 28 116 514 486 392 222 246 675 924 772 268 650 552 475 420 762 257
1041 20 6751 693 547 850 824 220 475 100 435 311 356 337 360 685 226 183 122 74 591 758 832 214 306 125 597 471 893 453 847 463 955 577 337 878 224 312 502 200 359 535 591
2041 20 6751 463 955 850 824 577 337 220 475 685 226 312 502 337 360 214 306 183 122 535 591 311 356 125 597 878 224 758 832 693 547 200 359 74 591 453 847 471 893 100 435
3041 20 6751 758 832 312 502 183 122 311 356 125 597 453 847 200 359 471 893 577 337 100 435 214 306 74 591 220 475 463 955 850 824 337 360 693 547 685 226 878 224 535 591
4041 20 6751 311 356 685 226 878 224 463 955 100 435 220 475 337 360 214 306 577 337 74 591 125 597 758 832 535 591 471 893 200 359 312 502 183 122 453 847 693 547 850 824
5041 20 6751 693 547 337 360 183 122 758 832 463 955 200 359 74 591 685 226 312 502 878 224 311 356 577 337 100 435 453 847 471 893 535 591 850 824 220 475 214 306 125 597
1042 20 10312 914 9 934 382 943 641 729 817 164 630 234 186 95 592 883 378 824 594 973 737 902 359 431 277 98 433 796 459 423 34 661 275 815 70 747 685 648 449 676 916
2042 20 10312 661 275 914 9 234 186 934 382 431 277 796 459 676 916 902 359 98 433 747 685 95 592 648 449 423 34 815 70 973 737 943 641 883 378 824 594 729 817 164 630
3042 20 10312 883 378 661 275 747 685 729 817 815 70 943 641 98 433 676 916 973 737 431 277 164 630 914 9 824 594 95 592 423 34 902 359 234 186 796 459 648 449 934 382
4042 20 10312 95 592 902 359 747 685 883 378 234 186 676 916 431 277 796 459 914 9 824 594 661 275 943 641 423 34 934 382 98 433 648 449 729 817 164 630 815 70 973 737
5042 20 10312 796 459 98 433 883 378 824 594 676 916 164 630 934 382 973 737 943 641 747 685 431 277 234 186 914 9 661 275 815 70 95 592 729 817 648 449 902 359 423 34
1043 20 7340 74 971 943 374 783 233 480 330 391 721 483 624 476 907 436 425 142 498 484 271 615 469 261 960 994 900 351 836 265 100 138 491 945 831 165 99 155 55 595 865
2043 20 7340 483 624 480 330 943 374 261 960 436 425 155 55 265 100 165 99 138 491 945 831 351 836 74 971 595 865 484 271 783 233 476 907 994 900 142 498 615 469 391 721
3043 20 7340 480 330 74 971 783 233 142 498 615 469 943 374 476 907 994 900 945 831 484 271 595 865 436 425 165 99 261 960 138 491 155 55 351 836 265 100 391 721 483 624
4043 20 7340 480 330 615 469 74 971 265 100 155 55 142 498 595 865 994 900 391 721 945 831 165 99 351 836 783 233 138 491 436 425 484 271 261 960 476 907 943 374 483 624
5043 20 7340 783 233 391 721 484 271 165 99 74 971 994 900 436 425 483 624 476 907 351 836 155 55 142 498 615 469 595 865 945 831 261 960 943 374 265 100 480 330 138 491
1044 20 8320 718 487 133 874 747 45 909 66 212 997 661 956 319 371 58 826 521 5 876 850 815 620 91 265 297 11 558 540 25 891 756 995 343 60 625 196 815 267 921 83
2044 20 8320 58 826 25 891 319 371 91 265 133 874 212 997 625 196 297 11 921 83 909 66 718 487 815 620 661 956 756 995 343 60 747 45 876 850 815 267 521 5 558 540
3044 20 8320 876 850 921 83 747 45 91 265 521 5 625 196 297 11 25 891 133 874 661 956 212 997 319 371 909 66 558 540 343 60 756 995 815 620 815 267 58 826 718 487
4044 20 8320 558 540 815 267 718 487 133 874 91 265 25 891 876 850 319 371 661 956 747 45 521 5 625 196 909 66 212 997 815 620 58 826 756 995 343 60 921 83 297 11
5044 20 8320 747 45 297 11 91 265 718 487 909 66 558 540 661 956 343 60 25 891 212 997 133 874 921 83 876 850 815 620 319 371 756 995 521 5 815 267 625 196 58 826
1045 20 8366 47 934 863 583 961 703 394 237 55 234 953 424 300 719 281 7 971 791 352 411 409 199 690 646 340 231 375 348 251 667 657 155 801 743 670 834 576 979 512 136
2045 20 8366 300 719 576 979 55 234 375 348 340 231 47 934 251 667 971 791 394 237 670 834 281 7 352 411 863 583 657 155 801 743 409 199 512 136 690 646 961 703 953 424
3045 20 8366 47 934 801 743 409 199 300 719 961 703 340 231 670 834 863 583 251 667 576 979 657 155 281 7 55 234 971 791 512 136 394 237 953 424 375 348 690 646 352 411
4045 20 8366 409 199 863 583 971 791 512 136 961 703 657 155 953 424 55 234 576 979 251 667 375 348 352 411 281 7 801 743 300 719 394 237 670 834 690 646 47 934 340 231
5045 20 8366 971 791 352 411 863 583 251 667 801 743 953 424 961 703 47 934 55 234 670 834 657 155 690 646 576 979 512 136 375 348 340 231 300 719 394 237 409 199 281 7
1046 20 7957 943 648 289 508 31 149 670 146 774 856 501 485 814 470 965 642 976 979 242 216 74 453 186 393 550 366 210 547 906 637 18 771 70 284 941 671 76 394 711 597
2046 20 7957 76 394 18 771 550 366 31 149 289 508 976 979 210 547 906 637 941 671 242 216 814 470 711 597 70 284 774 856 670 146 943 648 501 485 186 393 965 642 74 453
3046 20 7957 906 637 711 597 976 979 76 394 18 771 70 284 501 485 943 648 965 642 550 366 289 508 242 216 210 547 186 393 941 671 74 453 670 146 31 149 814 470 774 856
4046 20 7957 711 597 186 393 289 508 210 547 70 284 501 485 976 979 965 642 18 771 943 648 941 671 670 146 814 470 31 149 774 856 76 394 74 453 550 366 242 216 906 637
5046 20 7957 74 453 289 508 501 485 70 284 965 642 941 671 18 771 31 149 242 216 186 393 976 979 814 470 906 637 210 547 774 856 670 146 711 597 943 648 550 366 76 394
1047 20 6815 754 857 234 786 155 824 14 213 486 977 941 903 890 620 520 96 295 799 708 913 178 403 810 209 145 788 935 134 296 876 128 133 242 405 210 813 39 188 539 487
2047 20 6815 296 876 810 209 539 487 145 788 295 799 210 813 520 96 128 133 708 913 941 903 242 405 234 786 890 620 39 188 935 134 155 824 486 977 754 857 14 213 178 403
3047 20 6815 810 209 941 903 210 813 128 133 145 788 39 188 754 857 14 213 295 799 935 134 486 977 890 620 708 913 155 824 234 786 296 876 539 487 520 96 178 403 242 405
4047 20 6815 708 913 210 813 935 134 128 133 39 188 754 857 810 209 941 903 14 213 520 96 539 487 296 876 242 405 155 824 145 788 486 977 890 620 178 403 234 786 295 799
5047 20 6815 242 405 39 188 178 403 155 824 890 620 810 209 145 788 128 133 754 857 295 799 210 813 296 876 708 913 14 213 539 487 941 903 520 96 234 786 935 134 486 977
1048 20 9204 674 808 418 629 409 613 489 328 708 181 698 617 447 569 67 564 909 797 930 809 904 124 567 837 606 759 480 96 810 691 287 947 363 723 208 815 648 996 884 779
2048 20 9204 418 629 363 723 884 779 810 691 287 947 208 815 930 809 67 564 480 96 708 181 489 328 904 124 674 808 909 797 447 569 409 613 698 617 648 996 567 837 606 759
3048 20 9204 208 815 698 617 930 809 606 759 418 629 884 779 363 723 810 691 567 837 648 996 409 613 287 947 489 328 708 181 904 124 447 569 67 564 480 96 909 797 674 808
4048 20 9204 648 996 708 181 909 797 698 617 409 613 418 629 904 124 930 809 480 96 67 564 208 815 567 837 606 759 287 947 489 328 447 569 363 723 674 808 810 691 884 779
5048 20 9204 418 629 884 779 648 996 208 815 909 797 67 564 606 759 480 96 904 124 698 617 287 947 363 723 810 691 447 569 930 809 489 328 708 181 674 808 567 837 409 613
1049 20 8941 663 101 969 279 524 299 726 399 347 954 903 701 892 118 550 710 247 565 647 884 527 443 431 226 207 79 735 781 505 769 43 383 696 760 969 557 164 932 432 506
2049 20 8941 696 760 903 701 505 769 164 932 892 118 207 79 527 443 247 565 432 506 969 557 347 954 550 710 969 279 735 781 524 299 647 884 431 226 726 399 663 101 43 383
3049 20 8941 696 760 892 118 247 565 969 557 207 79 347 954 550 710 663 101 726 399 969 279 43 383 903 701 647 884 735 781 431 226 432 506 164 932 527 443 505 769 524 299
4049 20 8941 892 118 663 101 247 565 347 954 969 557 969 279 735 781 647 884 903 701 43 383 164 932 527 443 726 399 207 79 550 710 696 760 524 299 432 506 431 226 505 769
5049 20 8941 969 557 647 884 892 118 903 701 347 954 505 769 663 101 550 710 431 226 527 443 432 506 247 565 726 399 43 383 207 79 164 932 696 760 735 781 524 299 969 279
1050 20 7430 824 846 302 95 816 545 960 80 311 402 98 466 780 459 906 676 400 700 258 67 611 558 271 558 387 310 570 461 563 615 24 648 458 653 191 691 430 197 128 284
2050 20 7430 24 648 400 700 98 466 271 558 563 615 311 402 780 459 430 197 302 95 824 846 128 284 611 558 570 461 458 653 387 310 191 691 816 545 960 80 258 67 906 676
3050 20 7430 960 80 311 402 128 284 570 461 780 459 906 676 563 615 271 558 98 466 824 846 24 648 458 653 387 310 258 67 191 691 302 95 400 700 611 558 430 197 816 545
4050 20 7430 302 95 611 558 98 466 816 545 387 310 311 402 128 284 570 461 824 846 191 691 780 459 906 676 960 80 430 197 400 700 24 648 458 653 271 558 563 615 258 67
5050 20 7430 271 558 824 846 430 197 458 653 906 676 387 310 611 558 816 545 24 648 258 67 960 80 98 466 191 691 780 459 311 402 302 95 570 461 128 284 563 615 400 700
1051 20 8843 872 217 342 409 728 368 663 473 958 471 505 615 486 353 319 640 760 786 475 694 635 711 747 328 644 277 248 600 866 723 32 697 69 801 956 278 425 252 324 160
2051 20 8843 475 694 644 277 486 353 342 409 635 711 319 640 663 473 866 723 760 786 324 160 69 801 505 615 956 278 747 328 32 697 248 600 958 471 728 368 425 252 872 217
3051 20 8843 248 600 475 694 32 697 728 368 958 471 635 711 872 217 760 786 324 160 956 278 644 277 319 640 663 473 342 409 486 353 425 252 505 615 69 801 747 328 866 723
4051 20 8843 866 723 342 409 635 711 319 640 644 277 32 697 69 801 872 217 324 160 760 786 425 252 475 694 486 353 958 471 728 368 956 278 747 328 248 600 663 473 505 615
5051 20 8843 32 697 635 711 663 473 475 694 958 471 505 615 872 217 324 160 760 786 747 328 248 600 319 640 866 723 69 801 425 252 342 409 486 353 728 368 956 278 644 277
1052 20 8491 113 792 979 866 658 607 795 911 669 190 956 8 571 991 494 239 311 469 636 142 224 367 663 738 81 263 3 44 113 349 985 411 796 730 43 359 695 773 829 59
2052 20 8491 113 792 979 866 43 359 796 730 669 190 636 142 81 263 663 738 571 991 3 44 956 8 224 367 658 607 695 773 113 349 311 469 494 239 985 411 829 59 795 911
3052 20 8491 311 469 979 866 796 730 658 607 829 59 43 359 81 263 3 44 795 911 113 349 113 792 571 991 956 8 985 411 636 142 669 190 695 773 494 239 224 367 663 738
4052 20 8491 224 367 81 263 43 359 663 738 636 142 829 59 956 8 3 44 311 469 795 911 494 239 571 991 985 411 695 773 113 792 796 730 979 866 658 607 669 190 113 349
5052 20 8491 695 773 311 469 113 792 636 142 979 866 658 607 956 8 795 911 829 59 81 263 224 367 494 239 3 44 43 359 571 991 663 738 669 190 985 411 113 349 796 730
1053 20 8767 690 550 571 164 550 205 593 766 217 517 270 33 996 975 27 37 698 678 665 425 48 288 306 434 822 156 50 865 503 650 964 308 810 319 797 928 604 578 778 754
2053 20 8767 964 308 593 766 306 434 27 37 604 578 503 650 665 425 996 975 50 865 571 164 797 928 217 517 690 550 550 205 810 319 778 754 270 33 698 678 48 288 822 156
3053 20 8767 270 33 698 678 822 156 778 754 50 865 217 517 550 205 571 164 810 319 503 650 797 928 306 434 27 37 665 425 996 975 48 288 690 550 604 578 593 766 964 308
4053 20 8767 50 865 690 550 593 766 270 33 665 425 810 319 306 434 571 164 964 308 217 517 604 578 503 650 996 975 797 928 698 678 778 754 550 205 822 156 27 37 48 288
5053 20 8767 550 205 604 578 665 425 593 766 996 975 217 517 698 678 822 156 48 288 964 308 503 650 797 928 306 434 690 550 810 319 571 164 270 33 50 865 778 754 27 37
1054 20 9230 319 197 370 336 673 919 565 824 729 50 901 699 236 802 974 820 757 445 765 384 859 858 760 622 660 278 343 204 514 757 598 840 176 406 448 308 781 912 110 680
2054 20 9230 370 336 660 278 319 197 765 384 859 858 448 308 673 919 598 840 514 757 176 406 110 680 974 820 565 824 729 50 236 802 901 699 757 445 781 912 343 204 760 622
3054 20 9230 673 919 729 50 974 820 319 197 760 622 859 858 343 204 448 308 781 912 598 840 565 824 176 406 765 384 110 680 901 699 236 802 757 445 370 336 514 757 660 278
4054 20 9230 565 824 781 912 974 820 598 840 760 622 514 757 901 699 859 858 660 278 673 919 757 445 765 384 236 802 110 680 343 204 176 406 448 308 370 336 319 197 729 50
5054 20 9230 565 824 781 912 729 50 448 308 760 622 974 820 757 445 176 406 901 699 660 278 343 204 236 802 110 680 673 919 514 757 765 384 319 197 370 336 859 858 598 840
1055 20 9357 325 982 713 522 815 880 967 957 377 817 535 763 465 281 433 597 431 571 643 505 83 638 75 893 635 455 944 291 719 873 866 867 676 857 109 861 920 937 966 57
2055 20 9357 967 957 635 455 920 937 377 817 83 638 815 880 866 867 713 522 966 57 75 893 535 763 465 281 643 505 431 571 325 982 719 873 433 597 944 291 676 857 109 861
3055 20 9357 676 857 967 957 920 937 109 861 643 505 83 638 944 291 465 281 866 867 635 455 431 571 535 763 325 982 75 893 815 880 713 522 966 57 719 873 377 817 433 597
4055 20 9357 83 638 967 957 75 893 643 505 431 571 966 57 109 861 377 817 815 880 433 597 866 867 325 982 719 873 676 857 944 291 535 763 713 522 920 937 465 281 635 455
5055 20 9357 676 857 967 957 635 455 325 982 377 817 866 867 83 638 465 281 75 893 719 873 713 522 431 571 920 937 535 763 109 861 815 880 433 597 966 57 643 505 944 291
1056 20 8244 767 677 624 201 166 805 534 104 256 403 827 462 804 509 48 831 375 475 544 752 258 278 720 208 47 6 455 155 899 199 456 77 618 435 578 804 910 256 420 738
2056 20 8244 827 462 618 435 420 738 375 475 910 256 804 509 624 201 48 831 455 155 47 6 456 77 720 208 534 104 578 804 256 403 767 677 544 752 166 805 258 278 899 199
3056 20 8244 899 199 375 475 618 435 256 403 910 256 804 509 720 208 455 155 624 201 166 805 544 752 456 77 827 462 47 6 420 738 578 804 534 104 767 677 48 831 258 278
4056 20 8244 899 199 375 475 47 6 456 77 166 805 618 435 534 104 578 804 544 752 256 403 258 278 827 462 420 738 624 201 48 831 767 677 804 509 455 155 910 256 720 208
5056 20 8244 827 462 534 104 455 155 456 77 256 403 899 199 166 805 375 475 258 278 48 831 624 201 618 435 544 752 720 208 420 738 804 509 47 6 578 804 910 256 767 677
1057 20 9126 895 534 239 53 462 899 847 379 937 365 814 713 667 948 211 605 901 330 240 160 600 107 85 483 93 183 906 948 485 261 603 148 59 632 859 802 706 901 799 788
2057 20 9126 239 53 485 261 799 788 240 160 859 802 462 899 93 183 603 148 706 901 600 107 814 713 667 948 906 948 211 605 59 632 847 379 937 365 895 534 901 330 85 483
3057 20 9126 799 788 59 632 462 899 603 148 937 365 667 948 239 53 600 107 814 713 85 483 211 605 847 379 895 534 485 261 240 160 906 948 901 330 706 901 859 802 93 183
4057 20 9126 211 605 847 379 239 53 859 802 937 365 895 534 906 948 600 107 240 160 603 148 799 788 462 899 59 632 667 948 85 483 814 713 485 261 901 330 706 901 93 183
5057 20 9126 485 261 85 483 799 788 93 183 895 534 937 365 600 107 901 330 603 148 667 948 240 160 906 948 859 802 814 713 462 899 211 605 847 379 706 901 59 632 239 53
1058 20 8543 9 939 595 673 570 221 842 566 750 431 399 615 459 733 884 871 393 928 151 869 442 192 235 622 441 204 288 295 962 186 942 545 189 771 748 80 949 846 431 930
2058 20 8543 288 295 595 673 399 615 750 431 441 204 9 939 962 186 151 869 442 192 570 221 235 622 949 846 748 80 884 871 942 545 431 930 842 566 459 733 189 771 393 928
3058 20 8543 884 871 750 431 288 295 431 930 962 186 441 204 235 622 189 771 748 80 570 221 842 566 949 846 9 939 151 869 399 615 393 928 459 733 942 545 442 192 595 673
4058 20 8543 431 930 393 928 942 545 459 733 595 673 189 771 884 871 750 431 748 80 9 939 441 204 235 622 949 846 151 869 399 615 962 186 570 221 288 295 442 192 842 566
5058 20 8543 884 871 750 431 235 622 842 566 189 771 441 204 431 930 748 80 9 939 399 615 151 869 595 673 288 295 393 928 942 545 442 192 949 846 459 733 962 186 570 221
1059 20 9597 798 533 200 909 447 803 272 517 980 23 899 611 652 20 799 613 731 186 570 915 934 328 664 65 161 184 801 236 257 389 148 377 47 870 700 372 941 561 996 719
2059 20 9597 799 613 47 870 664 65 731 186 652 20 700 372 996 719 148 377 257 389 161 184 801 236 798 533 447 803 941 561 570 915 899 611 934 328 980 23 272 517 200 909
3059 20 9597 652 20 47 870 664 65 934 328 941 561 570 915 148 377 731 186 799 613 161 184 798 533 980 23 272 517 200 909 996 719 257 389 447 803 801 236 899 611 700 372
4059 20 9597 801 236 934 328 941 561 161 184 148 377 731 186 980 23 799 613 272 517 257 389 899 611 700 372 447 803 664 65 570 915 798 533 996 719 200 909 652 20 47 870
5059 20 9597 700 372 996 719 980 23 447 803 801 236 934 328 272 517 664 65 798 533 731 186 200 909 570 915 799 613 899 611 47 870 161 184 148 377 257 389 941 561 652 20
1060 20 7866 282 772 445 225 838 229 271 511 600 49 836 471 587 747 531 34 303 781 769 958 263 99 689 52 933 369 914 322 316 966 180 706 264 286 220 457 424 998 168 421
2060 20 7866 316 966 600 49 264 286 445 225 933 369 769 958 220 457 531 34 303 781 836 471 689 52 587 747 424 998 180 706 838 229 282 772 263 99 271 511 168 421 914 322
3060 20 7866 689 52 303 781 587 747 531 34 914 322 836 471 769 958 424 998 933 369 180 706 445 225 168 421 600 49 263 99 316 966 282 772 271 511 838 229 264 286 220 457
4060 20 7866 933 369 914 322 282 772 838 229 600 49 168 421 445 225 180 706 587 747 271 511 836 471 303 781 316 966 424 998 264 286 689 52 531 34 769 958 263 99 220 457
5060 20 7866 769 958 836 471 689 52 914 322 587 747 600 49 263 99 180 706 168 421 303 781 220 457 933 369 264 286 531 34 838 229 271 511 424 998 316 966 445 225 282 772
1061 20 7888 172 526 684 52 404 360 88 889 747 902 702 354 929 734 298 342 477 103 377 559 101 255 46 796 861 613 805 401 182 772 262 518 684 534 687 60 588 894 766 781
2061 20 7888 805 401 404 360 747 902 377 559 298 342 101 255 172 526 477 103 684 52 262 518 46 796 687 60 684 534 88 889 861 613 182 772 702 354 588 894 766 781 929 734
3061 20 7888 747 902 298 342 588 894 477 103 377 559 88 889 262 518 684 52 182 772 404 360 687 60 684 534 861 613 702 354 101 255 766 781 46 796 805 401 929 734 172 526
4061 20 7888 805 401 404 360 182 772 702 354 298 342 766 781 377 559 684 534 46 796 684 52 588 894 101 255 747 902 172 526 88 889 929 734 477 103 687 60 861 613 262 518
5061 20 7888 172 526 298 342 684 52 747 902 766 781 929 734 684 534 477 103 805 401 702 354 88 889 861 613 182 772 262 518 588 894 687 60 377 559 404 360 46 796 101 255
1062 20 9986 2 131 624 656 720 895 852 614 612 42 635 633 474 817 876 464 127 476 709 402 693 848 291 911 870 802 954 826 661 731 973 254 446 106 167 229 986 544 811 631
2062 20 9986 291 911 612 42 446 106 954 826 720 895 973 254 127 476 709 402 876 464 870 802 2 131 693 848 167 229 986 544 811 631 474 817 661 731 624 656 852 614 635 633
3062 20 9986 474 817 986 544 624 656 446 106 876 464 167 229 661 731 693 848 291 911 612 42 811 631 635 633 954 826 852 614 2 131 127 476 973 254 870 802 720 895 709 402
4062 20 9986 811 631 661 731 693 848 635 633 624 656 870 802 720 895 167 229 709 402 954 826 986 544 127 476 612 42 474 817 2 131 852 614 446 106 291 911 876 464 973 254
5062 20 9986 811 631 720 895 870 802 661 731 876 464 693 848 2 131 167 229 709 402 852 614 973 254 474 817 954 826 446 106 624 656 612 42 291 911 986 544 127 476 635 633
1063 20 7672 859 164 122 181 267 975 12 434 610 749 617 392 100 345 644 619 694 1000 979 726 395 47 373 456 938 230 276 680 155 620 627 819 781 119 556 801 437 183 148 326
2063 20 7672 12 434 938 230 100 345 276 680 373 456 437 183 859 164 148 326 610 749 627 819 644 619 979 726 395 47 694 1000 617 392 267 975 122 181 556 801 155 620 781 119
3063 20 7672 122 181 437 183 644 619 627 819 979 726 395 47 155 620 12 434 617 392 610 749 781 119 267 975 276 680 373 456 148 326 694 1000 100 345 556 801 859 164 938 230
4063 20 7672 267 975 155 620 12 434 148 326 617 392 644 619 627 819 122 181 556 801 938 230 694 1000 395 47 276 680 979 726 437 183 373 456 859 164 610 749 100 345 781 119
5063 20 7672 437 183 979 726 122 181 781 119 155 620 276 680 644 619 938 230 859 164 148 326 617 392 610 749 694 1000 267 975 627 819 100 345 373 456 556 801 12 434 395 47
1064 20 8726 361 638 79 111 759 826 529 873 503 168 188 791 832 368 960 76 894 834 369 284 245 297 567 102 684 965 195 497 651 488 928 22 332 172 847 648 227 179 758 920
2064 20 8726 960 76 759 826 503 168 651 488 188 791 361 638 227 179 332 172 245 297 758 920 567 102 79 111 195 497 529 873 894 834 847 648 928 22 369 284 684 965 832 368
3064 20 8726 567 102 188 791 651 488 759 826 684 965 369 284 758 920 332 172 245 297 847 648 227 179 529 873 960 76 79 111 195 497 832 368 894 834 361 638 503 168 928 22
4064 20 8726 567 102 759 826 195 497 529 873 684 965 79 111 227 179 651 488 245 297 188 791 361 638 832 368 960 76 928 22 332 172 847 648 758 920 894 834 369 284 503 168
5064 20 8726 684 965 847 648 567 102 894 834 832 368 188 791 758 920 503 168 529 873 369 284 245 297 332 172 759 826 361 638 227 179 928 22 651 488 195 497 79 111 960 76
1065 20 7006 288 559 299 321 707 125 116 555 197 911 88 97 451 518 444 854 115 659 95 277 694 356 186 167 840 491 771 130 140 168 903 258 900 903 497 341 686 353 341 425
2065 20 7006 903 258 694 356 451 518 197 911 497 341 299 321 707 125 95 277 686 353 115 659 186 167 900 903 288 559 444 854 140 168 771 130 840 491 116 555 88 97 341 425
3065 20 7006 903 258 840 491 197 911 707 125 686 353 341 425 115 659 444 854 288 559 900 903 299 321 186 167 140 168 497 341 88 97 451 518 116 555 771 130 95 277 694 356
4065 20 7006 840 491 116 555 95 277 771 130 497 341 451 518 444 854 707 125 900 903 186 167 88 97 299 321 341 425 694 356 686 353 903 258 115 659 288 559 197 911 140 168
5065 20 7006 497 341 903 258 88 97 299 321 444 854 186 167 686 353 451 518 694 356 900 903 707 125 140 168 288 559 95 277 197 911 341 425 116 555 771 130 840 491 115 659
1066 20 8600 941 580 624 360 119 917 236 799 860 365 648 821 947 288 505 622 110 553 52 69 636 570 358 939 855 558 47 965 630 943 549 218 361 84 537 778 978 217 758 513
2066 20 8600 549 218 119 917 52 69 978 217 941 580 236 799 860 365 855 558 110 553 624 360 537 778 758 513 505 622 648 821 636 570 358 939 630 943 947 288 361 84 47 965
3066 20 8600 537 778 505 622 947 288 758 513 636 570 855 558 549 218 941 580 648 821 358 939 978 217 119 917 860 365 624 360 630 943 361 84 47 965 52 69 110 553 236 799
4066 20 8600 941 580 978 217 47 965 236 799 537 778 860 365 855 558 52 69 549 218 119 917 630 943 361 84 648 821 947 288 358 939 505 622 110 553 758 513 624 360 636 570
5066 20 8600 860 365 947 288 537 778 624 360 361 84 855 558 358 939 110 553 636 570 648 821 119 917 758 513 941 580 52 69 236 799 47 965 978 217 630 943 505 622 549 218
1067 20 6401 265 472 477 144 820 933 9 639 89 95 85 67 189 214 205 432 849 918 766 887 174 257 995 524 562 653 146 814 216 425 449 89 128 850 551 758 689 843 338 132
2067 20 6401 820 933 477 144 146 814 689 843 562 653 995 524 849 918 128 850 338 132 85 67 9 639 174 257 89 95 551 758 449 89 205 432 189 214 766 887 265 472 216 425
3067 20 6401 89 95 338 132 551 758 995 524 849 918 766 887 85 67 128 850 146 814 265 472 689 843 205 432 449 89 820 933 189 214 216 425 477 144 562 653 9 639 174 257
4067 20 6401 85 67 477 144 449 89 128 850 89 95 189 214 995 524 849 918 820 933 562 653 9 639 216 425 766 887 174 257 551 758 265 472 338 132 205 432 689 843 146 814
5067 20 6401 9 639 820 933 205 432 89 95 689 843 174 257 551 758 128 850 995 524 265 472 189 214 477 144 766 887 85 67 849 918 562 653 449 89 216 425 338 132 146 814
1068 20 8632 79 168 832 682 433 64 810 901 568 92 786 556 446 68 257 581 919 298 772 80 976 264 616 377 476 187 715 996 379 560 123 603 386 634 61 201 778 782 379 237
2068 20 8632 61 201 476 187 832 682 379 237 772 80 976 264 919 298 778 782 446 68 568 92 786 556 616 377 433 64 810 901 386 634 123 603 257 581 79 168 715 996 379 560
3068 20 8632 772 80 61 201 616 377 832 682 778 782 386 634 568 92 976 264 919 298 810 901 786 556 257 581 446 68 123 603 379 560 476 187 715 996 433 64 379 237 79 168
4068 20 8632 79 168 568 92 379 560 433 64 61 201 386 634 786 556 123 603 446 68 476 187 919 298 778 782 379 237 257 581 772 80 976 264 715 996 616 377 810 901 832 682
5068 20 8632 79 168 810 901 123 603 786 556 832 682 778 782 379 237 446 68 433 64 919 298 616 377 976 264 715 996 772 80 379 560 386 634 476 187 257 581 568 92 61 201
1069 20 8115 606 170 207 216 263 274 236 571 929 531 360 817 230 192 837 37 878 762 375 999 957 745 420 474 104 519 234 815 574 939 858 530 349 133 828 70 690 69 209 426
2069 20 8115 606 170 929 531 104 519 837 37 690 69 230 192 349 133 957 745 263 274 420 474 360 817 207 216 574 939 209 426 858 530 828 70 236 571 234 815 878 762 375 999
3069 20 8115 420 474 360 817 209 426 878 762 606 170 837 37 929 531 230 192 104 519 858 530 207 216 349 133 234 815 828 70 574 939 375 999 263 274 957 745 690 69 236 571
4069 20 8115 236 571 690 69 929 531 420 474 606 170 360 817 574 939 837 37 207 216 349 133 375 999 234 815 230 192 878 762 957 745 858 530 209 426 828 70 104 519 263 274
5069 20 8115 878 762 234 815 828 70 360 817 349 133 606 170 230 192 420 474 263 274 690 69 957 745 837 37 929 531 104 519 209 426 207 216 375 999 858 530 236 571 574 939
1070 20 7944 329 135 461 926 584 361 210 546 208 96 643 819 308 681 648 676 613 273 400 374 366 967 101 704 644 346 963 765 552 449 971 506 805 121 250 984 90 732 785 933
2070 20 7944 552 449 366 967 461 926 644 346 400 374 210 546 963 765 643 819 805 121 90 732 250 984 101 704 785 933 584 361 971 506 329 135 308 681 613 273 208 96 648 676
3070 20 7944 208 96 971 506 366 967 552 449 785 933 461 926 101 704 805 121 643 819 584 361 210 546 644 346 963 765 308 681 613 273 90 732 400 374 648 676 250 984 329 135
4070 20 7944 584 361 461 926 963 765 250 984 805 121 644 346 613 273 366 967 329 135 400 374 648 676 552 449 208 96 308 681 643 819 971 506 785 933 210 546 101 704 90 732
5070 20 7944 101 704 643 819 785 933 329 135 963 765 613 273 644 346 308 681 90 732 250 984 210 546 805 121 584 361 461 926 400 374 552 449 366 967 208 96 971 506 648 676
1071 20 7043 916 311 669 467 652 37 747 943 554 299 100 95 290 921 919 468 171 287 846 685 165 770 978 385 967 629 353 112 6 851 179 357 83 404 114 278 14 406 81 5
2071 20 7043 165 770 978 385 554 299 916 311 171 287 100 95 81 5 353 112 83 404 290 921 846 685 114 278 179 357 669 467 6 851 967 629 919 468 652 37 14 406 747 943
3071 20 7043 165 770 100 95 6 851 554 299 669 467 290 921 916 311 919 468 978 385 967 629 652 37 353 112 179 357 171 287 83 404 747 943 846 685 81 5 114 278 14 406
4071 20 7043 100 95 967 629 6 851 652 37 747 943 846 685 165 770 353 112 290 921 14 406 114 278 179 357 171 287 83 404 81 5 978 385 669 467 554 299 916 311 919 468
5071 20 7043 846 685 967 629 652 37 669 467 919 468 81 5 978 385 179 357 916 311 554 299 83 404 353 112 114 278 100 95 165 770 747 943 6 851 290 921 14 406 171 287
1072 20 8072 845 846 987 497 33 935 370 571 218 659 236 119 553 973 957 682 878 540 666 914 213 782 327 408 344 235 360 714 313 999 611 446 894 487 116 888 439 176 730 267
2072 20 8072 33 935 370 571 553 973 611 446 218 659 730 267 236 119 987 497 666 914 360 714 344 235 957 682 439 176 116 888 313 999 878 540 213 782 845 846 894 487 327 408
3072 20 8072 33 935 666 914 957 682 218 659 845 846 878 540 439 176 213 782 344 235 894 487 116 888 327 408 553 973 987 497 313 999 360 714 236 119 730 267 611 446 370 571
4072 20 8072 611 446 553 973 987 497 344 235 666 914 218 659 327 408 313 999 360 714 116 888 730 267 878 540 845 846 957 682 236 119 894 487 370 571 213 782 33 935 439 176
5072 20 8072 987 497 116 888 218 659 553 973 957 682 894 487 370 571 360 714 878 540 213 782 439 176 730 267 611 446 313 999 344 235 33 935 236 119 845 846 327 408 666 914
1073 20 8929 204 886 201 945 970 327 747 324 412 66 146 16 443 151 574 672 103 209 455 403 704 729 169 973 697 943 417 816 990 878 324 770 790 381 983 518 841 522 992 816
2073 20 8929 704 729 990 878 992 816 412 66 983 518 697 943 169 973 790 381 324 770 204 886 841 522 970 327 146 16 443 151 455 403 747 324 201 945 417 816 574 672 103 209
3073 20 8929 790 381 992 816 983 518 747 324 704 729 103 209 697 943 990 878 443 151 417 816 204 886 841 522 169 973 455 403 324 770 574 672 970 327 201 945 412 66 146 16
4073 20 8929 574 672 169 973 697 943 704 729 970 327 201 945 455 403 417 816 983 518 204 886 990 878 443 151 412 66 103 209 841 522 747 324 324 770 790 381 146 16 992 816
5073 20 8929 704 729 841 522 992 816 324 770 455 403 983 518 204 886 747 324 412 66 990 878 146 16 697 943 201 945 443 151 970 327 574 672 103 209 790 381 417 816 169 973
1074 20 8296 792 19 631 798 279 283 476 268 806 949 84 319 463 14 505 24 767 879 548 140 485 892 25 314 578 909 801 319 644 281 75 142 49 684 915 392 469 820 978 171
2074 20 8296 279 283 476 268 578 909 806 949 25 314 644 281 84 319 469 820 463 14 915 392 75 142 801 319 49 684 548 140 485 892 792 19 978 171 631 798 505 24 767 879
3074 20 8296 978 171 631 798 644 281 801 319 279 283 548 140 505 24 915 392 84 319 485 892 49 684 767 879 476 268 25 314 75 142 469 820 806 949 792 19 578 909 463 14
4074 20 8296 801 319 767 879 644 281 49 684 476 268 915 392 84 319 463 14 978 171 75 142 469 820 578 909 485 892 548 140 279 283 806 949 25 314 505 24 792 19 631 798
5074 20 8296 644 281 49 684 801 319 485 892 476 268 279 283 578 909 792 19 978 171 469 820 631 798 548 140 84 319 915 392 75 142 463 14 505 24 806 949 25 314 767 879
1075 20 8613 226 33 632 617 458 351 666 340 234 945 400 302 456 95 715 37 758 38 295 932 799 597 111 916 135 150 488 958 574 799 965 666 810 305 656 29 702 51 687 98
2075 20 8613 965 666 234 945 226 33 456 95 758 38 632 617 656 29 687 98 574 799 666 340 295 932 810 305 135 150 400 302 799 597 458 351 111 916 715 37 702 51 488 958
3075 20 8613 758 38 702 51 400 302 965 666 666 340 295 932 234 945 135 150 799 597 632 617 574 799 810 305 656 29 226 33 111 916 687 98 458 351 715 37 488 958 456 95
4075 20 8613 758 38 488 958 111 916 400 302 799 597 456 95 702 51 234 945 687 98 574 799 295 932 135 150 458 351 656 29 715 37 965 666 810 305 226 33 632 617 666 340
5075 20 8613 488 958 715 37 135 150 687 98 574 799 666 340 702 51 111 916 458 351 965 666 810 305 226 33 456 95 400 302 799 597 656 29 295 932 234 945 632 617 758 38
1076 20 8886 475 975 665 323 551 965 789 82 654 315 854 202 866 40 317 760 681 433 245 174 774 366 377 272 856 394 855 138 60 986 238 521 670 809 68 591 584 378 529 949
2076 20 8886 854 202 475 975 866 40 665 323 855 138 317 760 789 82 551 965 681 433 529 949 68 591 238 521 856 394 245 174 60 986 654 315 774 366 377 272 584 378 670 809
3076 20 8886 855 138 60 986 245 174 654 315 789 82 854 202 670 809 529 949 551 965 681 433 68 591 584 378 866 40 238 521 317 760 377 272 665 323 475 975 856 394 774 366
4076 20 8886 377 272 856 394 866 40 238 521 317 760 789 82 475 975 654 315 665 323 855 138 681 433 245 174 854 202 529 949 68 591 584 378 60 986 551 965 774 366 670 809
5076 20 8886 551 965 774 366 855 138 854 202 317 760 654 315 789 82 68 591 245 174 670 809 665 323 529 949 584 378 866 40 60 986 856 394 475 975 238 521 681 433 377 272
1077 20 9428 919 612 912 602 961 750 892 707 923 832 492 63 647 194 179 225 442 832 212 619 858 834 428 86 420 889 658 968 485 957 610 834 489 711 289 528 751 551 218 65
2077 20 9428 289 528 923 832 961 750 751 551 610 834 858 834 212 619 919 612 912 602 492 63 647 194 420 889 218 65 428 86 892 707 442 832 179 225 489 711 658 968 485 957
3077 20 9428 610 834 289 528 892 707 492 63 179 225 485 957 858 834 420 889 218 65 428 86 442 832 919 612 923 832 912 602 658 968 212 619 961 750 647 194 489 711 751 551
4077 20 9428 658 968 420 889 218 65 492 63 751 551 485 957 428 86 923 832 289 528 892 707 919 612 647 194 212 619 179 225 858 834 442 832 961 750 610 834 489 711 912 602
5077 20 9428 923 832 420 889 289 528 658 968 428 86 179 225 212 619 912 602 485 957 492 63 218 65 858 834 489 711 892 707 919 612 442 832 647 194 610 834 961 750 751 551
1078 20 9973 653 517 482 220 323 97 992 125 870 239 219 201 576 397 959 816 860 680 481 614 557 324 523 759 951 867 466 131 471 44 284 833 505 902 842 683 499 914 954 993
2078 20 9973 482 220 505 902 466 131 954 993 860 680 481 614 951 867 499 914 653 517 471 44 557 324 523 759 576 397 284 833 959 816 842 683 219 201 323 97 992 125 870 239
3078 20 9973 284 833 557 324 860 680 466 131 481 614 653 517 523 759 842 683 992 125 482 220 954 993 951 867 505 902 471 44 499 914 219 201 576 397 323 97 870 239 959 816
4078 20 9973 870 239 523 759 951 867 959 816 576 397 323 97 842 683 992 125 482 220 860 680 653 517 219 201 481 614 471 44 505 902 557 324 466 131 954 993 284 833 499 914
5078 20 9973 481 614 653 517 471 44 557 324 284 833 219 201 959 816 576 397 870 239 323 97 466 131 482 220 992 125 954 993 951 867 499 914 505 902 523 759 860 680 842 683
1079 20 7264 104 80 222 479 296 322 129 404 409 153 143 210 918 157 935 617 984 646 134 43 206 260 606 995 953 47 108 146 112 923 931 989 662 510 193 163 631 286 404 402
2079 20 7264 953 47 134 43 404 402 662 510 296 322 606 995 918 157 143 210 129 404 206 260 108 146 112 923 409 153 984 646 193 163 104 80 222 479 631 286 935 617 931 989
3079 20 7264 129 404 193 163 134 43 606 995 935 617 984 646 918 157 222 479 953 47 112 923 631 286 404 402 143 210 108 146 662 510 296 322 206 260 931 989 104 80 409 153
4079 20 7264 193 163 631 286 206 260 935 617 112 923 918 157 404 402 129 404 108 146 606 995 984 646 662 510 134 43 409 153 931 989 222 479 953 47 104 80 143 210 296 322
5079 20 7264 984 646 296 322 112 923 918 157 662 510 134 43 206 260 606 995 935 617 108 146 931 989 222 479 404 402 193 163 104 80 129 404 953 47 409 153 143 210 631 286
1080 20 7934 687 719 919 965 357 564 450 13 987 236 95 758 327 892 676 963 272 653 811 773 18 41 741 94 407 505 182 891 510 846 390 366 965 161 239 544 823 914 62 891
2080 20 7934 18 41 407 505 62 891 357 564 390 366 327 892 811 773 987 236 182 891 239 544 919 965 450 13 676 963 272 653 510 846 687 719 965 161 95 758 823 914 741 94
3080 20 7934 823 914 327 892 919 965 18 41 95 758 62 891 390 366 676 963 182 891 407 505 239 544 272 653 965 161 687 719 987 236 357 564 510 846 741 94 811 773 450 13
4080 20 7934 676 963 390 366 407 505 357 564 510 846 965 161 919 965 811 773 450 13 62 891 741 94 987 236 327 892 18 41 182 891 823 914 95 758 239 544 272 653 687 719
5080 20 7934 676 963 357 564 919 965 327 892 510 846 62 891 407 505 18 41 450 13 239 544 987 236 823 914 811 773 687 719 182 891 965 161 390 366 95 758 741 94 272 653
1081 20 7426 978 530 821 993 650 269 109 52 85 771 549 703 52 389 958 119 620 909 545 942 342 886 269 950 679 424 769 489 85 829 109 695 431 553 928 682 277 798 27 707
2081 20 7426 549 703 958 119 27 707 650 269 978 530 85 829 109 695 679 424 277 798 85 771 821 993 342 886 269 950 431 553 620 909 928 682 109 52 769 489 545 942 52 389
3081 20 7426 928 682 978 530 342 886 679 424 269 950 769 489 109 695 821 993 52 389 109 52 545 942 620 909 27 707 650 269 958 119 277 798 431 553 85 829 85 771 549 703
4081 20 7426 109 695 269 950 52 389 109 52 650 269 342 886 431 553 769 489 277 798 620 909 27 707 821 993 85 771 545 942 549 703 958 119 85 829 978 530 679 424 928 682
5081 20 7426 342 886 27 707 821 993 85 771 85 829 431 553 978 530 769 489 52 389 545 942 549 703 928 682 109 52 109 695 679 424 269 950 620 909 958 119 650 269 277 798
1082 20 6456 321 268 759 905 122 549 902 940 295 40 524 696 160 836 277 575 370 229 188 946 938 514 148 691 524 580 23 643 278 541 733 240 144 895 861 262 340 1 164 476
2082 20 6456 759 905 295 40 861 262 938 514 144 895 23 643 321 268 902 940 278 541 370 229 524 696 733 240 148 691 164 476 122 549 524 580 277 575 160 836 340 1 188 946
3082 20 6456 277 575 295 40 278 541 122 549 23 643 148 691 370 229 524 696 164 476 321 268 340 1 188 946 144 895 160 836 524 580 733 240 938 514 902 940 759 905 861 262
4082 20 6456 861 262 122 549 160 836 524 580 148 691 524 696 340 1 370 229 23 643 144 895 902 940 733 240 278 541 321 268 938 514 759 905 295 40 188 946 277 575 164 476
5082 20 6456 733 240 295 40 122 549 524 696 148 691 321 268 278 541 340 1 277 575 164 476 524 580 861 262 188 946 160 836 144 895 370 229 902 940 938 514 23 643 759 905
1083 20 6164 22 378 453 754 385 970 203 292 45 894 182 992 385 413 957 45 401 712 717 273 482 835 384 723 30 111 402 936 644 416 764 391 143 146 815 468 49 659 242 578
2083 20 6164 45 894 182 992 482 835 402 936 815 468 203 292 401 712 453 754 143 146 717 273 49 659 22 378 644 416 957 45 30 111 385 970 385 413 242 578 764 391 384 723
3083 20 6164 815 468 401 712 402 936 45 894 30 111 717 273 242 578 453 754 143 146 957 45 203 292 385 970 182 992 482 835 764 391 49 659 22 378 644 416 384 723 385 413
4083 20 6164 401 712 143 146 402 936 384 723 385 970 764 391 22 378 30 111 203 292 482 835 45 894 49 659 644 416 453 754 242 578 717 273 182 992 385 413 957 45 815 468
5083 20 6164 203 292 182 992 143 146 482 835 402 936 717 273 644 416 384 723 385 413 385 970 401 712 453 754 242 578 30 111 957 45 45 894 764 391 815 468 49 659 22 378
1084 20 9341 728 804 717 773 555 199 205 145 412 620 593 176 966 30 110 743 424 219 743 394 684 632 773 272 711 101 873 110 644 795 764 396 186 532 468 842 499 991 622 327
2084 20 9341 684 632 555 199 711 101 764 396 773 272 873 110 205 145 110 743 717 773 644 795 499 991 728 804 424 219 622 327 186 532 966 30 412 620 468 842 593 176 743 394
3084 20 9341 644 795 424 219 966 30 773 272 110 743 499 991 205 145 412 620 717 773 873 110 743 394 593 176 468 842 684 632 711 101 764 396 728 804 555 199 622 327 186 532
4084 20 9341 110 743 717 773 468 842 684 632 966 30 593 176 424 219 499 991 873 110 412 620 743 394 764 396 711 101 644 795 773 272 728 804 186 532 555 199 622 327 205 145
5084 20 9341 711 101 966 30 684 632 205 145 110 743 764 396 468 842 412 620 644 795 873 110 773 272 717 773 622 327 728 804 555 199 499 991 186 532 743 394 593 176 424 219
1085 20 7505 324 533 853 991 624 150 563 822 31 516 950 380 320 856 69 105 139 620 22 143 510 291 370 766 995 528 180 235 395 533 705 917 729 144 560 52 362 525 681 979
2085 20 7505 853 991 995 528 370 766 324 533 139 620 180 235 362 525 705 917 31 516 395 533 560 52 563 822 69 105 950 380 729 144 320 856 681 979 624 150 510 291 22 143
3085 20 7505 853 991 320 856 139 620 560 52 69 105 624 150 705 917 395 533 31 516 563 822 370 766 729 144 995 528 324 533 510 291 362 525 180 235 22 143 681 979 950 380
4085 20 7505 139 620 950 380 395 533 705 917 370 766 324 533 729 144 22 143 681 979 560 52 180 235 510 291 624 150 853 991 69 105 995 528 563 822 362 525 320 856 31 516
5085 20 7505 395 533 22 143 31 516 324 533 320 856 370 766 853 991 362 525 729 144 563 822 681 979 950 380 560 52 624 150 705 917 69 105 180 235 510 291 995 528 139 620
1086 20 8648 360 180 755 528 579 929 678 992 229 485 594 799 86 470 387 355 970 811 857 588 868 144 377 442 596 489 767 646 509 627 909 823 749 533 339 652 201 41 1 756
2086 20 8648 678 992 377 442 201 41 868 144 579 929 339 652 86 470 755 528 509 627 360 180 767 646 229 485 387 355 857 588 596 489 594 799 970 811 1 756 909 823 749 533
3086 20 8648 857 588 755 528 767 646 868 144 360 180 596 489 86 470 970 811 509 627 749 533 1 756 377 442 579 929 678 992 229 485 909 823 594 799 387 355 201 41 339 652
4086 20 8648 594 799 749 533 767 646 909 823 360 180 377 442 387 355 596 489 868 144 579 929 1 756 509 627 86 470 201 41 339 652 857 588 678 992 970 811 755 528 229 485
5086 20 8648 678 992 1 756 579 929 339 652 201 41 360 180 755 528 509 627 857 588 767 646 596 489 86 470 970 811 594 799 749 533 377 442 387 355 229 485 868 144 909 823
1087 20 8417 607 372 184 756 69 57 492 302 200 577 951 263 890 878 363 388 837 525 960 415 194 881 513 847 179 64 291 394 825 496 871 463 963 248 501 524 491 616 141 731
2087 20 8417 607 372 871 463 179 64 825 496 363 388 963 248 501 524 69 57 492 302 200 577 291 394 184 756 837 525 194 881 890 878 141 731 960 415 491 616 951 263 513 847
3087 20 8417 200 577 825 496 492 302 363 388 960 415 963 248 837 525 491 616 607 372 141 731 184 756 890 878 194 881 179 64 951 263 69 57 513 847 871 463 291 394 501 524
4087 20 8417 194 881 951 263 960 415 69 57 291 394 179 64 200 577 890 878 837 525 513 847 184 756 607 372 363 388 141 731 491 616 871 463 501 524 963 248 825 496 492 302
5087 20 8417 69 57 825 496 837 525 291 394 184 756 960 415 363 388 492 302 963 248 890 878 513 847 501 524 491 616 871 463 194 881 607 372 141 731 951 263 200 577 179 64
1088 20 6384 238 685 577 896 146 636 347 200 188 517 186 440 430 994 392 891 619 672 613 144 515 438 956 255 251 478 456 217 62 253 284 836 312 914 76 390 686 450 646 498
2088 20 6384 956 255 613 144 188 517 577 896 456 217 284 836 186 440 430 994 238 685 76 390 646 498 347 200 686 450 312 914 619 672 392 891 146 636 251 478 62 253 515 438
3088 20 6384 146 636 613 144 186 440 619 672 430 994 577 896 251 478 62 253 284 836 956 255 392 891 686 450 238 685 76 390 456 217 312 914 347 200 646 498 188 517 515 438
4088 20 6384 619 672 238 685 613 144 956 255 686 450 251 478 347 200 430 994 577 896 146 636 456 217 515 438 62 253 76 390 646 498 186 440 188 517 284 836 392 891 312 914
5088 20 6384 284 836 515 438 392 891 456 217 577 896 146 636 62 253 613 144 238 685 686 450 347 200 430 994 76 390 251 478 646 498 312 914 619 672 188 517 186 440 956 255
1089 20 8218 334 422 209 958 703 325 237 548 83 79 999 441 419 498 560 204 982 466 662 71 489 104 738 629 459 50 226 596 798 671 365 328 349 870 777 291 167 542 717 355
2089 20 8218 982 466 334 422 209 958 167 542 349 870 419 498 226 596 999 441 703 325 717 355 560 204 738 629 489 104 237 548 365 328 459 50 798 671 662 71 83 79 777 291
3089 20 8218 83 79 237 548 982 466 798 671 334 422 777 291 999 441 662 71 459 50 703 325 717 355 349 870 167 542 209 958 365 328 560 204 226 596 489 104 419 498 738 629
4089 20 8218 365 328 334 422 798 671 349 870 703 325 83 79 777 291 209 958 226 596 738 629 560 204 982 466 999 441 237 548 662 71 717 355 419 498 167 542 459 50 489 104
5089 20 8218 798 671 419 498 459 50 999 441 334 422 777 291 226 596 738 629 560 204 489 104 167 542 83 79 703 325 237 548 209 958 349 870 365 328 662 71 982 466 717 355
1090 20 7523 720 25 772 868 777 169 572 643 433 941 769 608 965 306 254 637 184 602 312 223 802 598 54 941 295 312 843 500 185 701 276 959 16 783 163 355 92 840 920 559
2090 20 7523 16 783 572 643 92 840 276 959 769 608 720 25 163 355 184 602 54 941 920 559 965 306 254 637 312 223 843 500 777 169 802 598 185 701 433 941 295 312 772 868
3090 20 7523 16 783 843 500 772 868 184 602 254 637 572 643 920 559 312 223 802 598 163 355 965 306 92 840 295 312 777 169 276 959 769 608 185 701 720 25 54 941 433 941
4090 20 7523 184 602 772 868 185 701 92 840 802 598 312 223 276 959 572 643 965 306 16 783 720 25 920 559 769 608 843 500 295 312 163 355 433 941 254 637 777 169 54 941
5090 20 7523 92 840 295 312 777 169 185 701 920 559 843 500 312 223 965 306 54 941 433 941 720 25 802 598 16 783 572 643 184 602 772 868 769 608 276 959 163 355 254 637
1091 20 6916 450 437 926 577 317 461 221 922 324 529 626 919 271 946 157 15 927 990 33 999 50 124 555 310 824 467 64 20 750 308 66 280 887 625 161 262 383 342 654 827
2091 20 6916 271 946 157 15 555 310 64 20 221 922 626 919 317 461 926 577 161 262 750 308 50 124 824 467 33 999 383 342 450 437 654 827 927 990 66 280 887 625 324 529
3091 20 6916 221 922 324 529 50 124 450 437 66 280 317 461 654 827 626 919 271 946 824 467 926 577 555 310 33 999 383 342 64 20 927 990 157 15 161 262 887 625 750 308
4091 20 6916 64 20 383 342 157 15 161 262 750 308 887 625 450 437 626 919 271 946 317 461 50 124 555 310 926 577 221 922 324 529 654 827 33 999 66 280 927 990 824 467
5091 20 6916 927 990 221 922 555 310 626 919 33 999 64 20 66 280 50 124 161 262 750 308 450 437 824 467 654 827 157 15 324 529 887 625 926 577 317 461 383 342 271 946
1092 20 7991 713 535 226 392 138 835 799 203 571 326 592 989 600 809 112 657 934 5 579 599 946 317 568 473 296 100 279 666 974 827 699 161 157 979 454 868 323 153 29 39
2092 20 7991 279 666 138 835 713 535 323 153 226 392 571 326 934 5 29 39 699 161 454 868 946 317 112 657 592 989 600 809 568 473 974 827 799 203 579 599 157 979 296 100
3092 20 7991 454 868 138 835 279 666 571 326 934 5 323 153 29 39 112 657 799 203 699 161 157 979 592 989 600 809 568 473 713 535 974 827 296 100 226 392 579 599 946 317
4092 20 7991 29 39 112 657 571 326 157 979 579 599 699 161 974 827 600 809 946 317 713 535 454 868 279 666 226 392 799 203 934 5 296 100 138 835 568 473 323 153 592 989
5092 20 7991 934 5 592 989 157 979 600 809 112 657 974 827 296 100 699 161 579 599 799 203 279 666 946 317 29 39 454 868 138 835 323 153 571 326 713 535 568 473 226 392
1093 20 5431 167 76 69 931 23 54 35 338 324 999 165 143 540 817 119 90 817 50 645 784 263 40 753 172 236 53 380 708 214 450 535 549 717 928 82 569 122 483 583 238
2093 20 5431 236 53 263 40 540 817 817 50 380 708 69 931 165 143 167 76 753 172 82 569 122 483 324 999 535 549 717 928 645 784 119 90 583 238 214 450 35 338 23 54
3093 20 5431 167 76 69 931 324 999 263 40 82 569 236 53 165 143 35 338 645 784 540 817 380 708 122 483 535 549 717 928 817 50 23 54 583 238 753 172 214 450 119 90
4093 20 5431 69 931 82 569 119 90 165 143 583 238 645 784 817 50 122 483 717 928 324 999 540 817 263 40 35 338 535 549 214 450 167 76 753 172 380 708 236 53 23 54
5093 20 5431 35 338 717 928 167 76 535 549 540 817 122 483 236 53 645 784 583 238 165 143 214 450 263 40 82 569 23 54 753 172 817 50 324 999 119 90 380 708 69 931
1094 20 7680 786 456 476 981 740 868 28 577 944 869 68 264 858 147 141 419 497 762 631 515 102 210 958 115 248 854 390 659 387 202 605 420 484 500 619 811 282 942 356 300
2094 20 7680 484 500 497 762 282 942 631 515 28 577 248 854 786 456 68 264 858 147 476 981 605 420 740 868 944 869 958 115 141 419 387 202 356 300 390 659 619 811 102 210
3094 20 7680 390 659 786 456 497 762 631 515 387 202 248 854 141 419 958 115 619 811 476 981 740 868 944 869 356 300 484 500 282 942 68 264 858 147 28 577 102 210 605 420
4094 20 7680 102 210 390 659 497 762 944 869 356 300 619 811 740 868 141 419 68 264 476 981 28 577 631 515 248 854 958 115 484 500 282 942 786 456 605 420 387 202 858 147
5094 20 7680 958 115 619 811 786 456 356 300 858 147 141 419 387 202 248 854 390 659 497 762 282 942 28 577 476 981 68 264 605 420 484 500 944 869 631 515 102 210 740 868
1095 20 9285 805 840 436 422 976 177 451 894 385 70 891 321 947 479 579 91 93 790 772 264 819 227 498 268 721 156 97 254 204 477 710 94 568 949 358 943 640 458 657 765
2095 20 9285 640 458 451 894 579 91 568 949 498 268 721 156 947 479 710 94 204 477 436 422 385 70 772 264 97 254 819 227 976 177 805 840 891 321 358 943 657 765 93 790
3095 20 9285 579 91 385 70 358 943 721 156 97 254 568 949 436 422 891 321 819 227 451 894 976 177 204 477 657 765 947 479 805 840 640 458 93 790 498 268 710 94 772 264
4095 20 9285 657 765 976 177 93 790 947 479 721 156 772 264 451 894 358 943 891 321 805 840 97 254 498 268 568 949 579 91 819 227 710 94 640 458 204 477 436 422 385 70
5095 20 9285 498 268 97 254 805 840 710 94 976 177 947 479 772 264 358 943 640 458 819 227 721 156 891 321 385 70 436 422 93 790 451 894 204 477 568 949 579 91 657 765
1096 20 7459 757 55 193 500 223 82 846 871 350 432 238 43 660 215 207 793 462 568 548 843 5 435 655 55 414 74 580 162 534 459 506 173 694 649 15 481 665 518 772 904
2096 20 7459 772 904 238 43 223 82 462 568 207 793 665 518 846 871 15 481 757 55 193 500 580 162 660 215 350 432 694 649 534 459 506 173 5 435 548 843 655 55 414 74
3096 20 7459 772 904 350 432 506 173 655 55 534 459 193 500 414 74 207 793 5 435 660 215 462 568 846 871 757 55 694 649 580 162 223 82 548 843 238 43 15 481 665 518
4096 20 7459 694 649 772 904 846 871 506 173 207 793 757 55 193 500 534 459 238 43 660 215 548 843 665 518 15 481 223 82 5 435 350 432 580 162 655 55 462 568 414 74
5096 20 7459 462 568 534 459 350 432 5 435 846 871 660 215 15 481 193 500 694 649 223 82 414 74 772 904 655 55 238 43 757 55 580 162 506 173 207 793 548 843 665 518
1097 20 7174 432 572 500 102 932 438 171 990 489 578 631 727 700 352 296 696 377 449 668 269 100 238 244 808 239 268 126 636 136 204 638 903 41 182 962 186 764 828 522 497
2097 20 7174 126 636 377 449 239 268 296 696 764 828 489 578 522 497 932 438 41 182 100 238 631 727 432 572 136 204 668 269 700 352 244 808 638 903 171 990 500 102 962 186
3097 20 7174 668 269 638 903 136 204 100 238 932 438 171 990 377 449 500 102 700 352 239 268 432 572 244 808 522 497 764 828 296 696 41 182 126 636 489 578 631 727 962 186
4097 20 7174 432 572 136 204 522 497 962 186 296 696 171 990 668 269 500 102 126 636 700 352 932 438 239 268 100 238 489 578 631 727 41 182 764 828 244 808 638 903 377 449
5097 20 7174 126 636 432 572 522 497 244 808 41 182 631 727 239 268 296 696 136 204 171 990 668 269 100 238 489 578 932 438 962 186 700 352 638 903 500 102 764 828 377 449
1098 20 7747 370 83 376 63 166 517 840 386 344 478 164 802 961 257 897 604 62 189 599 132 157 802 441 85 630 661 14 35 545 1000 446 879 916 602 647 2 220 449 889 543
2098 20 7747 840 386 961 257 166 517 889 543 446 879 630 661 164 802 62 189 599 132 897 604 647 2 441 85 344 478 157 802 916 602 220 449 545 1000 14 35 370 83 376 63
3098 20 7747 157 802 630 661 545 1000 164 802 344 478 840 386 376 63 889 543 916 602 441 85 14 35 961 257 897 604 220 449 647 2 62 189 166 517 370 83 446 879 599 132
4098 20 7747 344 478 164 802 961 257 647 2 220 449 916 602 370 83 630 661 62 189 376 63 446 879 545 1000 599 132 441 85 840 386 14 35 166 517 897 604 889 543 157 802
5098 20 7747 599 132 630 661 62 189 545 1000 370 83 344 478 647 2 961 257 446 879 14 35 376 63 164 802 166 517 441 85 840 386 220 449 916 602 889 543 897 604 157 802
1099 20 7083 241 512 250 495 993 343 519 8 150 348 717 944 347 690 853 556 762 31 490 641 238 970 212 514 37 60 501 603 519 635 966 791 302 832 217 156 102 892 438 576
2099 20 7083 241 512 853 556 966 791 37 60 717 944 438 576 217 156 490 641 250 495 212 514 993 343 501 603 238 970 150 348 302 832 519 635 347 690 102 892 762 31 519 8
3099 20 7083 217 156 438 576 966 791 212 514 490 641 993 343 762 31 519 8 241 512 302 832 250 495 519 635 853 556 150 348 347 690 37 60 102 892 238 970 717 944 501 603
4099 20 7083 212 514 241 512 762 31 501 603 347 690 250 495 150 348 519 635 238 970 217 156 490 641 102 892 37 60 302 832 853 556 993 343 438 576 717 944 966 791 519 8
5099 20 7083 717 944 993 343 217 156 241 512 762 31 438 576 150 348 212 514 519 8 302 832 347 690 490 641 250 495 102 892 37 60 501 603 519 635 853 556 238 970 966 791
1100 20 9237 76 976 597 896 959 49 862 576 199 42 940 177 965 415 951 373 760 547 297 135 475 269 277 197 853 31 170 836 941 491 97 117 226 173 980 739 609 279 313 976
2100 20 9237 965 415 475 269 941 491 277 197 853 31 97 117 170 836 940 177 760 547 980 739 597 896 226 173 297 135 76 976 609 279 959 49 951 373 199 42 862 576 313 976
3100 20 9237 980 739 199 42 760 547 97 117 862 576 609 279 226 173 297 135 170 836 940 177 76 976 313 976 951 373 965 415 475 269 941 491 853 31 277 197 959 49 597 896
4100 20 9237 862 576 475 269 226 173 959 49 313 976 951 373 597 896 940 177 76 976 980 739 609 279 199 42 97 117 297 135 760 547 853 31 170 836 965 415 277 197 941 491
5100 20 9237 940 177 170 836 941 491 965 415 277 197 475 269 313 976 862 576 980 739 76 976 199 42 959 49 609 279 226 173 951 373 597 896 853 31 97 117 760 547 297 135
