1001 20 9787 586 602 834 259 566 89 690 657 741 877 144 172 548 189 530 197 702 297 936 334 130 852 671 572 856 269 543 800 610 401 242 568 829 354 675 298 854 943 547 660
2001 20 9787 936 334 548 189 854 943 547 660 543 800 690 657 741 877 530 197 586 602 702 297 675 298 242 568 829 354 130 852 856 269 566 89 610 401 671 572 144 172 834 259
3001 20 9787 548 189 586 602 242 568 543 800 610 401 566 89 130 852 675 298 547 660 702 297 936 334 834 259 530 197 690 657 856 269 741 877 854 943 829 354 144 172 671 572
4001 20 9787 834 259 548 189 547 660 130 852 690 657 671 572 856 269 829 354 702 297 566 89 936 334 144 172 586 602 610 401 854 943 543 800 530 197 242 568 741 877 675 298
5001 20 9787 242 568 144 172 856 269 547 660 854 943 936 334 671 572 741 877 690 657 675 298 530 197 566 89 548 189 702 297 834 259 586 602 829 354 543 800 130 852 610 401
1002 20 11360 962 607 966 202 722 332 950 48 743 782 316 768 751 307 862 833 392 933 780 867 927 437 744 138 701 86 818 102 951 592 571 682 672 944 219 643 503 928 650 708
2002 20 11360 571 682 962 607 951 592 392 933 966 202 219 643 751 307 701 86 672 944 927 437 744 138 743 782 316 768 503 928 950 48 650 708 818 102 722 332 862 833 780 867
3002 20 11360 392 933 316 768 672 944 862 833 927 437 701 86 818 102 951 592 743 782 744 138 950 48 751 307 966 202 722 332 571 682 962 607 219 643 780 867 503 928 650 708
4002 20 11360 392 933 951 592 650 708 744 138 219 643 743 782 316 768 962 607 966 202 751 307 672 944 818 102 571 682 950 48 722 332 780 867 862 833 701 86 927 437 503 928
5002 20 11360 927 437 503 928 743 782 316 768 950 48 701 86 862 833 650 708 744 138 751 307 392 933 219 643 966 202 571 682 722 332 672 944 951 592 962 607 818 102 780 867
1003 20 9796 657 343 471 430 773 886 853 309 324 660 454 796 645 919 770 63 412 628 887 796 476 904 980 642 605 99 731 839 801 774 266 637 341 849 639 553 484 776 676 890
2003 20 9796 605 99 773 886 853 309 980 642 770 63 484 776 731 839 639 553 266 637 341 849 801 774 454 796 412 628 471 430 476 904 645 919 676 890 657 343 324 660 887 796
3003 20 9796 639 553 887 796 731 839 484 776 476 904 454 796 341 849 657 343 980 642 471 430 676 890 266 637 773 886 605 99 853 309 412 628 801 774 324 660 645 919 770 63
4003 20 9796 324 660 657 343 484 776 853 309 341 849 605 99 731 839 639 553 412 628 266 637 454 796 773 886 801 774 471 430 770 63 476 904 980 642 645 919 676 890 887 796
5003 20 9796 773 886 731 839 770 63 645 919 324 660 454 796 801 774 341 849 639 553 676 890 412 628 980 642 887 796 484 776 657 343 266 637 853 309 476 904 605 99 471 430
1004 20 11151 534 448 670 312 875 423 705 518 463 434 825 631 615 256 710 281 785 490 789 124 631 295 807 559 944 777 822 468 845 990 354 67 711 813 408 943 917 166 529 981
2004 20 11151 354 67 785 490 615 256 529 981 825 631 917 166 631 295 534 448 463 434 670 312 807 559 875 423 845 990 710 281 789 124 822 468 711 813 705 518 408 943 944 777
3004 20 11151 917 166 711 813 463 434 710 281 845 990 705 518 825 631 944 777 631 295 670 312 807 559 408 943 615 256 785 490 822 468 529 981 875 423 354 67 789 124 534 448
4004 20 11151 615 256 710 281 944 777 408 943 463 434 534 448 807 559 917 166 354 67 670 312 711 813 789 124 785 490 875 423 825 631 705 518 845 990 822 468 631 295 529 981
5004 20 11151 845 990 615 256 670 312 711 813 789 124 822 468 534 448 354 67 529 981 710 281 825 631 631 295 944 777 785 490 705 518 875 423 807 559 408 943 463 434 917 166
1005 20 10814 604 234 982 1 870 498 537 71 1000 6 976 392 852 289 170 283 340 98 817 58 599 276 879 940 296 994 379 209 801 719 990 573 632 963 384 119 622 500 788 898
2005 20 10814 990 573 817 58 801 719 632 963 599 276 604 234 170 283 1000 6 982 1 379 209 788 898 340 98 537 71 879 940 976 392 622 500 384 119 296 994 852 289 870 498
3005 20 10814 1000 6 852 289 982 1 870 498 879 940 340 98 537 71 990 573 622 500 379 209 632 963 599 276 976 392 801 719 384 119 817 58 788 898 296 994 604 234 170 283
4005 20 10814 170 283 990 573 852 289 879 940 870 498 1000 6 801 719 817 58 599 276 340 98 622 500 976 392 384 119 296 994 379 209 632 963 788 898 537 71 982 1 604 234
5005 20 10814 990 573 852 289 170 283 817 58 604 234 340 98 976 392 379 209 599 276 384 119 801 719 537 71 982 1 870 498 296 994 788 898 632 963 879 940 1000 6 622 500
1006 20 11762 695 898 957 228 473 955 773 151 896 169 875 386 798 751 594 210 898 851 961 153 921 633 765 194 724 150 963 120 420 440 448 884 767 164 557 67 429 768 789 407
2006 20 11762 429 768 765 194 921 633 896 169 798 751 724 150 448 884 557 67 695 898 773 151 963 120 957 228 789 407 594 210 420 440 898 851 961 153 473 955 875 386 767 164
3006 20 11762 473 955 429 768 963 120 773 151 695 898 765 194 789 407 594 210 921 633 448 884 724 150 798 751 557 67 896 169 957 228 767 164 898 851 875 386 961 153 420 440
4006 20 11762 773 151 557 67 724 150 765 194 961 153 957 228 695 898 896 169 798 751 420 440 594 210 448 884 898 851 875 386 429 768 789 407 473 955 921 633 963 120 767 164
5006 20 11762 448 884 961 153 767 164 695 898 896 169 798 751 875 386 420 440 765 194 724 150 429 768 898 851 789 407 594 210 473 955 773 151 963 120 957 228 921 633 557 67
1007 20 11396 867 860 926 394 871 462 955 564 595 200 863 861 657 782 576 133 141 430 787 198 894 202 297 790 979 754 932 915 940 840 967 613 869 909 318 711 297 779 514 751
2007 20 11396 967 613 141 430 787 198 595 200 894 202 867 860 979 754 297 779 869 909 932 915 297 790 318 711 576 133 926 394 514 751 863 861 940 840 955 564 871 462 657 782
3007 20 11396 863 861 141 430 967 613 940 840 297 790 955 564 657 782 297 779 871 462 576 133 932 915 867 860 894 202 787 198 979 754 514 751 926 394 869 909 318 711 595 200
4007 20 11396 940 840 297 779 926 394 871 462 514 751 869 909 657 782 318 711 863 861 787 198 894 202 576 133 979 754 932 915 141 430 297 790 595 200 967 613 867 860 955 564
5007 20 11396 871 462 932 915 894 202 595 200 867 860 318 711 576 133 926 394 979 754 869 909 141 430 297 779 863 861 514 751 940 840 967 613 955 564 297 790 787 198 657 782
1008 20 10272 452 716 913 230 429 771 567 908 451 619 925 118 724 525 134 869 749 284 458 515 376 506 593 129 522 273 768 33 820 737 955 621 812 236 568 977 931 75 694 261
2008 20 10272 376 506 694 261 749 284 768 33 451 619 593 129 931 75 925 118 724 525 955 621 452 716 522 273 812 236 913 230 134 869 567 908 458 515 820 737 429 771 568 977
3008 20 10272 820 737 812 236 593 129 931 75 522 273 749 284 458 515 913 230 567 908 134 869 768 33 724 525 694 261 376 506 925 118 955 621 451 619 568 977 452 716 429 771
4008 20 10272 593 129 955 621 458 515 931 75 812 236 820 737 376 506 134 869 568 977 522 273 768 33 429 771 451 619 694 261 724 525 925 118 749 284 452 716 567 908 913 230
5008 20 10272 768 33 134 869 429 771 567 908 522 273 376 506 724 525 812 236 955 621 452 716 694 261 593 129 458 515 749 284 820 737 925 118 913 230 931 75 451 619 568 977
1009 20 10826 687 676 648 9 970 118 916 882 693 708 991 368 849 248 996 237 464 540 973 419 612 123 267 159 372 967 868 948 599 652 358 775 485 57 516 899 674 166 595 81
2009 20 10826 687 676 267 159 674 166 973 419 996 237 991 368 485 57 599 652 595 81 516 899 916 882 868 948 693 708 849 248 372 967 970 118 612 123 464 540 358 775 648 9
3009 20 10826 868 948 674 166 595 81 973 419 687 676 991 368 358 775 996 237 693 708 372 967 516 899 612 123 970 118 916 882 485 57 464 540 267 159 599 652 849 248 648 9
4009 20 10826 916 882 599 652 674 166 687 676 996 237 358 775 595 81 648 9 612 123 868 948 849 248 516 899 973 419 991 368 970 118 693 708 267 159 372 967 464 540 485 57
5009 20 10826 996 237 516 899 849 248 612 123 916 882 693 708 674 166 868 948 599 652 358 775 485 57 372 967 991 368 970 118 595 81 464 540 973 419 648 9 267 159 687 676
1010 20 10852 976 494 869 489 747 793 735 925 828 682 979 776 764 409 75 620 552 933 931 741 398 201 892 134 297 966 997 381 525 495 530 713 595 99 623 632 722 300 531 924
2010 20 10852 828 682 531 924 892 134 722 300 997 381 747 793 75 620 979 776 530 713 595 99 398 201 623 632 297 966 764 409 525 495 931 741 976 494 735 925 552 933 869 489
3010 20 10852 747 793 398 201 931 741 595 99 997 381 976 494 75 620 735 925 828 682 892 134 979 776 530 713 869 489 764 409 531 924 297 966 623 632 525 495 552 933 722 300
4010 20 10852 869 489 931 741 297 966 722 300 976 494 979 776 531 924 595 99 747 793 735 925 623 632 398 201 828 682 997 381 75 620 892 134 525 495 530 713 552 933 764 409
5010 20 10852 552 933 297 966 931 741 997 381 398 201 764 409 735 925 525 495 869 489 595 99 75 620 530 713 828 682 892 134 747 793 976 494 722 300 623 632 979 776 531 924
1011 20 10160 784 924 983 457 972 837 457 535 762 447 561 969 674 420 451 370 450 480 390 798 580 179 288 20 642 84 828 789 820 909 834 848 792 992 756 393 218 942 459 398
2011 20 10160 756 393 218 942 288 20 561 969 972 837 390 798 792 992 450 480 784 924 459 398 834 848 580 179 828 789 762 447 451 370 642 84 674 420 457 535 983 457 820 909
3011 20 10160 642 84 561 969 457 535 450 480 834 848 828 789 972 837 820 909 288 20 784 924 674 420 756 393 580 179 218 942 390 798 451 370 762 447 983 457 459 398 792 992
4011 20 10160 834 848 792 992 457 535 784 924 983 457 756 393 674 420 218 942 390 798 288 20 561 969 451 370 762 447 828 789 450 480 820 909 459 398 972 837 642 84 580 179
5011 20 10160 983 457 580 179 834 848 390 798 451 370 972 837 792 992 784 924 642 84 288 20 450 480 459 398 561 969 828 789 218 942 756 393 674 420 762 447 457 535 820 909
1012 20 10828 951 53 803 556 989 931 439 81 790 325 643 736 638 900 703 345 895 840 481 75 736 864 484 946 533 913 578 222 914 738 548 522 604 298 654 916 665 140 487 508
2012 20 10828 951 53 665 140 548 522 654 916 638 900 895 840 643 736 487 508 578 222 481 75 989 931 736 864 439 81 803 556 914 738 604 298 533 913 790 325 484 946 703 345
3012 20 10828 914 738 481 75 578 222 665 140 487 508 790 325 643 736 533 913 703 345 803 556 951 53 548 522 736 864 895 840 638 900 604 298 439 81 989 931 654 916 484 946
4012 20 10828 578 222 654 916 487 508 638 900 989 931 790 325 914 738 548 522 481 75 439 81 736 864 665 140 533 913 951 53 803 556 604 298 703 345 484 946 643 736 895 840
5012 20 10828 914 738 578 222 951 53 487 508 790 325 643 736 548 522 665 140 533 913 638 900 803 556 736 864 481 75 484 946 895 840 604 298 989 931 654 916 703 345 439 81
1013 20 10215 639 968 397 90 780 52 755 46 346 580 381 469 919 783 767 382 838 784 586 25 754 31 401 636 856 113 513 979 615 992 593 555 927 583 538 244 976 96 188 700
2013 20 10215 767 382 838 784 538 244 780 52 615 992 401 636 639 968 513 979 976 96 188 700 586 25 856 113 346 580 381 469 755 46 593 555 397 90 927 583 919 783 754 31
3013 20 10215 615 992 755 46 513 979 927 583 401 636 754 31 381 469 976 96 919 783 397 90 838 784 586 25 639 968 856 113 188 700 780 52 346 580 593 555 538 244 767 382
4013 20 10215 397 90 538 244 401 636 586 25 615 992 346 580 856 113 927 583 188 700 780 52 513 979 381 469 754 31 593 555 838 784 755 46 919 783 767 382 976 96 639 968
5013 20 10215 927 583 976 96 586 25 767 382 381 469 755 46 780 52 593 555 397 90 838 784 346 580 856 113 538 244 188 700 639 968 513 979 754 31 919 783 401 636 615 992
1014 20 10878 730 53 989 724 686 720 515 196 758 949 749 181 850 474 998 315 426 257 263 759 675 187 188 681 895 51 463 796 709 209 968 993 730 808 879 558 906 543 221 153
2014 20 10878 906 543 895 51 758 949 221 153 675 187 879 558 998 315 686 720 730 53 188 681 263 759 989 724 749 181 463 796 426 257 709 209 515 196 968 993 730 808 850 474
3014 20 10878 730 53 463 796 989 724 749 181 515 196 426 257 998 315 686 720 188 681 709 209 263 759 906 543 730 808 221 153 968 993 895 51 879 558 675 187 850 474 758 949
4014 20 10878 906 543 758 949 895 51 749 181 263 759 850 474 879 558 968 993 675 187 730 53 515 196 686 720 730 808 188 681 709 209 426 257 463 796 221 153 998 315 989 724
5014 20 10878 730 808 998 315 686 720 879 558 968 993 709 209 758 949 850 474 188 681 730 53 463 796 515 196 675 187 989 724 263 759 426 257 906 543 749 181 221 153 895 51
1015 20 10869 670 947 737 604 964 490 931 567 209 278 654 490 378 455 713 326 918 146 369 107 704 133 958 155 978 164 306 800 606 303 996 163 943 219 643 585 416 9 494 749
2015 20 10869 606 303 943 219 996 163 306 800 378 455 713 326 369 107 958 155 931 567 494 749 918 146 209 278 654 490 737 604 964 490 978 164 416 9 704 133 643 585 670 947
3015 20 10869 996 163 306 800 713 326 943 219 964 490 643 585 737 604 958 155 654 490 416 9 670 947 378 455 494 749 704 133 931 567 606 303 918 146 978 164 369 107 209 278
4015 20 10869 670 947 713 326 643 585 606 303 704 133 209 278 918 146 378 455 654 490 978 164 369 107 964 490 943 219 958 155 416 9 931 567 306 800 494 749 996 163 737 604
5015 20 10869 378 455 943 219 654 490 416 9 978 164 494 749 964 490 643 585 918 146 737 604 931 567 209 278 369 107 606 303 996 163 958 155 306 800 670 947 713 326 704 133
1016 20 11080 917 553 918 542 422 846 952 38 367 940 301 256 840 183 913 545 960 632 961 41 348 933 868 41 737 197 749 232 412 884 662 487 879 692 493 157 780 400 372 938
2016 20 11080 868 41 840 183 918 542 879 692 301 256 952 38 662 487 412 884 917 553 367 940 493 157 372 938 960 632 913 545 737 197 749 232 961 41 780 400 348 933 422 846
3016 20 11080 301 256 868 41 412 884 749 232 422 846 952 38 372 938 879 692 737 197 840 183 913 545 917 553 918 542 662 487 961 41 960 632 493 157 348 933 367 940 780 400
4016 20 11080 367 940 493 157 952 38 961 41 737 197 372 938 662 487 960 632 879 692 348 933 412 884 913 545 918 542 749 232 840 183 301 256 868 41 422 846 780 400 917 553
5016 20 11080 493 157 412 884 662 487 348 933 960 632 780 400 301 256 868 41 749 232 367 940 422 846 918 542 917 553 737 197 913 545 840 183 952 38 372 938 879 692 961 41
1017 20 10677 775 369 813 636 809 407 721 255 711 624 865 50 824 382 328 639 650 251 685 101 398 15 415 557 215 229 886 152 926 284 553 213 726 548 638 497 982 806 427 941
2017 20 10677 427 941 926 284 398 15 726 548 685 101 824 382 775 369 328 639 553 213 638 497 650 251 886 152 721 255 982 806 215 229 809 407 865 50 415 557 813 636 711 624
3017 20 10677 553 213 865 50 328 639 982 806 711 624 650 251 775 369 427 941 886 152 685 101 415 557 926 284 215 229 824 382 638 497 726 548 813 636 721 255 398 15 809 407
4017 20 10677 553 213 328 639 685 101 813 636 215 229 415 557 650 251 775 369 926 284 427 941 721 255 711 624 638 497 809 407 886 152 726 548 865 50 982 806 398 15 824 382
5017 20 10677 711 624 982 806 650 251 328 639 398 15 553 213 726 548 415 557 721 255 824 382 809 407 886 152 427 941 865 50 813 636 775 369 638 497 926 284 215 229 685 101
1018 20 10849 771 32 998 769 151 717 939 24 367 44 400 840 978 765 800 142 410 470 426 367 742 350 538 924 330 7 662 201 875 159 763 849 898 760 863 430 907 941 744 449
2018 20 10849 330 7 875 159 151 717 771 32 898 760 800 142 538 924 998 769 662 201 978 765 426 367 939 24 742 350 400 840 763 849 907 941 367 44 410 470 744 449 863 430
3018 20 10849 742 350 744 449 863 430 875 159 978 765 998 769 763 849 907 941 426 367 410 470 538 924 151 717 400 840 771 32 367 44 898 760 330 7 800 142 662 201 939 24
4018 20 10849 367 44 907 941 771 32 863 430 898 760 744 449 426 367 330 7 800 142 939 24 742 350 662 201 400 840 151 717 875 159 538 924 763 849 978 765 998 769 410 470
5018 20 10849 744 449 800 142 771 32 400 840 742 350 939 24 426 367 898 760 538 924 998 769 410 470 367 44 151 717 978 765 662 201 763 849 907 941 330 7 863 430 875 159
1019 20 11604 713 778 825 326 904 747 865 62 824 651 340 321 338 99 374 259 964 6 577 51 640 495 826 268 971 824 898 22 906 370 436 637 663 65 797 245 904 511 741 45
2019 20 11604 436 637 825 326 964 6 797 245 640 495 340 321 971 824 663 65 338 99 713 778 904 511 826 268 577 51 824 651 906 370 865 62 374 259 904 747 898 22 741 45
3019 20 11604 713 778 577 51 898 22 865 62 826 268 640 495 374 259 436 637 825 326 906 370 741 45 663 65 971 824 340 321 338 99 824 651 904 511 797 245 904 747 964 6
4019 20 11604 904 747 374 259 797 245 577 51 824 651 904 511 826 268 436 637 713 778 340 321 898 22 640 495 825 326 906 370 741 45 338 99 971 824 663 65 865 62 964 6
5019 20 11604 824 651 713 778 904 511 663 65 898 22 904 747 825 326 964 6 374 259 577 51 640 495 797 245 340 321 971 824 338 99 436 637 826 268 741 45 865 62 906 370
1020 20 8844 674 32 558 843 869 894 184 216 799 890 179 516 84 456 866 294 844 766 538 959 666 159 529 182 550 544 880 59 433 685 55 146 597 186 915 302 463 534 373 961
2020 20 8844 84 456 538 959 550 544 880 59 799 890 915 302 179 516 373 961 55 146 597 186 666 159 529 182 844 766 866 294 463 534 869 894 184 216 433 685 674 32 558 843
3020 20 8844 373 961 84 456 179 516 880 59 463 534 915 302 666 159 538 959 869 894 674 32 184 216 550 544 799 890 529 182 866 294 844 766 433 685 597 186 558 843 55 146
4020 20 8844 373 961 674 32 84 456 550 544 433 685 529 182 179 516 866 294 844 766 915 302 799 890 666 159 538 959 869 894 55 146 880 59 463 534 558 843 184 216 597 186
5020 20 8844 799 890 538 959 869 894 373 961 666 159 184 216 844 766 433 685 915 302 558 843 179 516 84 456 529 182 674 32 55 146 463 534 550 544 866 294 880 59 597 186
1021 20 11844 810 233 811 95 880 934 733 342 862 123 981 329 279 462 642 78 563 833 842 566 707 626 607 840 587 762 586 259 751 121 668 430 992 647 768 564 930 106 806 225
2021 20 11844 842 566 880 934 806 225 768 564 862 123 810 233 586 259 930 106 751 121 563 833 707 626 811 95 733 342 668 430 981 329 279 462 607 840 642 78 587 762 992 647
3021 20 11844 733 342 768 564 587 762 842 566 751 121 810 233 981 329 563 833 586 259 607 840 992 647 880 934 806 225 930 106 279 462 707 626 668 430 862 123 811 95 642 78
4021 20 11844 981 329 930 106 768 564 810 233 733 342 642 78 707 626 668 430 806 225 992 647 842 566 587 762 862 123 279 462 880 934 563 833 607 840 811 95 751 121 586 259
5021 20 11844 930 106 586 259 806 225 862 123 733 342 810 233 751 121 279 462 707 626 563 833 992 647 642 78 880 934 768 564 587 762 842 566 811 95 607 840 981 329 668 430
1022 20 9357 585 315 795 1 878 274 426 813 479 150 466 504 528 177 952 864 407 729 569 709 387 746 423 624 743 681 857 518 719 350 558 620 840 10 127 676 756 944 202 545
2022 20 9357 569 709 466 504 423 624 387 746 479 150 558 620 743 681 127 676 719 350 840 10 795 1 878 274 585 315 407 729 952 864 857 518 756 944 528 177 202 545 426 813
3022 20 9357 466 504 569 709 479 150 127 676 528 177 878 274 756 944 202 545 795 1 840 10 558 620 387 746 585 315 857 518 952 864 719 350 426 813 407 729 743 681 423 624
4022 20 9357 426 813 423 624 387 746 528 177 569 709 952 864 719 350 756 944 558 620 840 10 743 681 795 1 878 274 585 315 127 676 466 504 479 150 202 545 407 729 857 518
5022 20 9357 466 504 479 150 756 944 569 709 558 620 743 681 423 624 857 518 719 350 387 746 202 545 840 10 878 274 127 676 952 864 426 813 795 1 585 315 528 177 407 729
1023 20 9538 718 337 333 996 795 150 360 361 689 49 985 387 493 918 501 483 764 376 201 985 618 105 329 622 714 217 811 844 884 973 176 442 296 513 709 586 670 505 877 512
2023 20 9538 493 918 709 586 718 337 618 105 329 622 333 996 884 973 360 361 764 376 985 387 201 985 811 844 877 512 795 150 689 49 176 442 670 505 296 513 714 217 501 483
3023 20 9538 689 49 764 376 709 586 360 361 884 973 811 844 176 442 329 622 296 513 714 217 877 512 493 918 718 337 201 985 670 505 795 150 985 387 618 105 333 996 501 483
4023 20 9538 333 996 501 483 618 105 296 513 709 586 884 973 201 985 985 387 360 361 795 150 689 49 670 505 718 337 329 622 877 512 714 217 811 844 493 918 764 376 176 442
5023 20 9538 985 387 670 505 714 217 718 337 884 973 329 622 764 376 201 985 877 512 176 442 493 918 333 996 501 483 709 586 618 105 360 361 296 513 689 49 795 150 811 844
1024 20 10452 896 101 430 122 499 84 670 888 378 919 431 821 647 906 964 214 858 215 793 569 378 156 903 996 996 715 358 346 205 487 364 543 853 855 478 903 974 176 991 521
2024 20 10452 431 821 364 543 205 487 499 84 903 996 964 214 358 346 378 919 478 903 647 906 996 715 858 215 430 122 896 101 974 176 378 156 853 855 991 521 793 569 670 888
3024 20 10452 996 715 378 156 431 821 670 888 858 215 647 906 478 903 358 346 364 543 853 855 964 214 974 176 430 122 499 84 903 996 378 919 793 569 205 487 991 521 896 101
4024 20 10452 903 996 974 176 896 101 378 156 478 903 358 346 499 84 858 215 378 919 647 906 364 543 431 821 205 487 670 888 964 214 430 122 793 569 991 521 996 715 853 855
5024 20 10452 858 215 647 906 903 996 670 888 991 521 378 156 430 122 499 84 974 176 378 919 478 903 358 346 431 821 996 715 896 101 793 569 853 855 364 543 964 214 205 487
1025 20 10057 277 89 997 239 638 321 469 246 859 350 975 690 404 717 858 396 982 780 946 231 109 958 708 17 125 359 478 823 425 535 769 711 807 445 637 650 735 653 374 571
2025 20 10057 404 717 859 350 478 823 946 231 637 650 469 246 109 958 769 711 125 359 997 239 708 17 982 780 858 396 374 571 425 535 975 690 277 89 735 653 807 445 638 321
3025 20 10057 374 571 404 717 708 17 982 780 946 231 638 321 125 359 637 650 425 535 858 396 109 958 478 823 975 690 997 239 769 711 277 89 807 445 469 246 859 350 735 653
4025 20 10057 946 231 735 653 425 535 469 246 975 690 807 445 374 571 478 823 404 717 858 396 769 711 859 350 125 359 637 650 997 239 109 958 982 780 708 17 638 321 277 89
5025 20 10057 859 350 997 239 125 359 374 571 404 717 769 711 469 246 858 396 708 17 425 535 109 958 638 321 975 690 946 231 982 780 807 445 277 89 637 650 478 823 735 653
1026 20 9812 650 552 312 502 780 471 647 116 762 257 736 145 591 101 980 861 275 891 559 266 818 177 851 994 597 543 577 337 902 682 694 905 220 475 122 154 561 935 631 772
2026 20 9812 631 772 597 543 902 682 818 177 577 337 559 266 780 471 694 905 762 257 561 935 312 502 122 154 220 475 736 145 591 101 647 116 851 994 650 552 980 861 275 891
3026 20 9812 561 935 902 682 577 337 312 502 980 861 597 543 275 891 780 471 122 154 591 101 818 177 736 145 631 772 220 475 851 994 762 257 650 552 647 116 694 905 559 266
4026 20 9812 762 257 647 116 780 471 851 994 736 145 818 177 694 905 275 891 561 935 980 861 902 682 577 337 122 154 220 475 591 101 650 552 559 266 597 543 312 502 631 772
5026 20 9812 980 861 851 994 762 257 631 772 902 682 561 935 559 266 694 905 597 543 591 101 780 471 220 475 577 337 650 552 818 177 647 116 275 891 312 502 736 145 122 154
1027 20 11064 883 378 914 9 943 641 685 998 796 459 351 836 918 164 729 817 757 943 123 409 615 469 214 306 847 838 675 176 802 973 433 783 990 142 592 677 661 275 902 359
2027 20 11064 883 378 918 164 675 176 433 783 757 943 351 836 729 817 615 469 592 677 902 359 796 459 661 275 943 641 990 142 802 973 685 998 123 409 847 838 914 9 214 306
3027 20 11064 685 998 592 677 802 973 661 275 796 459 847 838 914 9 757 943 943 641 351 836 123 409 615 469 675 176 918 164 902 359 214 306 433 783 729 817 883 378 990 142
4027 20 11064 757 943 847 838 661 275 433 783 796 459 883 378 123 409 592 677 943 641 914 9 615 469 675 176 902 359 214 306 990 142 802 973 351 836 918 164 685 998 729 817
5027 20 11064 943 641 729 817 685 998 592 677 902 359 802 973 883 378 123 409 757 943 914 9 351 836 675 176 796 459 847 838 990 142 433 783 661 275 918 164 214 306 615 469
1028 20 9248 997 949 83 899 352 411 483 624 695 863 261 960 874 441 934 106 783 233 891 666 66 103 971 295 815 267 114 661 265 636 476 907 721 709 480 330 815 620 484 271
2028 20 9248 783 233 83 899 815 267 352 411 971 295 997 949 695 863 114 661 476 907 261 960 874 441 721 709 66 103 484 271 891 666 265 636 934 106 815 620 483 624 480 330
3028 20 9248 265 636 83 899 695 863 721 709 783 233 874 441 352 411 934 106 815 267 483 624 114 661 815 620 476 907 971 295 66 103 484 271 261 960 480 330 997 949 891 666
4028 20 9248 695 863 483 624 66 103 815 620 997 949 783 233 114 661 484 271 476 907 265 636 971 295 891 666 815 267 261 960 480 330 934 106 874 441 352 411 721 709 83 899
5028 20 9248 934 106 783 233 971 295 66 103 721 709 261 960 997 949 480 330 874 441 265 636 695 863 815 267 483 624 476 907 352 411 484 271 815 620 891 666 114 661 83 899
1029 20 11004 961 703 583 865 280 281 943 648 670 146 953 424 906 637 976 979 801 743 394 763 316 55 289 508 300 719 742 971 596 18 941 671 453 770 856 451 834 886 962 186
2029 20 11004 394 763 453 770 856 451 596 18 280 281 801 743 670 146 742 971 906 637 316 55 961 703 943 648 941 671 976 979 834 886 289 508 300 719 953 424 583 865 962 186
3029 20 11004 941 671 453 770 834 886 801 743 583 865 280 281 906 637 943 648 300 719 316 55 596 18 962 186 961 703 953 424 394 763 742 971 670 146 856 451 976 979 289 508
4029 20 11004 280 281 856 451 834 886 316 55 941 671 906 637 394 763 596 18 670 146 962 186 289 508 976 979 742 971 943 648 953 424 801 743 300 719 961 703 583 865 453 770
5029 20 11004 801 743 943 648 289 508 583 865 953 424 906 637 300 719 961 703 394 763 962 186 453 770 670 146 316 55 976 979 742 971 941 671 280 281 596 18 856 451 834 886
1030 20 10480 287 947 284 116 502 6 904 124 824 616 808 578 754 857 149 40 403 775 487 39 394 67 788 134 799 537 996 628 393 275 965 642 935 134 790 210 698 617 941 903
2030 20 10480 790 210 394 67 403 775 502 6 284 116 965 642 935 134 487 39 754 857 149 40 941 903 287 947 698 617 799 537 788 134 904 124 808 578 824 616 996 628 393 275
3030 20 10480 403 775 393 275 149 40 487 39 941 903 799 537 284 116 996 628 287 947 754 857 394 67 904 124 965 642 788 134 808 578 698 617 935 134 502 6 824 616 790 210
4030 20 10480 965 642 287 947 790 210 799 537 754 857 284 116 502 6 487 39 941 903 698 617 904 124 824 616 808 578 394 67 403 775 788 134 393 275 149 40 935 134 996 628
5030 20 10480 149 40 799 537 487 39 965 642 284 116 824 616 698 617 502 6 788 134 996 628 790 210 904 124 808 578 394 67 403 775 754 857 941 903 287 947 393 275 935 134
1031 20 10312 164 932 780 459 563 615 837 80 954 23 786 735 629 360 663 101 881 98 226 147 550 710 696 760 969 279 930 809 524 299 565 15 726 399 383 442 506 717 559 311
2031 20 10312 164 932 786 735 506 717 930 809 524 299 663 101 837 80 550 710 954 23 881 98 726 399 696 760 383 442 226 147 780 459 629 360 559 311 969 279 565 15 563 615
3031 20 10312 550 710 164 932 881 98 506 717 969 279 954 23 629 360 663 101 837 80 930 809 226 147 563 615 780 459 726 399 786 735 559 311 565 15 696 760 524 299 383 442
4031 20 10312 629 360 780 459 837 80 696 760 930 809 726 399 563 615 383 442 506 717 969 279 881 98 559 311 663 101 164 932 524 299 786 735 226 147 550 710 565 15 954 23
5031 20 10312 881 98 563 615 930 809 696 760 506 717 837 80 969 279 226 147 726 399 954 23 383 442 565 15 780 459 559 311 629 360 524 299 550 710 663 101 786 735 164 932
1032 20 10600 505 615 694 3 958 471 728 368 648 519 490 644 960 80 610 979 700 116 801 743 747 328 401 140 951 83 324 160 866 723 383 956 461 790 653 231 730 342 640 395
2032 20 10600 801 743 694 3 383 956 640 395 653 231 866 723 461 790 728 368 730 342 490 644 505 615 958 471 960 80 648 519 951 83 401 140 700 116 610 979 324 160 747 328
3032 20 10600 383 956 747 328 324 160 648 519 951 83 461 790 401 140 960 80 505 615 610 979 728 368 801 743 694 3 700 116 866 723 640 395 490 644 653 231 958 471 730 342
4032 20 10600 324 160 383 956 747 328 960 80 648 519 401 140 700 116 490 644 610 979 640 395 730 342 958 471 653 231 951 83 505 615 866 723 694 3 801 743 461 790 728 368
5032 20 10600 728 368 866 723 505 615 801 743 490 644 610 979 960 80 700 116 648 519 958 471 653 231 747 328 461 790 951 83 401 140 694 3 640 395 730 342 324 160 383 956
1033 20 10490 777 494 964 308 663 738 991 285 669 956 784 939 698 678 367 238 636 142 792 1000 485 593 274 658 263 307 866 839 578 1000 311 469 796 730 985 411 865 578 349 125
2033 20 10490 367 238 636 142 669 956 796 730 991 285 777 494 784 939 985 411 274 658 311 469 698 678 792 1000 663 738 263 307 578 1000 964 308 866 839 865 578 485 593 349 125
3033 20 10490 485 593 985 411 578 1000 311 469 784 939 777 494 698 678 669 956 367 238 964 308 792 1000 865 578 263 307 991 285 796 730 636 142 349 125 274 658 866 839 663 738
4033 20 10490 663 738 991 285 985 411 349 125 578 1000 784 939 311 469 777 494 866 839 792 1000 669 956 274 658 865 578 485 593 698 678 964 308 367 238 796 730 636 142 263 307
5033 20 10490 866 839 985 411 485 593 669 956 792 1000 991 285 636 142 964 308 796 730 784 939 663 738 367 238 311 469 274 658 865 578 777 494 263 307 349 125 578 1000 698 678
1034 20 11452 336 779 757 445 694 915 748 810 571 164 779 217 838 10 503 650 765 384 765 80 760 622 550 205 954 319 778 754 690 550 270 33 802 203 996 975 902 974 858 193
2034 20 11452 765 384 996 975 802 203 571 164 270 33 760 622 694 915 858 193 778 754 954 319 748 810 690 550 757 445 838 10 779 217 336 779 550 205 765 80 503 650 902 974
3034 20 11452 858 193 503 650 690 550 550 205 571 164 902 974 694 915 779 217 336 779 748 810 802 203 765 80 838 10 996 975 270 33 757 445 765 384 954 319 778 754 760 622
4034 20 11452 779 217 571 164 748 810 503 650 270 33 694 915 778 754 765 384 336 779 996 975 550 205 902 974 858 193 838 10 757 445 760 622 954 319 690 550 765 80 802 203
5034 20 11452 996 975 902 974 550 205 838 10 954 319 765 384 858 193 778 754 748 810 694 915 757 445 270 33 690 550 760 622 503 650 765 80 779 217 571 164 336 779 802 203
1035 20 12301 597 658 893 85 673 919 635 455 937 702 537 109 944 291 676 857 817 177 680 465 763 578 798 713 866 867 982 75 781 912 431 571 719 873 873 815 808 966 967 957
2035 20 12301 798 713 673 919 808 966 680 465 781 912 982 75 873 815 866 867 635 455 944 291 676 857 537 109 431 571 597 658 937 702 967 957 719 873 817 177 763 578 893 85
3035 20 12301 680 465 676 857 937 702 763 578 817 177 719 873 982 75 537 109 866 867 673 919 635 455 893 85 431 571 873 815 798 713 944 291 808 966 781 912 597 658 967 957
4035 20 12301 673 919 866 867 873 815 982 75 676 857 798 713 944 291 937 702 763 578 808 966 781 912 635 455 537 109 817 177 680 465 597 658 893 85 431 571 719 873 967 957
5035 20 12301 937 702 967 957 944 291 673 919 866 867 808 966 537 109 635 455 431 571 893 85 781 912 680 465 719 873 798 713 873 815 982 75 817 177 763 578 676 857 597 658
1036 20 9307 435 485 767 677 913 112 414 375 421 534 805 137 370 720 211 605 804 509 256 168 201 316 752 354 829 506 155 766 804 736 899 199 738 838 48 831 960 239 852 256
2036 20 9307 738 838 752 354 960 239 852 256 899 199 256 168 435 485 48 831 211 605 414 375 155 766 829 506 421 534 804 509 804 736 913 112 767 677 201 316 370 720 805 137
3036 20 9307 913 112 738 838 752 354 899 199 435 485 767 677 48 831 805 137 211 605 155 766 421 534 829 506 804 736 960 239 370 720 256 168 804 509 414 375 852 256 201 316
4036 20 9307 804 736 201 316 256 168 899 199 829 506 805 137 155 766 738 838 414 375 960 239 913 112 752 354 370 720 48 831 435 485 804 509 421 534 211 605 852 256 767 677
5036 20 9307 435 485 201 316 155 766 899 199 805 137 421 534 804 736 767 677 256 168 370 720 738 838 752 354 804 509 913 112 960 239 211 605 414 375 852 256 829 506 48 831
1037 20 12618 895 534 733 472 937 365 928 699 930 4 942 545 750 431 799 788 842 566 603 148 974 274 871 872 826 901 859 802 970 442 410 151 906 948 462 899 711 59 425 570
2037 20 12618 906 948 410 151 799 788 750 431 937 365 826 901 859 802 603 148 974 274 970 442 842 566 895 534 462 899 930 4 942 545 871 872 733 472 928 699 425 570 711 59
3037 20 12618 937 365 906 948 871 872 974 274 733 472 842 566 711 59 859 802 930 4 603 148 410 151 895 534 970 442 425 570 799 788 826 901 462 899 942 545 928 699 750 431
4037 20 12618 799 788 733 472 871 872 937 365 750 431 603 148 410 151 942 545 711 59 842 566 859 802 974 274 970 442 895 534 930 4 928 699 906 948 826 901 462 899 425 570
5037 20 12618 410 151 859 802 711 59 928 699 906 948 942 545 930 4 974 274 937 365 970 442 603 148 462 899 871 872 425 570 895 534 733 472 799 788 826 901 750 431 842 566
1038 20 10498 747 941 914 322 184 156 399 615 665 769 846 220 570 915 622 667 846 632 225 621 909 273 689 52 488 600 900 799 953 9 980 23 803 882 608 511 511 635 264 286
2038 20 10498 184 156 399 615 953 9 665 769 689 52 608 511 225 621 264 286 846 220 570 915 846 632 511 635 803 882 914 322 909 273 622 667 980 23 488 600 747 941 900 799
3038 20 10498 803 882 953 9 846 632 909 273 264 286 488 600 689 52 570 915 747 941 184 156 399 615 900 799 511 635 914 322 225 621 608 511 846 220 980 23 622 667 665 769
4038 20 10498 914 322 803 882 953 9 511 635 909 273 689 52 846 632 622 667 846 220 225 621 570 915 184 156 264 286 747 941 665 769 980 23 900 799 488 600 608 511 399 615
5038 20 10498 689 52 846 220 184 156 900 799 264 286 622 667 511 635 665 769 914 322 488 600 608 511 980 23 225 621 803 882 747 941 570 915 399 615 909 273 846 632 953 9
1039 20 11356 958 595 919 766 772 278 233 282 796 273 966 434 784 220 298 342 845 861 876 464 881 477 172 526 229 669 588 894 997 346 421 158 757 578 998 412 817 493 889 712
2039 20 11356 997 346 233 282 998 412 919 766 421 158 817 493 958 595 876 464 172 526 757 578 229 669 796 273 845 861 588 894 772 278 298 342 881 477 889 712 784 220 966 434
3039 20 11356 421 158 817 493 757 578 998 412 919 766 172 526 845 861 772 278 298 342 889 712 881 477 876 464 588 894 796 273 233 282 966 434 784 220 997 346 229 669 958 595
4039 20 11356 817 493 881 477 229 669 772 278 172 526 997 346 889 712 796 273 298 342 845 861 958 595 998 412 876 464 233 282 919 766 784 220 421 158 588 894 757 578 966 434
5039 20 11356 772 278 919 766 997 346 757 578 796 273 172 526 881 477 817 493 998 412 233 282 966 434 229 669 958 595 588 894 784 220 889 712 876 464 845 861 421 158 298 342
1040 20 9247 620 500 291 911 234 148 181 494 345 806 127 476 680 835 612 42 766 979 954 826 852 614 895 660 456 924 731 421 947 267 374 395 973 254 379 395 448 644 694 1000
2040 20 9247 181 494 374 395 448 644 379 395 456 924 680 835 947 267 731 421 620 500 234 148 895 660 973 254 766 979 345 806 852 614 612 42 694 1000 291 911 127 476 954 826
3040 20 9247 620 500 456 924 374 395 694 1000 291 911 973 254 448 644 379 395 612 42 852 614 731 421 947 267 954 826 345 806 895 660 680 835 234 148 127 476 181 494 766 979
4040 20 9247 291 911 181 494 852 614 954 826 731 421 895 660 456 924 620 500 234 148 694 1000 127 476 766 979 947 267 973 254 374 395 379 395 345 806 612 42 448 644 680 835
5040 20 9247 291 911 448 644 694 1000 234 148 973 254 680 835 895 660 612 42 127 476 379 395 345 806 947 267 620 500 181 494 731 421 374 395 456 924 766 979 852 614 954 826
1041 20 11097 503 168 771 130 832 368 843 444 529 873 559 917 341 425 896 195 813 81 555 611 95 277 965 305 883 732 870 451 759 826 656 369 937 49 787 686 318 928 960 76
2041 20 11097 759 826 771 130 656 369 832 368 341 425 787 686 559 917 95 277 896 195 960 76 529 873 965 305 937 49 555 611 503 168 318 928 813 81 870 451 883 732 843 444
3041 20 11097 555 611 787 686 896 195 529 873 965 305 870 451 318 928 883 732 656 369 843 444 95 277 813 81 832 368 759 826 771 130 559 917 503 168 341 425 937 49 960 76
4041 20 11097 529 873 341 425 937 49 759 826 843 444 832 368 559 917 95 277 656 369 813 81 965 305 555 611 960 76 883 732 318 928 787 686 896 195 870 451 503 168 771 130
5041 20 11097 503 168 559 917 896 195 555 611 759 826 318 928 813 81 341 425 787 686 937 49 529 873 656 369 843 444 870 451 883 732 960 76 771 130 832 368 95 277 965 305
1042 20 11552 639 536 965 365 743 110 952 52 766 887 713 537 753 549 821 75 349 477 636 570 887 978 939 254 927 140 338 132 917 650 505 622 947 288 89 296 754 689 800 361
2042 20 11552 505 622 639 536 713 537 965 365 939 254 338 132 800 361 887 978 927 140 89 296 753 549 754 689 917 650 947 288 636 570 743 110 821 75 349 477 952 52 766 887
3042 20 11552 821 75 505 622 89 296 952 52 947 288 743 110 927 140 800 361 636 570 939 254 766 887 639 536 349 477 753 549 917 650 887 978 713 537 338 132 754 689 965 365
4042 20 11552 753 549 887 978 89 296 821 75 713 537 800 361 939 254 338 132 639 536 349 477 505 622 743 110 917 650 965 365 927 140 754 689 952 52 766 887 947 288 636 570
5042 20 11552 338 132 927 140 821 75 349 477 800 361 766 887 965 365 636 570 743 110 89 296 939 254 713 537 639 536 505 622 947 288 753 549 952 52 754 689 887 978 917 650
1043 20 10499 901 604 814 177 560 423 976 264 832 682 345 828 945 10 772 80 425 87 209 426 919 298 603 887 786 556 806 408 850 524 257 117 996 459 344 360 616 377 168 801
2043 20 10499 345 828 976 264 814 177 603 887 772 80 616 377 850 524 344 360 257 117 996 459 806 408 901 604 168 801 209 426 560 423 945 10 786 556 425 87 919 298 832 682
3043 20 10499 976 264 901 604 560 423 425 87 919 298 814 177 945 10 786 556 996 459 209 426 168 801 772 80 344 360 603 887 257 117 616 377 806 408 850 524 832 682 345 828
4043 20 10499 976 264 919 298 901 604 850 524 616 377 425 87 168 801 786 556 832 682 996 459 344 360 806 408 560 423 257 117 772 80 209 426 603 887 945 10 814 177 345 828
5043 20 10499 560 423 832 682 209 426 344 360 901 604 786 556 772 80 345 828 945 10 806 408 616 377 425 87 919 298 168 801 996 459 603 887 814 177 850 524 976 264 257 117
1044 20 10837 478 400 957 745 390 461 931 464 474 581 644 346 421 805 999 838 984 461 90 732 817 595 837 37 902 858 704 263 676 698 234 815 681 395 546 337 819 690 963 765
2044 20 10837 999 838 676 698 421 805 837 37 957 745 474 581 546 337 902 858 963 765 931 464 478 400 817 595 644 346 234 815 681 395 390 461 90 732 819 690 984 461 704 263
3044 20 10837 90 732 963 765 390 461 837 37 984 461 546 337 902 858 676 698 957 745 644 346 474 581 421 805 931 464 704 263 681 395 234 815 817 595 819 690 999 838 478 400
4044 20 10837 704 263 819 690 478 400 957 745 837 37 676 698 90 732 421 805 644 346 390 461 984 461 546 337 931 464 474 581 817 595 999 838 234 815 681 395 963 765 902 858
5044 20 10837 390 461 902 858 837 37 478 400 931 464 704 263 644 346 681 395 676 698 474 581 957 745 963 765 90 732 817 595 421 805 234 815 984 461 819 690 546 337 999 838
1045 20 10822 278 177 747 943 480 353 130 855 554 299 888 787 782 831 770 476 957 682 971 506 727 81 967 629 851 262 987 656 290 921 370 571 926 14 730 267 792 978 331 171
2045 20 10822 782 831 792 978 554 299 987 656 851 262 278 177 290 921 957 682 130 855 730 267 770 476 971 506 747 943 370 571 926 14 727 81 331 171 967 629 480 353 888 787
3045 20 10822 278 177 926 14 727 81 782 831 480 353 851 262 730 267 747 943 290 921 792 978 370 571 770 476 554 299 957 682 331 171 130 855 888 787 987 656 967 629 971 506
4045 20 10822 727 81 747 943 957 682 331 171 480 353 370 571 888 787 554 299 792 978 290 921 987 656 971 506 770 476 926 14 782 831 130 855 730 267 967 629 278 177 851 262
5045 20 10822 957 682 971 506 747 943 290 921 926 14 888 787 480 353 278 177 554 299 730 267 370 571 967 629 792 978 331 171 987 656 851 262 782 831 130 855 727 81 770 476
1046 20 9340 408 511 611 446 60 169 540 845 439 176 894 487 816 434 49 684 841 522 990 878 360 714 977 146 553 973 770 313 344 235 244 747 886 532 970 327 455 403 469 820
2046 20 9340 455 403 244 747 553 973 60 169 611 446 841 522 770 313 344 235 970 327 990 878 816 434 469 820 886 532 439 176 540 845 408 511 894 487 977 146 49 684 360 714
3046 20 9340 344 235 469 820 841 522 455 403 244 747 886 532 894 487 408 511 49 684 553 973 611 446 990 878 770 313 977 146 970 327 360 714 540 845 60 169 816 434 439 176
4046 20 9340 469 820 977 146 611 446 770 313 886 532 894 487 841 522 49 684 244 747 408 511 970 327 540 845 816 434 60 169 439 176 455 403 360 714 553 973 990 878 344 235
5046 20 9340 360 714 611 446 894 487 886 532 49 684 970 327 244 747 60 169 990 878 977 146 841 522 816 434 344 235 770 313 439 176 540 845 469 820 408 511 553 973 455 403
1047 20 10138 583 915 690 644 762 965 806 949 391 463 580 279 399 792 649 505 494 666 781 84 932 581 25 314 958 118 842 801 631 798 799 732 617 548 767 879 335 485 632 617
2047 20 10138 631 798 25 314 632 617 958 118 494 666 767 879 649 505 799 732 781 84 580 279 617 548 690 644 399 792 335 485 842 801 762 965 391 463 583 915 806 949 932 581
3047 20 10138 25 314 580 279 767 879 799 732 958 118 335 485 583 915 806 949 494 666 842 801 391 463 399 792 781 84 762 965 690 644 631 798 632 617 649 505 932 581 617 548
4047 20 10138 781 84 767 879 842 801 799 732 335 485 583 915 25 314 580 279 806 949 649 505 632 617 631 798 617 548 762 965 958 118 391 463 399 792 932 581 690 644 494 666
5047 20 10138 617 548 335 485 932 581 762 965 399 792 25 314 958 118 799 732 583 915 494 666 767 879 631 798 781 84 806 949 632 617 580 279 649 505 690 644 842 801 391 463
1048 20 10664 521 202 433 872 975 684 799 597 758 38 400 302 866 40 810 305 174 237 919 197 458 351 977 617 986 593 949 677 854 202 515 702 252 654 366 732 797 111 521 114
2048 20 10664 433 872 252 654 521 114 854 202 515 702 366 732 919 197 810 305 949 677 758 38 799 597 458 351 521 202 174 237 866 40 975 684 400 302 797 111 977 617 986 593
3048 20 10664 366 732 400 302 919 197 986 593 433 872 521 114 252 654 854 202 977 617 797 111 975 684 515 702 799 597 758 38 458 351 866 40 810 305 949 677 174 237 521 202
4048 20 10664 797 111 758 38 174 237 400 302 975 684 433 872 458 351 919 197 949 677 810 305 366 732 977 617 986 593 515 702 799 597 866 40 252 654 521 202 854 202 521 114
5048 20 10664 433 872 521 114 797 111 366 732 174 237 810 305 986 593 949 677 458 351 400 302 515 702 252 654 854 202 866 40 919 197 799 597 758 38 521 202 977 617 975 684
1049 20 11108 912 602 707 408 225 961 870 239 924 721 619 551 489 711 528 516 665 323 323 959 647 194 957 705 993 323 858 834 658 968 832 134 958 919 923 832 420 889 378 160
2049 20 11108 958 919 619 551 658 968 420 889 489 711 993 323 647 194 665 323 378 160 923 832 924 721 528 516 707 408 858 834 225 961 323 959 957 705 870 239 912 602 832 134
3049 20 11108 958 919 489 711 665 323 923 832 993 323 924 721 528 516 912 602 870 239 707 408 832 134 619 551 323 959 858 834 957 705 378 160 420 889 647 194 658 968 225 961
4049 20 11108 489 711 912 602 665 323 924 721 923 832 707 408 858 834 323 959 619 551 832 134 420 889 647 194 870 239 993 323 528 516 958 919 225 961 378 160 957 705 658 968
5049 20 11108 923 832 323 959 489 711 619 551 924 721 658 968 912 602 528 516 957 705 647 194 378 160 665 323 870 239 832 134 993 323 420 889 958 919 858 834 225 961 707 408
1050 20 10824 662 510 864 129 866 842 404 402 759 755 471 44 860 680 146 47 691 653 995 668 954 993 193 163 902 595 768 984 576 397 744 104 914 438 588 112 951 867 222 479
2050 20 10824 744 104 691 653 471 44 193 163 576 397 759 755 860 680 951 867 864 129 662 510 222 479 954 993 768 984 914 438 902 595 588 112 866 842 404 402 995 668 146 47
3050 20 10824 404 402 759 755 222 479 768 984 860 680 146 47 576 397 193 163 471 44 662 510 744 104 914 438 902 595 995 668 588 112 864 129 691 653 954 993 951 867 866 842
4050 20 10824 864 129 954 993 471 44 866 842 902 595 759 755 222 479 768 984 662 510 588 112 860 680 146 47 404 402 951 867 691 653 744 104 914 438 193 163 576 397 995 668
5050 20 10824 193 163 662 510 951 867 914 438 146 47 902 595 954 993 866 842 744 104 995 668 404 402 471 44 588 112 860 680 759 755 864 129 768 984 222 479 576 397 691 653
1051 20 10899 891 420 891 461 798 315 544 936 758 860 942 612 407 505 489 741 517 398 487 18 919 965 510 846 963 809 661 987 923 55 997 601 477 450 272 653 892 266 286 230
2051 20 10899 487 18 963 809 407 505 891 461 919 965 489 741 544 936 923 55 517 398 286 230 477 450 942 612 272 653 510 846 997 601 661 987 758 860 798 315 892 266 891 420
3051 20 10899 661 987 487 18 997 601 798 315 758 860 919 965 891 420 517 398 286 230 272 653 963 809 489 741 544 936 891 461 407 505 892 266 942 612 477 450 510 846 923 55
4051 20 10899 923 55 891 461 919 965 489 741 963 809 997 601 477 450 891 420 286 230 517 398 892 266 487 18 407 505 758 860 798 315 272 653 510 846 661 987 544 936 942 612
5051 20 10899 997 601 919 965 544 936 487 18 758 860 942 612 891 420 286 230 517 398 510 846 661 987 489 741 923 55 477 450 892 266 891 461 407 505 798 315 272 653 963 809
1052 20 10814 771 626 342 886 967 363 829 482 958 119 895 540 928 682 905 115 950 906 109 695 402 164 821 993 909 160 707 938 370 229 575 852 52 389 643 315 703 304 682 203
2052 20 10814 771 626 342 886 643 315 52 389 958 119 109 695 909 160 821 993 928 682 707 938 895 540 402 164 967 363 703 304 370 229 950 906 905 115 575 852 682 203 829 482
3052 20 10814 950 906 342 886 52 389 967 363 682 203 643 315 909 160 707 938 829 482 370 229 771 626 928 682 895 540 575 852 109 695 958 119 703 304 905 115 402 164 821 993
4052 20 10814 402 164 909 160 643 315 821 993 109 695 682 203 895 540 707 938 950 906 829 482 905 115 928 682 575 852 703 304 771 626 52 389 342 886 967 363 958 119 370 229
5052 20 10814 703 304 950 906 771 626 109 695 342 886 967 363 895 540 829 482 682 203 909 160 402 164 905 115 707 938 643 315 928 682 821 993 958 119 575 852 370 229 52 389
1053 20 10891 659 565 753 644 936 509 975 842 723 901 894 532 690 957 514 785 413 328 148 691 835 975 946 202 764 391 549 264 578 932 970 630 992 531 203 292 541 74 531 815
2053 20 10891 970 630 975 842 946 202 514 785 541 74 578 932 148 691 690 957 549 264 753 644 203 292 723 901 659 565 936 509 992 531 531 815 894 532 413 328 835 975 764 391
3053 20 10891 894 532 413 328 764 391 531 815 549 264 723 901 936 509 753 644 992 531 578 932 203 292 946 202 514 785 148 691 690 957 835 975 659 565 541 74 975 842 970 630
4053 20 10891 549 264 659 565 975 842 894 532 148 691 992 531 946 202 753 644 970 630 723 901 541 74 578 932 690 957 203 292 413 328 531 815 936 509 764 391 514 785 835 975
5053 20 10891 936 509 541 74 148 691 975 842 690 957 723 901 413 328 764 391 835 975 970 630 578 932 203 292 946 202 659 565 992 531 753 644 894 532 549 264 531 815 514 785
1054 20 10962 773 272 946 821 853 991 622 327 764 396 171 295 883 593 902 70 620 529 789 453 895 626 683 172 717 773 644 795 369 873 276 766 991 121 663 186 620 336 522 159
2054 20 10962 946 821 717 773 773 272 789 453 895 626 663 186 853 991 276 766 369 873 991 121 522 159 902 70 622 327 764 396 883 593 171 295 620 529 620 336 644 795 683 172
3054 20 10962 853 991 764 396 902 70 773 272 683 172 895 626 644 795 663 186 620 336 276 766 622 327 991 121 789 453 522 159 171 295 883 593 620 529 946 821 369 873 717 773
4054 20 10962 622 327 620 336 902 70 276 766 683 172 369 873 171 295 895 626 717 773 853 991 620 529 789 453 883 593 522 159 644 795 991 121 663 186 946 821 773 272 764 396
5054 20 10962 622 327 620 336 764 396 663 186 683 172 902 70 620 529 991 121 171 295 717 773 644 795 883 593 522 159 853 991 369 873 789 453 773 272 946 821 895 626 276 766
1055 20 10305 652 302 150 705 488 370 681 979 799 137 801 492 950 380 470 114 387 355 749 533 999 993 533 129 525 923 970 811 360 180 929 920 563 822 868 144 627 35 381 729
2055 20 10305 681 979 525 923 627 35 799 137 999 993 488 370 929 920 150 705 381 729 533 129 801 492 950 380 749 533 387 355 652 302 360 180 470 114 970 811 563 822 868 144
3055 20 10305 563 822 681 979 627 35 868 144 749 533 999 993 970 811 950 380 929 920 525 923 387 355 801 492 652 302 533 129 488 370 150 705 381 729 360 180 799 137 470 114
4055 20 10305 999 993 681 979 533 129 749 533 387 355 381 729 868 144 799 137 488 370 470 114 929 920 652 302 360 180 563 822 970 811 801 492 150 705 627 35 950 380 525 923
5055 20 10305 563 822 681 979 525 923 652 302 799 137 929 920 999 993 950 380 533 129 360 180 150 705 387 355 627 35 801 492 868 144 488 370 470 114 381 729 749 533 970 811
1056 20 10292 756 374 896 163 836 587 392 891 914 20 960 415 69 57 501 524 775 435 968 44 719 186 438 231 963 248 731 784 357 613 686 450 430 994 302 207 291 394 881 456
2056 20 10292 960 415 430 994 881 456 775 435 291 394 69 57 896 163 501 524 731 784 963 248 686 450 438 231 392 891 302 207 914 20 756 374 968 44 836 587 719 186 357 613
3056 20 10292 357 613 775 435 430 994 914 20 291 394 69 57 438 231 731 784 896 163 836 587 968 44 686 450 960 415 963 248 881 456 302 207 392 891 756 374 501 524 719 186
4056 20 10292 357 613 775 435 963 248 686 450 836 587 430 994 392 891 302 207 968 44 914 20 719 186 960 415 881 456 896 163 501 524 756 374 69 57 731 784 291 394 438 231
5056 20 10292 960 415 392 891 731 784 686 450 914 20 357 613 836 587 775 435 719 186 501 524 896 163 430 994 968 44 438 231 881 456 69 57 963 248 302 207 291 394 756 374
1057 20 10231 494 459 807 238 879 365 548 134 671 402 738 629 517 25 847 235 870 703 390 367 590 703 782 999 636 777 596 110 773 347 453 662 958 795 134 982 564 419 542 732
2057 20 10231 807 238 773 347 542 732 390 367 134 982 879 365 636 777 453 662 564 419 590 703 738 629 517 25 596 110 847 235 958 795 548 134 671 402 494 459 870 703 782 999
3057 20 10231 542 732 958 795 879 365 453 662 671 402 517 25 807 238 590 703 738 629 782 999 847 235 548 134 494 459 773 347 390 367 596 110 870 703 564 419 134 982 636 777
4057 20 10231 847 235 548 134 807 238 134 982 671 402 494 459 596 110 590 703 390 367 453 662 542 732 879 365 958 795 517 25 782 999 738 629 773 347 870 703 564 419 636 777
5057 20 10231 773 347 782 999 542 732 636 777 494 459 671 402 590 703 870 703 453 662 517 25 390 367 596 110 134 982 738 629 879 365 847 235 548 134 564 419 958 795 807 238
1058 20 10308 555 310 688 163 843 500 441 92 959 975 221 922 920 559 927 990 433 941 572 643 827 772 342 672 941 634 486 804 783 973 769 608 887 625 185 701 577 184 529 733
2058 20 10308 486 804 688 163 221 922 959 975 941 634 555 310 783 973 572 643 827 772 843 500 342 672 577 184 185 701 927 990 769 608 529 733 441 92 920 559 887 625 433 941
3058 20 10308 927 990 959 975 486 804 529 733 783 973 941 634 342 672 887 625 185 701 843 500 441 92 577 184 555 310 572 643 221 922 433 941 920 559 769 608 827 772 688 163
4058 20 10308 529 733 433 941 769 608 920 559 688 163 887 625 927 990 959 975 185 701 555 310 941 634 342 672 577 184 572 643 221 922 783 973 843 500 486 804 827 772 441 92
5058 20 10308 927 990 959 975 342 672 441 92 887 625 941 634 529 733 185 701 555 310 221 922 572 643 688 163 486 804 433 941 769 608 827 772 577 184 920 559 783 973 843 500
1059 20 11342 600 809 620 626 979 735 657 986 946 317 934 5 579 599 896 380 571 326 713 535 686 173 835 460 540 817 699 161 946 974 341 750 645 784 568 473 496 138 927 161
2059 20 11342 896 380 645 784 835 460 571 326 579 599 568 473 927 161 341 750 946 974 540 817 699 161 600 809 979 735 496 138 713 535 934 5 686 173 946 317 657 986 620 626
3059 20 11342 579 599 645 784 835 460 686 173 496 138 713 535 341 750 571 326 896 380 540 817 600 809 946 317 657 986 620 626 927 161 946 974 979 735 699 161 934 5 568 473
4059 20 11342 699 161 686 173 496 138 540 817 341 750 571 326 946 317 896 380 657 986 946 974 934 5 568 473 979 735 835 460 713 535 600 809 927 161 620 626 579 599 645 784
5059 20 11342 568 473 927 161 946 317 979 735 699 161 686 173 657 986 835 460 600 809 571 326 620 626 713 535 896 380 934 5 645 784 540 817 341 750 946 974 496 138 579 599
1060 20 10410 958 115 576 236 981 63 931 285 586 583 683 35 172 63 786 456 577 69 764 120 605 420 717 928 659 693 999 533 497 762 428 324 467 313 419 573 944 869 264 593
2060 20 10410 497 762 586 583 467 313 576 236 659 693 764 120 419 573 786 456 577 69 683 35 717 928 172 63 944 869 428 324 981 63 958 115 605 420 931 285 264 593 999 533
3060 20 10410 717 928 577 69 172 63 786 456 999 533 683 35 764 120 944 869 659 693 428 324 576 236 264 593 586 583 605 420 497 762 958 115 931 285 981 63 467 313 419 573
4060 20 10410 659 693 999 533 958 115 981 63 586 583 264 593 576 236 428 324 172 63 931 285 683 35 577 69 497 762 944 869 467 313 717 928 786 456 764 120 605 420 419 573
5060 20 10410 764 120 683 35 717 928 999 533 172 63 586 583 605 420 428 324 264 593 577 69 419 573 659 693 467 313 786 456 981 63 931 285 944 869 497 762 576 236 958 115
1061 20 10769 670 93 874 534 451 894 640 458 756 498 657 765 387 202 568 949 212 805 358 943 913 207 733 819 813 772 776 248 436 422 891 204 976 177 518 238 942 619 891 579
2061 20 10769 776 248 451 894 756 498 358 943 568 949 913 207 670 93 212 805 874 534 891 204 733 819 518 238 976 177 640 458 813 772 436 422 657 765 942 619 891 579 387 202
3061 20 10769 756 498 568 949 942 619 212 805 358 943 640 458 891 204 874 534 436 422 451 894 518 238 976 177 813 772 657 765 913 207 891 579 733 819 776 248 387 202 670 93
4061 20 10769 776 248 451 894 436 422 657 765 568 949 891 579 358 943 976 177 733 819 874 534 942 619 913 207 756 498 670 93 640 458 387 202 212 805 518 238 813 772 891 204
5061 20 10769 670 93 568 949 874 534 756 498 891 579 387 202 976 177 212 805 776 248 657 765 640 458 813 772 436 422 891 204 942 619 518 238 358 943 451 894 733 819 913 207
1062 20 9431 489 578 843 633 377 449 459 2 638 903 649 80 518 751 793 912 568 611 215 390 560 580 754 41 352 674 200 5 522 497 970 846 933 892 296 696 985 516 668 269
2062 20 9431 754 41 638 903 933 892 200 5 377 449 970 846 568 611 215 390 793 912 352 674 489 578 560 580 296 696 985 516 668 269 518 751 522 497 843 633 459 2 649 80
3062 20 9431 518 751 985 516 843 633 933 892 793 912 296 696 522 497 560 580 754 41 638 903 668 269 649 80 200 5 459 2 489 578 568 611 970 846 352 674 377 449 215 390
4062 20 9431 668 269 522 497 560 580 649 80 843 633 352 674 377 449 296 696 215 390 200 5 985 516 568 611 638 903 518 751 489 578 459 2 933 892 754 41 793 912 970 846
5062 20 9431 668 269 377 449 352 674 522 497 793 912 560 580 489 578 296 696 215 390 459 2 970 846 518 751 200 5 933 892 843 633 638 903 754 41 985 516 568 611 649 80
1063 20 10660 840 386 455 630 990 833 764 828 962 186 916 602 802 33 802 280 808 634 120 446 929 347 238 961 370 83 545 1000 571 631 932 438 729 344 762 31 126 636 665 869
2063 20 10660 764 828 370 83 802 33 545 1000 238 961 126 636 840 386 665 869 962 186 932 438 802 280 120 446 929 347 808 634 916 602 990 833 455 630 762 31 571 631 729 344
3063 20 10660 455 630 126 636 802 280 932 438 120 446 929 347 571 631 764 828 916 602 962 186 729 344 990 833 545 1000 238 961 665 869 808 634 802 33 762 31 840 386 370 83
4063 20 10660 990 833 571 631 764 828 665 869 916 602 802 280 932 438 455 630 762 31 370 83 808 634 929 347 545 1000 120 446 126 636 238 961 840 386 962 186 802 33 729 344
5063 20 10660 126 636 120 446 455 630 729 344 571 631 545 1000 802 280 370 83 840 386 665 869 916 602 962 186 808 634 990 833 932 438 802 33 238 961 762 31 764 828 929 347
1064 20 11045 225 815 375 169 212 514 490 641 941 491 597 896 976 488 940 177 865 44 951 373 980 739 791 973 501 603 226 173 668 853 832 14 970 695 819 965 862 576 586 993
2064 20 11045 940 177 212 514 941 491 668 853 597 896 225 815 862 576 970 695 980 739 586 993 791 973 375 169 226 173 490 641 865 44 819 965 832 14 951 373 501 603 976 488
3064 20 11045 791 973 597 896 668 853 212 514 501 603 951 373 586 993 970 695 980 739 819 965 862 576 490 641 940 177 375 169 226 173 976 488 865 44 225 815 941 491 832 14
4064 20 11045 791 973 212 514 226 173 490 641 501 603 375 169 862 576 668 853 980 739 597 896 225 815 976 488 940 177 832 14 970 695 819 965 586 993 865 44 951 373 941 491
5064 20 11045 501 603 819 965 791 973 865 44 976 488 597 896 586 993 941 491 490 641 951 373 980 739 970 695 212 514 225 815 862 576 832 14 668 853 226 173 375 169 940 177
1065 20 10851 132 748 903 35 380 967 823 526 556 490 942 996 565 481 785 900 924 710 821 153 900 606 415 841 977 304 414 29 501 663 715 478 822 562 522 865 944 650 523 722
2065 20 10851 715 478 900 606 565 481 556 490 522 865 903 35 380 967 821 153 944 650 924 710 415 841 822 562 132 748 785 900 501 663 414 29 977 304 823 526 942 996 523 722
3065 20 10851 715 478 977 304 556 490 380 967 944 650 523 722 924 710 785 900 132 748 822 562 903 35 415 841 501 663 522 865 942 996 565 481 823 526 414 29 821 153 900 606
4065 20 10851 977 304 823 526 821 153 414 29 522 865 565 481 785 900 380 967 822 562 415 841 942 996 903 35 523 722 900 606 944 650 715 478 924 710 132 748 556 490 501 663
5065 20 10851 522 865 715 478 942 996 903 35 785 900 415 841 944 650 565 481 900 606 822 562 380 967 501 663 132 748 821 153 556 490 523 722 823 526 414 29 977 304 924 710
1066 20 10552 768 652 705 21 873 97 270 996 843 101 574 430 850 13 595 967 193 815 379 844 800 466 883 522 844 236 720 578 974 841 429 229 87 468 700 612 784 780 920 791
2066 20 10552 429 229 873 97 379 844 784 780 768 652 270 996 843 101 844 236 193 815 705 21 700 612 920 791 595 967 574 430 800 466 883 522 974 841 850 13 87 468 720 578
3066 20 10552 700 612 595 967 850 13 920 791 800 466 844 236 429 229 768 652 574 430 883 522 784 780 873 97 843 101 705 21 974 841 87 468 720 578 379 844 193 815 270 996
4066 20 10552 768 652 784 780 720 578 270 996 700 612 843 101 844 236 379 844 429 229 873 97 974 841 87 468 574 430 850 13 883 522 595 967 193 815 920 791 705 21 800 466
5066 20 10552 843 101 850 13 700 612 705 21 87 468 844 236 883 522 193 815 800 466 574 430 873 97 920 791 768 652 379 844 270 996 720 578 784 780 974 841 595 967 429 229
1067 20 11153 789 355 670 756 958 662 789 5 942 14 811 60 816 5 476 200 880 96 801 192 450 119 980 136 198 266 463 878 720 141 795 220 925 639 816 1 442 451 221 396
2067 20 11153 958 662 670 756 463 878 442 451 198 266 980 136 880 96 925 639 221 396 811 60 789 5 450 119 942 14 816 1 795 220 476 200 816 5 801 192 789 355 720 141
3067 20 11153 942 14 221 396 816 1 980 136 880 96 801 192 811 60 925 639 463 878 789 355 442 451 476 200 795 220 958 662 816 5 720 141 670 756 198 266 789 5 450 119
4067 20 11153 811 60 670 756 795 220 925 639 942 14 816 5 980 136 880 96 958 662 198 266 789 5 720 141 801 192 450 119 816 1 789 355 221 396 476 200 442 451 463 878
5067 20 11153 789 5 958 662 476 200 942 14 442 451 450 119 816 1 925 639 980 136 789 355 816 5 670 756 801 192 811 60 880 96 198 266 795 220 720 141 221 396 463 878
1068 20 11919 312 400 956 12 265 669 919 866 960 466 828 379 831 161 635 843 670 612 715 989 927 227 994 715 819 510 254 928 976 829 774 247 984 986 480 710 871 387 729 302
2068 20 11919 480 710 819 510 956 12 729 302 715 989 927 227 670 612 871 387 831 161 960 466 828 379 994 715 265 669 919 866 984 986 774 247 635 843 312 400 254 928 976 829
3068 20 11919 715 989 480 710 994 715 956 12 871 387 984 986 960 466 927 227 670 612 919 866 828 379 635 843 831 161 774 247 976 829 819 510 254 928 265 669 729 302 312 400
4068 20 11919 312 400 960 466 976 829 265 669 480 710 984 986 828 379 774 247 831 161 819 510 670 612 871 387 729 302 635 843 715 989 927 227 254 928 994 715 919 866 956 12
5068 20 11919 312 400 919 866 774 247 828 379 956 12 871 387 729 302 831 161 265 669 670 612 994 715 927 227 254 928 715 989 976 829 984 986 819 510 635 843 960 466 480 710
1069 20 10910 806 584 631 98 667 589 901 359 770 133 823 917 445 701 686 330 323 304 534 898 509 554 788 70 954 712 637 890 969 410 568 444 771 900 688 774 1000 151 168 275
2069 20 10910 806 584 770 133 954 712 686 330 1000 151 445 701 771 900 509 554 667 589 788 70 823 917 631 98 969 410 168 275 568 444 688 774 901 359 637 890 323 304 534 898
3069 20 10910 788 70 823 917 168 275 323 304 806 584 686 330 770 133 445 701 954 712 568 444 631 98 771 900 637 890 688 774 969 410 534 898 667 589 509 554 1000 151 901 359
4069 20 10910 901 359 1000 151 770 133 788 70 806 584 823 917 969 410 686 330 631 98 771 900 534 898 637 890 445 701 323 304 509 554 568 444 168 275 688 774 954 712 667 589
5069 20 10910 323 304 637 890 688 774 823 917 771 900 806 584 445 701 788 70 667 589 1000 151 509 554 686 330 770 133 954 712 168 275 631 98 534 898 568 444 901 359 969 410
1070 20 11961 790 218 584 661 906 570 259 658 796 70 745 547 601 901 804 890 982 919 913 114 701 298 810 164 966 232 510 175 935 515 976 887 126 17 934 790 850 760 764 196
2070 20 11961 935 515 701 298 584 661 966 232 913 114 259 658 510 175 745 547 126 17 850 760 934 790 810 164 764 196 906 570 976 887 790 218 601 901 982 919 796 70 804 890
3070 20 11961 796 70 976 887 701 298 935 515 764 196 584 661 810 164 126 17 745 547 906 570 259 658 966 232 510 175 601 901 982 919 850 760 913 114 804 890 934 790 790 218
4070 20 11961 906 570 584 661 510 175 934 790 126 17 966 232 982 919 701 298 790 218 913 114 804 890 935 515 796 70 601 901 745 547 976 887 764 196 259 658 810 164 850 760
5070 20 11961 810 164 745 547 764 196 790 218 510 175 982 919 966 232 601 901 850 760 934 790 259 658 126 17 906 570 584 661 913 114 935 515 701 298 796 70 976 887 804 890
1071 20 10301 131 946 984 229 782 121 288 253 615 199 195 75 560 185 931 16 644 850 1000 340 302 192 197 72 855 560 773 781 555 326 944 882 698 745 595 638 905 330 923 641
2071 20 10301 302 192 197 72 615 199 131 946 644 850 195 75 923 641 773 781 698 745 560 185 1000 340 595 638 944 882 984 229 555 326 855 560 931 16 782 121 905 330 288 253
3071 20 10301 302 192 195 75 555 326 615 199 984 229 560 185 131 946 931 16 197 72 855 560 782 121 773 781 944 882 644 850 698 745 288 253 1000 340 923 641 595 638 905 330
4071 20 10301 195 75 855 560 555 326 782 121 288 253 1000 340 302 192 773 781 560 185 905 330 595 638 944 882 644 850 698 745 923 641 197 72 984 229 615 199 131 946 931 16
5071 20 10301 1000 340 855 560 782 121 984 229 931 16 923 641 197 72 944 882 131 946 615 199 698 745 773 781 595 638 195 75 302 192 288 253 555 326 560 185 905 330 644 850
1072 20 9411 997 356 273 538 394 339 283 615 326 766 622 17 177 291 659 959 243 693 184 349 659 68 352 965 868 753 741 342 891 11 412 599 851 6 885 342 989 798 958 112
2072 20 9411 394 339 283 615 177 291 412 599 326 766 958 112 622 17 273 538 184 349 741 342 868 753 659 959 989 798 885 342 891 11 243 693 659 68 997 356 851 6 352 965
3072 20 9411 394 339 184 349 659 959 326 766 997 356 243 693 989 798 659 68 868 753 851 6 885 342 352 965 177 291 273 538 891 11 741 342 622 17 958 112 412 599 283 615
4072 20 9411 412 599 177 291 273 538 868 753 184 349 326 766 352 965 891 11 741 342 885 342 958 112 243 693 997 356 659 959 622 17 851 6 283 615 659 68 394 339 989 798
5072 20 9411 273 538 885 342 326 766 177 291 659 959 851 6 283 615 741 342 243 693 659 68 989 798 958 112 412 599 891 11 868 753 394 339 622 17 997 356 352 965 184 349
1073 20 9706 634 99 304 349 65 370 75 843 500 148 668 42 615 874 609 998 946 527 143 130 990 840 785 218 629 815 884 246 635 626 752 254 747 547 780 843 673 92 699 134
2073 20 9706 990 840 635 626 699 134 500 148 780 843 629 815 785 218 747 547 752 254 634 99 673 92 65 370 668 42 615 874 143 130 75 843 304 349 884 246 609 998 946 527
3073 20 9706 747 547 699 134 780 843 75 843 990 840 946 527 629 815 635 626 615 874 884 246 634 99 673 92 785 218 143 130 752 254 609 998 65 370 304 349 500 148 668 42
4073 20 9706 609 998 785 218 629 815 990 840 65 370 304 349 143 130 884 246 780 843 634 99 635 626 615 874 500 148 946 527 673 92 75 843 752 254 747 547 668 42 699 134
5073 20 9706 990 840 673 92 699 134 752 254 143 130 780 843 634 99 75 843 500 148 635 626 668 42 629 815 304 349 615 874 65 370 609 998 946 527 747 547 884 246 785 218
1074 20 11584 894 508 467 187 663 578 707 126 861 461 760 735 733 273 581 99 813 354 913 45 971 749 298 517 373 412 976 609 609 777 652 234 513 893 774 624 947 28 975 212
2074 20 11584 663 578 707 126 373 412 861 461 298 517 609 777 760 735 947 28 733 273 774 624 652 234 976 609 513 893 913 45 971 749 894 508 975 212 467 187 581 99 813 354
3074 20 11584 975 212 467 187 609 777 976 609 663 578 913 45 581 99 774 624 760 735 971 749 513 893 813 354 707 126 298 517 652 234 947 28 861 461 894 508 373 412 733 273
4074 20 11584 976 609 813 354 609 777 513 893 707 126 774 624 760 735 733 273 975 212 652 234 947 28 373 412 971 749 913 45 663 578 861 461 298 517 581 99 894 508 467 187
5074 20 11584 609 777 513 893 976 609 971 749 707 126 663 578 373 412 894 508 975 212 947 28 467 187 913 45 760 735 774 624 652 234 733 273 581 99 861 461 298 517 813 354
1075 20 10371 663 690 782 275 528 140 682 302 954 63 764 978 857 278 852 70 903 822 497 74 526 774 417 777 922 377 124 331 393 412 115 249 691 904 820 755 934 830 540 420
2075 20 10371 115 249 954 63 663 690 857 278 903 822 782 275 820 755 540 420 393 412 682 302 497 74 691 904 922 377 764 978 526 774 528 140 417 777 852 70 934 830 124 331
3075 20 10371 903 822 934 830 764 978 115 249 682 302 497 74 954 63 922 377 526 774 782 275 393 412 691 904 820 755 663 690 417 777 540 420 528 140 852 70 124 331 857 278
4075 20 10371 903 822 124 331 417 777 764 978 526 774 857 278 934 830 954 63 540 420 393 412 497 74 922 377 528 140 820 755 852 70 115 249 691 904 663 690 782 275 682 302
5075 20 10371 124 331 852 70 922 377 540 420 393 412 682 302 934 830 417 777 528 140 115 249 691 904 663 690 857 278 764 978 526 774 820 755 497 74 954 63 782 275 903 822
1076 20 10412 635 412 468 818 673 493 817 460 813 526 670 905 908 713 666 873 802 855 862 799 176 170 367 598 919 824 697 846 854 208 703 498 187 235 492 455 933 581 374 201
2076 20 10412 670 905 635 412 908 713 468 818 697 846 666 873 817 460 673 493 802 855 374 201 492 455 703 498 919 824 862 799 854 208 813 526 176 170 367 598 933 581 187 235
3076 20 10412 697 846 854 208 862 799 813 526 817 460 670 905 187 235 374 201 673 493 802 855 492 455 933 581 908 713 703 498 666 873 367 598 468 818 635 412 919 824 176 170
4076 20 10412 367 598 919 824 908 713 703 498 666 873 817 460 635 412 813 526 468 818 697 846 802 855 862 799 670 905 374 201 492 455 933 581 854 208 673 493 176 170 187 235
5076 20 10412 673 493 176 170 697 846 670 905 666 873 813 526 817 460 492 455 862 799 187 235 468 818 374 201 933 581 908 713 854 208 919 824 635 412 703 498 802 855 367 598
1077 20 9833 728 121 613 428 833 188 319 657 967 40 389 510 350 185 991 596 666 788 875 600 589 835 783 42 555 537 836 778 301 74 535 449 520 72 436 798 648 143 358 246
2077 20 9833 436 798 967 40 833 188 648 143 535 449 589 835 875 600 728 121 613 428 389 510 350 185 555 537 358 246 783 42 319 657 666 788 991 596 520 72 836 778 301 74
3077 20 9833 535 449 436 798 319 657 389 510 991 596 301 74 589 835 555 537 358 246 783 42 666 788 728 121 967 40 613 428 836 778 875 600 833 188 350 185 520 72 648 143
4077 20 9833 836 778 555 537 358 246 389 510 648 143 301 74 783 42 967 40 436 798 319 657 728 121 350 185 875 600 991 596 589 835 666 788 833 188 535 449 520 72 613 428
5077 20 9833 967 40 555 537 436 798 836 778 783 42 991 596 875 600 613 428 301 74 389 510 358 246 589 835 520 72 319 657 728 121 666 788 350 185 535 449 833 188 648 143
1078 20 11571 960 278 778 437 761 245 615 413 834 362 871 374 704 405 813 449 844 862 918 61 931 628 958 138 694 898 377 725 496 842 720 15 359 644 528 771 751 197 552 182
2078 20 11571 778 437 359 644 377 725 552 182 844 862 918 61 694 898 751 197 960 278 496 842 931 628 958 138 704 405 720 15 813 449 528 771 871 374 761 245 615 413 834 362
3078 20 11571 720 15 931 628 844 862 377 725 918 61 960 278 958 138 528 771 615 413 778 437 552 182 694 898 359 644 496 842 751 197 871 374 704 405 761 245 834 362 813 449
4078 20 11571 834 362 958 138 694 898 813 449 704 405 761 245 528 771 615 413 778 437 844 862 960 278 871 374 918 61 496 842 359 644 931 628 377 725 552 182 720 15 751 197
5078 20 11571 918 61 960 278 496 842 931 628 720 15 871 374 813 449 704 405 834 362 761 245 377 725 778 437 615 413 552 182 694 898 751 197 359 644 958 138 844 862 528 771
1079 20 9380 303 396 775 444 858 642 688 997 540 902 416 251 571 821 675 920 458 48 422 618 396 714 80 268 888 75 904 723 376 609 335 37 982 434 601 108 471 207 987 457
2079 20 9380 888 75 422 618 987 457 982 434 858 642 80 268 571 821 416 251 688 997 396 714 904 723 376 609 540 902 458 48 601 108 303 396 775 444 471 207 675 920 335 37
3079 20 9380 688 997 601 108 422 618 80 268 675 920 458 48 571 821 775 444 888 75 376 609 471 207 987 457 416 251 904 723 982 434 858 642 396 714 335 37 303 396 540 902
4079 20 9380 601 108 471 207 396 714 675 920 376 609 571 821 987 457 688 997 904 723 80 268 458 48 982 434 422 618 540 902 335 37 775 444 888 75 303 396 416 251 858 642
5079 20 9380 458 48 858 642 376 609 571 821 982 434 422 618 396 714 80 268 675 920 904 723 335 37 775 444 987 457 601 108 303 396 688 997 888 75 540 902 416 251 471 207
1080 20 11850 612 258 807 584 733 928 834 619 987 749 648 732 780 558 883 823 817 694 801 384 281 452 469 761 565 305 966 363 685 626 931 887 707 777 513 815 807 611 987 935
2080 20 11850 281 452 565 305 987 935 733 928 931 887 780 558 801 384 987 749 966 363 513 815 807 584 834 619 883 823 817 694 685 626 612 258 707 777 648 732 807 611 469 761
3080 20 11850 807 611 780 558 807 584 281 452 648 732 987 935 931 887 883 823 966 363 565 305 513 815 817 694 707 777 612 258 987 749 733 928 685 626 469 761 801 384 834 619
4080 20 11850 883 823 931 887 565 305 733 928 685 626 707 777 807 584 801 384 834 619 987 935 469 761 987 749 780 558 281 452 966 363 807 611 648 732 513 815 817 694 612 258
5080 20 11850 883 823 733 928 807 584 780 558 685 626 987 935 565 305 281 452 834 619 513 815 987 749 807 611 801 384 612 258 966 363 707 777 931 887 648 732 469 761 817 694
1081 20 10432 484 339 916 500 671 229 777 617 355 428 944 898 492 309 499 465 962 923 513 697 353 222 458 334 518 107 715 708 821 541 667 200 805 948 368 876 923 629 800 632
2081 20 10432 944 898 499 465 800 632 671 229 484 339 821 541 667 200 518 107 923 629 355 428 916 500 353 222 458 334 805 948 962 923 368 876 777 617 715 708 513 697 492 309
3081 20 10432 368 876 484 339 353 222 518 107 458 334 715 708 667 200 916 500 492 309 777 617 513 697 962 923 800 632 671 229 499 465 923 629 805 948 821 541 355 428 944 898
4081 20 10432 667 200 458 334 492 309 777 617 671 229 353 222 805 948 715 708 923 629 962 923 800 632 916 500 355 428 513 697 944 898 499 465 821 541 484 339 518 107 368 876
5081 20 10432 353 222 800 632 916 500 355 428 821 541 805 948 484 339 715 708 492 309 513 697 944 898 368 876 777 617 667 200 518 107 458 334 962 923 499 465 671 229 923 629
1082 20 9889 428 827 809 253 457 324 323 557 701 279 854 840 623 335 632 454 554 261 322 224 466 737 465 802 826 996 885 225 820 338 984 853 386 953 568 174 603 385 656 664
2082 20 9889 809 253 701 279 568 174 466 737 386 953 885 225 428 827 323 557 820 338 554 261 854 840 984 853 465 802 656 664 457 324 826 996 632 454 623 335 603 385 322 224
3082 20 9889 632 454 701 279 820 338 457 324 885 225 465 802 554 261 854 840 656 664 428 827 603 385 322 224 386 953 623 335 826 996 984 853 466 737 323 557 809 253 568 174
4082 20 9889 568 174 457 324 623 335 826 996 465 802 854 840 603 385 554 261 885 225 386 953 323 557 984 853 820 338 428 827 466 737 809 253 701 279 322 224 632 454 656 664
5082 20 9889 984 853 701 279 457 324 854 840 465 802 428 827 820 338 603 385 632 454 656 664 826 996 568 174 322 224 623 335 386 953 554 261 323 557 466 737 885 225 809 253
1083 20 10872 635 690 899 832 100 837 654 801 529 615 819 968 442 380 931 680 938 45 507 40 444 970 594 544 883 69 748 143 889 692 968 53 610 995 903 116 747 102 351 966
2083 20 10872 529 615 819 968 444 970 748 143 903 116 654 801 938 45 899 832 610 995 507 40 747 102 635 690 889 692 931 680 883 69 100 837 442 380 351 966 968 53 594 544
3083 20 10872 903 116 938 45 748 143 529 615 883 69 507 40 351 966 899 832 610 995 931 680 654 801 100 837 819 968 444 970 968 53 747 102 635 690 889 692 594 544 442 380
4083 20 10872 938 45 610 995 748 143 594 544 100 837 968 53 635 690 883 69 654 801 444 970 529 615 747 102 889 692 899 832 351 966 507 40 819 968 442 380 931 680 903 116
5083 20 10872 654 801 819 968 610 995 444 970 748 143 507 40 889 692 594 544 442 380 100 837 938 45 899 832 351 966 883 69 931 680 529 615 968 53 903 116 747 102 635 690
1084 20 11640 944 682 677 33 640 26 977 213 553 930 974 459 970 440 678 30 327 748 499 128 438 196 729 747 813 779 702 84 800 276 863 853 548 446 655 834 830 268 933 49
2084 20 11640 438 196 640 26 813 779 863 853 729 747 702 84 977 213 678 30 677 33 800 276 830 268 944 682 327 748 933 49 548 446 970 440 553 930 655 834 974 459 499 128
3084 20 11640 800 276 327 748 970 440 729 747 678 30 830 268 977 213 553 930 677 33 702 84 499 128 974 459 655 834 438 196 813 779 863 853 944 682 640 26 933 49 548 446
4084 20 11640 678 30 677 33 655 834 438 196 970 440 974 459 327 748 830 268 702 84 553 930 499 128 863 853 813 779 800 276 729 747 944 682 548 446 640 26 933 49 977 213
5084 20 11640 813 779 970 440 438 196 977 213 678 30 863 853 655 834 553 930 800 276 702 84 729 747 677 33 933 49 944 682 640 26 830 268 548 446 499 128 974 459 327 748
1085 20 10644 653 951 395 429 234 458 569 897 714 342 826 675 536 594 687 561 939 105 453 16 872 6 638 244 984 66 538 172 207 7 933 22 718 786 586 413 986 994 838 211
2085 20 10644 395 429 984 66 638 244 653 951 939 105 538 172 986 994 933 22 714 342 207 7 586 413 569 897 687 561 826 675 718 786 536 594 838 211 234 458 872 6 453 16
3085 20 10644 395 429 536 594 939 105 586 413 687 561 234 458 933 22 207 7 714 342 569 897 638 244 718 786 984 66 653 951 872 6 986 994 538 172 453 16 838 211 826 675
4085 20 10644 939 105 826 675 207 7 933 22 638 244 653 951 718 786 453 16 838 211 586 413 538 172 872 6 234 458 395 429 687 561 984 66 569 897 986 994 536 594 714 342
5085 20 10644 207 7 453 16 714 342 653 951 536 594 638 244 395 429 986 994 718 786 569 897 838 211 826 675 586 413 234 458 933 22 687 561 538 172 872 6 984 66 939 105
1086 20 10414 407 990 837 394 737 903 518 346 439 780 357 515 891 691 626 529 591 305 841 684 981 663 888 548 617 803 341 433 463 418 503 188 979 243 174 909 857 332 971 309
2086 20 10414 518 346 888 548 857 332 981 663 737 903 174 909 891 691 837 394 463 418 407 990 341 433 439 780 626 529 841 684 617 803 357 515 591 305 971 309 503 188 979 243
3086 20 10414 841 684 837 394 341 433 981 663 407 990 617 803 891 691 591 305 463 418 979 243 971 309 888 548 737 903 518 346 439 780 503 188 357 515 626 529 857 332 174 909
4086 20 10414 357 515 979 243 341 433 503 188 407 990 888 548 626 529 617 803 981 663 737 903 971 309 463 418 891 691 857 332 174 909 841 684 518 346 591 305 837 394 439 780
5086 20 10414 518 346 971 309 737 903 174 909 857 332 407 990 837 394 463 418 841 684 341 433 617 803 891 691 591 305 357 515 979 243 888 548 626 529 439 780 981 663 503 188
1087 20 10276 975 388 995 187 958 743 811 590 403 162 29 686 318 780 319 72 959 767 751 746 688 874 879 216 623 150 312 849 747 832 411 502 580 179 900 840 450 108 738 628
2087 20 10276 975 388 411 502 623 150 747 832 319 72 580 179 900 840 958 743 811 590 403 162 312 849 995 187 959 767 688 874 318 780 738 628 751 746 450 108 29 686 879 216
3087 20 10276 403 162 747 832 811 590 319 72 751 746 580 179 959 767 450 108 975 388 738 628 995 187 318 780 688 874 623 150 29 686 958 743 879 216 411 502 312 849 900 840
4087 20 10276 688 874 29 686 751 746 958 743 312 849 623 150 403 162 318 780 959 767 879 216 995 187 975 388 319 72 738 628 450 108 411 502 900 840 580 179 747 832 811 590
5087 20 10276 958 743 747 832 959 767 312 849 995 187 751 746 319 72 811 590 580 179 318 780 879 216 900 840 450 108 411 502 688 874 975 388 738 628 29 686 403 162 623 150
1088 20 11453 817 522 430 715 496 819 805 511 729 146 856 252 492 68 565 747 748 460 907 205 933 36 811 963 909 279 783 320 768 251 529 619 657 522 867 517 616 412 599 829
2088 20 11453 811 963 907 205 729 146 430 715 783 320 529 619 856 252 492 68 817 522 867 517 599 829 805 511 616 412 657 522 748 460 565 747 496 819 909 279 768 251 933 36
3088 20 11453 496 819 907 205 856 252 748 460 492 68 430 715 909 279 768 251 529 619 811 963 565 747 616 412 817 522 867 517 783 320 657 522 805 511 599 829 729 146 933 36
4088 20 11453 748 460 817 522 907 205 811 963 616 412 909 279 805 511 492 68 430 715 496 819 783 320 933 36 768 251 867 517 599 829 856 252 729 146 529 619 565 747 657 522
5088 20 11453 529 619 933 36 565 747 783 320 430 715 496 819 768 251 907 205 817 522 616 412 805 511 492 68 867 517 909 279 599 829 657 522 748 460 729 146 856 252 811 963
1089 20 11848 584 398 645 792 982 55 723 377 578 999 901 512 617 792 642 264 684 678 758 714 958 739 917 452 950 317 952 770 553 329 518 660 989 422 931 537 681 11 247 348
2089 20 11848 684 678 584 398 645 792 681 11 989 422 617 792 952 770 901 512 982 55 247 348 642 264 917 452 958 739 723 377 518 660 950 317 553 329 758 714 578 999 931 537
3089 20 11848 578 999 723 377 684 678 553 329 584 398 931 537 901 512 758 714 950 317 982 55 247 348 989 422 681 11 645 792 518 660 642 264 952 770 958 739 617 792 917 452
4089 20 11848 518 660 584 398 553 329 989 422 982 55 578 999 931 537 645 792 952 770 917 452 642 264 684 678 901 512 723 377 758 714 247 348 617 792 681 11 950 317 958 739
5089 20 11848 553 329 617 792 950 317 901 512 584 398 931 537 952 770 917 452 642 264 958 739 681 11 578 999 982 55 723 377 645 792 989 422 518 660 758 714 684 678 247 348
1090 20 10704 830 355 277 942 431 766 673 287 724 832 606 924 995 502 502 153 513 474 574 73 932 771 641 986 756 391 840 415 641 397 728 624 904 52 955 373 188 513 671 505
2090 20 10704 904 52 673 287 188 513 728 624 606 924 830 355 955 373 513 474 641 986 671 505 995 502 502 153 574 73 840 415 431 766 932 771 641 397 724 832 756 391 277 942
3090 20 10704 904 52 840 415 277 942 513 474 502 153 673 287 671 505 574 73 932 771 955 373 995 502 188 513 756 391 431 766 728 624 606 924 641 397 830 355 641 986 724 832
4090 20 10704 513 474 277 942 641 397 188 513 932 771 574 73 728 624 673 287 995 502 904 52 830 355 671 505 606 924 840 415 756 391 955 373 724 832 502 153 431 766 641 986
5090 20 10704 188 513 756 391 431 766 641 397 671 505 840 415 574 73 995 502 641 986 724 832 830 355 932 771 904 52 673 287 513 474 277 942 606 924 728 624 955 373 502 153
1091 20 9420 298 994 857 909 700 204 842 626 348 683 996 215 754 151 575 779 983 28 312 855 643 566 423 46 805 842 142 180 45 523 358 167 718 492 660 832 343 849 974 793
2091 20 9420 754 151 575 779 423 46 142 180 842 626 996 215 700 204 857 909 660 832 45 523 643 566 805 842 312 855 343 849 298 994 974 793 983 28 358 167 718 492 348 683
3091 20 9420 842 626 348 683 643 566 298 994 358 167 700 204 974 793 996 215 754 151 805 842 857 909 423 46 312 855 343 849 142 180 983 28 575 779 660 832 718 492 45 523
4091 20 9420 142 180 343 849 575 779 660 832 45 523 718 492 298 994 996 215 754 151 700 204 643 566 423 46 857 909 842 626 348 683 974 793 312 855 358 167 983 28 805 842
5091 20 9420 983 28 842 626 423 46 996 215 312 855 142 180 358 167 643 566 660 832 45 523 298 994 805 842 974 793 575 779 348 683 718 492 857 909 700 204 343 849 754 151
1092 20 10770 380 193 685 606 617 803 492 114 492 8 899 876 840 119 631 569 901 260 945 369 603 476 987 620 562 153 732 741 870 138 548 997 185 363 501 500 875 435 718 260
2092 20 10770 732 741 617 803 380 193 875 435 685 606 492 8 901 260 718 260 548 997 501 500 603 476 631 569 899 876 840 119 987 620 870 138 492 114 945 369 185 363 562 153
3092 20 10770 501 500 617 803 732 741 492 8 901 260 875 435 718 260 631 569 492 114 548 997 185 363 899 876 840 119 987 620 380 193 870 138 562 153 685 606 945 369 603 476
4092 20 10770 718 260 631 569 492 8 185 363 945 369 548 997 870 138 840 119 603 476 380 193 501 500 732 741 685 606 492 114 901 260 562 153 617 803 987 620 875 435 899 876
5092 20 10770 901 260 899 876 185 363 840 119 631 569 870 138 562 153 548 997 945 369 492 114 732 741 603 476 718 260 501 500 617 803 875 435 492 8 380 193 987 620 685 606
1093 20 10500 665 714 540 643 542 431 110 193 750 44 635 410 490 499 688 626 936 172 695 536 689 997 911 562 756 924 753 879 325 365 793 243 383 909 971 913 976 527 517 413
2093 20 10500 756 924 689 997 490 499 936 172 753 879 540 643 635 410 665 714 911 562 971 913 976 527 750 44 793 243 383 909 695 536 688 626 517 413 325 365 110 193 542 431
3093 20 10500 665 714 540 643 750 44 689 997 971 913 756 924 635 410 110 193 695 536 490 499 753 879 976 527 793 243 383 909 936 172 542 431 517 413 911 562 325 365 688 626
4093 20 10500 540 643 971 913 688 626 635 410 517 413 695 536 936 172 976 527 383 909 750 44 490 499 689 997 110 193 793 243 325 365 665 714 911 562 753 879 756 924 542 431
5093 20 10500 110 193 383 909 665 714 793 243 490 499 976 527 756 924 695 536 517 413 635 410 325 365 689 997 971 913 542 431 911 562 936 172 750 44 688 626 753 879 540 643
1094 20 11592 626 564 991 98 232 394 965 131 765 738 885 736 814 45 856 376 961 790 709 529 761 609 597 127 501 518 578 610 955 488 823 378 420 357 723 96 711 418 617 675
2094 20 11592 420 357 961 790 711 418 709 529 965 131 501 518 626 564 885 736 814 45 991 98 823 378 232 394 765 738 597 127 856 376 955 488 617 675 578 610 723 96 761 609
3094 20 11592 578 610 626 564 961 790 709 529 955 488 501 518 856 376 597 127 723 96 991 98 232 394 765 738 617 675 420 357 711 418 885 736 814 45 965 131 761 609 823 378
4094 20 11592 761 609 578 610 961 790 765 738 617 675 723 96 232 394 856 376 885 736 991 98 965 131 709 529 501 518 597 127 420 357 711 418 626 564 823 378 955 488 814 45
5094 20 11592 597 127 723 96 626 564 617 675 814 45 856 376 955 488 501 518 578 610 961 790 711 418 965 131 991 98 885 736 823 378 420 357 765 738 709 529 761 609 232 394
1095 20 10248 74 691 817 159 957 568 640 905 892 766 614 254 922 520 763 915 974 422 781 512 82 530 349 12 868 621 257 972 721 930 892 58 670 937 525 721 463 274 550 823
2095 20 10248 463 274 640 905 763 915 670 937 349 12 868 621 922 520 892 58 721 930 817 159 892 766 781 512 257 972 82 530 957 568 74 691 614 254 525 721 550 823 974 422
3095 20 10248 763 915 892 766 525 721 868 621 257 972 670 937 817 159 614 254 82 530 640 905 957 568 721 930 550 823 922 520 74 691 463 274 974 422 349 12 892 58 781 512
4095 20 10248 550 823 957 568 974 422 922 520 868 621 781 512 640 905 525 721 614 254 74 691 257 972 349 12 670 937 763 915 82 530 892 58 463 274 721 930 817 159 892 766
5095 20 10248 349 12 257 972 74 691 892 58 957 568 922 520 781 512 525 721 463 274 82 530 868 621 614 254 892 766 817 159 974 422 640 905 721 930 670 937 763 915 550 823
1096 20 11192 834 468 362 502 626 593 587 302 392 483 485 554 803 856 772 675 826 815 840 939 647 10 514 789 753 305 944 592 651 444 938 491 663 795 840 786 993 191 521 27
2096 20 11192 521 27 485 554 626 593 826 815 772 675 993 191 587 302 840 786 834 468 362 502 944 592 803 856 392 483 663 795 651 444 938 491 647 10 840 939 514 789 753 305
3096 20 11192 521 27 392 483 938 491 514 789 651 444 362 502 753 305 772 675 647 10 803 856 826 815 587 302 834 468 663 795 944 592 626 593 840 939 485 554 840 786 993 191
4096 20 11192 663 795 521 27 587 302 938 491 772 675 834 468 362 502 651 444 485 554 803 856 840 939 993 191 840 786 626 593 647 10 392 483 944 592 514 789 826 815 753 305
5096 20 11192 826 815 651 444 392 483 647 10 587 302 803 856 840 786 362 502 663 795 626 593 753 305 521 27 514 789 485 554 834 468 944 592 938 491 772 675 840 939 993 191
1097 20 10810 737 647 861 314 474 783 720 267 898 216 394 323 195 907 411 69 985 425 994 676 390 72 779 864 995 376 669 389 770 329 607 463 719 176 277 188 746 144 892 627
2097 20 10810 669 389 985 425 995 376 411 69 746 144 898 216 892 627 474 783 719 176 390 72 394 323 737 647 770 329 994 676 195 907 779 864 607 463 720 267 861 314 277 188
3097 20 10810 994 676 607 463 770 329 390 72 474 783 720 267 985 425 861 314 195 907 995 376 737 647 779 864 892 627 746 144 411 69 719 176 669 389 898 216 394 323 277 188
4097 20 10810 737 647 770 329 892 627 277 188 411 69 720 267 994 676 861 314 669 389 195 907 474 783 995 376 390 72 898 216 394 323 719 176 746 144 779 864 607 463 985 425
5097 20 10810 669 389 737 647 892 627 779 864 719 176 394 323 995 376 411 69 770 329 720 267 994 676 390 72 898 216 474 783 277 188 195 907 607 463 861 314 746 144 985 425
1098 20 10698 351 884 990 374 343 284 735 602 638 127 655 2 772 312 727 738 788 935 808 507 912 995 852 564 298 732 130 282 610 170 971 576 960 982 782 470 609 19 442 670
2098 20 10698 735 602 772 312 343 284 442 670 971 576 298 732 655 2 788 935 808 507 727 738 782 470 852 564 638 127 912 995 960 982 609 19 610 170 130 282 351 884 990 374
3098 20 10698 912 995 298 732 610 170 655 2 638 127 735 602 990 374 442 670 960 982 852 564 130 282 772 312 727 738 609 19 782 470 788 935 343 284 351 884 971 576 808 507
4098 20 10698 638 127 655 2 772 312 782 470 609 19 960 982 351 884 298 732 788 935 990 374 971 576 610 170 808 507 852 564 735 602 130 282 343 284 727 738 442 670 912 995
5098 20 10698 808 507 298 732 788 935 610 170 351 884 638 127 782 470 772 312 971 576 130 282 990 374 655 2 343 284 852 564 735 602 609 19 960 982 442 670 727 738 912 995
1099 20 10872 484 788 821 328 419 40 984 473 505 925 482 509 975 73 196 436 707 230 629 638 906 20 610 728 954 848 882 995 618 423 505 644 812 830 994 27 539 394 569 852
2099 20 10872 484 788 196 436 505 644 954 848 482 509 569 852 994 27 629 638 821 328 610 728 419 40 882 995 906 20 505 925 812 830 618 423 975 73 539 394 707 230 984 473
3099 20 10872 994 27 569 852 505 644 610 728 629 638 419 40 707 230 984 473 484 788 812 830 821 328 618 423 196 436 505 925 975 73 954 848 539 394 906 20 482 509 882 995
4099 20 10872 610 728 484 788 707 230 882 995 975 73 821 328 505 925 618 423 906 20 994 27 629 638 539 394 954 848 812 830 196 436 419 40 569 852 482 509 505 644 984 473
5099 20 10872 482 509 419 40 994 27 484 788 707 230 569 852 505 925 610 728 984 473 812 830 975 73 629 638 821 328 539 394 954 848 882 995 618 423 196 436 906 20 505 644
1100 20 11494 179 280 875 345 975 622 357 205 828 799 942 581 878 259 721 592 848 735 333 455 978 334 476 476 741 429 765 702 959 947 563 137 659 952 943 723 401 722 947 181
2100 20 11494 878 259 978 334 959 947 476 476 741 429 563 137 765 702 942 581 848 735 943 723 875 345 659 952 333 455 179 280 401 722 975 622 721 592 828 799 357 205 947 181
3100 20 11494 943 723 828 799 848 735 563 137 357 205 401 722 659 952 333 455 765 702 942 581 179 280 947 181 721 592 878 259 978 334 959 947 741 429 476 476 975 622 875 345
4100 20 11494 357 205 978 334 659 952 975 622 947 181 721 592 875 345 942 581 179 280 943 723 401 722 828 799 563 137 333 455 848 735 741 429 765 702 878 259 476 476 959 947
5100 20 11494 942 581 765 702 959 947 878 259 476 476 978 334 947 181 357 205 943 723 179 280 828 799 975 622 401 722 659 952 721 592 875 345 741 429 563 137 848 735 333 455
