1001 20 6524 785 586 167 259 435 89 311 657 260 877 857 172 453 189 471 197 299 297 65 334 871 852 330 572 145 269 458 800 391 401 759 568 172 354 326 298 147 943 454 660
2001 20 6524 65 334 453 189 147 943 454 660 458 800 311 657 260 877 471 197 785 586 299 297 326 298 759 568 172 354 871 852 145 269 435 89 391 401 330 572 857 172 167 259
3001 20 6524 453 189 785 586 759 568 458 800 391 401 435 89 871 852 326 298 454 660 299 297 65 334 167 259 471 197 311 657 145 269 260 877 147 943 172 354 857 172 330 572
4001 20 6524 167 259 453 189 454 660 871 852 311 657 330 572 145 269 172 354 299 297 435 89 65 334 857 172 785 586 391 401 147 943 458 800 471 197 759 568 260 877 326 298
5001 20 6524 759 568 857 172 145 269 454 660 147 943 65 334 330 572 260 877 311 657 326 298 471 197 435 89 453 189 299 297 167 259 785 586 172 354 458 800 871 852 391 401
1002 20 5184 39 607 35 202 279 332 51 48 258 782 685 768 250 307 47 213 609 933 221 867 74 437 257 138 300 86 183 102 802 951 430 682 329 944 782 643 498 928 351 708
2002 20 5184 430 682 39 607 802 951 609 933 35 202 782 643 250 307 300 86 329 944 74 437 257 138 258 782 685 768 498 928 51 48 351 708 183 102 279 332 47 213 221 867
3002 20 5184 609 933 685 768 329 944 47 213 74 437 300 86 183 102 802 951 258 782 257 138 51 48 250 307 35 202 279 332 430 682 39 607 782 643 221 867 498 928 351 708
4002 20 5184 609 933 802 951 351 708 257 138 782 643 258 782 685 768 39 607 35 202 250 307 329 944 183 102 430 682 51 48 279 332 221 867 47 213 300 86 74 437 498 928
5002 20 5184 74 437 498 928 258 782 685 768 51 48 300 86 47 213 351 708 257 138 250 307 609 933 782 643 35 202 430 682 279 332 329 944 802 951 39 607 183 102 221 867
1003 20 6522 356 919 21 642 228 886 344 343 325 890 231 63 547 796 367 475 817 412 733 887 936 476 677 660 210 605 270 839 200 774 129 769 148 309 362 553 517 776 735 637
2003 20 6522 210 605 228 886 344 343 677 660 367 475 517 776 270 839 362 553 129 769 148 309 200 774 231 63 817 412 21 642 936 476 547 796 735 637 356 919 325 890 733 887
3003 20 6522 362 553 733 887 270 839 517 776 936 476 231 63 148 309 356 919 677 660 21 642 735 637 129 769 228 886 210 605 344 343 817 412 200 774 325 890 547 796 367 475
4003 20 6522 325 890 356 919 517 776 344 343 148 309 210 605 270 839 362 553 817 412 129 769 231 63 228 886 200 774 21 642 367 475 936 476 677 660 547 796 735 637 733 887
5003 20 6522 228 886 270 839 367 475 547 796 325 890 231 63 200 774 148 309 362 553 735 637 817 412 677 660 733 887 517 776 356 919 129 769 344 343 936 476 210 605 21 642
1004 20 6016 593 943 212 124 571 281 175 375 152 579 126 423 472 981 21 992 647 67 490 825 84 166 57 777 68 990 194 559 669 534 816 226 370 295 296 518 603 970 904 710
2004 20 6016 816 226 647 67 472 981 904 710 126 423 603 970 84 166 593 943 152 579 212 124 57 777 571 281 669 534 21 992 490 825 194 559 370 295 175 375 296 518 68 990
3004 20 6016 603 970 370 295 152 579 21 992 669 534 175 375 126 423 68 990 84 166 212 124 57 777 296 518 472 981 647 67 194 559 904 710 571 281 816 226 490 825 593 943
4004 20 6016 472 981 21 992 68 990 296 518 152 579 593 943 57 777 603 970 816 226 212 124 370 295 490 825 647 67 571 281 126 423 175 375 669 534 194 559 84 166 904 710
5004 20 6016 669 534 472 981 212 124 370 295 490 825 194 559 593 943 816 226 904 710 21 992 126 423 84 166 68 990 647 67 175 375 571 281 57 777 296 518 152 579 603 970
1005 20 5105 290 813 91 258 521 810 7 317 397 234 200 719 617 119 828 225 331 312 131 498 11 573 386 256 74 947 379 500 179 468 156 990 758 330 200 71 704 243 122 940
2005 20 5105 156 990 131 498 179 468 758 330 11 573 290 813 828 225 397 234 91 258 379 500 122 940 331 312 7 317 386 256 200 719 704 243 200 71 74 947 617 119 521 810
3005 20 5105 397 234 617 119 91 258 521 810 386 256 331 312 7 317 156 990 704 243 379 500 758 330 11 573 200 719 179 468 200 71 131 498 122 940 74 947 290 813 828 225
4005 20 5105 828 225 156 990 617 119 386 256 521 810 397 234 179 468 131 498 11 573 331 312 704 243 200 719 200 71 74 947 379 500 758 330 122 940 7 317 91 258 290 813
5005 20 5105 156 990 617 119 828 225 131 498 290 813 331 312 200 719 379 500 11 573 200 71 179 468 7 317 91 258 521 810 74 947 122 940 758 330 386 256 397 234 704 243
1006 20 5720 126 386 369 963 213 898 83 54 444 67 908 34 271 141 73 489 38 120 685 982 295 839 688 599 529 221 68 142 146 207 1 6 622 209 433 320 930 533 228 151
2006 20 5720 930 533 688 599 295 839 444 67 271 141 529 221 1 6 433 320 126 386 83 54 68 142 369 963 228 151 73 489 146 207 38 120 685 982 213 898 908 34 622 209
3006 20 5720 213 898 930 533 68 142 83 54 126 386 688 599 228 151 73 489 295 839 1 6 529 221 271 141 433 320 444 67 369 963 622 209 38 120 908 34 685 982 146 207
4006 20 5720 83 54 433 320 529 221 688 599 685 982 369 963 126 386 444 67 271 141 146 207 73 489 1 6 38 120 908 34 930 533 228 151 213 898 295 839 68 142 622 209
5006 20 5720 1 6 685 982 622 209 126 386 444 67 271 141 908 34 146 207 688 599 529 221 930 533 38 120 228 151 73 489 213 898 83 54 68 142 369 963 295 839 433 320
1007 20 4759 234 164 407 210 69 915 80 633 343 673 203 751 581 440 203 865 103 851 40 153 683 711 572 768 105 169 553 884 406 481 277 150 212 407 528 955 44 228 306 898
2007 20 4759 277 150 103 851 40 153 343 673 683 711 234 164 105 169 44 228 212 407 553 884 572 768 528 955 203 865 407 210 306 898 203 751 406 481 80 633 69 915 581 440
3007 20 4759 203 751 103 851 277 150 406 481 572 768 80 633 581 440 44 228 69 915 203 865 553 884 234 164 683 711 40 153 105 169 306 898 407 210 212 407 528 955 343 673
4007 20 4759 406 481 44 228 407 210 69 915 306 898 212 407 581 440 528 955 203 751 40 153 683 711 203 865 105 169 553 884 103 851 572 768 343 673 277 150 234 164 80 633
5007 20 4759 69 915 553 884 683 711 343 673 234 164 528 955 203 865 407 210 105 169 212 407 103 851 44 228 203 751 306 898 406 481 277 150 80 633 572 768 40 153 581 440
1008 20 5131 66 595 107 202 382 411 592 955 134 860 214 198 75 394 34 613 487 751 130 462 326 91 132 909 768 297 344 782 138 861 22 754 474 494 704 790 860 430 425 133
2008 20 5131 326 91 425 133 487 751 344 782 134 860 132 909 860 430 214 198 75 394 22 754 66 595 768 297 474 494 107 202 34 613 592 955 130 462 138 861 382 411 704 790
3008 20 5131 138 861 474 494 132 909 860 430 768 297 487 751 130 462 107 202 592 955 34 613 344 782 75 394 425 133 326 91 214 198 22 754 134 860 704 790 66 595 382 411
4008 20 5131 132 909 22 754 130 462 860 430 474 494 138 861 326 91 34 613 704 790 768 297 344 782 382 411 134 860 425 133 75 394 214 198 487 751 66 595 592 955 107 202
5008 20 5131 344 782 34 613 382 411 592 955 768 297 326 91 75 394 474 494 22 754 66 595 425 133 132 909 130 462 487 751 138 861 214 198 107 202 860 430 134 860 704 790
1009 20 5791 118 36 572 771 189 236 181 737 244 946 625 506 233 33 252 284 46 621 277 525 434 908 76 118 307 261 433 977 867 869 637 65 70 75 499 19 408 129 771 458
2009 20 5791 118 36 76 118 408 129 277 525 252 284 625 506 70 75 867 869 771 458 499 19 181 737 433 977 244 946 233 33 307 261 189 236 434 908 46 621 637 65 572 771
3009 20 5791 433 977 408 129 771 458 277 525 118 36 625 506 637 65 252 284 244 946 307 261 499 19 434 908 189 236 181 737 70 75 46 621 76 118 867 869 233 33 572 771
4009 20 5791 181 737 867 869 408 129 118 36 252 284 637 65 771 458 572 771 434 908 433 977 233 33 499 19 277 525 625 506 189 236 244 946 76 118 307 261 46 621 70 75
5009 20 5791 252 284 499 19 233 33 434 908 181 737 244 946 408 129 433 977 867 869 637 65 70 75 307 261 625 506 189 236 771 458 46 621 277 525 572 771 76 118 118 36
1010 20 4532 406 81 133 948 570 24 152 248 226 819 5 237 389 123 28 419 308 708 85 882 10 368 516 57 31 118 353 9 629 967 327 166 314 676 402 652 537 540 244 20
2010 20 4532 226 819 244 20 516 57 537 540 353 9 570 24 28 419 5 237 327 166 314 676 10 368 402 652 31 118 389 123 629 967 85 882 406 81 152 248 308 708 133 948
3010 20 4532 570 24 10 368 85 882 314 676 353 9 406 81 28 419 152 248 226 819 516 57 5 237 327 166 133 948 389 123 244 20 31 118 402 652 629 967 308 708 537 540
4010 20 4532 133 948 85 882 31 118 537 540 406 81 5 237 244 20 314 676 570 24 152 248 402 652 10 368 226 819 353 9 28 419 516 57 629 967 327 166 308 708 389 123
5010 20 4532 308 708 31 118 85 882 353 9 10 368 389 123 152 248 629 967 133 948 314 676 28 419 327 166 226 819 516 57 570 24 406 81 537 540 402 652 5 237 244 20
1011 20 4800 603 201 449 933 109 134 254 793 126 525 132 489 162 329 70 741 926 620 25 494 704 966 237 409 471 713 378 632 22 776 4 381 279 300 470 924 406 99 173 682
2011 20 4800 470 924 406 99 237 409 132 489 109 134 25 494 279 300 926 620 603 201 173 682 4 381 704 966 378 632 126 525 70 741 471 713 162 329 254 793 449 933 22 776
3011 20 4800 471 713 132 489 254 793 926 620 4 381 378 632 109 134 22 776 237 409 603 201 162 329 470 924 704 966 406 99 25 494 70 741 126 525 449 933 173 682 279 300
4011 20 4800 4 381 279 300 254 793 603 201 449 933 470 924 162 329 406 99 25 494 237 409 132 489 70 741 126 525 378 632 926 620 22 776 173 682 109 134 471 713 704 966
5011 20 4800 449 933 704 966 4 381 25 494 70 741 109 134 279 300 603 201 471 713 237 409 926 620 173 682 132 489 378 632 406 99 470 924 162 329 126 525 254 793 22 776
1012 20 5941 134 241 421 179 245 393 861 540 440 969 18 457 461 288 783 942 181 909 836 158 239 447 29 837 611 798 550 370 9 304 69 24 466 673 359 84 173 789 542 398
2012 20 5941 134 241 173 789 69 24 359 84 461 288 181 909 18 457 542 398 550 370 836 158 245 393 239 447 861 540 421 179 9 304 466 673 611 798 440 969 29 837 783 942
3012 20 5941 9 304 836 158 550 370 173 789 542 398 440 969 18 457 611 798 783 942 421 179 134 241 69 24 239 447 181 909 461 288 466 673 861 540 245 393 359 84 29 837
4012 20 5941 550 370 359 84 542 398 461 288 245 393 440 969 9 304 69 24 836 158 861 540 239 447 173 789 611 798 134 241 421 179 466 673 783 942 29 837 18 457 181 909
5012 20 5941 9 304 550 370 134 241 542 398 440 969 18 457 69 24 173 789 611 798 461 288 421 179 239 447 836 158 29 837 181 909 466 673 245 393 359 84 783 942 861 540
1013 20 5217 327 420 468 913 517 946 36 355 150 678 167 848 106 840 50 53 298 345 151 454 660 439 347 916 363 900 265 864 211 325 571 705 87 738 617 839 423 222 708 496
2013 20 5217 50 53 298 345 617 839 517 946 211 325 347 916 327 420 265 864 423 222 708 496 151 454 363 900 150 678 167 848 36 355 571 705 468 913 87 738 106 840 660 439
3013 20 5217 211 325 36 355 265 864 87 738 347 916 660 439 167 848 423 222 106 840 468 913 298 345 151 454 327 420 363 900 708 496 517 946 150 678 571 705 617 839 50 53
4013 20 5217 468 913 617 839 347 916 151 454 211 325 150 678 363 900 87 738 708 496 517 946 265 864 167 848 660 439 571 705 298 345 36 355 106 840 50 53 423 222 327 420
5013 20 5217 87 738 423 222 151 454 50 53 167 848 36 355 517 946 571 705 468 913 298 345 150 678 363 900 617 839 708 496 327 420 265 864 660 439 106 840 347 916 211 325
1014 20 5866 485 754 211 658 250 21 386 992 145 113 453 522 301 946 12 931 395 1 576 149 234 382 198 556 417 359 306 322 421 1000 397 298 573 921 514 508 701 597 358 736
2014 20 5866 701 597 417 359 145 113 358 736 234 382 514 508 12 931 250 21 485 754 198 556 576 149 211 658 453 522 306 322 395 1 421 1000 386 992 397 298 573 921 301 946
3014 20 5866 485 754 306 322 211 658 453 522 386 992 395 1 12 931 250 21 198 556 421 1000 576 149 701 597 573 921 358 736 397 298 417 359 514 508 234 382 301 946 145 113
4014 20 5866 701 597 145 113 417 359 453 522 576 149 301 946 514 508 397 298 234 382 485 754 386 992 250 21 573 921 198 556 421 1000 395 1 306 322 358 736 12 931 211 658
5014 20 5866 573 921 12 931 250 21 514 508 397 298 421 1000 145 113 301 946 198 556 485 754 306 322 386 992 234 382 211 658 576 149 395 1 701 597 453 522 358 736 417 359
1015 20 6000 89 180 163 784 780 153 193 623 356 187 753 199 246 46 82 783 415 25 604 90 488 979 122 558 463 244 777 401 820 254 630 968 25 96 249 780 3 315 242 705
2015 20 6000 820 254 25 96 630 968 777 401 246 46 82 783 604 90 122 558 193 623 242 705 415 25 356 187 753 199 163 784 780 153 463 244 3 315 488 979 249 780 89 180
3015 20 6000 630 968 777 401 82 783 25 96 780 153 249 780 163 784 122 558 753 199 3 315 89 180 246 46 242 705 488 979 193 623 820 254 415 25 463 244 604 90 356 187
4015 20 6000 89 180 82 783 249 780 820 254 488 979 356 187 415 25 246 46 753 199 463 244 604 90 780 153 25 96 122 558 3 315 193 623 777 401 242 705 630 968 163 784
5015 20 6000 246 46 25 96 753 199 3 315 463 244 242 705 780 153 249 780 415 25 163 784 193 623 356 187 604 90 820 254 630 968 122 558 777 401 89 180 82 783 488 979
1016 20 5202 83 146 326 187 315 720 271 53 292 209 491 794 469 638 243 949 486 196 151 474 23 164 575 257 695 800 95 543 288 326 358 585 538 796 12 724 686 80 106 51
2016 20 5202 575 257 469 638 326 187 538 796 491 794 271 53 358 585 288 326 83 146 292 209 12 724 106 51 486 196 243 949 695 800 95 543 151 474 686 80 23 164 315 720
3016 20 5202 491 794 575 257 288 326 95 543 315 720 271 53 106 51 538 796 695 800 469 638 243 949 83 146 326 187 358 585 151 474 486 196 12 724 23 164 292 209 686 80
4016 20 5202 292 209 12 724 271 53 151 474 695 800 106 51 358 585 486 196 538 796 23 164 288 326 243 949 326 187 95 543 469 638 491 794 575 257 315 720 686 80 83 146
5016 20 5202 12 724 288 326 358 585 23 164 486 196 686 80 491 794 575 257 95 543 292 209 315 720 326 187 83 146 695 800 243 949 469 638 271 53 106 51 538 796 151 474
1017 20 4410 63 630 5 163 331 947 347 490 475 645 252 232 579 846 534 208 343 494 585 9 395 303 70 567 43 155 58 219 37 490 623 455 27 376 297 133 260 240 189 69
2017 20 4410 189 69 37 490 395 303 27 376 585 9 579 846 63 630 534 208 623 455 297 133 343 494 58 219 347 490 260 240 43 155 331 947 252 232 70 567 5 163 475 645
3017 20 4410 623 455 252 232 534 208 260 240 475 645 343 494 63 630 189 69 58 219 585 9 70 567 37 490 43 155 579 846 297 133 27 376 5 163 347 490 395 303 331 947
4017 20 4410 623 455 534 208 585 9 5 163 43 155 70 567 343 494 63 630 37 490 189 69 347 490 475 645 297 133 331 947 58 219 27 376 252 232 260 240 395 303 579 846
5017 20 4410 475 645 260 240 343 494 534 208 395 303 623 455 27 376 70 567 347 490 579 846 331 947 58 219 189 69 252 232 5 163 63 630 297 133 37 490 43 155 585 9
1018 20 5423 88 545 211 38 122 692 609 918 589 884 700 256 508 157 490 500 133 41 517 51 40 41 634 940 362 22 221 400 604 737 84 553 49 38 653 933 41 632 124 801
2018 20 5423 362 22 604 737 122 692 88 545 49 38 490 500 634 940 211 38 221 400 508 157 517 51 609 918 40 41 700 256 84 553 41 632 589 884 133 41 124 801 653 933
3018 20 5423 40 41 124 801 653 933 604 737 508 157 211 38 84 553 41 632 517 51 133 41 634 940 122 692 700 256 88 545 589 884 49 38 362 22 490 500 221 400 609 918
4018 20 5423 589 884 41 632 88 545 653 933 49 38 124 801 517 51 362 22 490 500 609 918 40 41 221 400 700 256 122 692 604 737 634 940 84 553 508 157 211 38 133 41
5018 20 5423 124 801 490 500 88 545 700 256 40 41 609 918 517 51 49 38 634 940 211 38 133 41 589 884 122 692 508 157 221 400 84 553 41 632 362 22 653 933 604 737
1019 20 7030 622 638 290 624 586 557 188 636 192 407 448 213 861 718 741 675 316 101 226 369 19 374 603 15 280 255 483 916 313 801 456 427 351 251 869 50 626 560 318 201
2019 20 7030 456 427 290 624 316 101 869 50 19 374 448 213 280 255 351 251 861 718 622 638 626 560 603 15 226 369 192 407 313 801 188 636 741 675 586 557 483 916 318 201
3019 20 7030 622 638 226 369 483 916 188 636 603 15 19 374 741 675 456 427 290 624 313 801 318 201 351 251 280 255 448 213 861 718 192 407 626 560 869 50 586 557 316 101
4019 20 7030 586 557 741 675 869 50 226 369 192 407 626 560 603 15 456 427 622 638 448 213 483 916 19 374 290 624 313 801 318 201 861 718 280 255 351 251 188 636 316 101
5019 20 7030 192 407 622 638 626 560 351 251 483 916 586 557 290 624 316 101 741 675 226 369 19 374 869 50 448 213 280 255 861 718 456 427 603 15 318 201 188 636 313 801
1020 20 5391 126 159 594 491 87 478 275 473 201 142 103 760 230 32 634 44 597 581 3 769 248 584 870 400 850 717 62 24 23 765 463 924 94 941 511 662 591 470 177 382
2020 20 5391 230 32 3 769 850 717 62 24 201 142 511 662 103 760 177 382 463 924 94 941 248 584 870 400 597 581 634 44 591 470 87 478 275 473 23 765 126 159 594 491
3020 20 5391 177 382 230 32 103 760 62 24 591 470 511 662 248 584 3 769 87 478 126 159 275 473 850 717 201 142 870 400 634 44 597 581 23 765 94 941 594 491 463 924
4020 20 5391 177 382 126 159 230 32 850 717 23 765 870 400 103 760 634 44 597 581 511 662 201 142 248 584 3 769 87 478 463 924 62 24 591 470 594 491 275 473 94 941
5020 20 5391 201 142 3 769 87 478 177 382 248 584 275 473 597 581 23 765 511 662 594 491 103 760 230 32 870 400 126 159 463 924 591 470 850 717 634 44 62 24 94 941
1021 20 6047 177 651 401 49 338 65 398 281 663 99 568 906 742 398 661 321 634 272 288 778 152 403 117 190 150 928 495 640 30 824 103 22 400 5 176 326 461 589 605 797
2021 20 6047 288 778 338 65 605 797 176 326 663 99 177 651 495 640 461 589 30 824 634 272 152 403 401 49 398 281 103 22 568 906 742 398 117 190 661 321 150 928 400 5
3021 20 6047 398 281 176 326 150 928 288 778 30 824 177 651 568 906 634 272 495 640 117 190 400 5 338 65 605 797 461 589 742 398 152 403 103 22 663 99 401 49 661 321
4021 20 6047 568 906 461 589 176 326 177 651 398 281 661 321 152 403 103 22 605 797 400 5 288 778 150 928 663 99 742 398 338 65 634 272 117 190 401 49 30 824 495 640
5021 20 6047 461 589 495 640 605 797 663 99 398 281 177 651 30 824 742 398 152 403 634 272 400 5 661 321 338 65 176 326 150 928 288 778 401 49 117 190 568 906 103 22
1022 20 5843 175 268 386 578 97 511 136 62 628 961 565 637 404 186 822 516 132 894 37 6 424 51 86 302 260 45 443 843 817 216 917 456 386 726 157 766 335 159 97 747
2022 20 5843 37 6 565 637 86 302 424 51 628 961 917 456 260 45 157 766 817 216 386 726 386 578 97 511 175 268 132 894 822 516 443 843 335 159 404 186 97 747 136 62
3022 20 5843 565 637 37 6 628 961 157 766 404 186 97 511 335 159 97 747 386 578 386 726 917 456 424 51 175 268 443 843 822 516 817 216 136 62 132 894 260 45 86 302
4022 20 5843 136 62 86 302 424 51 404 186 37 6 822 516 817 216 335 159 917 456 386 726 260 45 386 578 97 511 175 268 157 766 565 637 628 961 97 747 132 894 443 843
5022 20 5843 565 637 628 961 335 159 37 6 917 456 260 45 86 302 443 843 817 216 424 51 97 747 386 726 97 511 157 766 822 516 136 62 386 578 175 268 404 186 132 894
1023 20 5749 538 534 190 95 288 717 414 762 90 428 121 59 394 840 9 647 656 700 202 890 451 544 463 959 168 489 294 626 568 685 353 674 946 146 48 474 192 212 802 866
2023 20 5749 394 840 48 474 538 534 451 544 463 959 190 95 568 685 414 762 656 700 121 59 202 890 294 626 802 866 288 717 90 428 353 674 192 212 946 146 168 489 9 647
3023 20 5749 90 428 656 700 48 474 414 762 568 685 294 626 353 674 463 959 946 146 168 489 802 866 394 840 538 534 202 890 192 212 288 717 121 59 451 544 190 95 9 647
4023 20 5749 190 95 9 647 451 544 946 146 48 474 568 685 202 890 121 59 414 762 288 717 90 428 192 212 538 534 463 959 802 866 168 489 294 626 394 840 656 700 353 674
5023 20 5749 121 59 192 212 168 489 538 534 568 685 463 959 656 700 202 890 802 866 353 674 394 840 190 95 9 647 48 474 451 544 414 762 946 146 90 428 288 717 294 626
1024 20 4324 233 564 415 259 333 430 159 566 268 342 575 813 157 441 123 274 416 315 195 225 359 78 139 123 20 329 121 934 325 141 722 462 71 106 186 202 339 824 250 121
2024 20 4324 575 813 722 462 325 141 333 430 139 123 123 274 121 934 268 342 186 202 157 441 20 329 416 315 415 259 233 564 339 824 359 78 71 106 250 121 195 225 159 566
3024 20 4324 20 329 359 78 575 813 159 566 416 315 157 441 186 202 121 934 722 462 71 106 123 274 339 824 415 259 333 430 139 123 268 342 195 225 325 141 250 121 233 564
4024 20 4324 139 123 339 824 233 564 359 78 186 202 121 934 333 430 416 315 268 342 157 441 722 462 575 813 325 141 159 566 123 274 415 259 195 225 250 121 20 329 71 106
5024 20 4324 416 315 157 441 139 123 159 566 250 121 359 78 415 259 333 430 339 824 268 342 186 202 121 934 575 813 20 329 233 564 195 225 71 106 722 462 123 274 325 141
1025 20 6610 522 150 117 973 144 518 330 466 142 694 874 676 206 1 443 620 282 350 312 49 856 296 908 618 206 150 473 177 245 944 594 729 283 337 614 746 49 864 663 423
2025 20 6610 206 1 142 694 473 177 312 49 614 746 330 466 856 296 594 729 206 150 117 973 908 618 282 350 443 620 663 423 245 944 874 676 522 150 49 864 283 337 144 518
3025 20 6610 663 423 206 1 908 618 282 350 312 49 144 518 206 150 614 746 245 944 443 620 856 296 473 177 874 676 117 973 594 729 522 150 283 337 330 466 142 694 49 864
4025 20 6610 312 49 49 864 245 944 330 466 874 676 283 337 663 423 473 177 206 1 443 620 594 729 142 694 206 150 614 746 117 973 856 296 282 350 908 618 144 518 522 150
5025 20 6610 142 694 117 973 206 150 663 423 206 1 594 729 330 466 443 620 908 618 245 944 856 296 144 518 874 676 312 49 282 350 283 337 522 150 614 746 473 177 49 864
1026 20 7746 614 360 623 919 237 376 124 512 686 652 668 996 148 855 908 65 334 478 825 442 672 622 153 201 190 844 287 217 508 918 500 483 292 586 703 2 715 1 496 953
2026 20 7746 496 953 190 844 508 918 672 622 287 217 825 442 237 376 500 483 686 652 715 1 623 919 703 2 292 586 668 996 148 855 124 512 153 201 614 360 908 65 334 478
3026 20 7746 715 1 508 918 287 217 623 919 908 65 190 844 334 478 237 376 703 2 148 855 672 622 668 996 496 953 292 586 153 201 686 652 614 360 124 512 500 483 825 442
4026 20 7746 686 652 124 512 237 376 153 201 668 996 672 622 500 483 334 478 715 1 908 65 508 918 287 217 703 2 292 586 148 855 614 360 825 442 190 844 623 919 496 953
5026 20 7746 908 65 153 201 686 652 496 953 508 918 715 1 825 442 500 483 190 844 148 855 237 376 292 586 287 217 614 360 672 622 124 512 334 478 623 919 668 996 703 2
1027 20 5455 105 101 143 215 331 888 237 431 523 903 532 246 643 346 5 715 37 214 66 499 364 650 27 176 354 906 796 487 10 521 864 221 260 818 98 996 545 343 879 318
2027 20 5455 105 101 643 346 796 487 864 221 37 214 532 246 5 715 364 650 98 996 879 318 523 903 545 343 331 888 260 818 10 521 237 431 66 499 354 906 143 215 27 176
3027 20 5455 237 431 98 996 10 521 545 343 523 903 354 906 143 215 37 214 331 888 532 246 66 499 364 650 796 487 643 346 879 318 27 176 864 221 5 715 105 101 260 818
4027 20 5455 37 214 354 906 545 343 864 221 523 903 105 101 66 499 98 996 331 888 143 215 364 650 796 487 879 318 27 176 260 818 10 521 532 246 643 346 237 431 5 715
5027 20 5455 331 888 5 715 237 431 98 996 879 318 10 521 105 101 66 499 37 214 143 215 532 246 796 487 523 903 354 906 260 818 864 221 545 343 643 346 27 176 364 650
1028 20 5752 627 571 55 231 293 17 232 711 838 522 724 89 143 396 892 958 363 321 4 239 142 350 576 535 194 445 876 359 266 653 26 690 284 905 113 336 523 823 19 780
2028 20 5752 363 321 55 231 194 445 293 17 576 535 627 571 838 522 876 359 26 690 724 89 143 396 284 905 142 350 19 780 4 239 266 653 892 958 523 823 232 711 113 336
3028 20 5752 266 653 55 231 838 522 284 905 363 321 143 396 293 17 892 958 194 445 232 711 876 359 523 823 26 690 576 535 142 350 19 780 724 89 113 336 627 571 4 239
4028 20 5752 838 522 232 711 142 350 523 823 627 571 363 321 876 359 19 780 26 690 266 653 576 535 4 239 194 445 724 89 113 336 892 958 143 396 293 17 284 905 55 231
5028 20 5752 892 958 363 321 576 535 142 350 284 905 724 89 627 571 113 336 143 396 266 653 838 522 194 445 232 711 26 690 293 17 19 780 523 823 4 239 876 359 55 231
1029 20 5658 21 861 121 665 183 177 99 682 370 772 581 647 351 552 404 543 150 994 781 475 239 257 609 694 395 561 442 266 46 458 221 471 265 145 645 389 726 891 424 337
2029 20 5658 781 475 265 145 645 389 46 458 183 177 150 994 370 772 442 266 351 552 239 257 21 861 99 682 221 471 404 543 726 891 609 694 395 561 581 647 121 665 424 337
3029 20 5658 221 471 265 145 726 891 150 994 121 665 183 177 351 552 99 682 395 561 239 257 46 458 424 337 21 861 581 647 781 475 442 266 370 772 645 389 404 543 609 694
4029 20 5658 183 177 645 389 726 891 239 257 221 471 351 552 781 475 46 458 370 772 424 337 609 694 404 543 442 266 99 682 581 647 150 994 395 561 21 861 121 665 265 145
5029 20 5658 150 994 99 682 609 694 121 665 581 647 351 552 395 561 21 861 781 475 424 337 265 145 370 772 239 257 404 543 442 266 221 471 183 177 46 458 645 389 726 891
1030 20 5836 205 459 243 832 566 155 199 973 272 817 254 685 191 685 664 360 340 275 118 378 906 592 99 359 58 641 87 9 712 74 689 502 878 409 163 850 83 164 568 783
2030 20 5836 163 850 906 592 340 275 566 155 243 832 689 502 878 409 118 378 191 685 664 360 568 783 205 459 83 164 58 641 99 359 199 973 254 685 272 817 87 9 712 74
3030 20 5836 340 275 712 74 664 360 118 378 568 783 58 641 243 832 87 9 205 459 191 685 906 592 199 973 689 502 99 359 254 685 83 164 878 409 566 155 272 817 163 850
4030 20 5836 689 502 205 459 163 850 58 641 191 685 243 832 566 155 118 378 568 783 83 164 199 973 272 817 254 685 906 592 340 275 99 359 712 74 664 360 878 409 87 9
5030 20 5836 664 360 58 641 118 378 689 502 243 832 272 817 83 164 566 155 99 359 87 9 163 850 199 973 254 685 906 592 340 275 191 685 568 783 205 459 712 74 878 409
1031 20 6800 927 971 736 636 127 441 326 176 386 469 7 900 901 757 565 425 186 620 740 960 280 709 406 865 521 330 3 766 218 233 11 142 525 907 517 271 600 351 518 624
2031 20 6800 927 971 7 900 600 351 3 766 218 233 565 425 326 176 280 709 386 469 186 620 525 907 406 865 517 271 740 960 736 636 901 757 518 624 521 330 11 142 127 441
3031 20 6800 280 709 927 971 186 620 600 351 521 330 386 469 901 757 565 425 326 176 3 766 740 960 127 441 736 636 525 907 7 900 518 624 11 142 406 865 218 233 517 271
4031 20 6800 901 757 736 636 326 176 406 865 3 766 525 907 127 441 517 271 600 351 521 330 186 620 518 624 565 425 927 971 218 233 7 900 740 960 280 709 11 142 386 469
5031 20 6800 186 620 127 441 3 766 406 865 600 351 326 176 521 330 740 960 525 907 386 469 517 271 11 142 736 636 518 624 901 757 218 233 280 709 565 425 7 900 927 971
1032 20 7526 712 508 331 146 48 424 95 637 67 106 685 55 887 661 927 453 918 899 167 886 721 281 110 666 649 411 200 743 770 695 259 971 186 267 935 103 40 703 701 719
2032 20 7526 167 886 331 146 259 971 701 719 935 103 770 695 186 267 95 637 40 703 685 55 712 508 48 424 887 661 67 106 649 411 110 666 918 899 927 453 200 743 721 281
3032 20 7526 259 971 721 281 200 743 67 106 649 411 186 267 110 666 887 661 712 508 927 453 95 637 167 886 331 146 918 899 770 695 701 719 685 55 935 103 48 424 40 703
4032 20 7526 200 743 259 971 721 281 887 661 67 106 110 666 918 899 685 55 927 453 701 719 40 703 48 424 935 103 649 411 712 508 770 695 331 146 167 886 186 267 95 637
5032 20 7526 95 637 770 695 712 508 167 886 685 55 927 453 887 661 918 899 67 106 48 424 935 103 721 281 186 267 649 411 110 666 331 146 701 719 40 703 200 743 259 971
1033 20 5460 36 642 788 453 405 18 36 501 717 116 144 235 125 933 596 131 25 979 607 763 188 540 852 40 39 186 128 774 215 790 550 550 60 671 499 6 792 338 24 694
2033 20 5460 596 131 25 979 717 116 60 671 36 501 36 642 144 235 499 6 852 40 550 550 125 933 607 763 405 18 39 186 215 790 788 453 128 774 792 338 188 540 24 694
3033 20 5460 188 540 499 6 215 790 550 550 144 235 36 642 125 933 717 116 596 131 788 453 607 763 792 338 39 186 36 501 60 671 25 979 24 694 852 40 128 774 405 18
4033 20 5460 405 18 36 501 499 6 24 694 215 790 144 235 550 550 36 642 128 774 607 763 717 116 852 40 792 338 188 540 125 933 788 453 596 131 60 671 25 979 39 186
5033 20 5460 128 774 499 6 188 540 717 116 607 763 36 501 25 979 788 453 60 671 144 235 405 18 596 131 550 550 852 40 792 338 36 642 39 186 24 694 215 790 125 933
1034 20 5386 434 837 554 569 97 124 111 620 202 537 66 134 327 808 598 775 303 617 395 759 308 930 60 903 353 996 514 39 213 134 177 616 117 779 607 67 583 629 714 947
2034 20 5386 303 617 607 67 117 779 202 537 177 616 308 930 97 124 714 947 514 39 353 996 111 620 213 134 554 569 327 808 66 134 434 837 60 903 395 759 598 775 583 629
3034 20 5386 714 947 598 775 213 134 60 903 202 537 583 629 97 124 66 134 434 837 111 620 117 779 395 759 327 808 607 67 177 616 554 569 303 617 353 996 514 39 308 930
4034 20 5386 66 134 202 537 111 620 598 775 177 616 97 124 514 39 303 617 434 837 607 67 60 903 583 629 714 947 327 808 554 569 308 930 353 996 213 134 395 759 117 779
5034 20 5386 607 67 583 629 60 903 327 808 353 996 303 617 714 947 514 39 111 620 97 124 554 569 177 616 213 134 308 930 598 775 395 759 66 134 202 537 434 837 117 779
1035 20 6160 618 442 338 101 216 810 477 299 775 147 275 399 221 459 837 932 614 310 495 717 348 231 215 735 438 615 305 760 436 15 120 98 442 311 32 279 47 23 451 710
2035 20 6160 215 735 216 810 47 23 495 717 436 15 305 760 32 279 438 615 477 299 221 459 837 932 275 399 120 98 618 442 775 147 451 710 442 311 614 310 348 231 338 101
3035 20 6160 495 717 837 932 775 147 348 231 614 310 442 311 305 760 275 399 438 615 216 810 477 299 338 101 120 98 32 279 215 735 221 459 47 23 436 15 618 442 451 710
4035 20 6160 216 810 438 615 32 279 305 760 837 932 215 735 221 459 775 147 348 231 47 23 436 15 477 299 275 399 614 310 495 717 618 442 338 101 120 98 442 311 451 710
5035 20 6160 775 147 451 710 221 459 216 810 438 615 47 23 275 399 477 299 120 98 338 101 436 15 495 717 442 311 215 735 32 279 305 760 614 310 348 231 837 932 618 442
1036 20 7404 756 958 540 790 361 395 770 663 677 160 618 956 271 342 496 615 41 80 906 951 320 747 316 635 200 743 390 558 571 197 135 723 353 519 717 401 307 3 511 644
2036 20 7404 353 519 316 635 307 3 511 644 135 723 906 951 756 958 717 401 496 615 770 663 390 558 200 743 677 160 41 80 571 197 361 395 540 790 320 747 271 342 618 956
3036 20 7404 361 395 353 519 316 635 135 723 756 958 540 790 717 401 618 956 496 615 390 558 677 160 200 743 571 197 307 3 271 342 906 951 41 80 770 663 511 644 320 747
4036 20 7404 571 197 320 747 906 951 135 723 200 743 618 956 390 558 353 519 770 663 307 3 361 395 316 635 271 342 717 401 756 958 41 80 677 160 496 615 511 644 540 790
5036 20 7404 756 958 320 747 390 558 135 723 618 956 677 160 571 197 540 790 906 951 271 342 353 519 316 635 41 80 361 395 307 3 496 615 770 663 511 644 200 743 717 401
1037 20 6773 365 142 727 658 228 800 212 224 876 748 821 985 888 792 90 144 205 730 633 669 542 113 763 3 162 905 391 979 332 956 920 263 51 532 27 41 10 285 224 494
2037 20 6773 51 532 920 263 90 144 888 792 228 800 162 905 391 979 633 669 542 113 332 956 205 730 365 142 27 41 876 748 821 985 763 3 727 658 212 224 224 494 10 285
3037 20 6773 228 800 51 532 763 3 542 113 727 658 205 730 10 285 391 979 876 748 633 669 920 263 365 142 332 956 224 494 90 144 162 905 27 41 821 985 212 224 888 792
4037 20 6773 90 144 727 658 763 3 228 800 888 792 633 669 920 263 821 985 10 285 205 730 391 979 542 113 332 956 365 142 876 748 212 224 51 532 162 905 27 41 224 494
5037 20 6773 920 263 391 979 10 285 212 224 51 532 821 985 876 748 542 113 228 800 332 956 633 669 27 41 763 3 224 494 365 142 727 658 90 144 162 905 888 792 205 730
1038 20 5490 223 754 430 164 451 205 742 63 143 193 303 678 516 593 423 1000 217 939 307 915 136 578 311 550 236 384 784 517 179 156 37 308 191 319 498 650 5 975 731 33
2038 20 5490 451 205 742 63 179 156 143 193 311 550 498 650 307 915 731 33 303 678 516 593 217 939 5 975 191 319 430 164 136 578 423 1000 37 308 236 384 223 754 784 517
3038 20 5490 191 319 179 156 217 939 136 578 731 33 236 384 311 550 516 593 223 754 451 205 742 63 784 517 5 975 430 164 307 915 498 650 303 678 37 308 423 1000 143 193
4038 20 5490 430 164 191 319 179 156 5 975 136 578 311 550 217 939 423 1000 303 678 307 915 516 593 451 205 731 33 223 754 143 193 37 308 784 517 236 384 498 650 742 63
5038 20 5490 311 550 303 678 451 205 784 517 731 33 423 1000 5 975 143 193 430 164 236 384 498 650 37 308 307 915 191 319 223 754 516 593 742 63 136 578 217 939 179 156
1039 20 5310 723 838 193 966 128 815 665 779 203 713 177 567 99 974 366 455 325 857 926 893 321 465 89 146 804 765 82 635 199 203 658 204 244 445 241 622 161 329 34 957
2039 20 5310 199 203 665 779 241 622 193 966 658 204 161 329 723 838 926 893 89 146 244 445 804 765 203 713 325 857 82 635 128 815 366 455 321 465 34 957 99 974 177 567
3039 20 5310 658 204 161 329 244 445 241 622 193 966 89 146 325 857 128 815 366 455 34 957 321 465 926 893 82 635 203 713 665 779 177 567 99 974 199 203 804 765 723 838
4039 20 5310 161 329 321 465 804 765 128 815 89 146 199 203 34 957 203 713 366 455 325 857 723 838 241 622 926 893 665 779 193 966 99 974 658 204 82 635 244 445 177 567
5039 20 5310 128 815 193 966 199 203 244 445 203 713 89 146 321 465 161 329 241 622 665 779 177 567 804 765 723 838 82 635 99 974 34 957 926 893 325 857 658 204 366 455
1040 20 5902 846 766 57 291 149 256 745 168 263 838 404 658 631 720 128 106 580 534 363 537 184 177 496 510 953 831 140 498 197 509 587 375 81 937 238 578 102 199 234 677
2040 20 5902 745 168 587 375 102 199 238 578 953 831 631 720 197 509 140 498 846 766 149 256 496 510 81 937 580 534 263 838 184 177 128 106 234 677 57 291 404 658 363 537
3040 20 5902 846 766 953 831 587 375 234 677 57 291 81 937 102 199 238 578 128 106 184 177 140 498 197 509 363 537 263 838 496 510 631 720 149 256 404 658 745 168 580 534
4040 20 5902 57 291 745 168 184 177 363 537 140 498 496 510 953 831 846 766 149 256 234 677 404 658 580 534 197 509 81 937 587 375 238 578 263 838 128 106 102 199 631 720
5040 20 5902 57 291 102 199 234 677 149 256 81 937 631 720 496 510 128 106 404 658 238 578 263 838 197 509 846 766 745 168 140 498 587 375 953 831 580 534 184 177 363 537
1041 20 6201 948 960 306 799 761 160 539 899 526 645 95 948 100 330 790 605 154 379 398 148 401 107 800 316 88 112 187 713 249 354 334 948 566 485 142 802 196 137 172 506
2041 20 6201 249 354 306 799 334 948 761 160 100 330 142 802 95 948 401 107 790 605 172 506 526 645 800 316 566 485 398 148 948 960 196 137 154 379 187 713 88 112 539 899
3041 20 6201 398 148 142 802 790 605 526 645 800 316 187 713 196 137 88 112 334 948 539 899 401 107 154 379 761 160 249 354 306 799 95 948 948 960 100 330 566 485 172 506
4041 20 6201 526 645 100 330 566 485 249 354 539 899 761 160 95 948 401 107 334 948 154 379 800 316 398 148 172 506 88 112 196 137 142 802 790 605 187 713 948 960 306 799
5041 20 6201 948 960 95 948 790 605 398 148 249 354 196 137 154 379 100 330 142 802 566 485 526 645 334 948 539 899 187 713 88 112 172 506 306 799 761 160 401 107 800 316
1042 20 4460 191 973 71 4 328 970 268 472 39 235 130 872 27 274 73 699 23 116 62 324 591 151 862 942 125 85 369 189 159 566 403 785 576 570 92 273 936 662 251 431
2042 20 4460 403 785 191 973 130 872 71 4 862 942 369 189 251 431 591 151 125 85 92 273 27 274 936 662 159 566 576 570 62 324 328 970 73 699 23 116 268 472 39 235
3042 20 4460 73 699 403 785 92 273 268 472 576 570 328 970 125 85 251 431 62 324 862 942 39 235 191 973 23 116 27 274 159 566 591 151 130 872 369 189 936 662 71 4
4042 20 4460 27 274 591 151 92 273 73 699 130 872 251 431 862 942 369 189 191 973 23 116 403 785 328 970 159 566 71 4 125 85 936 662 268 472 39 235 576 570 62 324
5042 20 4460 369 189 125 85 73 699 23 116 251 431 39 235 71 4 62 324 328 970 92 273 862 942 130 872 191 973 403 785 576 570 27 274 268 472 936 662 591 151 159 566
1043 20 5683 414 747 200 236 87 322 817 156 393 511 580 158 163 229 490 635 203 533 336 769 554 803 513 600 101 799 102 611 21 23 270 186 737 286 35 434 312 52 776 621
2043 20 5683 580 158 817 156 200 236 513 600 490 635 312 52 21 23 35 434 270 186 737 286 102 611 414 747 776 621 336 769 87 322 163 229 101 799 203 533 554 803 393 511
3043 20 5683 817 156 414 747 87 322 203 533 554 803 200 236 163 229 101 799 737 286 336 769 776 621 490 635 35 434 513 600 270 186 312 52 102 611 21 23 393 511 580 158
4043 20 5683 817 156 554 803 414 747 21 23 312 52 203 533 776 621 101 799 393 511 737 286 35 434 102 611 87 322 270 186 490 635 336 769 513 600 163 229 200 236 580 158
5043 20 5683 87 322 393 511 336 769 35 434 414 747 101 799 490 635 580 158 163 229 102 611 312 52 203 533 554 803 776 621 737 286 513 600 200 236 21 23 817 156 270 186
1044 20 5744 746 876 544 997 120 477 508 271 68 369 82 766 829 526 107 878 317 52 196 401 470 34 698 781 738 99 703 342 229 278 229 757 207 474 112 712 205 273 72 734
2044 20 5744 107 878 229 278 829 526 698 781 544 997 68 369 112 712 738 99 72 734 508 271 746 876 470 34 82 766 229 757 207 474 120 477 196 401 205 273 317 52 703 342
3044 20 5744 196 401 72 734 120 477 698 781 317 52 112 712 738 99 229 278 544 997 82 766 68 369 829 526 508 271 703 342 207 474 229 757 470 34 205 273 107 878 746 876
4044 20 5744 703 342 205 273 746 876 544 997 698 781 229 278 196 401 829 526 82 766 120 477 317 52 112 712 508 271 68 369 470 34 107 878 229 757 207 474 72 734 738 99
5044 20 5744 120 477 738 99 698 781 746 876 508 271 703 342 82 766 207 474 229 278 68 369 544 997 72 734 196 401 470 34 829 526 229 757 317 52 205 273 112 712 107 878
1045 20 5958 345 359 389 42 381 500 28 254 545 924 220 119 142 164 820 494 656 806 184 668 54 267 874 476 106 660 268 291 270 421 767 148 622 395 321 835 149 614 307 1000
2045 20 5958 142 164 149 614 545 924 268 291 106 660 345 359 270 421 656 806 28 254 321 835 820 494 184 668 389 42 767 148 622 395 54 267 307 1000 874 476 381 500 220 119
3045 20 5958 345 359 622 395 54 267 142 164 381 500 106 660 321 835 389 42 270 421 149 614 767 148 820 494 545 924 656 806 307 1000 28 254 220 119 268 291 874 476 184 668
4045 20 5958 54 267 389 42 656 806 307 1000 381 500 767 148 220 119 545 924 149 614 270 421 268 291 184 668 820 494 622 395 142 164 28 254 321 835 874 476 345 359 106 660
5045 20 5958 656 806 184 668 389 42 270 421 622 395 220 119 381 500 345 359 545 924 321 835 767 148 874 476 149 614 307 1000 268 291 106 660 142 164 28 254 54 267 820 494
1046 20 7630 242 826 922 111 504 583 675 486 36 305 683 928 704 896 442 917 363 267 822 656 472 873 717 300 64 49 815 167 107 834 118 732 210 569 847 503 705 832 90 366
2046 20 7630 705 832 118 732 64 49 504 583 922 111 363 267 815 167 107 834 847 503 822 656 704 896 90 366 210 569 36 305 675 486 242 826 683 928 717 300 442 917 472 873
3046 20 7630 107 834 90 366 363 267 705 832 118 732 210 569 683 928 242 826 442 917 64 49 922 111 822 656 815 167 717 300 847 503 472 873 675 486 504 583 704 896 36 305
4046 20 7630 90 366 717 300 922 111 815 167 210 569 683 928 363 267 442 917 118 732 242 826 847 503 675 486 704 896 504 583 36 305 705 832 472 873 64 49 822 656 107 834
5046 20 7630 472 873 922 111 683 928 210 569 442 917 847 503 118 732 504 583 822 656 717 300 363 267 704 896 107 834 815 167 36 305 675 486 90 366 242 826 64 49 705 832
1047 20 5393 214 686 158 444 201 361 98 258 390 497 342 48 702 321 660 425 114 978 74 140 496 622 906 277 84 650 161 491 550 518 258 110 388 88 294 125 603 68 49 52
2047 20 5393 550 518 906 277 49 52 84 650 114 978 294 125 660 425 258 110 74 140 342 48 388 88 158 444 702 321 603 68 161 491 201 361 390 497 214 686 98 258 496 622
3047 20 5393 906 277 342 48 294 125 258 110 84 650 603 68 214 686 98 258 114 978 161 491 390 497 702 321 74 140 201 361 158 444 550 518 49 52 660 425 496 622 388 88
4047 20 5393 74 140 294 125 161 491 258 110 603 68 214 686 906 277 342 48 98 258 660 425 49 52 550 518 388 88 201 361 84 650 390 497 702 321 496 622 158 444 114 978
5047 20 5393 388 88 603 68 496 622 201 361 702 321 906 277 84 650 258 110 214 686 114 978 294 125 550 518 74 140 98 258 49 52 342 48 660 425 158 444 161 491 390 497
1048 20 7383 663 132 652 477 744 117 643 939 353 821 36 365 143 849 765 799 195 408 912 296 60 580 247 689 450 758 181 933 187 177 365 570 362 536 576 87 822 438 873 850
2048 20 7383 652 477 362 536 873 850 187 177 365 570 576 87 912 296 765 799 181 933 353 821 643 939 60 580 663 132 195 408 143 849 744 117 36 365 822 438 247 689 450 758
3048 20 7383 576 87 36 365 912 296 450 758 652 477 873 850 362 536 187 177 247 689 822 438 744 117 365 570 643 939 353 821 60 580 143 849 765 799 181 933 195 408 663 132
4048 20 7383 822 438 353 821 195 408 36 365 744 117 652 477 60 580 912 296 181 933 765 799 576 87 247 689 450 758 365 570 643 939 143 849 362 536 663 132 187 177 873 850
5048 20 7383 652 477 873 850 822 438 576 87 195 408 765 799 450 758 181 933 60 580 36 365 365 570 362 536 187 177 143 849 912 296 643 939 353 821 663 132 247 689 744 117
1049 20 6388 568 64 622 560 137 476 482 945 25 264 615 634 385 377 800 215 82 298 123 762 169 682 398 887 395 170 286 996 229 80 792 426 833 801 433 92 397 778 215 556
2049 20 6388 833 801 615 634 229 80 397 778 385 377 395 170 169 682 82 298 215 556 433 92 25 264 800 215 622 560 286 996 137 476 123 762 398 887 482 945 568 64 792 426
3049 20 6388 833 801 385 377 82 298 433 92 395 170 25 264 800 215 568 64 482 945 622 560 792 426 615 634 123 762 286 996 398 887 215 556 397 778 169 682 229 80 137 476
4049 20 6388 385 377 568 64 82 298 25 264 433 92 622 560 286 996 123 762 615 634 792 426 397 778 169 682 482 945 395 170 800 215 833 801 137 476 215 556 398 887 229 80
5049 20 6388 433 92 123 762 385 377 615 634 25 264 229 80 568 64 800 215 398 887 169 682 215 556 82 298 482 945 792 426 395 170 397 778 833 801 286 996 137 476 622 560
1050 20 6218 38 765 311 210 657 360 449 449 430 726 62 642 767 815 196 121 527 581 388 273 626 999 911 732 44 745 75 386 99 858 303 101 164 37 751 984 868 931 107 648
2050 20 6218 303 101 527 581 62 642 911 732 99 858 430 726 767 815 868 931 311 210 38 765 107 648 626 999 75 386 164 37 44 745 751 984 657 360 449 449 388 273 196 121
3050 20 6218 449 449 430 726 107 648 75 386 767 815 196 121 99 858 911 732 62 642 38 765 303 101 164 37 44 745 388 273 751 984 311 210 527 581 626 999 868 931 657 360
4050 20 6218 311 210 626 999 62 642 657 360 44 745 430 726 107 648 75 386 38 765 751 984 767 815 196 121 449 449 868 931 527 581 303 101 164 37 911 732 99 858 388 273
5050 20 6218 911 732 38 765 868 931 164 37 196 121 44 745 626 999 657 360 303 101 388 273 449 449 62 642 751 984 767 815 430 726 311 210 75 386 107 648 99 858 527 581
1051 20 6492 34 579 495 75 44 682 150 262 209 978 231 476 349 37 75 14 447 299 274 81 711 921 254 943 723 177 670 171 540 329 320 395 521 353 644 344 901 95 523 400
2051 20 6492 274 81 723 177 349 37 495 75 711 921 75 14 150 262 540 329 447 299 523 400 521 353 231 476 644 344 254 943 320 395 670 171 209 978 44 682 901 95 34 579
3051 20 6492 670 171 274 81 320 395 44 682 209 978 711 921 34 579 447 299 523 400 644 344 723 177 75 14 150 262 495 75 349 37 901 95 231 476 521 353 254 943 540 329
4051 20 6492 540 329 495 75 711 921 75 14 723 177 320 395 521 353 34 579 523 400 447 299 901 95 274 81 349 37 209 978 44 682 644 344 254 943 670 171 150 262 231 476
5051 20 6492 320 395 711 921 150 262 274 81 209 978 231 476 34 579 523 400 447 299 254 943 670 171 75 14 540 329 521 353 901 95 495 75 349 37 44 682 644 344 723 177
1052 20 6454 641 714 113 787 562 176 631 571 656 313 107 487 219 831 448 973 123 540 390 446 738 841 156 846 593 511 546 403 31 327 757 747 657 235 342 31 271 267 87 566
2052 20 6454 641 714 113 787 342 31 657 235 656 313 390 446 593 511 156 846 219 831 546 403 107 487 738 841 562 176 271 267 31 327 123 540 448 973 757 747 87 566 631 571
3052 20 6454 123 540 113 787 657 235 562 176 87 566 342 31 593 511 546 403 631 571 31 327 641 714 219 831 107 487 757 747 390 446 656 313 271 267 448 973 738 841 156 846
4052 20 6454 738 841 593 511 342 31 156 846 390 446 87 566 107 487 546 403 123 540 631 571 448 973 219 831 757 747 271 267 641 714 657 235 113 787 562 176 656 313 31 327
5052 20 6454 271 267 123 540 641 714 390 446 113 787 562 176 107 487 631 571 87 566 593 511 738 841 448 973 546 403 342 31 219 831 156 846 656 313 757 747 31 327 657 235
1053 20 7729 234 879 917 319 311 644 855 16 418 915 195 949 370 798 11 417 532 820 18 518 115 532 800 945 952 684 304 943 976 314 832 973 610 463 231 313 558 151 423 909
2053 20 7729 832 973 855 16 800 945 11 417 558 151 976 314 18 518 370 798 304 943 917 319 231 313 418 915 234 879 311 644 610 463 423 909 195 949 532 820 115 532 952 684
3053 20 7729 195 949 532 820 952 684 423 909 304 943 418 915 311 644 917 319 610 463 976 314 231 313 800 945 11 417 18 518 370 798 115 532 234 879 558 151 855 16 832 973
4053 20 7729 304 943 234 879 855 16 195 949 18 518 610 463 800 945 917 319 832 973 418 915 558 151 976 314 370 798 231 313 532 820 423 909 311 644 952 684 11 417 115 532
5053 20 7729 311 644 558 151 18 518 855 16 370 798 418 915 532 820 952 684 115 532 832 973 976 314 231 313 800 945 234 879 610 463 917 319 195 949 304 943 423 909 11 417
1054 20 5836 421 279 507 666 603 656 220 84 602 792 427 799 164 54 56 258 512 27 462 978 352 505 239 965 159 801 666 485 43 118 652 400 369 617 69 581 286 456 486 702
2054 20 5836 507 666 159 801 421 279 462 978 352 505 69 581 603 656 652 400 43 118 369 617 486 702 56 258 220 84 602 792 164 54 427 799 512 27 286 456 666 485 239 965
3054 20 5836 603 656 602 792 56 258 421 279 239 965 352 505 666 485 69 581 286 456 652 400 220 84 369 617 462 978 486 702 427 799 164 54 512 27 507 666 43 118 159 801
4054 20 5836 220 84 286 456 56 258 652 400 239 965 43 118 427 799 352 505 159 801 603 656 512 27 462 978 164 54 486 702 666 485 369 617 69 581 507 666 421 279 602 792
5054 20 5836 220 84 286 456 602 792 69 581 239 965 56 258 512 27 369 617 427 799 159 801 666 485 164 54 486 702 603 656 43 118 462 978 421 279 507 666 352 505 652 400
1055 20 6462 480 114 472 949 749 654 82 197 354 194 512 711 950 571 147 202 336 323 827 237 227 366 135 40 24 617 895 924 382 551 417 378 568 872 410 544 26 684 85 60
2055 20 6462 82 197 24 617 26 684 354 194 227 366 749 654 417 378 472 949 85 60 135 40 512 711 950 571 827 237 336 323 480 114 382 551 147 202 895 924 568 872 410 544
3055 20 6462 568 872 82 197 26 684 410 544 827 237 227 366 895 924 950 571 417 378 24 617 336 323 512 711 480 114 135 40 749 654 472 949 85 60 382 551 354 194 147 202
4055 20 6462 227 366 82 197 135 40 827 237 336 323 85 60 410 544 354 194 749 654 147 202 417 378 480 114 382 551 568 872 895 924 512 711 472 949 26 684 950 571 24 617
5055 20 6462 568 872 82 197 24 617 480 114 354 194 417 378 227 366 950 571 135 40 382 551 472 949 336 323 26 684 512 711 410 544 749 654 147 202 85 60 827 237 895 924
1056 20 4999 581 889 99 595 87 438 131 239 530 44 43 919 776 961 343 968 425 397 141 680 8 323 478 759 89 602 473 516 169 134 678 959 310 653 294 408 78 832 516 957
2056 20 4999 43 919 310 653 516 957 425 397 78 832 776 961 99 595 343 968 473 516 89 602 678 959 478 759 131 239 294 408 530 44 581 889 141 680 87 438 8 323 169 134
3056 20 4999 169 134 425 397 310 653 530 44 78 832 776 961 478 759 473 516 99 595 87 438 141 680 678 959 43 919 89 602 516 957 294 408 131 239 581 889 343 968 8 323
4056 20 4999 169 134 425 397 89 602 678 959 87 438 310 653 131 239 294 408 141 680 530 44 8 323 43 919 516 957 99 595 343 968 581 889 776 961 473 516 78 832 478 759
5056 20 4999 43 919 131 239 473 516 678 959 530 44 169 134 87 438 425 397 8 323 343 968 99 595 310 653 141 680 478 759 516 957 776 961 89 602 294 408 78 832 581 889
1057 20 5974 110 461 808 163 66 617 954 953 4 601 16 296 597 402 258 134 413 112 339 510 597 76 38 809 6 668 233 984 50 954 779 479 370 286 795 260 925 108 110 420
2057 20 5974 808 163 50 954 110 420 339 510 795 260 66 617 6 668 779 479 925 108 597 76 16 296 597 402 233 984 258 134 370 286 954 953 4 601 110 461 413 112 38 809
3057 20 5974 110 420 370 286 66 617 779 479 4 601 597 402 808 163 597 76 16 296 38 809 258 134 954 953 110 461 50 954 339 510 233 984 413 112 925 108 795 260 6 668
4057 20 5974 258 134 954 953 808 163 795 260 4 601 110 461 233 984 597 76 339 510 779 479 110 420 66 617 370 286 597 402 38 809 16 296 50 954 413 112 925 108 6 668
5057 20 5974 50 954 38 809 110 420 6 668 110 461 4 601 597 76 413 112 779 479 597 402 339 510 233 984 795 260 16 296 66 617 258 134 954 953 925 108 370 286 808 163
1058 20 5308 511 342 729 653 524 450 314 719 178 914 73 682 594 505 59 612 340 987 109 266 512 741 172 482 82 965 484 398 491 846 514 18 51 906 243 860 452 703 203 315
2058 20 5308 484 398 729 653 73 682 178 914 82 965 511 342 491 846 109 266 512 741 524 450 172 482 452 703 243 860 59 612 514 18 203 315 314 719 594 505 51 906 340 987
3058 20 5308 59 612 178 914 484 398 203 315 491 846 82 965 172 482 51 906 243 860 524 450 314 719 452 703 511 342 109 266 73 682 340 987 594 505 514 18 512 741 729 653
4058 20 5308 203 315 340 987 514 18 594 505 729 653 51 906 59 612 178 914 243 860 511 342 82 965 172 482 452 703 109 266 73 682 491 846 524 450 484 398 512 741 314 719
5058 20 5308 59 612 178 914 172 482 314 719 51 906 82 965 203 315 243 860 511 342 73 682 109 266 729 653 484 398 340 987 514 18 512 741 452 703 594 505 491 846 524 450
1059 20 7086 106 540 892 695 631 229 426 852 978 643 96 115 739 707 452 264 477 580 92 160 26 842 230 626 55 202 268 240 949 389 235 431 853 691 599 164 460 74 294 397
2059 20 7086 452 264 853 691 230 626 477 580 739 707 599 164 294 397 235 431 949 389 55 202 268 240 106 540 631 229 460 74 92 160 96 115 26 842 978 643 426 852 892 695
3059 20 7086 739 707 853 691 230 626 26 842 460 74 92 160 235 431 477 580 452 264 55 202 106 540 978 643 426 852 892 695 294 397 949 389 631 229 268 240 96 115 599 164
4059 20 7086 268 240 26 842 460 74 55 202 235 431 477 580 978 643 452 264 426 852 949 389 96 115 599 164 631 229 230 626 92 160 106 540 294 397 892 695 739 707 853 691
5059 20 7086 599 164 294 397 978 643 631 229 268 240 26 842 426 852 230 626 106 540 477 580 892 695 92 160 452 264 96 115 853 691 55 202 235 431 949 389 460 74 739 707
1060 20 6147 237 396 278 901 623 753 556 182 342 565 423 932 824 764 212 453 228 272 107 532 106 626 166 975 357 795 588 328 311 957 65 509 798 292 284 773 890 143 289 531
2060 20 6147 311 957 342 565 798 292 278 901 357 795 107 532 284 773 212 453 228 272 423 932 166 975 824 764 890 143 65 509 623 753 237 396 106 626 556 182 289 531 588 328
3060 20 6147 166 975 228 272 824 764 212 453 588 328 423 932 107 532 890 143 357 795 65 509 278 901 289 531 342 565 106 626 311 957 237 396 556 182 623 753 798 292 284 773
4060 20 6147 357 795 588 328 237 396 623 753 342 565 289 531 278 901 65 509 824 764 556 182 423 932 228 272 311 957 890 143 798 292 166 975 212 453 107 532 106 626 284 773
5060 20 6147 107 532 423 932 166 975 588 328 824 764 342 565 106 626 65 509 289 531 228 272 284 773 357 795 798 292 212 453 623 753 556 182 890 143 311 957 278 901 237 396
1061 20 5955 446 199 766 334 381 336 148 991 725 766 485 522 338 186 31 331 10 121 318 172 513 370 99 70 851 705 160 966 381 529 258 883 55 821 620 729 490 728 369 171
2061 20 5955 160 966 381 336 725 766 318 172 31 331 513 370 446 199 10 121 766 334 258 883 99 70 620 729 55 821 148 991 851 705 381 529 485 522 490 728 369 171 338 186
3061 20 5955 725 766 31 331 490 728 10 121 318 172 148 991 258 883 766 334 381 529 381 336 620 729 55 821 851 705 485 522 513 370 369 171 99 70 160 966 338 186 446 199
4061 20 5955 160 966 381 336 381 529 485 522 31 331 369 171 318 172 55 821 99 70 766 334 490 728 513 370 725 766 446 199 148 991 338 186 10 121 620 729 851 705 258 883
5061 20 5955 446 199 31 331 766 334 725 766 369 171 338 186 55 821 10 121 160 966 485 522 148 991 851 705 381 529 258 883 490 728 620 729 318 172 381 336 99 70 513 370
1062 20 5366 31 811 624 442 252 533 801 577 72 920 438 822 22 659 235 107 349 302 380 86 144 588 200 492 202 137 374 35 133 144 468 129 476 923 641 180 252 1 614 355
2062 20 5366 200 492 72 920 476 923 374 35 252 533 468 129 349 302 380 86 235 107 202 137 31 811 144 588 641 180 252 1 614 355 22 659 133 144 624 442 801 577 438 822
3062 20 5366 22 659 252 1 624 442 476 923 235 107 641 180 133 144 144 588 200 492 72 920 614 355 438 822 374 35 801 577 31 811 349 302 468 129 202 137 252 533 380 86
4062 20 5366 614 355 133 144 144 588 438 822 624 442 202 137 252 533 641 180 380 86 374 35 252 1 349 302 72 920 22 659 31 811 801 577 476 923 200 492 235 107 468 129
5062 20 5366 614 355 252 533 202 137 133 144 235 107 144 588 31 811 641 180 380 86 801 577 468 129 22 659 374 35 476 923 624 442 72 920 200 492 252 1 349 302 438 822
1063 20 6242 282 186 41 415 477 979 932 57 245 374 87 20 120 456 668 686 710 394 609 891 105 163 38 248 226 435 563 231 860 731 385 383 644 613 165 587 613 500 33 44
2063 20 6242 932 57 226 435 120 456 563 231 38 248 613 500 282 186 33 44 245 374 385 383 668 686 609 891 105 163 710 394 87 20 477 979 41 415 165 587 860 731 644 613
3063 20 6242 41 415 613 500 668 686 385 383 609 891 105 163 860 731 932 57 87 20 245 374 644 613 477 979 563 231 38 248 33 44 710 394 120 456 165 587 282 186 226 435
4063 20 6242 477 979 860 731 932 57 33 44 87 20 668 686 385 383 41 415 165 587 226 435 710 394 105 163 563 231 609 891 613 500 38 248 282 186 245 374 120 456 644 613
5063 20 6242 613 500 609 891 41 415 644 613 860 731 563 231 668 686 226 435 282 186 33 44 87 20 245 374 710 394 477 979 385 383 120 456 38 248 165 587 932 57 105 163
1064 20 7720 897 847 571 994 316 140 801 237 441 204 43 795 667 422 775 596 523 807 755 738 19 466 365 777 611 367 131 703 764 548 437 419 484 25 330 402 339 71 382 672
2064 20 7720 775 596 316 140 441 204 764 548 43 795 897 847 339 71 484 25 19 466 382 672 365 777 571 994 131 703 801 237 523 807 330 402 437 419 755 738 611 367 667 422
3064 20 7720 365 777 43 795 764 548 316 140 611 367 755 738 382 672 484 25 19 466 330 402 339 71 801 237 775 596 571 994 131 703 667 422 523 807 897 847 441 204 437 419
4064 20 7720 365 777 316 140 131 703 801 237 611 367 571 994 339 71 764 548 19 466 43 795 897 847 667 422 775 596 437 419 484 25 330 402 382 672 523 807 755 738 441 204
5064 20 7720 611 367 330 402 365 777 523 807 667 422 43 795 382 672 441 204 801 237 755 738 19 466 484 25 316 140 897 847 339 71 437 419 764 548 131 703 571 994 775 596
1065 20 5100 872 639 229 868 313 163 161 538 219 999 42 975 199 598 429 643 232 608 81 559 568 941 507 459 158 500 689 486 472 733 816 701 74 990 60 634 218 973 36 306
2065 20 5100 816 701 568 941 199 598 219 999 60 634 229 868 313 163 81 559 218 973 232 608 507 459 74 990 872 639 429 643 472 733 689 486 158 500 161 538 42 975 36 306
3065 20 5100 816 701 158 500 219 999 313 163 218 973 36 306 232 608 429 643 872 639 74 990 229 868 507 459 472 733 60 634 42 975 199 598 161 538 689 486 81 559 568 941
4065 20 5100 158 500 161 538 81 559 689 486 60 634 199 598 429 643 313 163 74 990 507 459 42 975 229 868 36 306 568 941 218 973 816 701 232 608 872 639 219 999 472 733
5065 20 5100 60 634 816 701 42 975 229 868 429 643 507 459 218 973 199 598 568 941 74 990 313 163 472 733 872 639 81 559 219 999 36 306 161 538 689 486 158 500 232 608
1066 20 5956 133 530 302 161 780 922 609 507 981 575 166 460 381 626 446 310 74 161 114 625 67 5 55 974 347 827 430 326 401 809 513 296 424 184 562 799 659 672 2 409
2066 20 5956 513 296 780 922 114 625 659 672 133 530 609 507 981 575 347 827 74 161 302 161 562 799 2 409 446 310 166 460 67 5 55 974 401 809 381 626 424 184 430 326
3066 20 5956 562 799 446 310 381 626 2 409 67 5 347 827 513 296 133 530 166 460 55 974 659 672 780 922 981 575 302 161 401 809 424 184 430 326 114 625 74 161 609 507
4066 20 5956 133 530 659 672 430 326 609 507 562 799 981 575 347 827 114 625 513 296 780 922 401 809 424 184 166 460 381 626 55 974 446 310 74 161 2 409 302 161 67 5
5066 20 5956 981 575 381 626 562 799 302 161 424 184 347 827 55 974 74 161 67 5 166 460 780 922 2 409 133 530 114 625 609 507 430 326 659 672 401 809 446 310 513 296
1067 20 6860 407 592 248 172 422 599 505 138 461 817 858 467 551 999 356 784 932 931 344 986 432 428 75 192 911 686 738 40 518 586 105 380 184 50 22 735 73 613 433 473
2067 20 6860 422 599 248 172 738 40 73 613 911 686 75 192 932 931 184 50 433 473 858 467 505 138 432 428 461 817 22 735 105 380 356 784 551 999 344 986 407 592 518 586
3067 20 6860 461 817 433 473 22 735 75 192 932 931 344 986 858 467 184 50 738 40 407 592 73 613 356 784 105 380 422 599 551 999 518 586 248 172 911 686 505 138 432 428
4067 20 6860 858 467 248 172 105 380 184 50 461 817 551 999 75 192 932 931 422 599 911 686 505 138 518 586 344 986 432 428 22 735 407 592 433 473 356 784 73 613 738 40
5067 20 6860 505 138 422 599 356 784 461 817 73 613 432 428 22 735 184 50 75 192 407 592 551 999 248 172 344 986 858 467 932 931 911 686 105 380 518 586 433 473 738 40
1068 20 5695 382 811 57 869 143 147 342 693 614 202 737 593 904 254 424 69 20 63 225 248 504 762 215 456 486 648 396 420 43 115 331 93 237 120 582 573 59 619 418 238
2068 20 5695 582 573 486 648 57 869 418 238 225 248 504 762 20 63 59 619 904 254 614 202 737 593 215 456 143 147 342 693 237 120 331 93 424 69 382 811 396 420 43 115
3068 20 5695 225 248 582 573 215 456 57 869 59 619 237 120 614 202 504 762 20 63 342 693 737 593 424 69 904 254 331 93 43 115 486 648 396 420 143 147 418 238 382 811
4068 20 5695 382 811 614 202 43 115 143 147 582 573 237 120 737 593 331 93 904 254 486 648 20 63 59 619 418 238 424 69 225 248 504 762 396 420 215 456 342 693 57 869
5068 20 5695 382 811 342 693 331 93 737 593 57 869 59 619 418 238 904 254 143 147 20 63 215 456 504 762 396 420 225 248 43 115 237 120 486 648 424 69 614 202 582 573
1069 20 5077 25 177 565 422 31 846 361 458 433 949 245 498 344 765 88 207 229 264 352 80 188 772 483 751 291 94 483 238 550 894 127 534 68 892 680 891 161 733 643 943
2069 20 5077 25 177 433 949 291 94 88 207 161 733 344 765 68 892 188 772 31 846 483 751 245 498 565 422 550 894 643 943 127 534 680 891 361 458 483 238 229 264 352 80
3069 20 5077 483 751 245 498 643 943 229 264 25 177 88 207 433 949 344 765 291 94 127 534 565 422 68 892 483 238 680 891 550 894 352 80 31 846 188 772 161 733 361 458
4069 20 5077 361 458 161 733 433 949 483 751 25 177 245 498 550 894 88 207 565 422 68 892 352 80 483 238 344 765 229 264 188 772 127 534 643 943 680 891 291 94 31 846
5069 20 5077 229 264 483 238 680 891 245 498 68 892 25 177 344 765 483 751 31 846 161 733 188 772 88 207 433 949 291 94 643 943 565 422 352 80 127 534 361 458 550 894
1070 20 6807 363 903 600 660 649 674 624 449 333 269 611 833 542 2 16 516 441 580 512 578 314 154 479 497 121 15 433 611 158 633 430 631 801 5 705 696 130 900 247 41
2070 20 6807 158 633 314 154 600 660 121 15 512 578 624 449 433 611 611 833 801 5 130 900 705 696 479 497 247 41 649 674 430 631 363 903 542 2 441 580 333 269 16 516
3070 20 6807 333 269 430 631 314 154 158 633 247 41 600 660 479 497 801 5 611 833 649 674 624 449 121 15 433 611 542 2 441 580 130 900 512 578 16 516 705 696 363 903
4070 20 6807 649 674 600 660 433 611 705 696 801 5 121 15 441 580 314 154 363 903 512 578 16 516 158 633 333 269 542 2 611 833 430 631 247 41 624 449 479 497 130 900
5070 20 6807 479 497 611 833 247 41 363 903 433 611 441 580 121 15 542 2 130 900 705 696 624 449 801 5 649 674 600 660 512 578 158 633 314 154 333 269 430 631 16 516
1071 20 7042 161 386 336 869 781 449 546 630 639 62 837 802 763 961 193 634 438 370 460 171 291 441 199 280 274 322 456 1000 17 37 112 543 657 478 332 759 881 446 430 916
2071 20 7042 291 441 199 280 639 62 161 386 438 370 837 802 430 916 456 1000 657 478 763 961 460 171 332 759 112 543 336 869 17 37 274 322 193 634 781 449 881 446 546 630
3071 20 7042 291 441 837 802 17 37 639 62 336 869 763 961 161 386 193 634 199 280 274 322 781 449 456 1000 112 543 438 370 657 478 546 630 460 171 430 916 332 759 881 446
4071 20 7042 837 802 274 322 17 37 781 449 546 630 460 171 291 441 456 1000 763 961 881 446 332 759 112 543 438 370 657 478 430 916 199 280 336 869 639 62 161 386 193 634
5071 20 7042 460 171 274 322 781 449 336 869 193 634 430 916 199 280 112 543 161 386 639 62 657 478 456 1000 332 759 837 802 291 441 546 630 17 37 763 961 881 446 438 370
1072 20 8244 789 514 719 941 992 940 899 892 776 815 489 929 541 199 205 717 511 641 333 853 8 343 169 14 763 970 35 791 239 31 500 603 663 760 148 556 562 97 964 60
2072 20 8244 992 940 899 892 541 199 500 603 776 815 964 60 489 929 719 941 333 853 35 791 763 970 205 717 562 97 148 556 239 31 511 641 8 343 789 514 663 760 169 14
3072 20 8244 992 940 333 853 205 717 776 815 789 514 511 641 562 97 8 343 763 970 663 760 148 556 169 14 541 199 719 941 239 31 35 791 489 929 964 60 500 603 899 892
4072 20 8244 500 603 541 199 719 941 763 970 333 853 776 815 169 14 239 31 35 791 148 556 964 60 511 641 789 514 205 717 489 929 663 760 899 892 8 343 992 940 562 97
5072 20 8244 719 941 148 556 776 815 541 199 205 717 663 760 899 892 35 791 511 641 8 343 562 97 964 60 500 603 239 31 763 970 992 940 489 929 789 514 169 14 333 853
1073 20 5646 621 967 216 900 50 373 139 576 25 488 123 636 803 522 436 481 182 965 522 132 445 490 848 897 57 650 59 996 178 526 286 478 775 173 868 528 21 739 404 896
2073 20 5646 445 490 178 526 404 896 25 488 868 528 57 650 848 897 775 173 286 478 621 967 21 739 50 373 123 636 803 522 522 132 139 576 216 900 59 996 436 481 182 965
3073 20 5646 775 173 404 896 868 528 139 576 445 490 182 965 57 650 178 526 803 522 59 996 621 967 21 739 848 897 522 132 286 478 436 481 50 373 216 900 25 488 123 636
4073 20 5646 436 481 848 897 57 650 445 490 50 373 216 900 522 132 59 996 868 528 621 967 178 526 803 522 25 488 182 965 21 739 139 576 286 478 775 173 123 636 404 896
5073 20 5646 445 490 21 739 404 896 286 478 522 132 868 528 621 967 139 576 25 488 178 526 123 636 57 650 216 900 803 522 50 373 436 481 182 965 775 173 59 996 848 897
1074 20 5248 808 815 219 252 118 522 77 710 406 967 294 873 587 29 622 844 105 406 101 606 427 430 107 479 486 843 151 13 209 501 914 468 24 304 591 822 98 35 217 780
2074 20 5248 118 522 77 710 486 843 406 967 107 479 209 501 294 873 98 35 587 29 591 822 914 468 151 13 24 304 101 606 427 430 808 815 217 780 219 252 622 844 105 406
3074 20 5248 217 780 219 252 209 501 151 13 118 522 101 606 622 844 591 822 294 873 427 430 24 304 105 406 77 710 107 479 914 468 98 35 406 967 808 815 486 843 587 29
4074 20 5248 151 13 105 406 209 501 24 304 77 710 591 822 294 873 587 29 217 780 914 468 98 35 486 843 427 430 101 606 118 522 406 967 107 479 622 844 808 815 219 252
5074 20 5248 209 501 24 304 151 13 427 430 77 710 118 522 486 843 808 815 217 780 98 35 219 252 101 606 294 873 591 822 914 468 587 29 622 844 406 967 107 479 105 406
1075 20 5508 201 466 1 147 770 306 253 266 780 396 143 379 59 14 281 578 43 662 70 768 185 1 803 266 301 612 921 429 809 533 296 21 212 5 206 220 525 200 27 841
2075 20 5508 296 21 780 396 201 466 59 14 43 662 1 147 206 220 27 841 809 533 253 266 70 768 212 5 301 612 143 379 185 1 770 306 803 266 281 578 525 200 921 429
3075 20 5508 43 662 525 200 143 379 296 21 253 266 70 768 780 396 301 612 185 1 1 147 809 533 212 5 206 220 201 466 803 266 27 841 770 306 281 578 921 429 59 14
4075 20 5508 43 662 921 429 803 266 143 379 185 1 59 14 525 200 780 396 27 841 809 533 70 768 301 612 770 306 206 220 281 578 296 21 212 5 201 466 1 147 253 266
5075 20 5508 921 429 281 578 301 612 27 841 809 533 253 266 525 200 803 266 770 306 296 21 212 5 201 466 59 14 143 379 185 1 206 220 70 768 780 396 1 147 43 662
1076 20 5447 150 438 272 302 570 379 21 136 559 451 592 925 185 5 283 6 190 60 497 395 385 328 236 964 245 867 281 141 343 923 588 99 121 96 404 170 17 986 870 231
2076 20 5447 592 925 150 438 185 5 272 302 281 141 283 6 21 136 570 379 190 60 870 231 404 170 588 99 245 867 497 395 343 923 559 451 385 328 236 964 17 986 121 96
3076 20 5447 281 141 343 923 497 395 559 451 21 136 592 925 121 96 870 231 570 379 190 60 404 170 17 986 185 5 588 99 283 6 236 964 272 302 150 438 245 867 385 328
4076 20 5447 236 964 245 867 185 5 588 99 283 6 21 136 150 438 559 451 272 302 281 141 190 60 497 395 592 925 870 231 404 170 17 986 343 923 570 379 385 328 121 96
5076 20 5447 570 379 385 328 281 141 592 925 283 6 559 451 21 136 404 170 497 395 121 96 272 302 870 231 17 986 185 5 343 923 245 867 150 438 588 99 190 60 236 964
1077 20 4181 82 71 941 715 230 671 25 829 130 387 229 536 173 379 366 843 372 62 317 471 45 12 7 715 82 866 182 510 332 163 747 928 74 227 521 710 331 612 41 466
2077 20 4181 521 710 130 387 230 671 331 612 747 928 45 12 317 471 82 71 941 715 229 536 173 379 82 866 41 466 7 715 25 829 372 62 366 843 74 227 182 510 332 163
3077 20 4181 747 928 521 710 25 829 229 536 366 843 332 163 45 12 82 866 41 466 7 715 372 62 82 71 130 387 941 715 182 510 317 471 230 671 173 379 74 227 331 612
4077 20 4181 182 510 82 866 41 466 229 536 331 612 332 163 7 715 130 387 521 710 25 829 82 71 173 379 317 471 366 843 45 12 372 62 230 671 747 928 74 227 941 715
5077 20 4181 130 387 82 866 521 710 182 510 7 715 366 843 317 471 941 715 332 163 229 536 41 466 45 12 74 227 25 829 82 71 372 62 173 379 747 928 230 671 331 612
1078 20 5563 213 70 639 841 733 954 375 323 756 631 100 359 556 701 1 151 231 133 32 410 315 330 313 774 156 215 492 554 178 917 543 22 433 444 57 865 364 890 467 898
2078 20 5563 639 841 433 444 492 554 467 898 231 133 32 410 156 215 364 890 213 70 178 917 315 330 313 774 556 701 543 22 1 151 57 865 100 359 733 954 375 323 756 631
3078 20 5563 543 22 315 330 231 133 492 554 32 410 213 70 313 774 57 865 375 323 639 841 467 898 156 215 433 444 178 917 364 890 100 359 556 701 733 954 756 631 1 151
4078 20 5563 756 631 313 774 156 215 1 151 556 701 733 954 57 865 375 323 639 841 231 133 213 70 100 359 32 410 178 917 433 444 315 330 492 554 467 898 543 22 364 890
5078 20 5563 32 410 213 70 178 917 315 330 543 22 100 359 1 151 556 701 756 631 733 954 492 554 639 841 375 323 467 898 156 215 364 890 433 444 313 774 231 133 57 865
1079 20 5660 205 70 197 890 88 114 777 247 417 661 875 17 211 218 191 164 329 414 256 547 742 658 19 919 661 388 35 232 670 906 457 495 491 175 151 760 237 196 66 515
2079 20 5660 661 388 256 547 66 515 491 175 88 114 19 919 211 218 875 17 777 247 742 658 35 232 670 906 417 661 329 414 151 760 205 70 197 890 237 196 191 164 457 495
3079 20 5660 777 247 151 760 256 547 19 919 191 164 329 414 211 218 197 890 661 388 670 906 237 196 66 515 875 17 35 232 491 175 88 114 742 658 457 495 205 70 417 661
4079 20 5660 151 760 237 196 742 658 191 164 670 906 211 218 66 515 777 247 35 232 19 919 329 414 491 175 256 547 417 661 457 495 197 890 661 388 205 70 875 17 88 114
5079 20 5660 329 414 88 114 670 906 211 218 491 175 256 547 742 658 19 919 191 164 35 232 457 495 197 890 66 515 151 760 205 70 777 247 661 388 417 661 875 17 237 196
1080 20 7148 406 638 1 340 806 75 813 698 804 72 713 253 163 62 393 978 441 185 667 207 870 946 57 882 273 561 300 298 802 243 591 635 219 121 146 560 446 326 25 887
2080 20 7148 870 946 273 561 25 887 806 75 591 635 163 62 667 207 804 72 300 298 146 560 1 340 813 698 393 978 441 185 802 243 406 638 219 121 713 253 446 326 57 882
3080 20 7148 446 326 163 62 1 340 870 946 713 253 25 887 591 635 393 978 300 298 273 561 146 560 441 185 219 121 406 638 804 72 806 75 802 243 57 882 667 207 813 698
4080 20 7148 393 978 591 635 273 561 806 75 802 243 219 121 1 340 667 207 813 698 25 887 57 882 804 72 163 62 870 946 300 298 446 326 713 253 146 560 441 185 406 638
5080 20 7148 393 978 806 75 1 340 163 62 802 243 25 887 273 561 870 946 813 698 146 560 804 72 446 326 667 207 406 638 300 298 219 121 591 635 713 253 57 882 441 185
1081 20 4977 342 959 718 615 228 781 110 11 589 599 699 192 4 356 78 641 133 753 157 838 357 850 379 17 346 834 43 112 341 278 758 693 116 342 386 199 96 330 342 68
2081 20 4977 699 192 78 641 342 68 228 781 342 959 341 278 758 693 346 834 96 330 589 599 718 615 357 850 379 17 116 342 133 753 386 199 110 11 43 112 157 838 4 356
3081 20 4977 386 199 342 959 357 850 346 834 379 17 43 112 758 693 718 615 4 356 110 11 157 838 133 753 342 68 228 781 78 641 96 330 116 342 341 278 589 599 699 192
4081 20 4977 758 693 379 17 4 356 110 11 228 781 357 850 116 342 43 112 96 330 133 753 342 68 718 615 589 599 157 838 699 192 78 641 341 278 342 959 346 834 386 199
5081 20 4977 357 850 342 68 718 615 589 599 341 278 116 342 342 959 43 112 4 356 157 838 699 192 386 199 110 11 758 693 346 834 379 17 133 753 78 641 228 781 96 330
1082 20 8628 601 374 667 795 63 520 11 840 824 291 55 527 285 352 150 6 926 843 867 120 909 22 858 130 817 349 591 326 519 141 607 339 728 538 724 480 83 486 501 148
2082 20 8628 667 795 824 291 724 480 909 22 728 538 591 326 601 374 11 840 519 141 926 843 55 527 607 339 858 130 501 148 63 520 817 349 150 6 285 352 83 486 867 120
3082 20 8628 150 6 824 291 519 141 63 520 591 326 858 130 926 843 55 527 501 148 601 374 83 486 867 120 728 538 285 352 817 349 607 339 909 22 11 840 667 795 724 480
4082 20 8628 724 480 63 520 285 352 817 349 858 130 55 527 83 486 926 843 591 326 728 538 11 840 607 339 519 141 601 374 909 22 667 795 824 291 867 120 150 6 501 148
5082 20 8628 607 339 824 291 63 520 55 527 858 130 601 374 519 141 83 486 150 6 501 148 817 349 724 480 867 120 285 352 728 538 926 843 11 840 909 22 591 326 667 795
1083 20 5672 302 372 392 777 240 591 117 246 590 324 333 42 386 874 268 273 488 893 697 349 851 635 216 218 372 815 367 99 294 126 221 843 227 624 88 45 392 998 249 254
2083 20 5672 590 324 333 42 851 635 367 99 88 45 117 246 488 893 392 777 227 624 697 349 392 998 302 372 294 126 268 273 372 815 240 591 386 874 249 254 221 843 216 218
3083 20 5672 88 45 488 893 367 99 590 324 372 815 697 349 249 254 392 777 227 624 268 273 117 246 240 591 333 42 851 635 221 843 392 998 302 372 294 126 216 218 386 874
4083 20 5672 488 893 227 624 367 99 216 218 240 591 221 843 302 372 372 815 117 246 851 635 590 324 392 998 294 126 392 777 249 254 697 349 333 42 386 874 268 273 88 45
5083 20 5672 117 246 333 42 227 624 851 635 367 99 697 349 294 126 216 218 386 874 240 591 488 893 392 777 249 254 372 815 268 273 590 324 221 843 88 45 392 998 302 372
1084 20 7904 349 234 847 473 624 894 357 976 877 331 886 249 859 209 79 377 79 67 149 70 36 79 508 177 504 74 338 578 589 437 444 760 425 581 928 413 468 971 534 187
2084 20 7904 36 79 624 894 504 74 444 760 508 177 338 578 357 976 79 377 847 473 589 437 468 971 349 234 79 67 534 187 425 581 859 209 877 331 928 413 886 249 149 70
3084 20 7904 589 437 79 67 859 209 508 177 79 377 468 971 357 976 877 331 847 473 338 578 149 70 886 249 928 413 36 79 504 74 444 760 349 234 624 894 534 187 425 581
4084 20 7904 79 377 847 473 928 413 36 79 859 209 886 249 79 67 468 971 338 578 877 331 149 70 444 760 504 74 589 437 508 177 349 234 425 581 624 894 534 187 357 976
5084 20 7904 504 74 859 209 36 79 357 976 79 377 444 760 928 413 877 331 589 437 338 578 508 177 847 473 534 187 349 234 624 894 468 971 425 581 149 70 886 249 79 67
1085 20 5589 475 774 584 663 181 755 300 374 219 275 98 822 748 501 237 978 319 302 749 961 18 632 144 278 139 900 47 63 687 367 473 140 310 904 608 412 584 777 67 830
2085 20 5589 584 663 139 900 144 278 475 774 319 302 47 63 584 777 473 140 219 275 687 367 608 412 300 374 237 978 98 822 310 904 748 501 67 830 181 755 18 632 749 961
3085 20 5589 584 663 748 501 319 302 608 412 237 978 181 755 473 140 687 367 219 275 300 374 144 278 310 904 139 900 475 774 18 632 584 777 47 63 749 961 67 830 98 822
4085 20 5589 319 302 98 822 687 367 473 140 144 278 475 774 310 904 749 961 67 830 608 412 47 63 18 632 181 755 584 663 237 978 139 900 300 374 584 777 748 501 219 275
5085 20 5589 687 367 749 961 219 275 475 774 748 501 144 278 584 663 584 777 310 904 300 374 67 830 98 822 608 412 181 755 473 140 237 978 47 63 18 632 139 900 319 302
1086 20 6208 214 711 747 468 139 799 335 873 328 493 68 581 82 824 825 170 304 846 465 802 503 12 639 813 509 455 366 412 625 908 1 622 331 905 168 706 298 498 814 235
2086 20 6208 335 873 639 813 298 498 503 12 139 799 168 706 82 824 747 468 625 908 214 711 366 412 328 493 825 170 465 802 509 455 68 581 304 846 814 235 1 622 331 905
3086 20 6208 465 802 747 468 366 412 503 12 214 711 509 455 82 824 304 846 625 908 331 905 814 235 639 813 139 799 335 873 328 493 1 622 68 581 825 170 298 498 168 706
4086 20 6208 68 581 331 905 366 412 1 622 214 711 639 813 825 170 509 455 503 12 139 799 814 235 625 908 82 824 298 498 168 706 465 802 335 873 304 846 747 468 328 493
5086 20 6208 335 873 814 235 139 799 168 706 298 498 214 711 747 468 625 908 465 802 366 412 509 455 82 824 304 846 68 581 331 905 639 813 825 170 328 493 503 12 1 622
1087 20 6342 412 835 446 537 10 596 743 318 227 132 882 350 218 42 165 778 357 396 273 121 700 74 565 798 107 319 458 358 424 494 272 845 781 495 388 428 34 40 466 449
2087 20 6342 412 835 272 845 107 319 424 494 165 778 781 495 388 428 10 596 743 318 227 132 458 358 446 537 357 396 700 74 218 42 466 449 273 121 34 40 882 350 565 798
3087 20 6342 227 132 424 494 743 318 165 778 273 121 781 495 357 396 34 40 412 835 466 449 446 537 218 42 700 74 107 319 882 350 10 596 565 798 272 845 458 358 388 428
4087 20 6342 700 74 882 350 273 121 10 596 458 358 107 319 227 132 218 42 357 396 565 798 446 537 412 835 165 778 466 449 34 40 272 845 388 428 781 495 424 494 743 318
5087 20 6342 10 596 424 494 357 396 458 358 446 537 273 121 165 778 743 318 781 495 218 42 565 798 388 428 34 40 272 845 700 74 412 835 466 449 882 350 227 132 107 319
1088 20 6132 83 61 176 710 642 644 130 374 157 862 281 15 33 828 240 245 618 447 260 758 688 230 306 219 505 842 968 389 185 778 769 482 465 834 508 704 386 413 266 265
2088 20 6132 306 219 260 758 157 862 176 710 968 389 769 482 281 15 33 828 83 61 508 704 266 265 130 374 386 413 465 834 618 447 240 245 642 644 505 842 185 778 688 230
3088 20 6132 642 644 260 758 281 15 618 447 33 828 176 710 505 842 185 778 769 482 306 219 240 245 386 413 83 61 508 704 968 389 465 834 130 374 266 265 157 862 688 230
4088 20 6132 618 447 83 61 260 758 306 219 386 413 505 842 130 374 33 828 176 710 642 644 968 389 688 230 185 778 508 704 266 265 281 15 157 862 769 482 240 245 465 834
5088 20 6132 769 482 688 230 240 245 968 389 176 710 642 644 185 778 260 758 83 61 386 413 130 374 33 828 508 704 505 842 266 265 465 834 618 447 157 862 281 15 306 219
1089 20 6816 414 552 14 457 81 371 950 931 921 268 97 723 250 197 739 694 859 15 539 339 624 725 400 108 461 902 210 960 602 214 540 202 19 434 41 608 174 576 585 251
2089 20 6816 859 15 414 552 14 457 174 576 19 434 250 197 210 960 97 723 81 371 585 251 739 694 400 108 624 725 950 931 540 202 461 902 602 214 539 339 921 268 41 608
3089 20 6816 921 268 950 931 859 15 602 214 414 552 41 608 97 723 539 339 461 902 81 371 585 251 19 434 174 576 14 457 540 202 739 694 210 960 624 725 250 197 400 108
4089 20 6816 540 202 414 552 602 214 19 434 81 371 921 268 41 608 14 457 210 960 400 108 739 694 859 15 97 723 950 931 539 339 585 251 250 197 174 576 461 902 624 725
5089 20 6816 602 214 250 197 461 902 97 723 414 552 41 608 210 960 400 108 739 694 624 725 174 576 921 268 81 371 950 931 14 457 19 434 540 202 539 339 859 15 585 251
1090 20 6271 118 823 143 642 605 714 226 444 14 935 530 207 430 821 488 815 796 373 194 611 698 396 113 75 389 258 625 609 313 997 383 583 543 48 326 920 39 71 866 2
2090 20 6271 543 48 226 444 39 71 383 583 530 207 118 823 326 920 796 373 113 75 866 2 430 821 488 815 194 611 625 609 605 714 698 396 313 997 14 935 389 258 143 642
3090 20 6271 543 48 625 609 143 642 796 373 488 815 226 444 866 2 194 611 698 396 326 920 430 821 39 71 389 258 605 714 383 583 530 207 313 997 118 823 113 75 14 935
4090 20 6271 796 373 143 642 313 997 39 71 698 396 194 611 383 583 226 444 430 821 543 48 118 823 866 2 530 207 625 609 389 258 326 920 14 935 488 815 605 714 113 75
5090 20 6271 39 71 389 258 605 714 313 997 866 2 625 609 194 611 430 821 113 75 14 935 118 823 698 396 543 48 226 444 796 373 143 642 530 207 383 583 326 920 488 815
1091 20 5131 532 761 353 732 239 741 200 384 417 425 488 697 433 923 720 452 192 240 182 65 375 310 70 887 184 694 436 305 14 749 294 777 167 619 629 807 268 928 221 558
2091 20 5131 433 923 720 452 70 887 436 305 200 384 488 697 239 741 353 732 629 807 14 749 375 310 184 694 182 65 268 928 532 761 221 558 192 240 294 777 167 619 417 425
3091 20 5131 200 384 417 425 375 310 532 761 294 777 239 741 221 558 488 697 433 923 184 694 353 732 70 887 182 65 268 928 436 305 192 240 720 452 629 807 167 619 14 749
4091 20 5131 436 305 268 928 720 452 629 807 14 749 167 619 532 761 488 697 433 923 239 741 375 310 70 887 353 732 200 384 417 425 221 558 182 65 294 777 192 240 184 694
5091 20 5131 192 240 200 384 70 887 488 697 182 65 436 305 294 777 375 310 629 807 14 749 532 761 184 694 221 558 720 452 417 425 167 619 353 732 239 741 268 928 433 923
1092 20 5942 693 368 285 115 460 279 108 739 443 216 543 334 460 353 224 617 483 107 657 667 57 898 196 948 537 164 85 500 372 111 244 446 201 632 577 353 286 708 517 339
2092 20 5942 85 500 460 279 693 368 286 708 285 115 443 216 483 107 517 339 244 446 577 353 57 898 224 617 543 334 460 353 196 948 372 111 108 739 657 667 201 632 537 164
3092 20 5942 577 353 460 279 85 500 443 216 483 107 286 708 517 339 224 617 108 739 244 446 201 632 543 334 460 353 196 948 693 368 372 111 537 164 285 115 657 667 57 898
4092 20 5942 517 339 224 617 443 216 201 632 657 667 244 446 372 111 460 353 57 898 693 368 577 353 85 500 285 115 108 739 483 107 537 164 460 279 196 948 286 708 543 334
5092 20 5942 483 107 543 334 201 632 460 353 224 617 372 111 537 164 244 446 657 667 108 739 85 500 57 898 517 339 577 353 460 279 286 708 443 216 693 368 196 948 285 115
1093 20 6492 17 853 501 110 517 510 544 324 398 385 781 533 39 923 649 480 345 664 60 305 535 737 300 279 433 174 646 428 369 454 60 987 615 953 447 261 181 338 679 224
2093 20 6492 433 174 535 737 39 923 345 664 646 428 501 110 781 533 17 853 300 279 447 261 181 338 398 385 60 987 615 953 60 305 649 480 679 224 369 454 544 324 517 510
3093 20 6492 17 853 501 110 398 385 535 737 447 261 433 174 781 533 544 324 60 305 39 923 646 428 181 338 60 987 615 953 345 664 517 510 679 224 300 279 369 454 649 480
4093 20 6492 501 110 447 261 649 480 781 533 679 224 60 305 345 664 181 338 615 953 398 385 39 923 535 737 544 324 60 987 369 454 17 853 300 279 646 428 433 174 517 510
5093 20 6492 544 324 615 953 17 853 60 987 39 923 181 338 433 174 60 305 679 224 781 533 369 454 535 737 447 261 517 510 300 279 345 664 398 385 649 480 646 428 501 110
1094 20 5698 559 380 678 557 901 837 182 968 347 801 536 802 112 692 33 53 557 970 253 143 43 949 494 40 366 690 407 544 63 45 118 69 472 615 98 116 650 966 254 102
2094 20 5698 472 615 557 970 650 966 253 143 182 968 366 690 559 380 536 802 112 692 678 557 118 69 901 837 347 801 494 40 33 53 63 45 254 102 407 544 98 116 43 949
3094 20 5698 407 544 559 380 557 970 253 143 63 45 366 690 33 53 494 40 98 116 678 557 901 837 347 801 254 102 472 615 650 966 536 802 112 692 182 968 43 949 118 69
4094 20 5698 43 949 407 544 557 970 347 801 254 102 98 116 901 837 33 53 536 802 678 557 182 968 253 143 366 690 494 40 472 615 650 966 559 380 118 69 63 45 112 692
5094 20 5698 494 40 98 116 559 380 254 102 112 692 33 53 63 45 366 690 407 544 557 970 650 966 182 968 678 557 536 802 118 69 472 615 347 801 253 143 43 949 901 837
1095 20 4553 324 33 68 49 253 401 299 84 504 36 57 682 102 832 272 747 890 175 167 918 201 276 361 26 81 813 277 610 453 446 138 853 639 438 411 88 24 213 171 268
2095 20 4553 24 213 299 84 272 747 639 438 361 26 81 813 102 832 138 853 453 446 68 49 504 36 167 918 277 610 201 276 253 401 324 33 57 682 411 88 171 268 890 175
3095 20 4553 272 747 504 36 411 88 81 813 277 610 639 438 68 49 57 682 201 276 299 84 253 401 453 446 171 268 102 832 324 33 24 213 890 175 361 26 138 853 167 918
4095 20 4553 171 268 253 401 890 175 102 832 81 813 167 918 299 84 411 88 57 682 324 33 277 610 361 26 639 438 272 747 201 276 138 853 24 213 453 446 68 49 504 36
5095 20 4553 361 26 277 610 324 33 138 853 253 401 102 832 167 918 411 88 24 213 201 276 81 813 57 682 504 36 68 49 890 175 299 84 453 446 639 438 272 747 171 268
1096 20 5472 364 29 767 458 389 238 588 817 548 16 71 33 68 22 502 128 463 172 348 951 283 786 108 458 657 545 129 6 452 84 175 675 501 172 314 561 27 459 86 792
2096 20 5472 86 792 71 33 389 238 463 172 502 128 27 459 588 817 314 561 364 29 767 458 129 6 68 22 548 16 501 172 452 84 175 675 283 786 348 951 108 458 657 545
3096 20 5472 86 792 548 16 175 675 108 458 452 84 767 458 657 545 502 128 283 786 68 22 463 172 588 817 364 29 501 172 129 6 389 238 348 951 71 33 314 561 27 459
4096 20 5472 501 172 86 792 588 817 175 675 502 128 364 29 767 458 452 84 71 33 68 22 348 951 27 459 314 561 389 238 283 786 548 16 129 6 108 458 463 172 657 545
5096 20 5472 463 172 452 84 548 16 283 786 588 817 68 22 314 561 767 458 501 172 389 238 657 545 86 792 108 458 71 33 364 29 129 6 175 675 502 128 348 951 27 459
1097 20 6488 397 192 538 418 144 332 660 433 794 7 878 2 743 536 163 211 79 942 287 986 514 506 110 691 17 66 625 888 160 684 432 897 12 731 883 253 311 869 363 244
2097 20 6488 625 888 79 942 17 66 163 211 311 869 794 7 363 244 144 332 12 731 514 506 878 2 397 192 160 684 287 986 743 536 110 691 432 897 660 433 538 418 883 253
3097 20 6488 287 986 432 897 160 684 514 506 144 332 660 433 79 942 538 418 743 536 17 66 397 192 110 691 363 244 311 869 163 211 12 731 625 888 794 7 878 2 883 253
4097 20 6488 397 192 160 684 363 244 883 253 163 211 660 433 287 986 538 418 625 888 743 536 144 332 17 66 514 506 794 7 878 2 12 731 311 869 110 691 432 897 79 942
5097 20 6488 625 888 397 192 363 244 110 691 12 731 878 2 17 66 163 211 160 684 660 433 287 986 514 506 794 7 144 332 883 253 743 536 432 897 538 418 311 869 79 942
1098 20 6722 498 188 34 661 542 140 407 617 264 903 20 663 30 309 644 515 907 13 338 647 684 28 598 162 22 243 164 394 562 780 410 305 827 909 483 346 594 990 375 529
2098 20 6722 407 617 30 309 542 140 375 529 410 305 22 243 20 663 907 13 338 647 644 515 483 346 598 162 264 903 684 28 827 909 594 990 562 780 164 394 498 188 34 661
3098 20 6722 684 28 22 243 562 780 20 663 264 903 407 617 34 661 375 529 827 909 598 162 164 394 30 309 644 515 594 990 483 346 907 13 542 140 498 188 410 305 338 647
4098 20 6722 264 903 20 663 30 309 483 346 594 990 827 909 498 188 22 243 907 13 34 661 410 305 562 780 338 647 598 162 407 617 164 394 542 140 644 515 375 529 684 28
5098 20 6722 338 647 22 243 907 13 562 780 498 188 264 903 483 346 30 309 410 305 164 394 34 661 20 663 542 140 598 162 407 617 594 990 827 909 375 529 644 515 684 28
1099 20 6826 644 738 617 975 682 72 378 150 733 10 92 318 122 216 6 187 624 106 689 849 313 874 421 179 551 108 254 832 288 614 632 907 546 856 590 502 101 840 250 746
2099 20 6826 644 738 6 187 632 907 551 108 92 318 250 746 590 502 689 849 617 975 421 179 682 72 254 832 313 874 733 10 546 856 288 614 122 216 101 840 624 106 378 150
3099 20 6826 590 502 250 746 632 907 421 179 689 849 682 72 624 106 378 150 644 738 546 856 617 975 288 614 6 187 733 10 122 216 551 108 101 840 313 874 92 318 254 832
4099 20 6826 421 179 644 738 624 106 254 832 122 216 617 975 733 10 288 614 313 874 590 502 689 849 101 840 551 108 546 856 6 187 682 72 250 746 92 318 632 907 378 150
5099 20 6826 92 318 682 72 590 502 644 738 624 106 250 746 733 10 421 179 378 150 546 856 122 216 689 849 617 975 101 840 551 108 254 832 288 614 6 187 313 874 632 907
1100 20 5621 571 715 92 279 385 412 185 533 233 251 68 36 134 517 796 748 344 522 472 619 190 963 196 511 436 747 115 102 525 252 712 633 509 68 402 829 184 522 478 436
2100 20 5621 134 517 190 963 525 252 196 511 436 747 712 633 115 102 68 36 344 522 402 829 92 279 509 68 472 619 571 715 184 522 385 412 796 748 233 251 185 533 478 436
3100 20 5621 402 829 233 251 344 522 712 633 185 533 184 522 509 68 472 619 115 102 68 36 571 715 478 436 796 748 134 517 190 963 525 252 436 747 196 511 385 412 92 279
4100 20 5621 185 533 190 963 509 68 385 412 478 436 796 748 92 279 68 36 571 715 402 829 184 522 233 251 712 633 472 619 344 522 436 747 115 102 134 517 196 511 525 252
5100 20 5621 68 36 115 102 525 252 134 517 196 511 190 963 478 436 185 533 402 829 571 715 233 251 385 412 184 522 509 68 796 748 92 279 436 747 712 633 344 522 472 619
