1001 20 9323 216 586 834 259 901 617 486 89 548 189 144 172 130 852 640 166 470 200 401 89 800 506 936 334 856 269 547 660 89 776 242 568 671 572 937 833 829 354 977 29
2001 20 9323 401 89 130 852 829 354 977 29 547 660 486 89 548 189 640 166 216 586 470 200 937 833 242 568 671 572 800 506 856 269 901 617 89 776 936 334 144 172 834 259
3001 20 9323 130 852 216 586 242 568 547 660 89 776 901 617 800 506 937 833 977 29 470 200 401 89 834 259 640 166 486 89 856 269 548 189 829 354 671 572 144 172 936 334
4001 20 9323 834 259 130 852 977 29 800 506 486 89 936 334 856 269 671 572 470 200 901 617 401 89 144 172 216 586 89 776 829 354 547 660 640 166 242 568 548 189 937 833
5001 20 9323 242 568 144 172 856 269 977 29 829 354 401 89 936 334 548 189 486 89 937 833 640 166 901 617 130 852 470 200 834 259 216 586 671 572 547 660 800 506 89 776
1002 20 9316 862 833 108 137 701 86 708 46 199 951 962 607 427 67 654 162 693 466 650 708 332 620 345 270 956 588 751 307 877 235 743 782 316 768 152 543 867 539 342 854
2002 20 9316 743 782 862 833 877 235 693 466 108 137 152 543 427 67 956 588 316 768 332 620 345 270 199 951 962 607 867 539 708 46 342 854 751 307 701 86 654 162 650 708
3002 20 9316 693 466 962 607 316 768 654 162 332 620 956 588 751 307 877 235 199 951 345 270 708 46 427 67 108 137 701 86 743 782 862 833 152 543 650 708 867 539 342 854
4002 20 9316 693 466 877 235 342 854 345 270 152 543 199 951 962 607 862 833 108 137 427 67 316 768 751 307 743 782 708 46 701 86 650 708 654 162 956 588 332 620 867 539
5002 20 9316 332 620 867 539 199 951 962 607 708 46 956 588 654 162 342 854 345 270 427 67 693 466 152 543 108 137 743 782 701 86 316 768 877 235 862 833 751 307 650 708
1003 20 9574 184 412 65 476 219 643 791 605 639 553 839 617 773 886 575 770 503 928 927 437 966 202 268 887 672 944 818 102 571 682 774 68 558 634 392 933 950 48 484 776
2003 20 9574 672 944 219 643 791 605 268 887 575 770 950 48 818 102 392 933 774 68 558 634 571 682 839 617 503 928 65 476 966 202 773 886 484 776 184 412 639 553 927 437
3003 20 9574 392 933 927 437 818 102 950 48 966 202 839 617 558 634 184 412 268 887 65 476 484 776 774 68 219 643 672 944 791 605 503 928 571 682 639 553 773 886 575 770
4003 20 9574 639 553 184 412 950 48 791 605 558 634 672 944 818 102 392 933 503 928 774 68 839 617 219 643 571 682 65 476 575 770 966 202 268 887 773 886 484 776 927 437
5003 20 9574 219 643 818 102 575 770 773 886 639 553 839 617 571 682 558 634 392 933 484 776 503 928 268 887 927 437 950 48 184 412 774 68 791 605 966 202 672 944 65 476
1004 20 9604 375 341 917 166 266 637 770 63 454 796 980 642 408 943 657 343 980 992 398 970 933 990 698 471 283 676 875 423 185 226 853 309 300 223 645 919 324 660 705 518
2004 20 9604 853 309 980 992 408 943 705 518 980 642 324 660 933 990 375 341 454 796 917 166 698 471 266 637 185 226 657 343 398 970 875 423 300 223 770 63 645 919 283 676
3004 20 9604 324 660 300 223 454 796 657 343 185 226 770 63 980 642 283 676 933 990 917 166 698 471 645 919 408 943 980 992 875 423 705 518 266 637 853 309 398 970 375 341
4004 20 9604 408 943 657 343 283 676 645 919 454 796 375 341 698 471 324 660 853 309 917 166 300 223 398 970 980 992 266 637 980 642 770 63 185 226 875 423 933 990 705 518
5004 20 9604 185 226 408 943 917 166 300 223 398 970 875 423 375 341 853 309 705 518 657 343 980 642 933 990 283 676 980 992 770 63 266 637 698 471 645 919 454 796 324 660
1005 20 7432 841 925 237 297 97 710 406 927 822 468 801 71 288 789 157 529 223 631 84 785 480 810 354 67 332 534 711 813 511 825 379 539 615 256 301 701 807 559 845 990
2005 20 7432 379 539 84 785 511 825 615 256 480 810 841 925 157 529 822 468 237 297 711 813 845 990 223 631 406 927 354 67 801 71 807 559 301 701 332 534 288 789 97 710
3005 20 7432 822 468 288 789 237 297 97 710 354 67 223 631 406 927 379 539 807 559 711 813 615 256 480 810 801 71 511 825 301 701 84 785 845 990 332 534 841 925 157 529
4005 20 7432 157 529 379 539 288 789 354 67 97 710 822 468 511 825 84 785 480 810 223 631 807 559 801 71 301 701 332 534 711 813 615 256 845 990 406 927 237 297 841 925
5005 20 7432 379 539 288 789 157 529 84 785 841 925 223 631 801 71 711 813 480 810 301 701 511 825 406 927 237 297 97 710 332 534 845 990 615 256 354 67 822 468 807 559
1006 20 8296 852 289 401 879 88 119 225 150 568 320 806 326 34 976 910 258 933 142 622 500 98 945 498 789 817 58 312 62 243 330 440 801 300 110 947 498 994 317 283 918
2006 20 8296 994 317 498 789 98 945 568 320 34 976 817 58 440 801 947 498 852 289 225 150 312 62 401 879 283 918 910 258 243 330 933 142 622 500 88 119 806 326 300 110
3006 20 8296 88 119 994 317 312 62 225 150 852 289 498 789 283 918 910 258 98 945 440 801 817 58 34 976 947 498 568 320 401 879 300 110 933 142 806 326 622 500 243 330
4006 20 8296 225 150 947 498 817 58 498 789 622 500 401 879 852 289 568 320 34 976 243 330 910 258 440 801 933 142 806 326 994 317 283 918 88 119 98 945 312 62 300 110
5006 20 8296 440 801 622 500 300 110 852 289 568 320 34 976 806 326 243 330 498 789 817 58 994 317 933 142 283 918 910 258 88 119 225 150 312 62 401 879 98 945 947 498
1007 20 9368 379 209 316 982 730 141 928 489 324 788 875 386 332 774 472 221 706 839 356 7 973 882 855 207 71 533 392 15 801 1000 773 151 557 67 276 746 632 963 963 120
2007 20 9368 773 151 706 839 356 7 324 788 973 882 379 209 71 533 632 963 557 67 392 15 855 207 276 746 472 221 316 982 963 120 875 386 801 1000 928 489 730 141 332 774
3007 20 9368 875 386 706 839 773 151 801 1000 855 207 928 489 332 774 632 963 730 141 472 221 392 15 379 209 973 882 356 7 71 533 963 120 316 982 557 67 276 746 324 788
4007 20 9368 801 1000 632 963 316 982 730 141 963 120 557 67 332 774 276 746 875 386 356 7 973 882 472 221 71 533 392 15 706 839 855 207 324 788 773 151 379 209 928 489
5007 20 9368 730 141 392 15 973 882 324 788 379 209 276 746 472 221 316 982 71 533 557 67 706 839 632 963 875 386 963 120 801 1000 773 151 928 489 855 207 356 7 332 774
1008 20 9616 591 151 789 407 736 536 249 172 884 904 595 481 767 164 429 768 210 912 898 851 724 150 505 291 473 955 658 673 921 633 473 420 100 695 957 228 165 119 896 169
2008 20 9616 724 150 896 169 210 912 658 673 884 904 505 291 165 119 595 481 767 164 473 420 591 151 473 955 100 695 789 407 429 768 249 172 898 851 921 633 736 536 957 228
3008 20 9616 921 633 100 695 505 291 165 119 473 955 210 912 898 851 789 407 249 172 429 768 658 673 767 164 896 169 724 150 595 481 473 420 884 904 957 228 591 151 736 536
4008 20 9616 505 291 473 420 898 851 165 119 100 695 921 633 724 150 429 768 957 228 473 955 658 673 736 536 884 904 896 169 767 164 595 481 210 912 591 151 249 172 789 407
5008 20 9616 658 673 429 768 736 536 249 172 473 955 724 150 767 164 100 695 473 420 591 151 896 169 505 291 898 851 210 912 921 633 595 481 789 407 165 119 884 904 957 228
1009 20 10483 790 415 514 751 141 430 926 394 979 754 869 909 798 865 787 198 595 200 932 915 940 840 798 751 235 92 318 711 657 782 955 564 867 860 358 967 233 297 412 59
2009 20 10483 790 415 798 751 233 297 932 915 787 198 869 909 867 860 657 782 412 59 358 967 926 394 318 711 979 754 798 865 235 92 141 430 940 840 595 200 955 564 514 751
3009 20 10483 318 711 233 297 412 59 932 915 790 415 869 909 955 564 787 198 979 754 235 92 358 967 940 840 141 430 926 394 867 860 595 200 798 751 657 782 798 865 514 751
4009 20 10483 926 394 657 782 233 297 790 415 787 198 955 564 412 59 514 751 940 840 318 711 798 865 358 967 932 915 869 909 141 430 979 754 798 751 235 92 595 200 867 860
5009 20 10483 787 198 358 967 798 865 940 840 926 394 979 754 233 297 318 711 657 782 955 564 867 860 235 92 869 909 141 430 412 59 595 200 932 915 514 751 798 751 790 415
1010 20 9582 724 525 576 133 567 908 613 460 365 931 494 451 871 462 863 861 317 593 925 118 356 216 182 19 176 749 526 39 768 33 716 630 568 977 522 273 894 202 955 621
2010 20 9582 365 931 955 621 182 19 894 202 526 39 567 908 863 861 494 451 716 630 568 977 356 216 522 273 176 749 871 462 768 33 925 118 724 525 613 460 317 593 576 133
3010 20 9582 567 908 356 216 925 118 568 977 526 39 724 525 863 861 613 460 365 931 182 19 494 451 716 630 576 133 871 462 955 621 176 749 522 273 768 33 317 593 894 202
4010 20 9582 576 133 925 118 176 749 894 202 724 525 494 451 955 621 568 977 567 908 613 460 522 273 356 216 365 931 526 39 863 861 182 19 768 33 716 630 317 593 871 462
5010 20 9582 317 593 176 749 925 118 526 39 356 216 871 462 613 460 768 33 576 133 568 977 863 861 716 630 365 931 182 19 567 908 724 525 894 202 522 273 494 451 955 621
1011 20 9828 868 948 248 838 458 515 465 429 262 130 833 142 464 540 812 236 820 737 665 906 973 419 783 506 883 36 757 946 364 65 612 123 261 320 502 19 376 506 879 67
2011 20 9828 502 19 376 506 783 506 833 142 458 515 665 906 261 320 820 737 868 948 879 67 612 123 973 419 757 946 262 130 812 236 883 36 464 540 465 429 248 838 364 65
3011 20 9828 883 36 833 142 465 429 820 737 612 123 757 946 458 515 364 65 783 506 868 948 464 540 502 19 973 419 376 506 665 906 812 236 262 130 248 838 879 67 261 320
4011 20 9828 612 123 261 320 465 429 868 948 248 838 502 19 464 540 376 506 665 906 783 506 833 142 812 236 262 130 757 946 820 737 364 65 879 67 458 515 883 36 973 419
5011 20 9828 248 838 973 419 612 123 665 906 812 236 458 515 261 320 868 948 883 36 783 506 820 737 879 67 833 142 757 946 376 506 502 19 464 540 262 130 465 429 364 65
1012 20 8738 873 990 75 620 991 368 687 157 332 674 516 899 309 280 256 757 916 882 358 775 344 687 530 156 431 24 595 81 599 652 693 708 970 118 428 734 372 967 648 9
2012 20 8738 873 990 372 967 693 708 428 734 309 280 916 882 516 899 648 9 595 81 358 775 991 368 344 687 687 157 75 620 599 652 970 118 431 24 332 674 530 156 256 757
3012 20 8738 599 652 358 775 595 81 372 967 648 9 332 674 516 899 431 24 256 757 75 620 873 990 693 708 344 687 916 882 309 280 970 118 687 157 991 368 428 734 530 156
4012 20 8738 595 81 428 734 648 9 309 280 991 368 332 674 599 652 693 708 358 775 687 157 344 687 372 967 431 24 873 990 75 620 970 118 256 757 530 156 516 899 916 882
5012 20 8738 599 652 595 81 873 990 648 9 332 674 516 899 693 708 372 967 431 24 309 280 75 620 344 687 358 775 530 156 916 882 970 118 991 368 428 734 256 757 687 157
1013 20 10543 869 489 997 381 976 494 552 933 623 632 944 735 37 747 931 741 839 329 828 682 768 530 135 595 408 892 398 201 722 300 979 776 875 525 237 531 297 966 764 409
2013 20 10543 931 741 839 329 237 531 976 494 722 300 135 595 869 489 398 201 297 966 764 409 828 682 408 892 623 632 944 735 552 933 979 776 997 381 875 525 37 747 768 530
3013 20 10543 722 300 552 933 398 201 875 525 135 595 768 530 944 735 297 966 37 747 997 381 839 329 828 682 869 489 408 892 764 409 976 494 623 632 979 776 237 531 931 741
4013 20 10543 997 381 237 531 135 595 828 682 722 300 623 632 408 892 875 525 764 409 976 494 398 201 944 735 768 530 979 776 839 329 552 933 37 747 931 741 297 966 869 489
5013 20 10543 875 525 297 966 828 682 931 741 944 735 552 933 976 494 979 776 997 381 839 329 623 632 408 892 237 531 764 409 869 489 398 201 768 530 37 747 135 595 722 300
1014 20 9747 256 932 500 756 762 447 218 942 766 165 140 540 390 798 992 304 457 535 561 969 580 179 820 909 828 789 459 398 983 457 867 241 540 288 972 837 451 370 642 84
2014 20 9747 451 370 828 789 766 165 642 84 580 179 972 837 992 304 762 447 256 932 820 909 561 969 500 756 140 540 459 398 457 535 983 457 218 942 867 241 540 288 390 798
3014 20 9747 256 932 459 398 500 756 140 540 218 942 457 535 992 304 762 447 820 909 983 457 561 969 451 370 540 288 642 84 867 241 828 789 972 837 580 179 390 798 766 165
4014 20 9747 451 370 766 165 828 789 140 540 561 969 390 798 972 837 867 241 580 179 256 932 218 942 762 447 540 288 820 909 983 457 457 535 459 398 642 84 992 304 500 756
5014 20 9747 540 288 992 304 762 447 972 837 867 241 983 457 766 165 390 798 820 909 256 932 459 398 218 942 580 179 500 756 561 969 457 535 451 370 140 540 642 84 828 789
1015 20 10008 900 349 914 738 520 673 895 840 658 90 484 946 341 439 293 496 720 299 951 53 851 678 125 174 197 790 674 420 384 839 850 454 430 705 834 848 836 965 654 916
2015 20 10008 384 839 430 705 850 454 674 420 341 439 293 496 951 53 125 174 895 840 654 916 720 299 658 90 484 946 914 738 520 673 197 790 836 965 851 678 834 848 900 349
3015 20 10008 850 454 674 420 293 496 430 705 520 673 834 848 914 738 125 174 484 946 836 965 900 349 341 439 654 916 851 678 895 840 384 839 720 299 197 790 951 53 658 90
4015 20 10008 900 349 293 496 834 848 384 839 851 678 658 90 720 299 341 439 484 946 197 790 951 53 520 673 430 705 125 174 836 965 895 840 674 420 654 916 850 454 914 738
5015 20 10008 341 439 430 705 484 946 836 965 197 790 654 916 520 673 834 848 720 299 914 738 895 840 658 90 951 53 384 839 850 454 125 174 674 420 900 349 293 496 851 678
1016 20 9012 597 188 508 787 703 345 548 522 502 482 539 316 643 736 428 921 425 149 157 481 968 422 706 948 584 359 533 913 469 476 803 556 458 271 989 931 604 298 101 736
2016 20 9012 706 948 643 736 508 787 458 271 539 316 548 522 803 556 469 476 597 188 502 482 989 931 101 736 425 149 428 921 584 359 533 913 157 481 604 298 968 422 703 345
3016 20 9012 539 316 706 948 469 476 533 913 703 345 548 522 101 736 458 271 584 359 643 736 428 921 597 188 508 787 803 556 157 481 425 149 989 931 968 422 502 482 604 298
4016 20 9012 502 482 989 931 548 522 157 481 584 359 101 736 803 556 425 149 458 271 968 422 469 476 428 921 508 787 533 913 643 736 539 316 706 948 703 345 604 298 597 188
5016 20 9012 989 931 469 476 803 556 968 422 425 149 604 298 539 316 706 948 533 913 502 482 703 345 508 787 597 188 584 359 428 921 643 736 548 522 101 736 458 271 157 481
1017 20 10237 538 244 767 382 142 856 606 1 994 676 586 25 645 187 700 946 790 658 927 583 580 1000 695 322 780 52 724 806 401 636 226 116 615 992 646 371 516 754 919 783
2017 20 10237 919 783 401 636 580 1000 615 992 927 583 645 187 538 244 700 946 226 116 646 371 790 658 724 806 606 1 516 754 780 52 142 856 586 25 695 322 767 382 994 676
3017 20 10237 226 116 586 25 700 946 516 754 994 676 790 658 538 244 919 783 724 806 927 583 695 322 401 636 780 52 645 187 646 371 615 992 767 382 606 1 580 1000 142 856
4017 20 10237 226 116 700 946 927 583 767 382 780 52 695 322 790 658 538 244 401 636 919 783 606 1 994 676 646 371 142 856 724 806 615 992 586 25 516 754 580 1000 645 187
5017 20 10237 994 676 516 754 790 658 700 946 580 1000 226 116 615 992 695 322 606 1 645 187 142 856 724 806 919 783 586 25 767 382 538 244 646 371 401 636 780 52 927 583
1018 20 9378 397 90 188 681 371 968 879 558 906 543 759 705 181 254 221 153 808 623 515 196 432 303 998 315 758 949 248 199 895 51 850 474 838 784 686 720 670 513 123 755
2018 20 9378 758 949 895 51 371 968 397 90 838 784 221 153 998 315 188 681 248 199 181 254 515 196 879 558 432 303 759 705 850 474 670 513 906 543 808 623 123 755 686 720
3018 20 9378 432 303 123 755 686 720 895 51 181 254 188 681 850 474 670 513 515 196 808 623 998 315 371 968 759 705 397 90 906 543 838 784 758 949 221 153 248 199 879 558
4018 20 9378 906 543 670 513 397 90 686 720 838 784 123 755 515 196 758 949 221 153 879 558 432 303 248 199 759 705 371 968 895 51 998 315 850 474 181 254 188 681 808 623
5018 20 9378 123 755 221 153 397 90 759 705 432 303 879 558 515 196 838 784 998 315 188 681 808 623 906 543 371 968 181 254 248 199 850 474 670 513 758 949 686 720 895 51
1019 20 10111 709 209 675 187 643 585 713 326 315 772 880 395 532 638 667 834 677 978 974 376 989 724 306 800 125 517 426 257 463 796 467 208 824 574 369 366 969 918 916 360
2019 20 10111 467 208 675 187 677 978 369 366 989 724 880 395 125 517 824 574 532 638 709 209 969 918 306 800 974 376 315 772 463 796 713 326 667 834 643 585 426 257 916 360
3019 20 10111 709 209 974 376 426 257 713 326 306 800 989 724 667 834 467 208 675 187 463 796 916 360 824 574 125 517 880 395 532 638 315 772 969 918 369 366 643 585 677 978
4019 20 10111 643 585 667 834 369 366 974 376 315 772 969 918 306 800 467 208 709 209 880 395 426 257 989 724 675 187 463 796 916 360 532 638 125 517 824 574 713 326 677 978
5019 20 10111 315 772 709 209 969 918 824 574 426 257 643 585 675 187 677 978 667 834 974 376 989 724 369 366 880 395 125 517 532 638 467 208 306 800 916 360 713 326 463 796
1020 20 9976 964 490 378 455 526 645 943 219 416 9 737 604 107 548 812 69 704 133 958 155 187 79 245 230 931 567 996 163 494 749 606 303 741 240 654 490 874 703 197 636
2020 20 9976 107 548 958 155 931 567 996 163 416 9 654 490 737 604 197 636 606 303 741 240 187 79 245 230 704 133 812 69 874 703 526 645 943 219 494 749 964 490 378 455
3020 20 9976 197 636 107 548 737 604 996 163 874 703 654 490 187 79 958 155 526 645 964 490 943 219 931 567 416 9 245 230 812 69 704 133 494 749 741 240 378 455 606 303
4020 20 9976 197 636 964 490 107 548 931 567 494 749 245 230 737 604 812 69 704 133 654 490 416 9 187 79 958 155 526 645 606 303 996 163 874 703 378 455 943 219 741 240
5020 20 9976 416 9 958 155 526 645 197 636 187 79 943 219 704 133 494 749 654 490 378 455 737 604 107 548 245 230 964 490 606 303 874 703 931 567 812 69 996 163 741 240
1021 20 8009 366 59 326 961 348 933 868 41 397 737 392 918 493 157 523 301 427 952 511 500 721 269 350 147 422 846 367 940 85 412 879 692 749 232 790 38 706 368 292 118
2021 20 8009 511 500 348 933 292 118 790 38 397 737 366 59 367 940 706 368 85 412 427 952 721 269 326 961 868 41 879 692 392 918 493 157 350 147 523 301 422 846 749 232
3021 20 8009 868 41 790 38 422 846 511 500 85 412 366 59 392 918 427 952 367 940 350 147 749 232 348 933 292 118 706 368 493 157 721 269 879 692 397 737 326 961 523 301
4021 20 8009 392 918 706 368 790 38 366 59 868 41 523 301 721 269 879 692 292 118 749 232 511 500 422 846 397 737 493 157 348 933 427 952 350 147 326 961 85 412 367 940
5021 20 8009 706 368 367 940 292 118 397 737 868 41 366 59 85 412 493 157 721 269 427 952 749 232 523 301 348 933 790 38 422 846 511 500 326 961 350 147 392 918 879 692
1022 20 8891 151 553 711 624 518 916 453 132 650 251 688 801 685 101 683 201 813 636 193 260 379 638 545 427 982 374 631 140 415 557 375 560 484 51 398 15 721 255 639 22
2022 20 8891 193 260 688 801 545 427 379 638 650 251 375 560 982 374 398 15 415 557 484 51 711 624 518 916 151 553 813 636 683 201 631 140 721 255 685 101 639 22 453 132
3022 20 8891 688 801 193 260 650 251 398 15 685 101 518 916 721 255 639 22 711 624 484 51 375 560 379 638 151 553 631 140 683 201 415 557 453 132 813 636 982 374 545 427
4022 20 8891 453 132 545 427 379 638 685 101 193 260 683 201 415 557 721 255 375 560 484 51 982 374 711 624 518 916 151 553 398 15 688 801 650 251 639 22 813 636 631 140
5022 20 8891 688 801 650 251 721 255 193 260 375 560 982 374 545 427 631 140 415 557 379 638 639 22 484 51 518 916 398 15 683 201 453 132 711 624 151 553 685 101 813 636
1023 20 9414 865 50 490 662 775 369 898 760 941 998 500 914 131 400 771 32 978 765 744 449 726 473 742 350 538 924 410 470 379 824 342 179 32 404 151 717 907 941 448 813
2023 20 9414 131 400 151 717 865 50 726 473 742 350 490 662 379 824 898 760 978 765 500 914 744 449 410 470 448 813 775 369 941 998 342 179 907 941 32 404 538 924 771 32
3023 20 9414 941 998 978 765 151 717 898 760 379 824 410 470 342 179 742 350 32 404 538 924 448 813 131 400 865 50 744 449 907 941 775 369 500 914 726 473 490 662 771 32
4023 20 9414 490 662 771 32 726 473 32 404 151 717 379 824 744 449 500 914 898 760 775 369 941 998 907 941 865 50 742 350 448 813 538 924 410 470 131 400 978 765 342 179
5023 20 9414 500 914 907 941 538 924 865 50 379 824 742 350 978 765 744 449 448 813 342 179 131 400 490 662 771 32 151 717 726 473 898 760 32 404 941 998 775 369 410 470
1024 20 10428 849 403 608 851 331 601 884 190 998 769 396 797 863 430 603 281 816 447 939 24 771 921 367 272 600 49 315 340 540 589 875 159 800 142 290 633 367 44 824 651
2024 20 10428 396 797 875 159 540 589 331 601 367 272 603 281 315 340 998 769 290 633 863 430 600 49 816 447 608 851 849 403 367 44 771 921 800 142 824 651 939 24 884 190
3024 20 10428 600 49 771 921 396 797 884 190 816 447 863 430 290 633 315 340 875 159 800 142 603 281 367 44 608 851 331 601 367 272 998 769 939 24 540 589 824 651 849 403
4024 20 10428 367 272 367 44 849 403 771 921 290 633 315 340 331 601 816 447 998 769 863 430 875 159 396 797 540 589 884 190 603 281 608 851 939 24 824 651 600 49 800 142
5024 20 10428 816 447 863 430 367 272 884 190 824 651 771 921 608 851 331 601 367 44 998 769 290 633 315 340 396 797 600 49 849 403 939 24 800 142 875 159 603 281 540 589
1025 20 9347 713 778 45 991 640 495 279 898 964 6 443 338 791 609 554 701 825 326 280 904 577 51 436 637 501 100 663 65 906 370 325 971 927 320 124 377 826 268 865 62
2025 20 9347 791 609 964 6 663 65 280 904 124 377 279 898 577 51 325 971 501 100 45 991 436 637 825 326 554 701 865 62 906 370 443 338 713 778 826 268 927 320 640 495
3025 20 9347 865 62 791 609 436 637 825 326 280 904 640 495 501 100 124 377 906 370 554 701 577 51 663 65 443 338 45 991 325 971 713 778 927 320 279 898 964 6 826 268
4025 20 9347 280 904 826 268 906 370 279 898 443 338 927 320 865 62 663 65 791 609 554 701 325 971 964 6 501 100 124 377 45 991 577 51 825 326 436 637 640 495 713 778
5025 20 9347 964 6 45 991 501 100 865 62 791 609 325 971 279 898 554 701 436 637 906 370 577 51 640 495 443 338 280 904 825 326 927 320 713 778 124 377 663 65 826 268
1026 20 8576 516 715 711 12 717 218 343 11 652 373 915 302 407 407 666 159 84 456 844 766 184 216 558 843 474 72 685 801 529 182 449 7 534 51 534 550 597 186 322 139
2026 20 8576 322 139 474 72 529 182 184 216 685 801 844 766 717 218 449 7 652 373 597 186 711 12 534 550 534 51 915 302 407 407 343 11 558 843 516 715 666 159 84 456
3026 20 8576 597 186 529 182 685 801 711 12 666 159 474 72 84 456 717 218 534 550 407 407 184 216 915 302 322 139 534 51 558 843 652 373 516 715 343 11 449 7 844 766
4026 20 8576 652 373 343 11 717 218 558 843 915 302 184 216 449 7 84 456 597 186 666 159 529 182 685 801 534 550 534 51 407 407 516 715 844 766 474 72 711 12 322 139
5026 20 8576 666 159 558 843 652 373 322 139 529 182 597 186 844 766 449 7 474 72 407 407 717 218 534 51 685 801 516 715 184 216 343 11 84 456 711 12 915 302 534 550
1027 20 9401 992 647 120 607 809 212 707 626 936 962 233 844 257 736 199 866 953 474 697 390 242 482 880 59 75 167 345 700 811 95 890 983 833 489 587 762 538 959 648 674
2027 20 9401 992 647 257 736 345 700 890 983 953 474 233 844 199 866 242 482 587 762 648 674 936 962 538 959 809 212 833 489 811 95 707 626 697 390 75 167 120 607 880 59
3027 20 9401 707 626 587 762 811 95 538 959 936 962 75 167 120 607 953 474 809 212 233 844 697 390 242 482 345 700 257 736 648 674 880 59 890 983 199 866 992 647 833 489
4027 20 9401 953 474 75 167 538 959 890 983 936 962 992 647 697 390 587 762 809 212 120 607 242 482 345 700 648 674 880 59 833 489 811 95 233 844 257 736 707 626 199 866
5027 20 9401 809 212 199 866 707 626 587 762 648 674 811 95 992 647 697 390 953 474 120 607 233 844 345 700 936 962 75 167 833 489 890 983 538 959 257 736 880 59 242 482
1028 20 10098 816 768 357 382 815 202 280 668 426 813 397 279 577 3 585 315 930 106 934 840 862 123 359 733 873 560 566 583 889 842 668 844 806 225 642 78 667 586 174 662
2028 20 10098 930 106 357 382 873 560 815 202 359 733 816 768 426 813 566 583 668 844 397 279 577 3 806 225 862 123 174 662 934 840 889 842 585 315 667 586 280 668 642 78
3028 20 10098 889 842 357 382 426 813 806 225 930 106 577 3 815 202 585 315 873 560 280 668 566 583 667 586 668 844 359 733 862 123 174 662 397 279 642 78 816 768 934 840
4028 20 10098 426 813 280 668 862 123 667 586 816 768 930 106 566 583 174 662 668 844 889 842 359 733 934 840 873 560 397 279 642 78 585 315 577 3 815 202 806 225 357 382
5028 20 10098 585 315 930 106 359 733 862 123 806 225 397 279 816 768 642 78 577 3 889 842 426 813 873 560 280 668 668 844 815 202 174 662 667 586 934 840 566 583 357 382
1029 20 8901 878 274 1000 698 466 504 528 177 479 150 795 1 127 676 249 19 141 569 423 624 743 681 719 350 857 518 387 746 391 952 364 374 407 729 558 620 756 944 859 694
2029 20 8901 423 624 407 729 558 620 391 952 466 504 141 569 479 150 387 746 127 676 743 681 878 274 528 177 364 374 249 19 756 944 719 350 857 518 795 1 1000 698 859 694
3029 20 8901 364 374 407 729 756 944 141 569 1000 698 466 504 127 676 528 177 857 518 743 681 391 952 859 694 878 274 795 1 423 624 387 746 479 150 558 620 249 19 719 350
4029 20 8901 466 504 558 620 756 944 743 681 364 374 127 676 423 624 391 952 479 150 859 694 719 350 249 19 387 746 528 177 795 1 141 569 857 518 878 274 1000 698 407 729
5029 20 8901 141 569 528 177 719 350 1000 698 795 1 127 676 857 518 878 274 423 624 859 694 407 729 479 150 743 681 249 19 387 746 364 374 466 504 391 952 558 620 756 944
1030 20 5454 495 151 185 884 145 296 150 501 877 512 333 996 247 985 311 718 329 622 667 478 505 953 176 442 286 1 361 858 126 795 93 618 93 65 848 201 276 387 315 652
2030 20 5454 848 201 505 953 329 622 145 296 185 884 93 618 93 65 667 478 247 985 311 718 315 652 495 151 276 387 286 1 176 442 150 501 333 996 877 512 361 858 126 795
3030 20 5454 329 622 126 795 311 718 667 478 315 652 286 1 185 884 361 858 495 151 247 985 505 953 150 501 93 618 176 442 333 996 276 387 93 65 145 296 877 512 848 201
4030 20 5454 93 618 495 151 848 201 286 1 247 985 185 884 145 296 667 478 315 652 276 387 150 501 877 512 333 996 505 953 329 622 176 442 126 795 311 718 93 65 361 858
5030 20 5454 311 718 286 1 667 478 93 618 185 884 877 512 276 387 145 296 176 442 361 858 848 201 150 501 333 996 505 953 329 622 247 985 315 652 495 151 126 795 93 65
1031 20 9805 974 176 888 751 628 497 493 918 714 217 298 2 811 844 647 906 419 291 137 221 710 378 935 499 364 853 828 741 364 543 764 376 122 318 456 343 709 586 996 715
2031 20 9805 974 176 298 2 709 586 828 741 364 543 647 906 493 918 710 378 714 217 419 291 122 318 935 499 456 343 137 221 888 751 811 844 996 715 364 853 764 376 628 497
3031 20 9805 710 378 974 176 419 291 709 586 364 853 714 217 811 844 647 906 493 918 828 741 137 221 628 497 888 751 122 318 298 2 996 715 764 376 935 499 364 543 456 343
4031 20 9805 811 844 888 751 493 918 935 499 828 741 122 318 628 497 456 343 709 586 364 853 419 291 996 715 647 906 974 176 364 543 298 2 137 221 710 378 764 376 714 217
5031 20 9805 419 291 628 497 828 741 935 499 709 586 493 918 364 853 137 221 122 318 714 217 456 343 764 376 888 751 996 715 811 844 364 543 710 378 647 906 298 2 974 176
1032 20 8571 404 717 637 650 700 469 638 321 844 655 205 487 493 121 425 535 472 896 309 888 141 964 358 346 245 238 858 215 478 903 433 741 991 521 850 324 764 431 469 184
2032 20 8571 309 888 637 650 433 741 469 184 850 324 478 903 991 521 638 321 764 431 205 487 404 717 700 469 493 121 844 655 245 238 358 346 472 896 425 535 858 215 141 964
3032 20 8571 433 741 141 964 858 215 844 655 245 238 991 521 358 346 493 121 404 717 425 535 638 321 309 888 637 650 472 896 478 903 469 184 205 487 850 324 700 469 764 431
4032 20 8571 858 215 433 741 141 964 493 121 844 655 358 346 472 896 205 487 425 535 469 184 764 431 700 469 850 324 245 238 404 717 478 903 637 650 309 888 991 521 638 321
5032 20 8571 638 321 478 903 404 717 309 888 205 487 425 535 493 121 472 896 844 655 700 469 850 324 141 964 991 521 245 238 358 346 637 650 469 184 764 431 858 215 433 741
1033 20 10159 946 231 665 42 160 55 89 826 859 350 807 445 958 182 122 345 755 769 858 396 642 77 374 571 735 653 758 1 997 239 982 780 478 823 30 125 536 708 948 990
2033 20 10159 122 345 755 769 859 350 478 823 89 826 946 231 807 445 30 125 374 571 982 780 958 182 858 396 160 55 735 653 997 239 665 42 758 1 536 708 642 77 948 990
3033 20 10159 642 77 30 125 997 239 982 780 807 445 946 231 958 182 859 350 122 345 665 42 858 396 536 708 735 653 89 826 478 823 755 769 948 990 374 571 758 1 160 55
4033 20 10159 160 55 89 826 30 125 948 990 997 239 807 445 982 780 946 231 758 1 858 396 859 350 374 571 536 708 642 77 958 182 665 42 122 345 478 823 755 769 735 653
5033 20 10159 758 1 30 125 642 77 859 350 858 396 89 826 755 769 665 42 478 823 807 445 160 55 122 345 982 780 374 571 536 708 946 231 735 653 948 990 997 239 958 182
1034 20 9665 445 507 682 463 275 891 587 851 559 266 980 861 905 773 818 177 631 772 650 552 736 145 762 257 422 330 420 647 222 246 375 445 597 543 606 561 924 311 486 392
2034 20 9665 631 772 606 561 597 543 559 266 375 445 736 145 275 891 486 392 420 647 422 330 587 851 222 246 682 463 905 773 980 861 445 507 762 257 650 552 818 177 924 311
3034 20 9665 486 392 818 177 222 246 762 257 559 266 924 311 275 891 980 861 445 507 587 851 597 543 650 552 905 773 606 561 375 445 682 463 631 772 422 330 420 647 736 145
4034 20 9665 980 861 559 266 587 851 818 177 375 445 275 891 420 647 631 772 445 507 606 561 762 257 924 311 486 392 905 773 682 463 736 145 422 330 222 246 650 552 597 543
5034 20 9665 606 561 924 311 762 257 905 773 422 330 631 772 486 392 420 647 587 851 275 891 682 463 375 445 222 246 736 145 818 177 650 552 980 861 559 266 445 507 597 543
1035 20 8300 123 409 100 435 878 224 591 101 847 838 433 783 902 359 312 502 729 817 591 12 943 641 475 545 676 916 214 306 471 893 423 34 661 275 337 289 547 157 122 154
2035 20 8300 475 545 878 224 547 157 591 12 471 893 214 306 337 289 676 916 591 101 902 359 312 502 433 783 423 34 123 409 847 838 122 154 661 275 729 817 943 641 100 435
3035 20 8300 591 12 312 502 847 838 943 641 729 817 661 275 214 306 433 783 676 916 878 224 591 101 100 435 423 34 337 289 475 545 902 359 547 157 471 893 123 409 122 154
4035 20 8300 878 224 676 916 337 289 214 306 312 502 475 545 902 359 847 838 943 641 547 157 471 893 591 101 433 783 729 817 591 12 123 409 100 435 423 34 661 275 122 154
5035 20 8300 847 838 122 154 902 359 878 224 676 916 547 157 433 783 591 101 423 34 100 435 471 893 591 12 661 275 475 545 337 289 214 306 729 817 943 641 312 502 123 409
1036 20 10024 994 900 802 973 480 330 100 757 772 65 615 469 998 766 502 101 95 592 370 796 401 351 990 142 721 709 147 883 928 431 629 747 634 914 918 164 759 783 675 176
2036 20 10024 634 914 990 142 759 783 675 176 629 747 370 796 994 900 918 164 502 101 100 757 147 883 721 709 772 65 95 592 928 431 480 330 802 973 401 351 998 766 615 469
3036 20 10024 480 330 634 914 990 142 629 747 994 900 802 973 918 164 615 469 502 101 147 883 772 65 721 709 928 431 759 783 998 766 370 796 95 592 100 757 675 176 401 351
4036 20 10024 928 431 401 351 370 796 629 747 721 709 615 469 147 883 634 914 100 757 759 783 480 330 990 142 998 766 918 164 994 900 95 592 772 65 502 101 675 176 802 973
5036 20 10024 994 900 401 351 147 883 629 747 615 469 772 65 928 431 802 973 370 796 998 766 634 914 990 142 95 592 480 330 759 783 502 101 100 757 675 176 721 709 918 164
1037 20 7553 808 150 997 949 483 624 83 899 891 666 850 951 133 874 165 99 620 798 436 425 114 661 815 267 484 271 595 865 66 103 265 636 74 971 261 960 476 907 826 89
2037 20 7553 74 971 265 636 165 99 133 874 483 624 484 271 595 865 436 425 114 661 66 103 620 798 808 150 261 960 891 666 850 951 815 267 997 949 83 899 826 89 476 907
3037 20 7553 483 624 74 971 815 267 114 661 997 949 620 798 476 907 595 865 891 666 436 425 265 636 808 150 66 103 826 89 165 99 484 271 261 960 850 951 83 899 133 874
4037 20 7553 165 99 997 949 815 267 483 624 133 874 436 425 265 636 850 951 476 907 620 798 595 865 114 661 66 103 808 150 891 666 83 899 74 971 484 271 261 960 826 89
5037 20 7553 265 636 595 865 476 907 83 899 74 971 850 951 891 666 114 661 483 624 66 103 436 425 261 960 815 267 826 89 808 150 997 949 165 99 484 271 133 874 620 798
1038 20 8626 834 886 768 300 409 199 558 540 74 453 338 375 934 106 718 487 521 5 950 582 352 411 55 234 146 162 961 703 865 576 231 695 801 743 512 136 155 557 601 953
2038 20 8626 409 199 558 540 865 576 74 453 55 234 512 136 950 582 601 953 338 375 934 106 521 5 155 557 801 743 768 300 352 411 718 487 231 695 146 162 834 886 961 703
3038 20 8626 801 743 865 576 521 5 352 411 601 953 146 162 55 234 934 106 834 886 409 199 558 540 961 703 155 557 768 300 950 582 512 136 338 375 231 695 718 487 74 453
4038 20 8626 768 300 801 743 865 576 155 557 352 411 55 234 521 5 718 487 338 375 950 582 934 106 409 199 601 953 834 886 74 453 231 695 961 703 146 162 512 136 558 540
5038 20 8626 55 234 338 375 409 199 961 703 601 953 718 487 155 557 74 453 768 300 146 162 512 136 231 695 950 582 801 743 834 886 934 106 558 540 352 411 521 5 865 576
1039 20 10135 873 774 502 6 977 694 941 671 405 131 596 18 394 763 786 790 209 338 813 540 965 642 711 597 965 501 210 547 241 31 451 550 962 186 536 976 275 70 857 235
2039 20 10135 241 31 941 671 536 976 502 6 451 550 275 70 873 774 813 540 711 597 962 186 965 501 405 131 209 338 210 547 977 694 786 790 965 642 857 235 394 763 596 18
3039 20 10135 451 550 275 70 962 186 536 976 502 6 711 597 209 338 977 694 786 790 857 235 965 642 813 540 210 547 405 131 941 671 596 18 394 763 241 31 965 501 873 774
4039 20 10135 275 70 965 642 965 501 977 694 711 597 241 31 857 235 405 131 786 790 209 338 873 774 536 976 813 540 941 671 502 6 394 763 451 550 210 547 962 186 596 18
5039 20 10135 977 694 502 6 241 31 962 186 405 131 711 597 965 642 275 70 536 976 941 671 596 18 965 501 873 774 210 547 394 763 857 235 813 540 209 338 451 550 786 790
1040 20 8120 349 904 799 537 447 569 674 808 606 759 368 935 418 629 824 616 567 837 420 941 487 39 178 403 648 996 788 134 620 698 884 779 296 876 394 67 96 693 287 947
2040 20 8120 674 808 884 779 96 693 394 67 648 996 418 629 620 698 788 134 349 904 447 569 178 403 296 876 567 837 606 759 487 39 824 616 287 947 799 537 368 935 420 941
3040 20 8120 349 904 648 996 884 779 287 947 799 537 296 876 96 693 394 67 824 616 487 39 788 134 620 698 420 941 606 759 178 403 418 629 447 569 368 935 674 808 567 837
4040 20 8120 799 537 674 808 487 39 420 941 788 134 178 403 648 996 349 904 447 569 287 947 368 935 567 837 620 698 296 876 884 779 394 67 606 759 824 616 96 693 418 629
5040 20 8120 799 537 96 693 287 947 447 569 296 876 418 629 178 403 824 616 368 935 394 67 606 759 620 698 349 904 674 808 788 134 884 779 648 996 567 837 487 39 420 941
1041 20 10411 954 23 881 98 786 735 226 147 785 810 164 932 559 311 550 710 524 299 663 101 383 442 906 512 545 247 726 399 565 124 969 279 797 903 696 760 815 408 520 432
2041 20 10411 565 124 881 98 969 279 786 735 559 311 696 760 164 932 383 442 550 710 520 432 785 810 906 512 797 903 663 101 954 23 815 408 524 299 726 399 545 247 226 147
3041 20 10411 663 101 696 760 550 710 785 810 906 512 726 399 815 408 545 247 969 279 226 147 383 442 524 299 786 735 565 124 881 98 164 932 954 23 559 311 797 903 520 432
4041 20 10411 785 810 559 311 797 903 565 124 226 147 786 735 164 932 383 442 969 279 524 299 906 512 663 101 520 432 545 247 815 408 696 760 550 710 726 399 954 23 881 98
5041 20 10411 954 23 164 932 550 710 663 101 565 124 815 408 524 299 559 311 696 760 797 903 785 810 969 279 226 147 726 399 545 247 520 432 881 98 786 735 383 442 906 512
1042 20 9344 324 160 401 140 424 271 700 116 648 519 790 302 802 128 401 570 231 663 951 83 653 231 960 80 466 477 866 723 459 233 615 134 459 824 730 342 490 644 310 601
2042 20 9344 615 134 324 160 790 302 401 140 960 80 866 723 310 601 653 231 466 477 730 342 802 128 490 644 459 233 459 824 951 83 424 271 401 570 231 663 700 116 648 519
3042 20 9344 401 570 615 134 730 342 700 116 459 824 424 271 466 477 310 601 951 83 960 80 648 519 324 160 231 663 802 128 459 233 653 231 790 302 866 723 490 644 401 140
4042 20 9344 802 128 653 231 730 342 401 570 790 302 310 601 960 80 866 723 324 160 231 663 615 134 424 271 459 233 401 140 466 477 490 644 700 116 648 519 459 824 951 83
5042 20 9344 866 723 466 477 401 570 231 663 310 601 648 519 401 140 951 83 424 271 730 342 960 80 790 302 324 160 615 134 459 824 802 128 700 116 490 644 653 231 459 233
1043 20 10248 610 979 328 656 728 368 694 3 600 123 469 129 911 144 974 41 252 383 773 800 286 319 991 285 788 69 245 958 473 681 711 172 615 950 738 55 786 309 839 905
2043 20 10248 469 129 694 3 328 656 991 285 974 41 786 309 473 681 738 55 711 172 615 950 245 958 610 979 839 905 773 800 728 368 911 144 788 69 252 383 286 319 600 123
3043 20 10248 694 3 610 979 728 368 252 383 286 319 328 656 911 144 788 69 615 950 773 800 839 905 974 41 738 55 991 285 711 172 786 309 245 958 473 681 600 123 469 129
4043 20 10248 694 3 286 319 610 979 473 681 786 309 252 383 839 905 788 69 600 123 615 950 738 55 245 958 728 368 711 172 974 41 773 800 991 285 911 144 328 656 469 129
5043 20 10248 728 368 600 123 773 800 738 55 610 979 788 69 974 41 469 129 911 144 245 958 786 309 252 383 286 319 839 905 615 950 991 285 328 656 473 681 694 3 711 172
1044 20 7353 698 678 274 658 37 784 180 985 777 494 578 1000 125 748 789 224 122 797 459 113 796 730 669 956 113 792 710 48 434 485 81 263 822 156 425 238 865 578 238 3
2044 20 7353 789 224 434 485 125 748 669 956 274 658 777 494 425 238 113 792 238 3 180 985 698 678 796 730 578 1000 81 263 822 156 37 784 459 113 865 578 122 797 710 48
3044 20 7353 459 113 238 3 37 784 669 956 122 797 425 238 113 792 434 485 274 658 578 1000 777 494 125 748 180 985 710 48 822 156 81 263 796 730 865 578 789 224 698 678
4044 20 7353 710 48 865 578 698 678 274 658 669 956 434 485 459 113 125 748 578 1000 37 784 122 797 425 238 180 985 777 494 796 730 789 224 81 263 822 156 238 3 113 792
5044 20 7353 37 784 113 792 669 956 698 678 180 985 710 48 578 1000 822 156 434 485 777 494 274 658 238 3 459 113 796 730 125 748 81 263 122 797 865 578 425 238 789 224
1045 20 8804 690 550 778 754 859 858 237 550 197 765 448 308 514 757 343 204 565 824 779 217 729 50 162 503 270 33 996 975 571 164 370 336 765 384 760 622 694 915 278 838
2045 20 8804 514 757 694 915 197 765 996 975 270 33 690 550 571 164 565 824 237 550 760 622 343 204 779 217 778 754 370 336 765 384 729 50 278 838 162 503 859 858 448 308
3045 20 8804 690 550 765 384 729 50 514 757 859 858 270 33 760 622 778 754 571 164 694 915 370 336 343 204 197 765 565 824 278 838 237 550 448 308 996 975 162 503 779 217
4045 20 8804 729 50 778 754 565 824 278 838 859 858 370 336 448 308 197 765 694 915 571 164 996 975 779 217 343 204 765 384 514 757 237 550 760 622 162 503 690 550 270 33
5045 20 8804 565 824 779 217 778 754 571 164 765 384 448 308 859 858 690 550 197 765 760 622 370 336 162 503 694 915 278 838 996 975 270 33 514 757 237 550 729 50 343 204
1046 20 9991 598 840 902 974 325 982 779 901 673 919 781 912 676 857 505 510 798 713 635 455 236 802 75 893 110 680 433 597 757 445 808 966 920 937 873 815 967 957 638 537
2046 20 9991 967 957 808 966 110 680 325 982 902 974 798 713 433 597 757 445 873 815 635 455 676 857 638 537 920 937 673 919 779 901 598 840 781 912 75 893 505 510 236 802
3046 20 9991 757 445 638 537 798 713 967 957 808 966 920 937 781 912 598 840 505 510 110 680 902 974 635 455 433 597 75 893 873 815 236 802 779 901 325 982 676 857 673 919
4046 20 9991 638 537 75 893 902 974 433 597 920 937 781 912 798 713 505 510 808 966 598 840 873 815 779 901 676 857 325 982 673 919 967 957 236 802 110 680 635 455 757 445
5046 20 9991 236 802 902 974 781 912 920 937 505 510 873 815 808 966 325 982 635 455 75 893 798 713 676 857 757 445 433 597 673 919 779 901 638 537 598 840 110 680 967 957
1047 20 9287 866 867 944 291 899 199 556 731 431 571 48 831 804 509 155 766 278 421 47 6 827 462 377 817 420 738 767 677 804 736 852 256 719 873 535 763 910 256 370 720
2047 20 9287 804 736 377 817 370 720 420 738 278 421 535 763 155 766 852 256 47 6 48 831 719 873 944 291 804 509 910 256 767 677 899 199 431 571 866 867 556 731 827 462
3047 20 9287 377 817 48 831 535 763 852 256 420 738 910 256 866 867 556 731 278 421 767 677 431 571 804 509 47 6 899 199 944 291 804 736 370 720 155 766 827 462 719 873
4047 20 9287 47 6 535 763 767 677 852 256 910 256 866 867 377 817 48 831 556 731 155 766 370 720 804 736 719 873 899 199 420 738 431 571 804 509 827 462 944 291 278 421
5047 20 9287 719 873 910 256 827 462 899 199 804 509 377 817 420 738 852 256 866 867 278 421 535 763 804 736 47 6 556 731 370 720 48 831 155 766 944 291 767 677 431 571
1048 20 9580 829 506 906 948 462 899 403 203 475 645 805 137 603 148 752 354 901 330 211 605 201 316 847 379 53 960 240 160 600 107 435 485 667 948 814 713 913 112 859 802
2048 20 9580 906 948 667 948 859 802 600 107 435 485 814 713 211 605 752 354 240 160 475 645 403 203 201 316 829 506 901 330 603 148 462 899 805 137 913 112 847 379 53 960
3048 20 9580 814 713 805 137 211 605 53 960 906 948 859 802 667 948 600 107 847 379 913 112 462 899 435 485 403 203 475 645 201 316 603 148 752 354 240 160 901 330 829 506
4048 20 9580 913 112 475 645 901 330 805 137 462 899 906 948 201 316 211 605 240 160 752 354 814 713 847 379 53 960 435 485 403 203 603 148 667 948 829 506 600 107 859 802
5048 20 9580 906 948 859 802 913 112 814 713 901 330 752 354 53 960 240 160 201 316 805 137 435 485 667 948 600 107 603 148 211 605 403 203 475 645 829 506 847 379 462 899
1049 20 11734 974 274 848 595 970 442 667 810 842 566 937 365 410 151 472 748 799 788 632 189 750 431 930 4 962 235 799 459 139 942 939 324 871 872 407 393 425 570 895 534
2049 20 11734 871 872 937 365 139 942 425 570 410 151 962 235 750 431 799 788 895 534 407 393 842 566 472 748 848 595 799 459 970 442 632 189 930 4 667 810 974 274 939 324
3049 20 11734 871 872 410 151 799 788 407 393 962 235 842 566 472 748 974 274 667 810 848 595 939 324 937 365 632 189 799 459 930 4 895 534 425 570 750 431 139 942 970 442
4049 20 11734 410 151 974 274 799 788 842 566 407 393 848 595 799 459 632 189 937 365 939 324 425 570 750 431 667 810 962 235 472 748 871 872 970 442 895 534 930 4 139 942
5049 20 11734 407 393 632 189 410 151 937 365 842 566 139 942 974 274 472 748 930 4 750 431 895 534 799 788 667 810 939 324 962 235 425 570 871 872 799 459 970 442 848 595
1050 20 9004 372 455 511 303 973 394 803 882 200 909 257 389 570 915 161 184 801 236 900 799 899 611 517 237 980 23 47 870 664 65 52 136 731 186 86 587 798 533 934 328
2050 20 9004 52 136 801 236 257 389 517 237 664 65 200 909 570 915 798 533 511 303 372 455 934 328 899 611 47 870 731 186 980 23 86 587 973 394 803 882 900 799 161 184
3050 20 9004 803 882 200 909 934 328 47 870 570 915 161 184 664 65 517 237 257 389 372 455 52 136 731 186 980 23 900 799 86 587 511 303 801 236 899 611 798 533 973 394
4050 20 9004 511 303 899 611 257 389 973 394 980 23 200 909 934 328 47 870 372 455 86 587 570 915 161 184 803 882 798 533 801 236 52 136 731 186 517 237 664 65 900 799
5050 20 9004 517 237 372 455 798 533 731 186 161 184 980 23 899 611 973 394 52 136 900 799 803 882 257 389 86 587 570 915 200 909 511 303 47 870 934 328 664 65 801 236
1051 20 10446 706 488 471 665 534 919 421 158 997 346 559 881 784 220 817 493 172 526 805 401 966 434 998 412 838 229 929 734 747 941 225 621 588 894 757 578 233 282 511 635
2051 20 10446 805 401 838 229 784 220 471 665 966 434 817 493 421 158 747 941 172 526 511 635 588 894 559 881 757 578 998 412 225 621 929 734 997 346 534 919 233 282 706 488
3051 20 10446 929 734 805 401 225 621 534 919 997 346 966 434 706 488 172 526 511 635 757 578 838 229 817 493 421 158 471 665 784 220 233 282 559 881 588 894 998 412 747 941
4051 20 10446 747 941 471 665 966 434 817 493 838 229 225 621 588 894 706 488 511 635 172 526 233 282 805 401 784 220 997 346 534 919 757 578 998 412 929 734 421 158 559 881
5051 20 10446 225 621 966 434 421 158 805 401 997 346 559 881 706 488 511 635 172 526 998 412 929 734 817 493 747 941 588 894 233 282 471 665 784 220 534 919 757 578 838 229
1052 20 10278 684 52 796 273 794 474 902 610 766 781 648 446 772 278 668 635 889 712 815 988 127 476 78 124 687 60 693 848 624 656 973 254 298 342 861 613 518 251 255 876
2052 20 10278 684 52 796 273 861 613 298 342 766 781 815 988 687 60 78 124 772 278 693 848 648 446 127 476 794 474 518 251 624 656 889 712 668 635 973 254 255 876 902 610
3052 20 10278 889 712 796 273 298 342 794 474 255 876 861 613 687 60 693 848 902 610 624 656 684 52 772 278 648 446 973 254 815 988 766 781 518 251 668 635 127 476 78 124
4052 20 10278 127 476 687 60 861 613 78 124 815 988 255 876 648 446 693 848 889 712 902 610 668 635 772 278 973 254 518 251 684 52 298 342 796 273 794 474 766 781 624 656
5052 20 10278 518 251 889 712 684 52 815 988 796 273 794 474 648 446 902 610 255 876 687 60 127 476 668 635 693 848 861 613 772 278 78 124 766 781 973 254 624 656 298 342
1053 20 10615 373 456 345 806 947 267 550 125 749 724 181 494 859 164 709 402 379 395 502 612 733 291 731 421 620 500 895 660 694 1000 949 190 434 371 852 614 986 544 781 119
2053 20 10615 949 190 550 125 731 421 709 402 986 544 694 1000 502 612 859 164 895 660 345 806 852 614 749 724 373 456 947 267 434 371 781 119 181 494 379 395 733 291 620 500
3053 20 10615 181 494 379 395 620 500 781 119 895 660 749 724 947 267 345 806 434 371 694 1000 852 614 731 421 709 402 502 612 859 164 733 291 373 456 986 544 550 125 949 190
4053 20 10615 895 660 373 456 550 125 181 494 502 612 434 371 731 421 345 806 949 190 749 724 986 544 694 1000 859 164 852 614 379 395 781 119 947 267 620 500 709 402 733 291
5053 20 10615 947 267 986 544 502 612 550 125 859 164 749 724 379 395 620 500 733 291 949 190 694 1000 852 614 731 421 373 456 434 371 345 806 181 494 895 660 781 119 709 402
1054 20 8906 486 556 318 928 850 245 894 834 234 148 883 732 296 832 638 267 154 503 766 979 276 680 965 305 374 395 79 111 759 826 143 227 937 49 529 873 656 369 896 195
2054 20 8906 318 928 374 395 486 556 766 979 276 680 529 873 850 245 143 227 759 826 937 49 896 195 638 267 894 834 234 148 296 832 883 732 154 503 656 369 79 111 965 305
3054 20 8906 850 245 234 148 638 267 486 556 965 305 276 680 79 111 529 873 656 369 143 227 894 834 937 49 766 979 896 195 883 732 296 832 154 503 318 928 759 826 374 395
4054 20 8906 894 834 656 369 638 267 143 227 965 305 759 826 883 732 276 680 374 395 850 245 154 503 766 979 296 832 896 195 79 111 937 49 529 873 318 928 486 556 234 148
5054 20 8906 894 834 656 369 234 148 529 873 965 305 638 267 154 503 937 49 883 732 374 395 79 111 296 832 896 195 850 245 759 826 766 979 486 556 318 928 276 680 143 227
1055 20 8596 95 277 648 186 81 197 288 559 900 903 140 168 497 583 903 258 115 659 341 425 451 518 843 444 555 611 771 130 840 491 694 356 787 686 299 321 707 125 791 569
2055 20 8596 288 559 555 611 707 125 900 903 451 518 81 197 694 356 648 186 791 569 843 444 140 168 497 583 341 425 115 659 95 277 840 491 903 258 771 130 787 686 299 321
3055 20 8596 787 686 288 559 707 125 299 321 341 425 451 518 771 130 497 583 694 356 555 611 115 659 140 168 95 277 843 444 81 197 648 186 791 569 840 491 900 903 903 258
4055 20 8596 451 518 288 559 843 444 341 425 115 659 791 569 299 321 900 903 81 197 903 258 694 356 95 277 840 491 787 686 771 130 140 168 648 186 707 125 497 583 555 611
5055 20 8596 787 686 288 559 555 611 95 277 900 903 694 356 451 518 497 583 843 444 840 491 648 186 115 659 707 125 140 168 299 321 81 197 903 258 791 569 341 425 771 130
1056 20 10791 800 361 570 265 438 766 549 218 965 365 947 288 917 650 887 978 360 389 943 375 236 799 537 778 743 110 505 622 648 821 941 580 338 132 855 558 952 52 358 939
2056 20 10791 947 288 338 132 358 939 360 389 952 52 917 650 570 265 887 978 505 622 743 110 941 580 537 778 549 218 855 558 965 365 800 361 943 375 438 766 236 799 648 821
3056 20 10791 648 821 360 389 338 132 965 365 952 52 917 650 537 778 505 622 570 265 438 766 943 375 941 580 947 288 743 110 358 939 855 558 549 218 800 361 887 978 236 799
4056 20 10791 648 821 360 389 743 110 941 580 438 766 338 132 549 218 855 558 943 375 965 365 236 799 947 288 358 939 570 265 887 978 800 361 917 650 505 622 952 52 537 778
5056 20 10791 947 288 549 218 505 622 941 580 965 365 648 821 438 766 360 389 236 799 887 978 570 265 338 132 943 375 537 778 358 939 917 650 743 110 855 558 952 52 800 361
1057 20 6523 715 996 9 639 425 87 189 214 580 832 237 253 89 95 85 67 77 786 449 89 806 408 379 560 205 432 128 850 633 820 257 117 707 976 814 177 754 689 616 377
2057 20 6523 9 639 633 820 616 377 449 89 814 177 425 87 205 432 257 117 754 689 806 408 237 253 89 95 128 850 85 67 707 976 189 214 580 832 715 996 77 786 379 560
3057 20 6523 616 377 707 976 425 87 257 117 580 832 89 95 9 639 806 408 237 253 379 560 85 67 189 214 715 996 633 820 449 89 128 850 77 786 754 689 814 177 205 432
4057 20 6523 85 67 189 214 9 639 814 177 580 832 715 996 128 850 806 408 449 89 257 117 616 377 425 87 707 976 89 95 379 560 237 253 633 820 77 786 754 689 205 432
5057 20 6523 633 820 379 560 616 377 205 432 715 996 580 832 806 408 77 786 257 117 89 95 449 89 128 850 814 177 237 253 425 87 85 67 189 214 754 689 707 976 9 639
1058 20 9392 828 70 433 64 209 426 423 257 810 901 360 817 568 92 690 69 878 762 772 80 603 887 939 642 476 187 519 945 778 782 606 170 902 858 168 801 571 726 207 216
2058 20 9392 519 945 433 64 360 817 810 901 476 187 828 70 778 782 772 80 603 887 209 426 939 642 571 726 168 801 690 69 606 170 207 216 423 257 568 92 902 858 878 762
3058 20 9392 690 69 810 901 519 945 207 216 778 782 476 187 939 642 902 858 168 801 209 426 423 257 571 726 828 70 772 80 360 817 878 762 568 92 606 170 603 887 433 64
4058 20 9392 207 216 878 762 606 170 568 92 433 64 902 858 690 69 810 901 168 801 828 70 476 187 939 642 571 726 772 80 360 817 778 782 209 426 519 945 603 887 423 257
5058 20 9392 690 69 810 901 939 642 423 257 902 858 476 187 207 216 168 801 828 70 360 817 772 80 433 64 519 945 878 762 606 170 603 887 571 726 568 92 778 782 209 426
1059 20 9982 552 449 219 420 644 346 805 121 999 838 613 273 819 690 546 337 90 732 931 464 96 478 581 210 704 263 963 765 574 349 530 85 984 461 461 926 676 698 691 837
2059 20 9982 546 337 984 461 581 210 90 732 819 690 461 926 691 837 530 85 574 349 704 263 963 765 552 449 644 346 676 698 931 464 613 273 96 478 999 838 805 121 219 420
3059 20 9982 819 690 984 461 581 210 96 478 676 698 931 464 530 85 90 732 546 337 704 263 552 449 999 838 805 121 219 420 691 837 574 349 644 346 963 765 613 273 461 926
4059 20 9982 963 765 96 478 676 698 704 263 530 85 90 732 999 838 546 337 805 121 574 349 613 273 461 926 644 346 581 210 931 464 552 449 691 837 219 420 819 690 984 461
5059 20 9982 461 926 691 837 999 838 644 346 963 765 96 478 805 121 581 210 552 449 90 732 219 420 931 464 546 337 613 273 984 461 704 263 530 85 574 349 676 698 819 690
1060 20 8674 916 311 506 75 290 921 967 579 846 685 241 6 681 395 179 357 406 727 919 468 83 404 400 374 112 331 785 933 100 95 451 114 584 361 978 385 652 37 747 943
2060 20 8674 100 95 846 685 584 361 506 75 112 331 919 468 978 385 179 357 406 727 241 6 400 374 681 395 652 37 451 114 290 921 916 311 83 404 967 579 747 943 785 933
3060 20 8674 400 374 406 727 681 395 179 357 785 933 241 6 919 468 652 37 112 331 451 114 506 75 747 943 846 685 83 404 100 95 916 311 967 579 290 921 584 361 978 385
4060 20 8674 112 331 785 933 916 311 290 921 846 685 747 943 506 75 451 114 681 395 967 579 241 6 406 727 100 95 652 37 584 361 400 374 179 357 919 468 83 404 978 385
5060 20 8674 919 468 241 6 400 374 785 933 681 395 846 685 83 404 451 114 747 943 406 727 978 385 112 331 584 361 179 357 290 921 967 579 652 37 100 95 506 75 916 311
1061 20 8729 467 957 659 31 344 235 611 446 845 846 360 714 770 476 408 511 888 787 236 119 429 758 730 267 183 439 554 299 370 571 878 540 313 999 914 566 171 287 782 831
2061 20 8729 554 299 344 235 845 846 236 119 408 511 429 758 467 957 888 787 659 31 878 540 730 267 914 566 313 999 611 446 183 439 370 571 360 714 171 287 782 831 770 476
3061 20 8729 845 846 408 511 171 287 888 787 236 119 611 446 878 540 659 31 370 571 344 235 914 566 313 999 183 439 360 714 429 758 782 831 730 267 554 299 770 476 467 957
4061 20 8729 554 299 344 235 370 571 360 714 408 511 782 831 236 119 313 999 730 267 659 31 171 287 429 758 845 846 467 957 611 446 770 476 888 787 914 566 183 439 878 540
5061 20 8729 467 957 408 511 659 31 845 846 782 831 770 476 313 999 888 787 554 299 360 714 611 446 183 439 370 571 878 540 171 287 914 566 236 119 344 235 730 267 429 758
1062 20 8369 886 532 873 992 697 943 49 684 169 973 263 841 553 973 894 487 510 790 417 816 455 403 672 469 770 313 990 878 201 945 247 970 244 747 983 518 443 151 146 16
2062 20 8369 672 469 169 973 244 747 990 878 697 943 247 970 510 790 417 816 894 487 770 313 886 532 455 403 983 518 443 151 146 16 553 973 201 945 873 992 49 684 263 841
3062 20 8369 553 973 443 151 873 992 244 747 894 487 983 518 201 945 455 403 672 469 169 973 146 16 263 841 990 878 49 684 886 532 510 790 247 970 770 313 697 943 417 816
4062 20 8369 146 16 201 945 455 403 263 841 873 992 770 313 697 943 983 518 417 816 990 878 443 151 510 790 169 973 553 973 886 532 49 684 244 747 672 469 894 487 247 970
5062 20 8369 146 16 697 943 770 313 201 945 894 487 455 403 886 532 983 518 417 816 49 684 247 970 553 973 990 878 244 747 873 992 169 973 672 469 443 151 510 790 263 841
1063 20 9572 399 792 578 909 767 879 391 463 583 915 781 84 631 798 842 801 806 949 580 279 762 965 84 319 932 581 335 485 617 548 144 25 649 505 437 687 690 644 958 118
2063 20 9572 391 463 932 581 631 798 335 485 84 319 690 644 399 792 958 118 583 915 144 25 842 801 580 279 762 965 806 949 781 84 767 879 578 909 437 687 617 548 649 505
3063 20 9572 578 909 690 644 842 801 144 25 580 279 762 965 617 548 391 463 781 84 583 915 649 505 767 879 335 485 84 319 958 118 806 949 631 798 437 687 399 792 932 581
4063 20 9572 767 879 617 548 391 463 958 118 781 84 842 801 144 25 578 909 437 687 932 581 806 949 762 965 335 485 580 279 690 644 84 319 399 792 583 915 631 798 649 505
5063 20 9572 690 644 580 279 578 909 649 505 617 548 335 485 842 801 932 581 399 792 958 118 781 84 583 915 806 949 767 879 144 25 631 798 84 319 437 687 391 463 762 965
1064 20 9235 656 29 102 632 799 597 621 234 916 60 866 40 529 949 702 51 554 574 977 617 919 197 458 351 758 38 433 872 456 95 400 302 810 305 238 521 252 654 98 494
2064 20 9235 702 51 799 597 916 60 456 95 866 40 656 29 252 654 810 305 919 197 98 494 458 351 102 632 433 872 621 234 554 574 238 521 400 302 977 617 758 38 529 949
3064 20 9235 458 351 866 40 456 95 799 597 758 38 977 617 98 494 810 305 919 197 238 521 252 654 621 234 702 51 102 632 433 872 529 949 554 574 656 29 916 60 400 302
4064 20 9235 458 351 799 597 433 872 621 234 758 38 102 632 252 654 456 95 919 197 866 40 656 29 529 949 702 51 400 302 810 305 238 521 98 494 554 574 977 617 916 60
5064 20 9235 758 38 238 521 458 351 554 574 529 949 866 40 98 494 916 60 621 234 977 617 919 197 810 305 799 597 656 29 252 654 400 302 456 95 433 872 102 632 702 51
1065 20 9388 854 202 489 711 106 924 774 366 670 809 174 237 551 911 665 323 707 408 584 378 528 516 856 394 858 834 225 961 658 968 619 115 420 889 591 544 760 619 647 194
2065 20 9388 619 115 528 516 551 911 670 809 591 544 489 711 106 924 584 378 760 619 707 408 856 394 420 889 854 202 665 323 658 968 225 961 858 834 774 366 174 237 647 194
3065 20 9388 619 115 858 834 670 809 106 924 760 619 647 194 707 408 665 323 854 202 420 889 489 711 856 394 658 968 591 544 174 237 551 911 774 366 225 961 584 378 528 516
4065 20 9388 858 834 774 366 584 378 225 961 591 544 551 911 665 323 106 924 420 889 856 394 174 237 489 711 647 194 528 516 760 619 619 115 707 408 854 202 670 809 658 968
5065 20 9388 591 544 619 115 174 237 489 711 665 323 856 394 760 619 551 911 528 516 420 889 106 924 658 968 854 202 584 378 670 809 647 194 774 366 225 961 858 834 707 408
1066 20 8947 755 306 446 505 961 750 552 24 919 612 479 523 323 959 218 65 993 323 513 591 466 131 870 239 912 602 614 356 499 914 44 456 442 832 201 92 492 63 485 957
2066 20 8947 44 456 961 750 513 591 492 63 755 306 552 24 919 612 912 602 993 323 446 505 201 92 485 957 218 65 479 523 466 131 870 239 499 914 323 959 442 832 614 356
3066 20 8947 201 92 218 65 323 959 485 957 466 131 912 602 44 456 755 306 479 523 870 239 492 63 961 750 919 612 446 505 499 914 442 832 614 356 513 591 993 323 552 24
4066 20 8947 755 306 492 63 614 356 552 24 201 92 919 612 912 602 513 591 44 456 961 750 499 914 442 832 479 523 323 959 870 239 218 65 993 323 485 957 446 505 466 131
5066 20 8947 919 612 323 959 201 92 446 505 442 832 912 602 870 239 993 323 466 131 479 523 961 750 485 957 755 306 513 591 552 24 614 356 492 63 499 914 218 65 44 456
1067 20 8498 691 653 404 76 662 510 404 402 210 76 206 260 935 617 153 743 985 296 503 951 631 286 768 984 146 47 85 997 891 420 995 668 588 112 193 163 222 479 951 954
2067 20 8498 662 510 404 76 85 997 222 479 146 47 768 984 985 296 588 112 951 954 206 260 404 402 631 286 210 76 193 163 995 668 153 743 935 617 503 951 691 653 891 420
3067 20 8498 210 76 951 954 193 163 768 984 985 296 503 951 206 260 588 112 85 997 691 653 222 479 153 743 995 668 662 510 935 617 891 420 404 76 146 47 404 402 631 286
4067 20 8498 206 260 404 76 995 668 588 112 210 76 935 617 768 984 985 296 662 510 146 47 404 402 891 420 503 951 631 286 193 163 691 653 951 954 153 743 222 479 85 997
5067 20 8498 404 402 662 510 153 743 210 76 222 479 631 286 193 163 588 112 768 984 691 653 935 617 404 76 503 951 206 260 985 296 146 47 995 668 891 420 951 954 85 997
1068 20 9730 490 342 510 846 798 315 477 450 942 612 823 914 549 703 489 741 687 719 517 398 919 965 892 266 487 18 407 505 272 653 928 682 544 936 95 758 661 987 676 963
2068 20 9730 95 758 487 18 510 846 676 963 517 398 919 965 687 719 661 987 549 703 942 612 823 914 892 266 798 315 477 450 544 936 928 682 489 741 490 342 407 505 272 653
3068 20 9730 517 398 95 758 892 266 510 846 661 987 544 936 942 612 919 965 687 719 477 450 823 914 489 741 549 703 928 682 272 653 487 18 407 505 798 315 676 963 490 342
4068 20 9730 490 342 942 612 272 653 798 315 95 758 544 936 823 914 928 682 549 703 487 18 687 719 661 987 676 963 489 741 517 398 919 965 407 505 892 266 477 450 510 846
5068 20 9730 490 342 477 450 928 682 823 914 510 846 661 987 676 963 549 703 798 315 687 719 892 266 919 965 407 505 517 398 272 653 544 936 487 18 489 741 942 612 95 758
1069 20 7950 978 530 821 993 183 370 85 771 836 968 52 389 692 595 144 895 950 906 402 164 733 240 759 905 302 27 524 580 620 909 23 643 277 575 109 695 769 489 679 424
2069 20 7950 978 530 836 968 302 27 144 895 769 489 692 595 277 575 733 240 183 370 759 905 52 389 821 993 620 909 679 424 23 643 109 695 85 771 524 580 950 906 402 164
3069 20 7950 759 905 52 389 679 424 950 906 978 530 144 895 836 968 692 595 302 27 23 643 821 993 277 575 524 580 109 695 620 909 402 164 183 370 733 240 769 489 85 771
4069 20 7950 85 771 769 489 836 968 759 905 978 530 52 389 620 909 144 895 821 993 277 575 402 164 524 580 692 595 950 906 733 240 23 643 679 424 109 695 302 27 183 370
5069 20 7950 950 906 524 580 109 695 52 389 277 575 978 530 692 595 759 905 183 370 769 489 733 240 144 895 836 968 302 27 679 424 821 993 402 164 23 643 85 771 620 909
1070 20 9225 384 723 148 691 242 578 203 292 445 182 970 630 894 532 835 975 549 264 402 936 378 753 413 328 975 842 707 938 541 74 712 531 946 202 177 764 952 340 659 565
2070 20 9225 541 74 378 753 148 691 975 842 402 936 203 292 707 938 970 630 946 202 952 340 177 764 413 328 659 565 242 578 712 531 384 723 894 532 549 264 445 182 835 975
3070 20 9225 445 182 712 531 378 753 541 74 659 565 148 691 413 328 946 202 970 630 242 578 203 292 975 842 707 938 894 532 549 264 952 340 402 936 835 975 177 764 384 723
4070 20 9225 242 578 148 691 707 938 177 764 946 202 975 842 549 264 378 753 384 723 402 936 835 975 541 74 445 182 894 532 970 630 712 531 659 565 203 292 413 328 952 340
5070 20 9225 413 328 970 630 659 565 384 723 707 938 549 264 975 842 894 532 952 340 177 764 203 292 946 202 242 578 148 691 402 936 541 74 378 753 445 182 712 531 835 975
1071 20 9583 966 30 412 620 644 795 717 773 632 171 773 272 764 396 468 842 991 121 424 219 101 902 186 532 815 468 205 145 146 367 622 327 728 804 957 45 555 199 873 110
2071 20 9583 101 902 186 532 632 171 966 30 991 121 773 272 873 110 205 145 728 804 764 396 424 219 957 45 622 327 412 620 146 367 815 468 468 842 644 795 555 199 717 773
3071 20 9583 101 902 773 272 146 367 632 171 412 620 764 396 966 30 468 842 186 532 815 468 644 795 205 145 622 327 991 121 728 804 717 773 424 219 873 110 957 45 555 199
4071 20 9583 773 272 815 468 146 367 644 795 717 773 424 219 101 902 205 145 764 396 555 199 957 45 622 327 991 121 728 804 873 110 186 532 412 620 632 171 966 30 468 842
5071 20 9583 424 219 815 468 644 795 412 620 468 842 873 110 186 532 622 327 966 30 632 171 728 804 205 145 957 45 773 272 101 902 717 773 146 367 764 396 555 199 991 121
1072 20 8270 324 533 362 525 591 681 52 970 705 917 883 593 652 302 529 743 180 235 488 370 620 336 729 144 22 143 510 291 276 766 950 380 533 129 853 991 563 822 516 522
2072 20 8270 591 681 52 970 652 302 950 380 705 917 516 522 883 593 362 525 488 370 510 291 22 143 529 743 563 822 853 991 276 766 180 235 620 336 324 533 533 129 729 144
3072 20 8270 591 681 488 370 529 743 705 917 324 533 180 235 563 822 620 336 22 143 533 129 853 991 729 144 652 302 362 525 276 766 510 291 883 593 516 522 950 380 52 970
4072 20 8270 950 380 652 302 362 525 22 143 488 370 705 917 729 144 276 766 510 291 853 991 516 522 180 235 324 533 529 743 883 593 533 129 52 970 620 336 591 681 563 822
5072 20 8270 362 525 853 991 705 917 652 302 529 743 533 129 52 970 510 291 180 235 620 336 563 822 516 522 950 380 276 766 22 143 591 681 883 593 324 533 729 144 488 370
1073 20 9265 302 207 339 652 749 1 627 35 499 857 884 801 811 577 69 57 360 180 929 920 387 355 263 74 594 799 992 570 489 249 141 731 749 533 909 823 621 86 868 144
2073 20 9265 387 355 489 249 868 144 499 857 909 823 594 799 263 74 749 533 141 731 302 207 621 86 749 1 884 801 811 577 929 920 627 35 339 652 992 570 69 57 360 180
3073 20 9265 749 533 868 144 909 823 627 35 387 355 360 180 594 799 489 249 811 577 992 570 302 207 621 86 263 74 929 920 141 731 69 57 749 1 339 652 499 857 884 801
4073 20 9265 69 57 263 74 594 799 387 355 749 1 339 652 929 920 992 570 909 823 302 207 489 249 811 577 499 857 360 180 621 86 627 35 141 731 749 533 884 801 868 144
5073 20 9265 387 355 621 86 868 144 141 731 929 920 909 823 302 207 627 35 499 857 489 249 884 801 594 799 339 652 811 577 749 1 69 57 360 180 749 533 992 570 263 74
1074 20 8780 956 255 156 392 284 836 500 501 357 613 719 186 979 221 62 253 881 456 383 270 646 498 960 415 333 686 577 896 939 871 515 438 374 491 369 825 674 363 312 914
2074 20 8780 284 836 500 501 333 686 357 613 960 415 939 871 719 186 674 363 979 221 369 825 515 438 577 896 374 491 383 270 646 498 956 255 312 914 156 392 62 253 881 456
3074 20 8780 312 914 156 392 939 871 577 896 284 836 383 270 62 253 369 825 719 186 646 498 374 491 881 456 500 501 960 415 515 438 674 363 357 613 956 255 333 686 979 221
4074 20 8780 577 896 881 456 939 871 374 491 500 501 369 825 719 186 979 221 312 914 515 438 674 363 333 686 646 498 383 270 284 836 357 613 960 415 62 253 956 255 156 392
5074 20 8780 939 871 374 491 577 896 646 498 500 501 284 836 333 686 956 255 312 914 674 363 156 392 383 270 719 186 369 825 515 438 979 221 62 253 357 613 960 415 881 456
1075 20 9144 636 777 342 489 422 134 564 419 847 235 879 365 246 738 685 140 596 110 551 430 548 134 958 795 200 237 478 807 907 167 390 367 204 453 590 703 870 703 517 25
2075 20 9144 390 367 847 235 636 777 246 738 596 110 342 489 590 703 517 25 907 167 564 419 551 430 204 453 200 237 879 365 548 134 422 134 958 795 685 140 870 703 478 807
3075 20 9144 596 110 870 703 879 365 390 367 564 419 551 430 847 235 200 237 548 134 342 489 907 167 204 453 590 703 636 777 958 795 517 25 422 134 685 140 478 807 246 738
4075 20 9144 596 110 478 807 958 795 879 365 548 134 246 738 870 703 847 235 517 25 907 167 551 430 200 237 422 134 590 703 685 140 390 367 204 453 636 777 342 489 564 419
5075 20 9144 478 807 685 140 200 237 517 25 907 167 564 419 870 703 958 795 422 134 390 367 204 453 636 777 246 738 879 365 548 134 590 703 551 430 847 235 342 489 596 110
1076 20 9808 572 643 720 25 433 941 129 639 840 538 169 101 941 634 843 500 959 975 701 844 355 59 782 999 920 559 769 608 167 542 783 973 602 688 827 772 254 637 494 459
2076 20 9808 169 101 572 643 941 634 720 25 769 608 843 500 129 639 433 941 959 975 494 459 827 772 783 973 920 559 701 844 167 542 840 538 355 59 782 999 254 637 602 688
3076 20 9808 769 608 167 542 701 844 840 538 129 639 169 101 602 688 494 459 433 941 959 975 827 772 254 637 941 634 783 973 843 500 782 999 720 25 572 643 920 559 355 59
4076 20 9808 782 999 920 559 941 634 783 973 843 500 129 639 572 643 840 538 720 25 769 608 959 975 701 844 169 101 494 459 827 772 254 637 167 542 433 941 355 59 602 688
5076 20 9808 433 941 355 59 769 608 169 101 843 500 840 538 129 639 827 772 701 844 602 688 720 25 494 459 254 637 941 634 167 542 920 559 572 643 783 973 959 975 782 999
1077 20 7540 138 835 157 15 271 946 999 409 887 625 713 535 927 990 967 383 454 868 543 312 555 310 221 922 184 66 672 450 226 392 20 575 529 733 169 926 486 804 308 620
2077 20 7540 169 926 887 625 271 946 486 804 20 575 555 310 543 312 138 835 157 15 713 535 927 990 184 66 308 620 221 922 999 409 454 868 967 383 529 733 672 450 226 392
3077 20 7540 20 575 169 926 999 409 713 535 967 383 226 392 555 310 184 66 308 620 221 922 454 868 138 835 887 625 157 15 672 450 543 312 271 946 927 990 529 733 486 804
4077 20 7540 672 450 184 66 308 620 713 535 486 804 226 392 221 922 887 625 169 926 999 409 138 835 927 990 543 312 967 383 555 310 454 868 271 946 20 575 529 733 157 15
5077 20 7540 887 625 184 66 169 926 672 450 221 922 967 383 543 312 157 15 226 392 713 535 308 620 555 310 529 733 999 409 138 835 454 868 927 990 20 575 271 946 486 804
1078 20 7509 76 926 934 5 95 571 439 799 271 600 153 55 599 23 264 699 138 535 666 570 119 90 568 473 717 928 645 784 979 735 488 296 896 380 657 986 540 817 143 467
2078 20 7509 934 5 896 380 645 784 143 467 138 535 666 570 717 928 540 817 76 926 979 735 119 90 568 473 599 23 488 296 264 699 657 986 153 55 95 571 439 799 271 600
3078 20 7509 488 296 119 90 138 535 645 784 666 570 76 926 568 473 657 986 439 799 934 5 143 467 717 928 896 380 979 735 540 817 153 55 599 23 95 571 271 600 264 699
4078 20 7509 271 600 568 473 717 928 264 699 599 23 95 571 657 986 439 799 934 5 138 535 76 926 153 55 666 570 979 735 896 380 119 90 645 784 143 467 488 296 540 817
5078 20 7509 666 570 76 926 979 735 119 90 488 296 153 55 264 699 599 23 271 600 95 571 645 784 934 5 439 799 143 467 717 928 540 817 896 380 568 473 138 535 657 986
1079 20 8830 577 69 786 456 515 648 419 573 338 3 483 586 659 693 958 115 944 869 68 264 605 420 263 40 497 762 476 981 942 619 753 172 817 50 69 931 300 776 569 428
2079 20 8830 497 762 68 264 569 428 817 50 515 648 263 40 659 693 483 586 419 573 605 420 476 981 942 619 338 3 944 869 69 931 577 69 786 456 300 776 958 115 753 172
3079 20 8830 419 573 69 931 68 264 263 40 958 115 944 869 659 693 786 456 497 762 942 619 300 776 569 428 483 586 476 981 817 50 515 648 605 420 753 172 577 69 338 3
4079 20 8830 69 931 300 776 605 420 958 115 942 619 659 693 569 428 419 573 476 981 263 40 944 869 817 50 68 264 338 3 753 172 786 456 497 762 577 69 483 586 515 648
5079 20 8830 944 869 515 648 942 619 659 693 817 50 68 264 605 420 263 40 958 115 476 981 753 172 786 456 569 428 69 931 577 69 419 573 497 762 338 3 483 586 300 776
1080 20 9280 670 93 947 479 436 422 477 142 657 765 819 227 976 177 858 147 579 91 710 94 225 451 70 756 805 840 248 854 358 943 772 264 891 321 619 811 97 254 387 202
2080 20 9280 225 451 805 840 387 202 436 422 772 264 976 177 710 94 657 765 248 854 619 811 947 479 477 142 858 147 579 91 358 943 670 93 891 321 819 227 97 254 70 756
3080 20 9280 97 254 976 177 947 479 225 451 819 227 387 202 772 264 858 147 248 854 805 840 619 811 579 91 891 321 670 93 657 765 436 422 358 943 70 756 710 94 477 142
4080 20 9280 858 147 772 264 805 840 436 422 358 943 891 321 947 479 710 94 477 142 387 202 70 756 657 765 976 177 225 451 248 854 97 254 819 227 619 811 579 91 670 93
5080 20 9280 858 147 436 422 947 479 976 177 358 943 387 202 805 840 225 451 477 142 619 811 657 765 97 254 710 94 670 93 248 854 891 321 772 264 819 227 70 756 579 91
1081 20 9491 843 633 985 516 813 772 432 200 296 696 649 80 522 497 913 207 668 269 874 534 518 751 173 560 568 611 215 390 970 846 377 449 162 401 933 892 518 238 435 880
2081 20 9491 649 80 913 207 435 880 813 772 843 633 970 846 377 449 568 611 518 238 296 696 985 516 518 751 173 560 162 401 668 269 933 892 432 200 215 390 874 534 522 497
3081 20 9491 933 892 843 633 518 751 568 611 173 560 215 390 377 449 985 516 522 497 432 200 874 534 668 269 435 880 813 772 913 207 518 238 162 401 970 846 296 696 649 80
4081 20 9491 377 449 173 560 522 497 432 200 813 772 518 751 162 401 215 390 518 238 668 269 435 880 985 516 296 696 874 534 649 80 913 207 970 846 843 633 568 611 933 892
5081 20 9491 518 751 435 880 985 516 296 696 970 846 162 401 843 633 215 390 522 497 874 534 649 80 933 892 432 200 377 449 568 611 173 560 668 269 913 207 813 772 518 238
1082 20 8207 764 828 136 204 455 630 889 543 631 727 220 449 489 578 500 102 126 636 401 164 808 634 344 478 268 754 352 674 238 961 572 459 182 687 932 438 990 833 962 186
2082 20 8207 136 204 631 727 932 438 808 634 182 687 352 674 764 828 889 543 238 961 126 636 220 449 572 459 344 478 962 186 455 630 268 754 500 102 489 578 990 833 401 164
3082 20 8207 500 102 631 727 238 961 455 630 352 674 344 478 126 636 220 449 962 186 764 828 990 833 401 164 182 687 489 578 268 754 572 459 808 634 889 543 136 204 932 438
4082 20 8207 932 438 455 630 489 578 268 754 344 478 220 449 990 833 126 636 352 674 182 687 889 543 572 459 238 961 764 828 808 634 136 204 631 727 401 164 500 102 962 186
5082 20 8207 572 459 631 727 455 630 220 449 344 478 764 828 238 961 990 833 500 102 962 186 268 754 932 438 401 164 489 578 182 687 126 636 889 543 808 634 352 674 136 204
1083 20 9292 944 745 865 44 157 802 647 2 495 447 571 916 879 279 586 993 512 929 35 289 599 132 563 370 1000 555 362 62 455 762 517 877 375 169 678 853 665 869 710 441
2083 20 9292 495 447 571 916 599 132 362 62 678 853 647 2 512 929 865 44 375 169 35 289 665 869 944 745 455 762 586 993 1000 555 157 802 879 279 710 441 517 877 563 370
3083 20 9292 678 853 512 929 362 62 495 447 1000 555 35 289 710 441 865 44 375 169 586 993 647 2 157 802 571 916 599 132 517 877 665 869 944 745 455 762 563 370 879 279
4083 20 9292 512 929 375 169 362 62 563 370 157 802 517 877 944 745 1000 555 647 2 599 132 495 447 665 869 455 762 865 44 710 441 35 289 571 916 879 279 586 993 678 853
5083 20 9292 647 2 571 916 375 169 599 132 362 62 35 289 455 762 563 370 879 279 157 802 512 929 865 44 710 441 1000 555 586 993 495 447 517 877 678 853 665 869 944 745
1084 20 7259 791 973 501 603 635 170 815 959 338 760 102 76 832 14 460 199 102 892 348 475 282 941 156 70 439 97 668 853 576 357 212 514 348 362 490 641 9 940 970 695
2084 20 7259 282 941 635 170 439 97 212 514 156 70 668 853 815 959 460 199 501 603 576 357 9 940 791 973 102 892 970 695 348 362 832 14 338 760 490 641 102 76 348 475
3084 20 7259 576 357 102 892 832 14 156 70 460 199 9 940 815 959 338 760 501 603 668 853 348 475 102 76 490 641 282 941 439 97 212 514 791 973 635 170 970 695 348 362
4084 20 7259 460 199 501 603 490 641 282 941 832 14 102 76 102 892 9 940 668 853 338 760 348 475 212 514 439 97 576 357 156 70 791 973 348 362 635 170 970 695 815 959
5084 20 7259 439 97 832 14 282 941 815 959 460 199 212 514 490 641 338 760 576 357 668 853 156 70 501 603 970 695 791 973 635 170 9 940 348 362 348 475 102 76 102 892
1085 20 10434 597 896 976 488 942 996 867 365 976 431 277 197 971 493 823 526 135 619 609 279 965 415 198 522 785 900 226 173 306 225 479 132 556 490 951 373 460 568 944 650
2085 20 10434 976 488 785 900 198 522 597 896 135 619 226 173 460 568 479 132 976 431 306 225 951 373 867 365 823 526 277 197 556 490 971 493 944 650 942 996 965 415 609 279
3085 20 10434 976 488 971 493 135 619 951 373 823 526 942 996 479 132 306 225 976 431 867 365 198 522 556 490 785 900 597 896 965 415 460 568 226 173 609 279 944 650 277 197
4085 20 10434 135 619 277 197 306 225 479 132 198 522 597 896 556 490 609 279 944 650 951 373 226 173 965 415 942 996 976 488 823 526 785 900 867 365 460 568 971 493 976 431
5085 20 10434 306 225 609 279 976 431 597 896 971 493 198 522 976 488 460 568 556 490 867 365 944 650 277 197 951 373 942 996 479 132 823 526 226 173 965 415 785 900 135 619
1086 20 9396 977 304 236 896 707 900 151 410 894 479 203 595 715 478 142 111 792 501 371 155 903 35 761 678 534 414 380 967 848 155 515 843 523 722 707 873 821 153 565 481
2086 20 9396 151 410 761 678 821 153 903 35 707 900 707 873 715 478 236 896 848 155 977 304 380 967 894 479 142 111 371 155 534 414 203 595 792 501 565 481 515 843 523 722
3086 20 9396 371 155 236 896 380 967 903 35 977 304 534 414 715 478 792 501 848 155 523 722 565 481 761 678 707 900 151 410 894 479 515 843 203 595 142 111 821 153 707 873
4086 20 9396 203 595 523 722 380 967 515 843 977 304 761 678 142 111 534 414 903 35 707 900 565 481 848 155 715 478 821 153 707 873 371 155 151 410 792 501 236 896 894 479
5086 20 9396 151 410 565 481 707 900 707 873 821 153 977 304 236 896 848 155 371 155 380 967 534 414 715 478 792 501 203 595 523 722 761 678 142 111 894 479 903 35 515 843
1087 20 8312 588 204 465 628 135 275 920 791 87 468 101 831 931 888 883 522 937 784 47 700 688 283 687 850 193 815 492 931 652 97 429 229 932 400 270 996 574 430 379 844
2087 20 8312 588 204 429 229 193 815 652 97 883 522 932 400 270 996 135 275 920 791 87 468 492 931 465 628 937 784 688 283 931 888 379 844 47 700 574 430 101 831 687 850
3087 20 8312 87 468 652 97 920 791 883 522 47 700 932 400 937 784 574 430 588 204 379 844 465 628 931 888 688 283 193 815 101 831 135 275 687 850 429 229 492 931 270 996
4087 20 8312 688 283 101 831 47 700 135 275 492 931 193 815 87 468 931 888 937 784 687 850 465 628 588 204 883 522 379 844 574 430 429 229 270 996 932 400 652 97 920 791
5087 20 8312 135 275 652 97 937 784 492 931 465 628 47 700 883 522 920 791 932 400 931 888 687 850 270 996 574 430 429 229 688 283 588 204 379 844 101 831 87 468 193 815
1088 20 8380 347 198 958 662 131 231 151 476 658 923 120 974 235 795 748 266 858 379 705 21 1000 147 816 1 735 574 720 578 221 396 789 5 192 533 60 21 800 466 231 306
2088 20 8380 816 1 705 21 658 923 958 662 720 578 789 5 120 974 235 795 347 198 60 21 231 306 151 476 800 466 192 533 858 379 748 266 131 231 735 574 221 396 1000 147
3088 20 8380 131 231 705 21 120 974 858 379 235 795 958 662 735 574 221 396 789 5 816 1 748 266 800 466 347 198 60 21 720 578 192 533 151 476 231 306 658 923 1000 147
4088 20 8380 858 379 347 198 705 21 816 1 800 466 735 574 151 476 235 795 958 662 131 231 720 578 1000 147 221 396 60 21 231 306 120 974 658 923 789 5 748 266 192 533
5088 20 8380 789 5 1000 147 748 266 720 578 958 662 131 231 221 396 705 21 347 198 800 466 151 476 235 795 60 21 735 574 231 306 192 533 858 379 658 923 120 974 816 1
1089 20 9212 670 756 720 141 504 395 508 816 102 775 670 612 442 451 527 851 409 925 880 96 811 60 597 170 471 899 278 413 431 379 616 328 718 6 980 136 567 729 614 306
2089 20 9212 409 925 670 756 720 141 567 729 718 6 442 451 278 413 670 612 504 395 614 306 527 851 597 170 811 60 508 816 616 328 471 899 431 379 880 96 102 775 980 136
3089 20 9212 102 775 508 816 409 925 431 379 670 756 980 136 670 612 880 96 471 899 504 395 614 306 718 6 567 729 720 141 616 328 527 851 278 413 811 60 442 451 597 170
4089 20 9212 616 328 670 756 431 379 718 6 504 395 102 775 980 136 720 141 278 413 597 170 527 851 409 925 670 612 508 816 880 96 614 306 442 451 567 729 471 899 811 60
5089 20 9212 431 379 442 451 471 899 670 612 670 756 980 136 278 413 597 170 527 851 811 60 567 729 102 775 504 395 508 816 720 141 718 6 616 328 880 96 409 925 614 306
1090 20 9916 772 536 771 671 919 866 536 976 629 62 669 163 960 466 161 168 635 843 323 304 60 715 626 994 806 584 919 71 871 387 268 956 450 254 819 510 722 927 480 710
2090 20 9916 450 254 536 976 722 927 268 956 669 163 772 536 819 510 635 843 626 994 480 710 960 466 161 168 323 304 919 71 919 866 60 715 871 387 629 62 806 584 771 671
3090 20 9916 450 254 919 71 771 671 635 843 161 168 536 976 480 710 323 304 60 715 819 510 960 466 722 927 806 584 919 866 268 956 669 163 871 387 772 536 626 994 629 62
4090 20 9916 635 843 771 671 871 387 722 927 60 715 323 304 268 956 536 976 960 466 450 254 772 536 480 710 669 163 919 71 806 584 819 510 629 62 161 168 919 866 626 994
5090 20 9916 722 927 806 584 919 866 871 387 480 710 919 71 323 304 960 466 626 994 629 62 772 536 60 715 450 254 536 976 635 843 771 671 669 163 268 956 819 510 161 168
1091 20 11197 686 330 568 444 616 445 823 917 245 631 510 175 935 515 845 215 1000 151 969 410 362 841 688 774 770 133 901 359 534 898 509 554 788 70 667 589 637 890 944 865
2091 20 11197 935 515 845 215 688 774 901 359 823 917 510 175 616 445 568 444 667 589 534 898 362 841 770 133 969 410 637 890 686 330 944 865 1000 151 509 554 788 70 245 631
3091 20 11197 823 917 245 631 362 841 686 330 509 554 616 445 944 865 510 175 935 515 770 133 568 444 688 774 969 410 637 890 901 359 1000 151 845 215 667 589 788 70 534 898
4091 20 11197 901 359 637 890 845 215 667 589 534 898 788 70 686 330 510 175 935 515 616 445 362 841 688 774 568 444 823 917 245 631 944 865 969 410 509 554 1000 151 770 133
5091 20 11197 1000 151 823 917 688 774 510 175 969 410 901 359 509 554 362 841 667 589 534 898 686 330 770 133 944 865 845 215 245 631 788 70 568 444 616 445 637 890 935 515
1092 20 9110 18 966 126 17 982 919 547 350 388 246 224 247 804 890 853 561 259 658 331 906 314 190 790 604 911 282 913 114 854 886 820 365 70 629 584 661 790 218 810 164
2092 20 9110 913 114 982 919 18 966 790 218 126 17 388 246 259 658 810 164 820 365 584 661 314 190 853 561 224 247 804 890 790 604 854 886 547 350 331 906 70 629 911 282
3092 20 9110 584 661 982 919 913 114 388 246 259 658 790 218 810 164 853 561 547 350 820 365 70 629 224 247 804 890 790 604 18 966 854 886 911 282 126 17 331 906 314 190
4092 20 9110 810 164 853 561 388 246 70 629 331 906 820 365 854 886 804 890 314 190 18 966 584 661 913 114 126 17 547 350 259 658 911 282 982 919 790 604 790 218 224 247
5092 20 9110 259 658 224 247 70 629 804 890 853 561 854 886 911 282 820 365 331 906 547 350 913 114 314 190 810 164 584 661 982 919 790 218 388 246 18 966 790 604 126 17
1093 20 9441 855 560 958 849 570 452 288 253 334 207 527 70 701 298 608 978 199 243 976 887 728 561 397 601 410 635 601 901 698 351 764 196 595 638 838 62 560 185 195 75
2093 20 9441 410 635 728 561 701 298 199 243 601 901 958 849 527 70 855 560 397 601 838 62 560 185 334 207 764 196 595 638 976 887 608 978 195 75 698 351 288 253 570 452
3093 20 9441 855 560 958 849 334 207 728 561 838 62 410 635 527 70 288 253 976 887 701 298 601 901 560 185 764 196 595 638 199 243 570 452 195 75 397 601 698 351 608 978
4093 20 9441 958 849 838 62 608 978 527 70 195 75 976 887 199 243 560 185 595 638 334 207 701 298 728 561 288 253 764 196 698 351 855 560 397 601 601 901 410 635 570 452
5093 20 9441 288 253 595 638 855 560 764 196 701 298 560 185 410 635 976 887 195 75 527 70 698 351 728 561 838 62 570 452 397 601 199 243 334 207 608 978 601 901 958 849
1094 20 9616 923 641 930 538 197 72 24 183 773 781 188 698 659 959 564 302 905 330 886 433 618 131 532 615 660 278 537 915 655 834 644 850 986 749 622 17 564 151 153 401
2094 20 9616 986 749 905 330 564 151 886 433 24 183 660 278 923 641 188 698 659 959 930 538 644 850 197 72 773 781 532 615 564 302 655 834 153 401 537 915 622 17 618 131
3094 20 9616 537 915 923 641 905 330 886 433 655 834 660 278 564 302 532 615 622 17 930 538 197 72 773 781 153 401 986 749 564 151 188 698 659 959 24 183 618 131 644 850
4094 20 9616 618 131 537 915 905 330 773 781 153 401 622 17 197 72 564 302 188 698 930 538 24 183 886 433 660 278 532 615 986 749 564 151 923 641 644 850 655 834 659 959
5094 20 9616 532 615 622 17 923 641 153 401 659 959 564 302 655 834 660 278 537 915 905 330 564 151 24 183 930 538 188 698 644 850 986 749 773 781 886 433 618 131 197 72
1095 20 8075 412 599 352 965 283 615 851 6 219 184 410 326 68 925 868 753 724 282 243 693 741 342 273 538 898 203 798 167 88 394 997 356 400 374 958 112 334 795 177 291
2095 20 8075 334 795 851 6 868 753 400 374 273 538 898 203 68 925 997 356 88 394 352 965 219 184 243 693 798 167 741 342 283 615 412 599 410 326 958 112 177 291 724 282
3095 20 8075 868 753 219 184 958 112 898 203 798 167 400 374 352 965 410 326 741 342 851 6 283 615 88 394 177 291 68 925 412 599 334 795 724 282 273 538 997 356 243 693
4095 20 8075 177 291 283 615 724 282 68 925 898 203 243 693 851 6 958 112 410 326 412 599 798 167 273 538 400 374 868 753 741 342 997 356 334 795 88 394 352 965 219 184
5095 20 8075 273 538 798 167 412 599 997 356 283 615 68 925 243 693 958 112 334 795 741 342 898 203 410 326 219 184 352 965 724 282 851 6 88 394 400 374 868 753 177 291
1096 20 7658 241 638 484 751 482 141 886 831 990 840 75 843 483 899 918 486 16 311 623 544 503 125 692 801 134 120 143 130 500 148 946 527 938 520 150 635 92 22 277 480
2096 20 7658 277 480 75 843 482 141 16 311 918 486 92 22 886 831 150 635 241 638 484 751 143 130 483 899 990 840 938 520 500 148 946 527 503 125 623 544 692 801 134 120
3096 20 7658 277 480 990 840 946 527 692 801 500 148 484 751 134 120 918 486 503 125 483 899 16 311 886 831 241 638 938 520 143 130 482 141 623 544 75 843 150 635 92 22
4096 20 7658 938 520 277 480 886 831 946 527 918 486 241 638 484 751 500 148 75 843 483 899 623 544 92 22 150 635 482 141 503 125 990 840 143 130 692 801 16 311 134 120
5096 20 7658 16 311 500 148 990 840 503 125 886 831 483 899 150 635 484 751 938 520 482 141 134 120 277 480 692 801 75 843 241 638 143 130 946 527 918 486 623 544 92 22
1097 20 7753 8 752 998 947 694 913 537 733 668 42 411 324 785 218 629 815 459 884 304 349 445 609 58 774 139 634 196 707 895 443 780 843 129 280 513 893 699 372 345 615
2097 20 7753 196 707 459 884 139 634 629 815 699 372 668 42 345 615 694 913 129 280 445 609 411 324 8 752 895 443 304 349 785 218 58 774 780 843 537 733 998 947 513 893
3097 20 7753 304 349 780 843 895 443 445 609 694 913 537 733 459 884 998 947 785 218 139 634 8 752 58 774 345 615 699 372 629 815 129 280 196 707 668 42 411 324 513 893
4097 20 7753 8 752 895 443 345 615 513 893 629 815 537 733 304 349 998 947 196 707 785 218 694 913 139 634 445 609 668 42 411 324 129 280 699 372 58 774 780 843 459 884
5097 20 7753 196 707 8 752 345 615 58 774 129 280 411 324 139 634 629 815 895 443 537 733 304 349 445 609 668 42 694 913 513 893 785 218 780 843 998 947 699 372 459 884
1098 20 8439 533 971 377 894 576 581 760 735 861 461 813 354 777 922 644 976 965 79 493 177 154 473 497 74 298 517 142 209 652 234 467 187 663 578 412 437 308 73 157 619
2098 20 8439 760 735 777 922 576 581 157 619 467 187 298 517 813 354 965 79 493 177 644 976 412 437 497 74 861 461 154 473 663 578 308 73 652 234 142 209 533 971 377 894
3098 20 8439 154 473 298 517 652 234 813 354 861 461 760 735 377 894 157 619 663 578 497 74 142 209 777 922 644 976 308 73 412 437 965 79 576 581 533 971 467 187 493 177
4098 20 8439 861 461 813 354 777 922 412 437 308 73 663 578 533 971 298 517 965 79 377 894 467 187 652 234 493 177 497 74 760 735 142 209 576 581 644 976 157 619 154 473
5098 20 8439 493 177 298 517 965 79 652 234 533 971 861 461 412 437 777 922 467 187 142 209 377 894 813 354 576 581 497 74 760 735 308 73 663 578 157 619 644 976 154 473
1099 20 9746 922 377 69 288 682 302 852 70 528 140 928 445 115 249 663 690 540 420 954 63 252 961 50 232 782 275 586 328 764 978 983 632 691 904 526 774 393 412 903 822
2099 20 9746 922 377 663 690 983 632 782 275 928 445 903 822 526 774 954 63 69 288 50 232 682 302 586 328 252 961 528 140 691 904 764 978 115 249 393 412 540 420 852 70
3099 20 9746 526 774 903 822 983 632 50 232 954 63 682 302 540 420 852 70 922 377 691 904 69 288 764 978 663 690 528 140 115 249 782 275 393 412 252 961 928 445 586 328
4099 20 9746 50 232 922 377 540 420 586 328 115 249 69 288 528 140 764 978 252 961 526 774 954 63 393 412 782 275 691 904 663 690 682 302 903 822 928 445 983 632 852 70
5099 20 9746 928 445 682 302 526 774 922 377 540 420 903 822 528 140 50 232 852 70 691 904 115 249 954 63 69 288 393 412 782 275 586 328 764 978 663 690 252 961 983 632
1100 20 8751 817 460 187 235 61 934 69 376 253 501 701 374 787 711 635 412 768 594 813 526 862 900 670 905 711 417 274 857 314 367 361 218 919 824 703 498 498 12 536 802
2100 20 8751 787 711 862 900 314 367 670 905 711 417 361 218 274 857 701 374 768 594 703 498 187 235 919 824 813 526 817 460 498 12 61 934 635 412 253 501 69 376 536 802
3100 20 8751 703 498 253 501 768 594 361 218 69 376 498 12 919 824 813 526 274 857 701 374 817 460 536 802 635 412 787 711 862 900 314 367 711 417 670 905 61 934 187 235
4100 20 8751 69 376 862 900 919 824 61 934 536 802 635 412 187 235 701 374 817 460 703 498 498 12 253 501 361 218 813 526 768 594 711 417 274 857 787 711 670 905 314 367
5100 20 8751 701 374 274 857 314 367 787 711 670 905 862 900 536 802 69 376 703 498 817 460 253 501 61 934 498 12 919 824 635 412 187 235 711 417 361 218 768 594 813 526
