1001 20 6228 415 602 167 259 435 89 311 657 260 877 857 172 453 189 471 197 299 297 65 334 871 852 330 572 145 269 458 800 391 401 759 568 172 354 326 298 147 943 454 660
2001 20 6228 65 334 453 189 147 943 454 660 458 800 311 657 260 877 471 197 415 602 299 297 326 298 759 568 172 354 871 852 145 269 435 89 391 401 330 572 857 172 167 259
3001 20 6228 453 189 415 602 759 568 458 800 391 401 435 89 871 852 326 298 454 660 299 297 65 334 167 259 471 197 311 657 145 269 260 877 147 943 172 354 857 172 330 572
4001 20 6228 167 259 453 189 454 660 871 852 311 657 330 572 145 269 172 354 299 297 435 89 65 334 857 172 415 602 391 401 147 943 458 800 471 197 759 568 260 877 326 298
5001 20 6228 759 568 857 172 145 269 454 660 147 943 65 334 330 572 260 877 311 657 326 298 471 197 435 89 453 189 299 297 167 259 415 602 172 354 458 800 871 852 391 401
1002 20 5184 39 607 35 202 279 332 51 48 258 782 685 768 250 307 47 213 609 933 221 867 74 437 257 138 300 86 183 102 802 951 430 682 329 944 782 643 498 928 351 708
2002 20 5184 430 682 39 607 802 951 609 933 35 202 782 643 250 307 300 86 329 944 74 437 257 138 258 782 685 768 498 928 51 48 351 708 183 102 279 332 47 213 221 867
3002 20 5184 609 933 685 768 329 944 47 213 74 437 300 86 183 102 802 951 258 782 257 138 51 48 250 307 35 202 279 332 430 682 39 607 782 643 221 867 498 928 351 708
4002 20 5184 609 933 802 951 351 708 257 138 782 643 258 782 685 768 39 607 35 202 250 307 329 944 183 102 430 682 51 48 279 332 221 867 47 213 300 86 74 437 498 928
5002 20 5184 74 437 498 928 258 782 685 768 51 48 300 86 47 213 351 708 257 138 250 307 609 933 782 643 35 202 430 682 279 332 329 944 802 951 39 607 183 102 221 867
1003 20 6220 344 343 530 430 228 886 148 309 677 660 547 796 356 919 231 63 589 628 114 796 525 904 21 642 396 99 270 839 200 774 735 637 660 849 362 553 517 776 325 890
2003 20 6220 396 99 228 886 148 309 21 642 231 63 517 776 270 839 362 553 735 637 660 849 200 774 547 796 589 628 530 430 525 904 356 919 325 890 344 343 677 660 114 796
3003 20 6220 362 553 114 796 270 839 517 776 525 904 547 796 660 849 344 343 21 642 530 430 325 890 735 637 228 886 396 99 148 309 589 628 200 774 677 660 356 919 231 63
4003 20 6220 677 660 344 343 517 776 148 309 660 849 396 99 270 839 362 553 589 628 735 637 547 796 228 886 200 774 530 430 231 63 525 904 21 642 356 919 325 890 114 796
5003 20 6220 228 886 270 839 231 63 356 919 677 660 547 796 200 774 660 849 362 553 325 890 589 628 21 642 114 796 517 776 344 343 735 637 148 309 525 904 396 99 530 430
1004 20 5026 669 534 331 312 126 423 296 518 538 434 176 631 386 256 291 281 216 490 212 124 370 295 194 559 57 777 179 468 156 990 647 67 290 813 593 943 84 166 472 981
2004 20 5026 647 67 216 490 386 256 472 981 176 631 84 166 370 295 669 534 538 434 331 312 194 559 126 423 156 990 291 281 212 124 179 468 290 813 296 518 593 943 57 777
3004 20 5026 84 166 290 813 538 434 291 281 156 990 296 518 176 631 57 777 370 295 331 312 194 559 593 943 386 256 216 490 179 468 472 981 126 423 647 67 212 124 669 534
4004 20 5026 386 256 291 281 57 777 593 943 538 434 669 534 194 559 84 166 647 67 331 312 290 813 212 124 216 490 126 423 176 631 296 518 156 990 179 468 370 295 472 981
5004 20 5026 156 990 386 256 331 312 290 813 212 124 179 468 669 534 647 67 472 981 291 281 176 631 370 295 57 777 216 490 296 518 126 423 194 559 593 943 538 434 84 166
1005 20 5129 397 234 622 209 131 498 369 963 25 392 149 289 903 945 7 317 91 258 831 283 184 58 122 940 758 330 1 6 200 719 11 573 213 898 617 119 379 500 402 276
2005 20 5129 11 573 831 283 200 719 213 898 184 58 397 234 7 317 25 392 622 209 1 6 402 276 91 258 369 963 122 940 149 289 379 500 617 119 758 330 903 945 131 498
3005 20 5129 25 392 903 945 622 209 131 498 122 940 91 258 369 963 11 573 379 500 1 6 213 898 184 58 149 289 200 719 617 119 831 283 402 276 758 330 397 234 7 317
4005 20 5129 7 317 11 573 903 945 122 940 131 498 25 392 200 719 831 283 184 58 91 258 379 500 149 289 617 119 758 330 1 6 213 898 402 276 369 963 622 209 397 234
5005 20 5129 11 573 903 945 7 317 831 283 397 234 91 258 149 289 1 6 184 58 617 119 200 719 369 963 622 209 131 498 758 330 402 276 213 898 122 940 25 392 379 500
1006 20 4758 407 210 529 221 228 151 146 207 44 228 73 489 80 633 553 884 40 153 271 141 234 164 444 67 572 768 685 982 28 882 38 120 126 386 341 332 528 955 581 440
2006 20 4758 528 955 444 67 234 164 44 228 80 633 572 768 38 120 341 332 407 210 146 207 685 982 529 221 581 440 553 884 28 882 40 153 271 141 228 151 73 489 126 386
3006 20 4758 228 151 528 955 685 982 146 207 407 210 444 67 581 440 553 884 234 164 38 120 572 768 80 633 341 332 44 228 529 221 126 386 40 153 73 489 271 141 28 882
4006 20 4758 146 207 341 332 572 768 444 67 271 141 529 221 407 210 44 228 80 633 28 882 553 884 38 120 40 153 73 489 528 955 581 440 228 151 234 164 685 982 126 386
5006 20 4758 38 120 271 141 126 386 407 210 44 228 80 633 73 489 28 882 444 67 572 768 528 955 40 153 581 440 553 884 228 151 146 207 685 982 529 221 234 164 341 332
1007 20 5122 203 751 61 840 860 430 134 860 277 150 592 955 683 711 22 754 214 198 69 915 132 909 406 200 704 779 202 898 306 898 704 790 344 782 212 407 203 865 75 394
2007 20 5122 704 790 214 198 69 915 277 150 132 909 203 751 704 779 203 865 344 782 202 898 406 200 212 407 22 754 61 840 75 394 592 955 306 898 134 860 860 430 683 711
3007 20 5122 592 955 214 198 704 790 306 898 406 200 134 860 683 711 203 865 860 430 22 754 202 898 203 751 132 909 69 915 704 779 75 394 61 840 344 782 212 407 277 150
4007 20 5122 306 898 203 865 61 840 860 430 75 394 344 782 683 711 212 407 592 955 69 915 132 909 22 754 704 779 202 898 214 198 406 200 277 150 704 790 203 751 134 860
5007 20 5122 860 430 202 898 132 909 277 150 203 751 212 407 22 754 61 840 704 779 344 782 214 198 203 865 592 955 75 394 306 898 704 790 134 860 406 200 69 915 683 711
1008 20 4792 34 613 867 869 543 515 76 118 138 861 130 462 550 619 46 621 434 908 252 284 307 261 433 977 425 133 107 202 70 75 233 33 181 737 479 273 277 525 408 129
2008 20 4792 307 261 408 129 434 908 107 202 138 861 433 977 277 525 130 462 550 619 233 33 34 613 425 133 181 737 867 869 46 621 76 118 252 284 70 75 543 515 479 273
3008 20 4792 70 75 181 737 433 977 277 525 425 133 434 908 252 284 867 869 76 118 46 621 107 202 550 619 408 129 307 261 130 462 233 33 138 861 479 273 34 613 543 515
4008 20 4792 433 977 233 33 252 284 277 525 181 737 70 75 307 261 46 621 479 273 425 133 107 202 543 515 138 861 408 129 550 619 130 462 434 908 34 613 76 118 867 869
5008 20 4792 107 202 46 621 543 515 76 118 425 133 307 261 550 619 181 737 233 33 34 613 408 129 433 977 252 284 434 908 70 75 130 462 867 869 277 525 138 861 479 273
1009 20 5372 327 166 406 81 85 882 389 123 402 652 629 967 88 230 28 419 499 19 189 236 572 771 97 527 537 540 625 506 133 948 5 237 122 67 314 676 753 838 516 57
2009 20 5372 327 166 97 527 753 838 189 236 28 419 629 967 122 67 133 948 516 57 314 676 389 123 625 506 402 652 88 230 537 540 85 882 572 771 499 19 5 237 406 81
3009 20 5372 625 506 753 838 516 57 189 236 327 166 629 967 5 237 28 419 402 652 537 540 314 676 572 771 85 882 389 123 122 67 499 19 97 527 133 948 88 230 406 81
4009 20 5372 389 123 133 948 753 838 327 166 28 419 5 237 516 57 406 81 572 771 625 506 88 230 314 676 189 236 629 967 85 882 402 652 97 527 537 540 499 19 122 67
5009 20 5372 28 419 314 676 88 230 572 771 389 123 402 652 753 838 625 506 133 948 5 237 122 67 537 540 629 967 85 882 516 57 499 19 189 236 406 81 97 527 327 166
1010 20 4783 109 134 308 708 22 776 364 323 70 741 926 620 31 118 643 775 476 495 237 409 406 99 353 9 25 494 254 793 279 300 485 899 471 713 132 489 10 368 378 632
2010 20 4783 70 741 378 632 353 9 10 368 254 793 22 776 643 775 926 620 485 899 471 713 406 99 132 489 25 494 31 118 279 300 237 409 109 134 364 323 476 495 308 708
3010 20 4783 22 776 406 99 237 409 471 713 254 793 109 134 643 775 364 323 70 741 353 9 926 620 485 899 308 708 31 118 378 632 25 494 132 489 279 300 476 495 10 368
4010 20 4783 308 708 237 409 25 494 10 368 109 134 926 620 378 632 471 713 22 776 364 323 132 489 406 99 70 741 254 793 643 775 353 9 279 300 485 899 476 495 31 118
5010 20 4783 476 495 25 494 237 409 254 793 406 99 31 118 364 323 279 300 308 708 471 713 643 775 485 899 70 741 353 9 22 776 109 134 10 368 132 489 926 620 378 632
1011 20 5678 239 447 173 789 704 966 29 837 861 540 470 924 783 942 461 288 143 391 134 241 550 370 173 682 603 201 162 329 4 381 611 798 449 933 359 84 9 304 181 909
2011 20 5678 359 84 9 304 173 682 470 924 704 966 134 241 449 933 143 391 239 447 181 909 611 798 550 370 162 329 861 540 461 288 603 201 783 942 29 837 173 789 4 381
3011 20 5678 603 201 470 924 29 837 143 391 611 798 162 329 704 966 4 381 173 682 239 447 783 942 359 84 550 370 9 304 134 241 461 288 861 540 173 789 181 909 449 933
4011 20 5678 611 798 449 933 29 837 239 447 173 789 359 84 783 942 9 304 134 241 173 682 470 924 461 288 861 540 162 329 143 391 4 381 181 909 704 966 603 201 550 370
5011 20 5678 173 789 550 370 611 798 134 241 461 288 704 966 449 933 239 447 603 201 173 682 143 391 181 909 470 924 162 329 9 304 359 84 783 942 861 540 29 837 4 381
1012 20 5064 542 398 151 454 347 916 245 393 130 256 617 839 544 535 562 81 167 848 50 53 211 325 421 179 363 900 708 496 18 457 87 738 517 946 217 924 327 420 106 840
2012 20 5064 542 398 327 420 87 738 217 924 544 535 167 848 617 839 106 840 708 496 50 53 347 916 211 325 245 393 151 454 18 457 517 946 363 900 130 256 421 179 562 81
3012 20 5064 18 457 50 53 708 496 327 420 106 840 130 256 617 839 363 900 562 81 151 454 542 398 87 738 211 325 167 848 544 535 517 946 245 393 347 916 217 924 421 179
4012 20 5064 708 496 217 924 106 840 544 535 347 916 130 256 18 457 87 738 50 53 245 393 211 325 327 420 363 900 542 398 151 454 517 946 562 81 421 179 617 839 167 848
5012 20 5064 18 457 708 496 542 398 106 840 130 256 617 839 87 738 327 420 363 900 544 535 151 454 211 325 50 53 421 179 167 848 517 946 347 916 217 924 562 81 245 393
1013 20 5828 265 864 234 382 198 556 247 31 12 931 423 222 813 700 514 508 74 583 145 113 453 522 417 359 520 75 655 580 298 345 397 298 358 736 386 992 408 555 468 913
2013 20 5828 514 508 74 583 386 992 198 556 298 345 417 359 265 864 655 580 408 555 468 913 145 113 520 75 12 931 423 222 247 31 397 298 234 382 358 736 813 700 453 522
3013 20 5828 298 345 247 31 655 580 358 736 417 359 453 522 423 222 408 555 813 700 234 382 74 583 145 113 265 864 520 75 468 913 198 556 12 931 397 298 386 992 514 508
4013 20 5828 234 382 386 992 417 359 145 113 298 345 12 931 520 75 358 736 468 913 198 556 655 580 423 222 453 522 397 298 74 583 247 31 813 700 514 508 408 555 265 864
5013 20 5828 358 736 408 555 145 113 514 508 423 222 247 31 198 556 397 298 234 382 74 583 12 931 520 75 386 992 468 913 265 864 655 580 453 522 813 700 417 359 298 345
1014 20 5973 820 254 3 315 163 784 242 705 193 623 463 244 753 199 356 187 33 993 777 401 813 681 25 96 488 979 122 558 780 153 415 25 82 783 89 180 604 90 246 46
2014 20 5973 604 90 488 979 193 623 246 46 813 681 89 180 356 187 163 784 820 254 25 96 777 401 3 315 463 244 122 558 33 993 780 153 242 705 415 25 82 783 753 199
3014 20 5973 820 254 122 558 3 315 463 244 242 705 33 993 356 187 163 784 25 96 780 153 777 401 604 90 82 783 246 46 415 25 488 979 89 180 813 681 753 199 193 623
4014 20 5973 604 90 193 623 488 979 463 244 777 401 753 199 89 180 415 25 813 681 820 254 242 705 163 784 82 783 25 96 780 153 33 993 122 558 246 46 356 187 3 315
5014 20 5973 82 783 356 187 163 784 89 180 415 25 780 153 193 623 753 199 25 96 820 254 122 558 242 705 813 681 3 315 777 401 33 993 604 90 463 244 246 46 488 979
1015 20 5884 575 257 469 638 623 455 288 326 271 53 358 585 12 724 151 474 243 949 326 187 292 209 331 947 486 196 315 720 23 164 83 146 538 796 485 352 792 278 695 800
2015 20 5884 23 164 538 796 83 146 315 720 12 724 151 474 326 187 331 947 288 326 695 800 243 949 271 53 358 585 469 638 623 455 486 196 792 278 292 209 485 352 575 257
3015 20 5884 83 146 315 720 151 474 538 796 623 455 485 352 469 638 331 947 358 585 792 278 575 257 12 724 695 800 292 209 288 326 23 164 243 949 486 196 326 187 271 53
4015 20 5884 575 257 151 474 485 352 23 164 292 209 271 53 243 949 12 724 358 585 486 196 326 187 623 455 538 796 331 947 792 278 288 326 315 720 695 800 83 146 469 638
5015 20 5884 12 724 538 796 358 585 792 278 486 196 695 800 623 455 485 352 243 949 469 638 288 326 271 53 326 187 23 164 83 146 331 947 315 720 575 257 151 474 292 209
1016 20 4036 88 545 189 69 297 133 507 749 37 490 395 303 63 630 347 490 264 604 632 107 41 632 5 163 579 846 58 219 40 41 252 232 43 155 585 9 70 567 554 197
2016 20 4036 5 163 63 630 189 69 43 155 395 303 507 749 252 232 40 41 88 545 37 490 585 9 554 197 264 604 347 490 579 846 58 219 632 107 70 567 41 632 297 133
3016 20 4036 395 303 5 163 40 41 58 219 297 133 507 749 554 197 43 155 579 846 63 630 347 490 88 545 189 69 252 232 632 107 264 604 585 9 41 632 37 490 70 567
4016 20 4036 37 490 585 9 507 749 632 107 579 846 554 197 252 232 264 604 43 155 41 632 40 41 347 490 189 69 58 219 63 630 395 303 5 163 297 133 70 567 88 545
5016 20 4036 585 9 40 41 252 232 41 632 264 604 70 567 395 303 5 163 58 219 37 490 297 133 189 69 88 545 579 846 347 490 63 630 507 749 554 197 43 155 632 107
1017 20 6541 448 213 589 884 709 118 609 918 122 692 115 152 363 497 635 59 490 500 653 933 264 197 339 487 84 553 133 41 517 51 295 368 478 301 508 157 634 940 192 407
2017 20 6541 192 407 517 51 264 197 478 301 653 933 363 497 448 213 635 59 295 368 508 157 490 500 133 41 609 918 634 940 84 553 709 118 115 152 339 487 589 884 122 692
3017 20 6541 295 368 115 152 635 59 634 940 122 692 490 500 448 213 192 407 133 41 653 933 339 487 517 51 84 553 363 497 508 157 478 301 589 884 609 918 264 197 709 118
4017 20 6541 295 368 635 59 653 933 589 884 84 553 339 487 490 500 448 213 517 51 192 407 609 918 122 692 508 157 709 118 133 41 478 301 115 152 634 940 264 197 363 497
5017 20 6541 122 692 634 940 490 500 635 59 264 197 295 368 478 301 339 487 609 918 363 497 709 118 133 41 192 407 115 152 589 884 448 213 508 157 517 51 84 553 653 933
1018 20 4671 586 557 275 473 456 427 136 50 259 350 316 101 318 201 177 382 626 560 103 760 280 255 226 369 339 201 188 636 257 449 230 32 603 15 94 941 351 251 19 806
2018 20 4671 339 201 257 449 456 427 586 557 603 15 177 382 226 369 275 473 188 636 318 201 103 760 136 50 280 255 316 101 230 32 351 251 259 350 626 560 19 806 94 941
3018 20 4671 280 255 19 806 94 941 257 449 318 201 275 473 230 32 351 251 103 760 626 560 226 369 456 427 316 101 586 557 259 350 603 15 339 201 177 382 188 636 136 50
4018 20 4671 259 350 351 251 586 557 94 941 603 15 19 806 103 760 339 201 177 382 136 50 280 255 188 636 316 101 456 427 257 449 226 369 230 32 318 201 275 473 626 560
5018 20 4671 19 806 177 382 586 557 316 101 280 255 136 50 103 760 603 15 226 369 275 473 626 560 259 350 456 427 318 201 188 636 230 32 351 251 339 201 94 941 257 449
1019 20 5560 126 159 634 44 952 427 152 403 591 470 23 765 138 430 463 924 634 272 412 374 201 142 117 190 400 5 62 24 3 769 204 245 150 928 850 717 177 651 661 321
2019 20 5560 204 245 634 44 634 272 850 717 201 142 23 765 400 5 150 928 138 430 126 159 177 651 117 190 412 374 591 470 3 769 152 403 463 924 952 427 62 24 661 321
3019 20 5560 126 159 412 374 62 24 152 403 117 190 201 142 463 924 204 245 634 44 3 769 661 321 150 928 400 5 23 765 138 430 591 470 177 651 850 717 952 427 634 272
4019 20 5560 952 427 463 924 850 717 412 374 591 470 177 651 117 190 204 245 126 159 23 765 62 24 201 142 634 44 3 769 661 321 138 430 400 5 150 928 152 403 634 272
5019 20 5560 591 470 126 159 177 651 150 928 62 24 952 427 634 44 634 272 463 924 412 374 201 142 850 717 23 765 400 5 138 430 204 245 117 190 661 321 152 403 3 769
1020 20 4600 443 843 742 398 176 326 95 370 424 51 338 65 30 824 335 159 288 778 386 578 103 22 175 268 97 511 565 637 37 6 260 45 663 99 97 747 136 62 361 495
2020 20 4600 30 824 386 578 97 511 565 637 424 51 97 747 338 65 361 495 260 45 663 99 103 22 175 268 288 778 335 159 136 62 176 326 95 370 37 6 443 843 742 398
3020 20 4600 361 495 30 824 338 65 565 637 136 62 97 747 103 22 386 578 176 326 443 843 95 370 97 511 424 51 175 268 335 159 288 778 37 6 663 99 742 398 260 45
4020 20 4600 361 495 443 843 30 824 97 511 37 6 175 268 338 65 335 159 288 778 97 747 424 51 103 22 386 578 176 326 260 45 565 637 136 62 742 398 95 370 663 99
5020 20 4600 424 51 386 578 176 326 361 495 103 22 95 370 288 778 37 6 97 747 742 398 338 65 30 824 175 268 443 843 260 45 136 62 97 511 335 159 565 637 663 99
1021 20 7266 917 456 817 216 192 212 538 534 353 674 121 59 568 685 822 516 404 186 202 890 132 894 157 766 628 961 946 146 802 866 451 544 12 760 463 959 472 182 86 302
2021 20 7266 202 890 192 212 86 302 463 959 353 674 917 456 946 146 472 182 802 866 404 186 132 894 817 216 538 534 451 544 121 59 568 685 157 766 822 516 628 961 12 760
3021 20 7266 538 534 463 959 628 961 202 890 802 866 917 456 121 59 404 186 946 146 157 766 12 760 192 212 86 302 472 182 568 685 132 894 451 544 353 674 817 216 822 516
4021 20 7266 121 59 472 182 463 959 917 456 538 534 822 516 132 894 451 544 86 302 12 760 202 890 628 961 353 674 568 685 192 212 404 186 157 766 817 216 802 866 946 146
5021 20 7266 472 182 946 146 86 302 353 674 538 534 917 456 802 866 568 685 132 894 404 186 12 760 822 516 192 212 463 959 628 961 202 890 817 216 157 766 121 59 451 544
1022 20 4464 394 840 268 342 191 233 294 626 157 441 195 225 159 566 139 123 20 329 438 833 71 106 250 121 359 78 722 462 333 430 233 564 414 762 415 259 339 824 190 95
2022 20 4464 438 833 195 225 250 121 71 106 157 441 233 564 359 78 415 259 333 430 414 762 268 342 191 233 394 840 20 329 139 123 722 462 339 824 159 566 190 95 294 626
3022 20 4464 195 225 438 833 157 441 415 259 159 566 191 233 339 824 190 95 268 342 414 762 233 564 71 106 394 840 722 462 139 123 333 430 294 626 20 329 359 78 250 121
4022 20 4464 294 626 250 121 71 106 159 566 438 833 139 123 333 430 339 824 233 564 414 762 359 78 268 342 191 233 394 840 415 259 195 225 157 441 190 95 20 329 722 462
5022 20 4464 195 225 157 441 339 824 438 833 233 564 359 78 250 121 722 462 333 430 71 106 190 95 414 762 191 233 415 259 139 123 294 626 268 342 394 840 159 566 20 329
1023 20 5647 186 202 282 350 67 840 522 150 128 560 123 274 874 676 245 944 473 177 258 681 575 813 535 504 49 864 594 729 416 315 614 746 325 141 443 620 144 518 206 1
2023 20 5647 874 676 443 620 186 202 575 813 535 504 282 350 416 315 522 150 473 177 123 274 258 681 594 729 206 1 67 840 128 560 614 746 144 518 325 141 49 864 245 944
3023 20 5647 128 560 473 177 443 620 522 150 416 315 594 729 614 746 535 504 325 141 49 864 206 1 874 676 186 202 258 681 144 518 67 840 123 274 575 813 282 350 245 944
4023 20 5647 282 350 245 944 575 813 325 141 443 620 416 315 258 681 123 274 522 150 67 840 128 560 144 518 186 202 535 504 206 1 49 864 594 729 874 676 473 177 614 746
5023 20 5647 123 274 144 518 49 864 186 202 416 315 535 504 473 177 258 681 206 1 614 746 874 676 282 350 245 944 443 620 575 813 522 150 325 141 128 560 67 840 594 729
1024 20 7531 908 65 705 513 383 105 800 985 312 49 500 483 117 973 668 996 331 505 663 423 432 364 686 652 16 387 825 442 641 361 206 150 142 694 124 512 283 337 672 622
2024 20 7531 500 483 206 150 641 361 383 105 686 652 668 996 825 442 312 49 124 512 117 973 16 387 331 505 705 513 908 65 283 337 432 364 142 694 672 622 663 423 800 985
3024 20 7531 16 387 432 364 500 483 800 985 331 505 117 973 124 512 825 442 206 150 142 694 668 996 283 337 705 513 383 105 686 652 312 49 663 423 641 361 672 622 908 65
4024 20 7531 686 652 283 337 908 65 432 364 124 512 825 442 383 105 331 505 312 49 117 973 206 150 500 483 641 361 800 985 668 996 705 513 663 423 672 622 16 387 142 694
5024 20 7531 331 505 117 973 686 652 800 985 672 622 432 364 705 513 383 105 283 337 312 49 124 512 825 442 500 483 16 387 908 65 663 423 142 694 206 150 668 996 641 361
1025 20 5261 287 217 331 888 237 376 173 741 864 221 148 855 190 844 27 176 208 569 545 343 98 996 105 101 879 318 637 543 292 586 623 919 5 715 508 918 354 906 66 499
2025 20 5261 190 844 864 221 637 543 545 343 508 918 173 741 98 996 623 919 879 318 331 888 105 101 208 569 27 176 66 499 292 586 148 855 287 217 354 906 5 715 237 376
3025 20 5261 66 499 190 844 105 101 208 569 545 343 237 376 879 318 508 918 292 586 27 176 98 996 637 543 148 855 331 888 623 919 287 217 5 715 173 741 864 221 354 906
4025 20 5261 545 343 354 906 292 586 173 741 148 855 5 715 66 499 637 543 190 844 27 176 623 919 864 221 879 318 508 918 331 888 98 996 208 569 105 101 237 376 287 217
5025 20 5261 864 221 331 888 879 318 66 499 190 844 623 919 173 741 27 176 105 101 292 586 98 996 237 376 148 855 545 343 208 569 5 715 287 217 508 918 637 543 354 906
1026 20 6371 363 321 627 571 26 690 37 214 143 215 576 535 266 653 523 903 532 246 796 487 570 821 643 346 19 780 523 823 724 89 597 717 232 711 143 396 260 818 364 650
2026 20 6371 364 650 19 780 724 89 570 821 523 823 796 487 26 690 597 717 143 215 260 818 627 571 143 396 232 711 576 535 266 653 37 214 643 346 363 321 523 903 532 246
3026 20 6371 260 818 724 89 523 823 627 571 523 903 19 780 532 246 26 690 143 396 266 653 570 821 576 535 364 650 232 711 643 346 143 215 363 321 37 214 597 717 796 487
4026 20 6371 143 215 37 214 26 690 643 346 576 535 570 821 597 717 532 246 260 818 523 903 724 89 523 823 143 396 232 711 266 653 363 321 796 487 19 780 627 571 364 650
5026 20 6371 523 903 643 346 143 215 364 650 724 89 260 818 796 487 597 717 19 780 266 653 26 690 232 711 523 823 363 321 570 821 37 214 532 246 627 571 576 535 143 396
1027 20 5920 21 861 440 935 150 994 726 891 354 116 265 145 442 266 838 522 609 694 194 445 99 682 55 231 876 359 370 772 183 177 4 239 351 552 239 257 293 17 892 958
2027 20 5920 21 861 442 266 370 772 4 239 609 694 265 145 838 522 99 682 239 257 892 958 354 116 293 17 150 994 351 552 183 177 726 891 194 445 876 359 440 935 55 231
3027 20 5920 726 891 239 257 183 177 293 17 354 116 876 359 440 935 609 694 150 994 265 145 194 445 99 682 370 772 442 266 892 958 55 231 4 239 838 522 21 861 351 552
4027 20 5920 609 694 876 359 293 17 4 239 354 116 21 861 194 445 239 257 150 994 440 935 99 682 370 772 892 958 55 231 351 552 183 177 265 145 442 266 726 891 838 522
5027 20 5920 150 994 838 522 726 891 239 257 892 958 183 177 21 861 194 445 609 694 440 935 265 145 370 772 354 116 876 359 351 552 4 239 293 17 442 266 55 231 99 682
1028 20 6512 340 275 272 817 199 973 689 502 205 459 424 337 878 409 83 164 221 471 409 677 99 359 781 475 118 378 58 641 568 783 410 101 404 543 538 955 566 155 879 154
2028 20 6512 221 471 272 817 118 378 199 973 781 475 340 275 205 459 58 641 410 101 424 337 878 409 404 543 99 359 879 154 409 677 568 783 83 164 566 155 689 502 538 955
3028 20 6512 568 783 272 817 205 459 404 543 221 471 878 409 199 973 83 164 118 378 689 502 58 641 566 155 410 101 781 475 99 359 879 154 424 337 538 955 340 275 409 677
4028 20 6512 205 459 689 502 99 359 566 155 340 275 221 471 58 641 879 154 410 101 568 783 781 475 409 677 118 378 424 337 538 955 83 164 878 409 199 973 404 543 272 817
5028 20 6512 83 164 221 471 781 475 99 359 404 543 424 337 340 275 538 955 878 409 568 783 205 459 118 378 689 502 410 101 199 973 879 154 566 155 409 677 58 641 272 817
1029 20 5300 3 766 372 747 244 943 740 960 521 330 650 836 218 233 518 624 229 65 127 441 326 176 280 709 386 469 11 142 525 907 186 620 30 295 517 271 7 900 736 636
2029 20 5300 127 441 30 295 517 271 525 907 244 943 229 65 521 330 11 142 218 233 326 176 3 766 740 960 186 620 518 624 7 900 280 709 386 469 650 836 372 747 736 636
3029 20 5300 186 620 30 295 7 900 229 65 372 747 244 943 218 233 740 960 386 469 326 176 525 907 736 636 3 766 650 836 127 441 11 142 521 330 517 271 518 624 280 709
4029 20 5300 244 943 517 271 7 900 326 176 186 620 218 233 127 441 525 907 521 330 736 636 280 709 518 624 11 142 740 960 650 836 229 65 386 469 3 766 372 747 30 295
5029 20 5300 229 65 740 960 280 709 372 747 650 836 218 233 386 469 3 766 127 441 736 636 30 295 521 330 326 176 518 624 11 142 186 620 244 943 525 907 517 271 7 900
1030 20 7223 712 508 887 661 110 666 167 886 721 281 548 770 649 411 918 899 40 703 48 424 701 719 685 55 259 971 95 637 935 103 186 267 770 695 67 106 331 146 200 743
2030 20 7223 67 106 701 719 40 703 110 666 887 661 186 267 770 695 48 424 649 411 918 899 200 743 712 508 331 146 259 971 685 55 167 886 548 770 721 281 95 637 935 103
3030 20 7223 40 703 935 103 918 899 48 424 200 743 259 971 887 661 95 637 712 508 649 411 701 719 167 886 186 267 685 55 548 770 331 146 770 695 110 666 721 281 67 106
4030 20 7223 186 267 712 508 67 106 259 971 649 411 887 661 110 666 48 424 200 743 331 146 167 886 721 281 548 770 701 719 40 703 685 55 935 103 918 899 770 695 95 637
5030 20 7223 918 899 259 971 48 424 186 267 887 661 721 281 331 146 110 666 685 55 95 637 67 106 167 886 548 770 701 719 40 703 649 411 200 743 712 508 935 103 770 695
1031 20 5027 36 642 213 134 598 775 36 501 60 671 607 763 550 550 499 6 60 903 767 786 852 40 247 857 39 186 128 774 717 116 405 18 188 540 191 209 25 979 66 134
2031 20 5027 36 642 607 763 25 979 128 774 717 116 499 6 36 501 852 40 60 671 60 903 188 540 247 857 191 209 767 786 213 134 550 550 66 134 39 186 405 18 598 775
3031 20 5027 852 40 36 642 60 903 25 979 39 186 60 671 550 550 499 6 36 501 128 774 767 786 598 775 213 134 188 540 607 763 66 134 405 18 247 857 717 116 191 209
4031 20 5027 550 550 213 134 36 501 247 857 128 774 188 540 598 775 191 209 25 979 39 186 60 903 66 134 499 6 36 642 717 116 607 763 767 786 852 40 405 18 60 671
5031 20 5027 60 903 598 775 128 774 247 857 25 979 36 501 39 186 767 786 188 540 60 671 191 209 405 18 213 134 66 134 550 550 717 116 852 40 499 6 607 763 36 642
1032 20 5049 215 735 47 23 117 779 32 279 5 628 434 837 607 67 451 710 514 39 495 717 583 629 303 617 714 947 242 889 193 578 554 569 97 124 202 537 71 809 436 15
2032 20 5049 495 717 47 23 554 569 436 15 202 537 193 578 97 124 32 279 71 809 434 837 215 735 117 779 607 67 5 628 714 947 303 617 514 39 451 710 242 889 583 629
3032 20 5049 554 569 583 629 242 889 5 628 714 947 97 124 303 617 607 67 215 735 451 710 32 279 495 717 47 23 514 39 193 578 436 15 434 837 202 537 117 779 71 809
4032 20 5049 242 889 554 569 583 629 607 67 5 628 303 617 514 39 434 837 451 710 436 15 71 809 117 779 202 537 714 947 215 735 193 578 47 23 495 717 97 124 32 279
5032 20 5049 32 279 193 578 215 735 495 717 434 837 451 710 607 67 514 39 5 628 117 779 202 537 583 629 97 124 714 947 303 617 47 23 436 15 71 809 242 889 554 569
1033 20 6408 614 310 135 723 775 147 338 101 221 459 540 790 677 160 301 116 618 442 442 311 353 519 438 615 120 98 702 164 717 401 305 760 275 399 348 231 50 83 41 80
2033 20 6408 301 116 618 442 221 459 275 399 338 101 614 310 540 790 348 231 438 615 305 760 677 160 442 311 775 147 120 98 717 401 135 723 702 164 50 83 353 519 41 80
3033 20 6408 353 519 348 231 717 401 305 760 540 790 614 310 677 160 221 459 301 116 135 723 442 311 50 83 120 98 338 101 275 399 618 442 41 80 438 615 702 164 775 147
4033 20 6408 775 147 338 101 348 231 41 80 717 401 540 790 305 760 614 310 702 164 442 311 221 459 438 615 50 83 353 519 677 160 135 723 301 116 275 399 618 442 120 98
5033 20 6408 702 164 348 231 353 519 221 459 442 311 338 101 618 442 135 723 275 399 540 790 775 147 301 116 305 760 438 615 50 83 614 310 120 98 41 80 717 401 677 160
1034 20 5293 338 738 205 730 496 615 89 460 361 395 271 342 162 905 338 473 273 368 10 285 690 469 511 644 27 41 200 743 618 956 756 958 209 1000 307 3 365 142 391 979
2034 20 5293 273 368 307 3 209 1000 361 395 756 958 690 469 496 615 391 979 200 743 27 41 89 460 618 956 205 730 162 905 271 342 338 738 511 644 10 285 338 473 365 142
3034 20 5293 391 979 338 473 618 956 511 644 361 395 365 142 496 615 271 342 338 738 89 460 209 1000 10 285 162 905 307 3 756 958 205 730 273 368 27 41 200 743 690 469
4034 20 5293 271 342 361 395 89 460 338 473 756 958 496 615 200 743 273 368 338 738 307 3 511 644 365 142 391 979 162 905 205 730 690 469 27 41 618 956 10 285 209 1000
5034 20 5293 307 3 365 142 511 644 162 905 27 41 273 368 391 979 200 743 89 460 496 615 205 730 756 958 618 956 690 469 338 473 10 285 271 342 361 395 338 738 209 1000
1035 20 6233 179 156 516 593 727 658 423 1000 303 678 191 319 311 550 136 578 731 33 224 494 430 164 634 238 498 650 37 308 332 956 451 205 784 517 652 125 16 411 217 939
2035 20 6233 634 238 727 658 16 411 224 494 332 956 37 308 652 125 498 650 423 1000 311 550 136 578 191 319 451 205 179 156 303 678 217 939 784 517 731 33 430 164 516 593
3035 20 6233 224 494 136 578 303 678 430 164 731 33 784 517 37 308 191 319 498 650 727 658 423 1000 516 593 451 205 652 125 634 238 311 550 16 411 332 956 179 156 217 939
4035 20 6233 727 658 498 650 652 125 37 308 136 578 634 238 311 550 303 678 430 164 16 411 332 956 423 1000 191 319 731 33 224 494 179 156 516 593 451 205 784 517 217 939
5035 20 6233 303 678 217 939 311 550 727 658 498 650 16 411 191 319 423 1000 451 205 516 593 332 956 224 494 784 517 634 238 652 125 37 308 731 33 430 164 136 578 179 156
1036 20 3036 321 465 143 193 193 966 199 203 665 779 89 146 99 974 34 957 236 384 163 10 82 635 161 329 203 713 307 915 5 975 241 622 236 80 47 319 128 815 244 445
2036 20 3036 236 80 161 329 128 815 244 445 241 622 163 10 321 465 47 319 34 957 199 203 307 915 203 713 665 779 236 384 5 975 193 966 143 193 82 635 99 974 89 146
3036 20 3036 193 966 236 80 161 329 241 622 321 465 143 193 47 319 89 146 34 957 307 915 665 779 203 713 5 975 128 815 99 974 163 10 236 384 199 203 244 445 82 635
4036 20 3036 5 975 82 635 163 10 241 622 203 713 89 146 307 915 236 80 199 203 128 815 193 966 161 329 99 974 47 319 321 465 236 384 665 779 34 957 244 445 143 193
5036 20 3036 321 465 82 635 307 915 241 622 89 146 665 779 5 975 143 193 163 10 99 974 236 80 161 329 236 384 193 966 128 815 34 957 199 203 244 445 203 713 47 319
1037 20 5156 128 106 846 766 496 510 745 168 580 534 953 831 184 177 140 498 57 291 108 85 263 838 102 199 404 658 19 75 197 509 238 578 325 857 64 702 363 537 234 677
2037 20 5156 325 857 238 578 140 498 184 177 496 510 404 658 19 75 108 85 263 838 197 509 57 291 128 106 64 702 580 534 953 831 102 199 846 766 745 168 234 677 363 537
3037 20 5156 496 510 325 857 102 199 263 838 846 766 57 291 363 537 19 75 580 534 108 85 238 578 128 106 197 509 234 677 140 498 404 658 64 702 953 831 745 168 184 177
4037 20 5156 140 498 846 766 102 199 496 510 184 177 108 85 238 578 953 831 363 537 57 291 19 75 263 838 197 509 128 106 580 534 745 168 325 857 404 658 64 702 234 677
5037 20 5156 238 578 19 75 363 537 745 168 325 857 953 831 580 534 263 838 496 510 197 509 108 85 64 702 102 199 234 677 128 106 846 766 140 498 404 658 184 177 57 291
1038 20 5997 142 802 398 148 334 948 149 256 64 365 88 112 196 137 249 354 587 375 175 901 800 316 154 379 290 59 761 160 172 506 566 485 948 960 790 605 539 899 95 948
2038 20 5997 334 948 149 256 172 506 64 365 154 379 790 605 175 901 95 948 88 112 196 137 587 375 539 899 948 960 398 148 800 316 249 354 566 485 290 59 142 802 761 160
3038 20 5997 948 960 172 506 587 375 800 316 95 948 290 59 154 379 196 137 142 802 334 948 149 256 761 160 539 899 398 148 175 901 790 605 88 112 566 485 249 354 64 365
4038 20 5997 398 148 948 960 172 506 539 899 800 316 154 379 587 375 249 354 88 112 175 901 196 137 334 948 95 948 142 802 64 365 566 485 761 160 290 59 790 605 149 256
5038 20 5997 154 379 88 112 334 948 761 160 95 948 249 354 539 899 64 365 398 148 290 59 790 605 566 485 175 901 948 960 142 802 196 137 149 256 800 316 587 375 172 506
1039 20 3472 106 534 39 235 191 973 31 442 369 189 591 151 576 570 936 662 23 116 287 731 62 324 71 4 159 566 130 872 73 699 251 431 59 545 268 472 27 274 92 273
2039 20 3472 73 699 31 442 268 472 39 235 251 431 27 274 106 534 287 731 71 4 59 545 159 566 369 189 23 116 130 872 191 973 936 662 62 324 92 273 576 570 591 151
3039 20 3472 251 431 27 274 59 545 268 472 39 235 71 4 23 116 191 973 936 662 92 273 62 324 287 731 130 872 369 189 31 442 591 151 576 570 73 699 159 566 106 534
4039 20 3472 27 274 62 324 159 566 191 973 71 4 73 699 92 273 369 189 936 662 23 116 106 534 268 472 287 731 31 442 39 235 576 570 251 431 130 872 59 545 591 151
5039 20 3472 191 973 39 235 73 699 59 545 369 189 71 4 62 324 27 274 268 472 31 442 591 151 159 566 106 534 130 872 576 570 92 273 287 731 23 116 251 431 936 662
1040 20 5999 414 747 312 52 768 282 336 769 163 229 48 9 3 412 393 511 35 434 554 803 737 286 101 799 513 600 817 156 490 635 217 220 155 220 87 322 580 158 776 621
2040 20 5999 336 769 217 220 580 158 87 322 513 600 3 412 490 635 817 156 414 747 768 282 101 799 155 220 35 434 163 229 737 286 393 511 776 621 312 52 48 9 554 803
3040 20 5999 414 747 513 600 217 220 776 621 312 52 155 220 580 158 87 322 393 511 737 286 817 156 490 635 554 803 163 229 101 799 3 412 768 282 48 9 336 769 35 434
4040 20 5999 312 52 336 769 737 286 554 803 817 156 101 799 513 600 414 747 768 282 776 621 48 9 35 434 490 635 155 220 217 220 87 322 163 229 393 511 580 158 3 412
5040 20 5999 312 52 580 158 776 621 768 282 155 220 3 412 101 799 393 511 48 9 87 322 163 229 490 635 414 747 336 769 817 156 217 220 513 600 35 434 737 286 554 803
1041 20 3951 82 766 270 421 205 273 28 254 4 346 156 861 106 660 112 712 703 342 125 464 874 476 413 894 829 526 47 826 184 493 229 278 72 734 184 668 196 401 120 477
2041 20 3951 184 493 270 421 229 278 205 273 106 660 184 668 156 861 874 476 112 712 120 477 4 346 413 894 72 734 125 464 82 766 196 401 703 342 47 826 829 526 28 254
3041 20 3951 125 464 184 668 112 712 4 346 413 894 47 826 196 401 829 526 229 278 28 254 874 476 703 342 205 273 184 493 270 421 156 861 82 766 106 660 72 734 120 477
4041 20 3951 4 346 106 660 72 734 184 493 28 254 205 273 156 861 874 476 229 278 703 342 413 894 125 464 120 477 829 526 196 401 184 668 112 712 47 826 82 766 270 421
5041 20 3951 82 766 156 861 112 712 125 464 184 493 196 401 703 342 106 660 184 668 72 734 4 346 229 278 28 254 47 826 829 526 120 477 270 421 205 273 874 476 413 894
1042 20 7473 515 556 235 979 54 267 381 500 767 148 553 644 656 806 820 494 472 873 321 835 622 395 545 924 190 631 627 395 710 911 389 42 307 1000 922 111 107 834 149 614
2042 20 7473 389 42 515 556 553 644 235 979 545 924 627 395 149 614 622 395 190 631 922 111 656 806 107 834 710 911 307 1000 321 835 54 267 820 494 472 873 381 500 767 148
3042 20 7473 820 494 389 42 922 111 381 500 307 1000 54 267 190 631 149 614 321 835 545 924 767 148 515 556 472 873 656 806 710 911 622 395 553 644 627 395 107 834 235 979
4042 20 7473 656 806 622 395 922 111 820 494 553 644 149 614 545 924 627 395 515 556 472 873 389 42 54 267 710 911 235 979 190 631 107 834 381 500 767 148 307 1000 321 835
5042 20 7473 627 395 190 631 820 494 472 873 149 614 767 148 235 979 321 835 54 267 922 111 545 924 553 644 515 556 389 42 307 1000 656 806 381 500 107 834 622 395 710 911
1043 20 5558 834 394 36 305 188 81 847 503 705 832 906 277 158 444 90 366 683 928 214 686 118 732 446 611 363 267 64 49 98 178 175 872 105 195 131 451 345 369 442 917
2043 20 5558 906 277 847 503 36 305 446 611 90 366 345 369 98 178 131 451 175 872 105 195 64 49 834 394 442 917 214 686 188 81 158 444 363 267 683 928 118 732 705 832
3043 20 5558 847 503 834 394 188 81 683 928 118 732 36 305 158 444 363 267 105 195 214 686 442 917 90 366 131 451 446 611 175 872 345 369 64 49 98 178 705 832 906 277
4043 20 5558 847 503 118 732 834 394 98 178 345 369 683 928 442 917 363 267 705 832 105 195 131 451 64 49 188 81 175 872 90 366 214 686 446 611 158 444 36 305 906 277
5043 20 5558 188 81 705 832 214 686 131 451 834 394 363 267 90 366 906 277 158 444 64 49 345 369 683 928 118 732 442 917 105 195 446 611 36 305 98 178 847 503 175 872
1044 20 4155 563 766 98 66 54 288 84 650 496 622 62 254 258 110 201 361 365 570 114 978 483 285 146 558 576 408 36 365 248 549 230 130 663 132 288 537 180 75 49 52
2044 20 4155 201 361 248 549 258 110 146 558 98 66 496 622 288 537 576 408 49 52 84 650 563 766 483 285 62 254 230 130 663 132 54 288 114 978 180 75 365 570 36 365
3044 20 4155 114 978 49 52 54 288 146 558 365 570 288 537 576 408 248 549 98 66 62 254 496 622 258 110 84 650 36 365 663 132 230 130 483 285 180 75 201 361 563 766
4044 20 4155 36 365 180 75 563 766 98 66 146 558 248 549 114 978 258 110 62 254 54 288 365 570 288 537 84 650 496 622 483 285 201 361 230 130 663 132 49 52 576 408
5044 20 4155 54 288 576 408 146 558 563 766 84 650 36 365 62 254 663 132 248 549 496 622 98 66 49 52 114 978 483 285 258 110 230 130 365 570 180 75 288 537 201 361
1045 20 4800 247 689 151 524 195 408 362 536 25 264 5 459 441 423 169 682 385 377 181 933 82 298 912 296 652 477 744 117 143 849 229 80 576 87 100 604 187 177 215 556
2045 20 4800 441 423 187 177 25 264 744 117 652 477 247 689 143 849 385 377 362 536 100 604 169 682 181 933 151 524 229 80 576 87 82 298 215 556 912 296 195 408 5 459
3045 20 4800 247 689 576 87 82 298 441 423 195 408 652 477 100 604 151 524 143 849 187 177 229 80 169 682 25 264 385 377 215 556 362 536 5 459 744 117 912 296 181 933
4045 20 4800 82 298 151 524 385 377 215 556 195 408 229 80 5 459 25 264 187 177 143 849 744 117 181 933 169 682 576 87 441 423 362 536 100 604 912 296 247 689 652 477
5045 20 4800 385 377 181 933 151 524 143 849 576 87 5 459 195 408 247 689 25 264 100 604 229 80 912 296 187 177 215 556 744 117 652 477 441 423 362 536 82 298 169 682
1046 20 5987 395 170 833 801 527 581 379 433 123 762 482 945 44 745 38 765 430 726 767 815 792 426 164 37 311 69 2 838 398 887 657 360 70 464 62 642 99 858 911 732
2046 20 5987 99 858 657 360 311 69 527 581 833 801 430 726 2 838 398 887 62 642 767 815 44 745 911 732 70 464 123 762 379 433 395 170 482 945 164 37 38 765 792 426
3046 20 5987 398 887 911 732 430 726 99 858 657 360 70 464 482 945 395 170 38 765 311 69 833 801 767 815 2 838 164 37 62 642 792 426 379 433 527 581 44 745 123 762
4046 20 5987 911 732 164 37 833 801 2 838 70 464 482 945 430 726 38 765 657 360 395 170 62 642 379 433 44 745 527 581 123 762 99 858 792 426 311 69 767 815 398 887
5046 20 5987 792 426 833 801 482 945 70 464 38 765 62 642 657 360 527 581 767 815 164 37 430 726 44 745 398 887 2 838 123 762 379 433 911 732 395 170 311 69 99 858
1047 20 5702 611 461 357 346 254 943 455 337 580 805 422 130 523 400 17 461 14 656 723 177 150 262 182 690 711 921 320 395 297 263 85 311 392 613 325 698 34 629 676 83
2047 20 5702 297 263 182 690 676 83 711 921 14 656 325 698 17 461 85 311 723 177 422 130 392 613 357 346 523 400 34 629 320 395 254 943 580 805 611 461 455 337 150 262
3047 20 5702 182 690 422 130 325 698 85 311 711 921 34 629 611 461 455 337 14 656 320 395 580 805 523 400 723 177 254 943 357 346 297 263 676 83 17 461 150 262 392 613
4047 20 5702 723 177 325 698 320 395 85 311 34 629 611 461 182 690 422 130 455 337 17 461 676 83 297 263 392 613 254 943 711 921 580 805 523 400 150 262 357 346 14 656
5047 20 5702 392 613 34 629 150 262 254 943 523 400 182 690 711 921 85 311 611 461 14 656 325 698 297 263 723 177 455 337 676 83 422 130 17 461 357 346 320 395 580 805
1048 20 5637 113 787 390 446 593 511 75 14 521 353 447 299 657 235 274 81 562 176 123 540 670 171 156 846 219 831 271 267 342 31 231 476 631 571 87 566 44 682 641 714
2048 20 5637 390 446 631 571 641 714 342 31 231 476 87 566 123 540 274 81 271 267 521 353 75 14 670 171 113 787 562 176 657 235 593 511 447 299 44 682 156 846 219 831
3048 20 5637 87 566 447 299 123 540 219 831 390 446 641 714 631 571 342 31 156 846 44 682 593 511 231 476 75 14 521 353 670 171 657 235 274 81 271 267 562 176 113 787
4048 20 5637 44 682 521 353 562 176 447 299 593 511 390 446 670 171 123 540 271 267 274 81 87 566 156 846 219 831 231 476 75 14 657 235 631 571 113 787 342 31 641 714
5048 20 5637 390 446 641 714 44 682 87 566 562 176 274 81 219 831 271 267 670 171 447 299 231 476 631 571 342 31 657 235 123 540 75 14 521 353 113 787 156 846 593 511
1049 20 6095 610 463 24 146 115 532 370 798 31 327 20 252 11 878 941 169 757 747 195 949 546 403 311 644 234 879 185 434 532 820 976 314 418 915 952 684 231 313 160 522
2049 20 6095 418 915 20 252 532 820 231 313 11 878 234 879 546 403 757 747 160 522 952 684 31 327 941 169 24 146 185 434 115 532 195 949 311 644 370 798 610 463 976 314
3049 20 6095 418 915 11 878 757 747 952 684 234 879 31 327 941 169 610 463 370 798 24 146 976 314 20 252 195 949 185 434 311 644 160 522 231 313 546 403 532 820 115 532
4049 20 6095 11 878 610 463 757 747 31 327 952 684 24 146 185 434 195 949 20 252 976 314 231 313 546 403 370 798 234 879 941 169 418 915 115 532 160 522 311 644 532 820
5049 20 6095 952 684 195 949 11 878 20 252 31 327 532 820 610 463 941 169 311 644 546 403 160 522 757 747 370 798 976 314 234 879 231 313 418 915 185 434 115 532 24 146
1050 20 5656 369 617 603 656 462 978 202 732 352 505 602 792 421 279 512 27 69 581 56 258 239 965 507 666 666 485 164 54 159 801 286 456 220 84 486 702 43 118 652 400
2050 20 5656 286 456 69 581 602 792 507 666 159 801 352 505 421 279 43 118 603 656 369 617 652 400 239 965 164 54 220 84 666 485 486 702 462 978 202 732 56 258 512 27
3050 20 5656 202 732 352 505 652 400 164 54 421 279 512 27 159 801 507 666 602 792 369 617 286 456 220 84 666 485 56 258 486 702 603 656 69 581 239 965 43 118 462 978
4050 20 5656 603 656 239 965 602 792 462 978 666 485 352 505 652 400 164 54 369 617 486 702 421 279 512 27 202 732 43 118 69 581 286 456 220 84 507 666 159 801 56 258
5050 20 5656 507 666 369 617 43 118 220 84 512 27 666 485 239 965 462 978 286 456 56 258 202 732 602 792 486 702 421 279 352 505 603 656 164 54 652 400 159 801 69 581
1051 20 5531 749 654 82 197 512 711 568 872 827 237 354 194 147 202 410 544 77 721 336 323 135 40 480 114 24 617 623 160 480 202 52 677 382 551 635 732 26 684 15 593
2051 20 5531 336 323 24 617 147 202 82 197 135 40 410 544 568 872 480 202 77 721 15 593 382 551 354 194 635 732 480 114 52 677 623 160 827 237 512 711 26 684 749 654
3051 20 5531 623 160 336 323 52 677 512 711 827 237 135 40 749 654 77 721 15 593 635 732 24 617 410 544 568 872 82 197 147 202 26 684 354 194 382 551 480 114 480 202
4051 20 5531 480 202 82 197 135 40 410 544 24 617 52 677 382 551 749 654 15 593 77 721 26 684 336 323 147 202 827 237 512 711 635 732 480 114 623 160 568 872 354 194
5051 20 5531 52 677 135 40 568 872 336 323 827 237 354 194 749 654 15 593 77 721 480 114 623 160 410 544 480 202 382 551 26 684 82 197 147 202 512 711 635 732 24 617
1052 20 4621 169 134 473 516 478 759 343 968 294 408 530 44 776 961 425 397 78 832 43 919 99 595 89 602 8 323 310 653 87 438 141 680 44 705 678 959 581 889 131 239
2052 20 4621 169 134 473 516 678 959 44 705 294 408 43 919 8 323 89 602 776 961 310 653 530 44 99 595 478 759 581 889 87 438 78 832 425 397 141 680 131 239 343 968
3052 20 4621 78 832 473 516 44 705 478 759 131 239 678 959 8 323 310 653 343 968 87 438 169 134 776 961 530 44 141 680 43 919 294 408 581 889 425 397 99 595 89 602
4052 20 4621 99 595 8 323 678 959 89 602 43 919 131 239 530 44 310 653 78 832 343 968 425 397 776 961 141 680 581 889 169 134 44 705 473 516 478 759 294 408 87 438
5052 20 4621 581 889 78 832 169 134 43 919 473 516 478 759 530 44 343 968 131 239 8 323 99 595 425 397 310 653 678 959 776 961 89 602 294 408 141 680 87 438 44 705
1053 20 5268 110 420 38 809 370 286 855 47 413 112 110 461 82 965 50 954 257 104 6 668 779 479 597 402 925 918 339 510 4 601 233 984 16 296 137 129 808 163 457 936
2053 20 5268 233 984 855 47 597 402 50 954 808 163 4 601 6 668 82 965 339 510 38 809 137 129 413 112 110 420 370 286 16 296 457 936 110 461 257 104 779 479 925 918
3053 20 5268 110 461 257 104 925 918 457 936 339 510 413 112 370 286 38 809 16 296 4 601 137 129 597 402 50 954 6 668 82 965 779 479 110 420 808 163 855 47 233 984
4053 20 5268 339 510 110 420 855 47 110 461 6 668 16 296 597 402 38 809 233 984 413 112 808 163 4 601 82 965 137 129 257 104 457 936 370 286 925 918 50 954 779 479
5053 20 5268 370 286 808 163 6 668 855 47 82 965 413 112 257 104 925 918 779 479 233 984 4 601 137 129 597 402 110 420 16 296 38 809 110 461 339 510 457 936 50 954
1054 20 6133 512 741 203 315 892 695 514 18 729 653 73 682 51 906 298 304 172 482 109 266 594 505 59 612 243 860 524 450 484 398 180 993 511 342 340 987 949 389 230 626
2054 20 6133 203 315 243 860 512 741 109 266 594 505 340 987 892 695 180 993 484 398 511 342 230 626 298 304 514 18 729 653 51 906 73 682 172 482 949 389 524 450 59 612
3054 20 6133 892 695 729 653 298 304 512 741 59 612 594 505 524 450 340 987 949 389 180 993 514 18 511 342 109 266 230 626 73 682 51 906 172 482 203 315 484 398 243 860
4054 20 6133 514 18 949 389 298 304 180 993 59 612 484 398 73 682 594 505 243 860 892 695 172 482 109 266 51 906 230 626 524 450 511 342 340 987 203 315 512 741 729 653
5054 20 6133 514 18 949 389 729 653 340 987 59 612 298 304 172 482 511 342 73 682 243 860 524 450 51 906 230 626 892 695 484 398 109 266 512 741 203 315 594 505 180 993
1055 20 6222 599 164 978 643 477 580 268 240 798 292 588 328 309 595 294 938 26 842 452 264 460 74 426 852 106 540 166 975 853 691 31 630 96 115 55 202 631 229 165 968
2055 20 6222 268 240 106 540 631 229 798 292 460 74 477 580 31 630 978 643 165 968 426 852 588 328 309 595 452 264 26 842 599 164 853 691 294 938 166 975 96 115 55 202
3055 20 6222 96 115 268 240 631 229 55 202 452 264 460 74 166 975 309 595 31 630 106 540 26 842 588 328 599 164 426 852 477 580 978 643 165 968 853 691 798 292 294 938
4055 20 6222 460 74 268 240 426 852 452 264 26 842 165 968 55 202 798 292 477 580 294 938 31 630 599 164 853 691 96 115 166 975 588 328 978 643 631 229 309 595 106 540
5055 20 6222 96 115 268 240 106 540 599 164 798 292 31 630 460 74 309 595 426 852 853 691 978 643 26 842 631 229 588 328 55 202 477 580 294 938 165 968 452 264 166 975
1056 20 4799 278 901 357 795 379 327 212 453 237 396 107 532 9 531 65 509 284 773 228 272 311 957 106 626 342 565 237 391 289 531 890 143 338 186 284 273 423 932 623 753
2056 20 4799 107 532 338 186 623 753 284 773 423 932 9 531 357 795 65 509 237 391 342 565 890 143 106 626 212 453 284 273 237 396 278 901 228 272 379 327 311 957 289 531
3056 20 4799 289 531 284 773 338 186 237 396 423 932 9 531 106 626 237 391 357 795 379 327 228 272 890 143 107 532 342 565 623 753 284 273 212 453 278 901 65 509 311 957
4056 20 4799 289 531 284 773 342 565 890 143 379 327 338 186 212 453 284 273 228 272 237 396 311 957 107 532 623 753 357 795 65 509 278 901 9 531 237 391 423 932 106 626
5056 20 4799 107 532 212 453 237 391 890 143 237 396 289 531 379 327 284 773 311 957 65 509 357 795 338 186 228 272 106 626 623 753 9 531 342 565 284 273 423 932 278 901
1057 20 6253 320 979 802 369 381 336 381 529 851 705 31 331 55 821 99 70 51 380 318 172 479 159 476 923 10 121 258 883 469 589 725 766 620 729 148 991 830 295 513 370
2057 20 6253 802 369 469 589 513 370 318 172 148 991 381 336 10 121 725 766 830 295 479 159 31 331 55 821 258 883 99 70 620 729 381 529 851 705 320 979 51 380 476 923
3057 20 6253 513 370 620 729 381 336 725 766 851 705 55 821 802 369 479 159 31 331 476 923 99 70 381 529 320 979 469 589 318 172 258 883 51 380 830 295 148 991 10 121
4057 20 6253 99 70 381 529 802 369 148 991 851 705 320 979 258 883 479 159 318 172 725 766 513 370 381 336 620 729 55 821 476 923 31 331 469 589 51 380 830 295 10 121
5057 20 6253 469 589 476 923 513 370 10 121 320 979 851 705 479 159 51 380 725 766 55 821 318 172 258 883 148 991 31 331 381 336 99 70 381 529 830 295 620 729 802 369
1058 20 6072 270 784 133 144 72 920 468 129 349 302 932 57 252 533 801 577 202 137 252 1 614 355 500 524 374 35 200 492 380 86 31 811 710 394 641 180 245 374 164 525
2058 20 6072 200 492 133 144 932 57 349 302 374 35 270 784 380 86 252 1 614 355 72 920 500 524 245 374 641 180 801 577 31 811 164 525 468 129 252 533 710 394 202 137
3058 20 6072 801 577 349 302 200 492 164 525 380 86 374 35 500 524 710 394 641 180 72 920 468 129 245 374 270 784 252 1 932 57 202 137 252 533 31 811 614 355 133 144
4058 20 6072 164 525 202 137 31 811 252 533 133 144 710 394 801 577 349 302 641 180 270 784 374 35 500 524 245 374 252 1 932 57 380 86 72 920 200 492 614 355 468 129
5058 20 6072 801 577 349 302 500 524 468 129 710 394 374 35 164 525 641 180 270 784 932 57 252 1 133 144 200 492 202 137 31 811 614 355 245 374 252 533 380 86 72 920
1059 20 5500 87 20 41 415 165 587 33 44 315 450 226 435 571 994 611 367 609 891 282 186 437 419 644 613 484 25 563 231 120 456 632 825 365 777 105 163 523 807 62 871
2059 20 5500 611 367 365 777 644 613 609 891 571 994 105 163 62 871 632 825 120 456 484 25 563 231 87 20 165 587 523 807 282 186 226 435 437 419 315 450 33 44 41 415
3059 20 5500 571 994 365 777 644 613 437 419 523 807 282 186 632 825 609 891 611 367 484 25 87 20 315 450 33 44 41 415 62 871 120 456 165 587 563 231 226 435 105 163
4059 20 5500 563 231 437 419 523 807 484 25 632 825 609 891 315 450 611 367 33 44 120 456 226 435 105 163 165 587 644 613 282 186 87 20 62 871 41 415 571 994 365 777
5059 20 5500 105 163 62 871 315 450 165 587 563 231 437 419 33 44 644 613 87 20 609 891 41 415 282 186 611 367 226 435 365 777 484 25 632 825 120 456 523 807 571 994
1060 20 5414 161 538 867 982 43 795 548 662 263 629 411 703 405 110 219 999 60 634 131 703 872 639 503 907 218 973 453 134 459 732 122 365 154 235 42 975 507 459 330 402
2060 20 5414 459 732 263 629 154 235 867 982 218 973 131 703 42 975 219 999 60 634 411 703 503 907 405 110 507 459 122 365 43 795 161 538 872 639 548 662 330 402 453 134
3060 20 5414 503 907 60 634 405 110 219 999 453 134 411 703 131 703 507 459 218 973 122 365 867 982 330 402 263 629 872 639 459 732 161 538 548 662 43 795 154 235 42 975
4060 20 5414 218 973 453 134 161 538 43 795 263 629 330 402 867 982 122 365 405 110 548 662 411 703 60 634 459 732 507 459 154 235 503 907 219 999 131 703 872 639 42 975
5060 20 5414 131 703 411 703 503 907 453 134 405 110 263 629 872 639 122 365 330 402 60 634 42 975 218 973 154 235 219 999 43 795 548 662 507 459 459 732 867 982 161 538
1061 20 5571 174 772 381 626 659 672 424 184 780 922 114 625 816 701 74 161 568 941 158 500 288 535 74 990 166 460 313 163 472 733 446 310 232 608 55 974 81 559 689 486
2061 20 5571 313 163 659 672 780 922 158 500 74 161 288 535 174 772 568 941 381 626 446 310 74 990 55 974 232 608 424 184 166 460 472 733 114 625 81 559 689 486 816 701
3061 20 5571 780 922 74 161 81 559 568 941 158 500 424 184 446 310 381 626 472 733 659 672 55 974 232 608 166 460 114 625 288 535 689 486 74 990 313 163 816 701 174 772
4061 20 5571 313 163 659 672 472 733 114 625 74 161 689 486 158 500 232 608 74 990 381 626 81 559 288 535 780 922 174 772 424 184 816 701 568 941 55 974 166 460 446 310
5061 20 5571 174 772 74 161 381 626 780 922 689 486 816 701 232 608 568 941 313 163 114 625 424 184 166 460 472 733 446 310 81 559 55 974 158 500 659 672 74 990 288 535
1062 20 5400 73 613 344 986 105 380 829 63 75 192 302 161 562 799 513 296 67 5 422 599 433 473 2 533 534 313 22 735 461 817 401 809 430 326 356 784 505 138 315 173
2062 20 5400 2 533 75 192 430 326 22 735 105 380 401 809 67 5 422 599 513 296 534 313 73 613 433 473 356 784 505 138 315 173 562 799 461 817 344 986 829 63 302 161
3062 20 5400 562 799 505 138 344 986 430 326 513 296 356 784 461 817 433 473 2 533 75 192 315 173 302 161 22 735 829 63 73 613 67 5 401 809 534 313 105 380 422 599
4062 20 5400 315 173 461 817 433 473 302 161 344 986 534 313 105 380 356 784 422 599 22 735 505 138 67 5 75 192 562 799 73 613 829 63 430 326 2 533 513 296 401 809
5062 20 5400 315 173 105 380 534 313 461 817 513 296 433 473 73 613 356 784 422 599 829 63 401 809 562 799 22 735 430 326 344 986 75 192 2 533 505 138 67 5 302 161
1063 20 5146 43 115 57 869 20 63 432 428 318 35 486 648 215 456 582 573 737 593 424 69 614 202 504 762 59 619 342 693 184 50 237 120 396 420 143 147 415 583 225 248
2063 20 5146 432 428 59 619 215 456 342 693 504 762 415 583 43 115 225 248 318 35 237 120 582 573 424 69 614 202 737 593 486 648 20 63 57 869 143 147 184 50 396 420
3063 20 5146 57 869 415 583 582 573 237 120 424 69 614 202 184 50 432 428 486 648 318 35 396 420 20 63 342 693 504 762 225 248 737 593 215 456 143 147 43 115 59 619
4063 20 5146 20 63 184 50 432 428 225 248 486 648 582 573 237 120 57 869 143 147 59 619 737 593 614 202 342 693 424 69 415 583 504 762 43 115 318 35 215 456 396 420
5063 20 5146 415 583 424 69 57 869 396 420 184 50 342 693 582 573 59 619 43 115 225 248 486 648 318 35 737 593 20 63 237 120 215 456 504 762 143 147 432 428 614 202
1064 20 5250 361 458 643 943 110 579 789 805 433 949 68 892 127 534 344 765 25 177 88 207 188 772 110 204 268 819 483 751 550 894 245 498 565 422 352 80 483 238 331 93
2064 20 5250 344 765 110 579 433 949 550 894 68 892 361 458 483 238 565 422 188 772 331 93 110 204 643 943 483 751 789 805 25 177 352 80 245 498 88 207 268 819 127 534
3064 20 5250 110 204 68 892 550 894 110 579 268 819 88 207 331 93 565 422 188 772 352 80 483 238 789 805 344 765 643 943 483 751 127 534 25 177 361 458 433 949 245 498
4064 20 5250 110 204 110 579 483 751 789 805 268 819 643 943 483 238 550 894 188 772 68 892 361 458 127 534 344 765 245 498 565 422 352 80 331 93 25 177 88 207 433 949
5064 20 5250 268 819 352 80 110 204 25 177 127 534 68 892 331 93 433 949 789 805 88 207 188 772 565 422 110 579 361 458 483 238 245 498 550 894 483 751 643 943 344 765
1065 20 7122 441 580 247 41 333 269 801 5 158 633 600 660 512 578 479 497 314 154 705 696 430 631 433 611 542 2 237 828 875 636 363 903 39 186 121 15 624 449 649 674
2065 20 7122 363 903 430 631 512 578 158 633 121 15 247 41 333 269 705 696 624 449 314 154 433 611 39 186 441 580 479 497 875 636 237 828 542 2 801 5 600 660 649 674
3065 20 7122 363 903 542 2 158 633 333 269 624 449 649 674 314 154 479 497 441 580 39 186 247 41 433 611 875 636 121 15 600 660 512 578 801 5 237 828 705 696 430 631
4065 20 7122 542 2 801 5 705 696 237 828 121 15 512 578 479 497 333 269 39 186 433 611 600 660 247 41 649 674 430 631 624 449 363 903 314 154 441 580 158 633 875 636
5065 20 7122 121 15 363 903 600 660 247 41 479 497 433 611 624 449 512 578 430 631 39 186 333 269 875 636 441 580 705 696 158 633 649 674 801 5 237 828 542 2 314 154
1066 20 7432 631 83 148 556 763 961 430 916 546 630 456 1000 199 280 193 634 161 386 657 478 964 60 881 446 460 171 239 31 8 343 336 869 781 449 489 929 112 543 837 802
2066 20 7432 336 869 763 961 657 478 112 543 631 83 430 916 546 630 460 171 161 386 148 556 489 929 837 802 193 634 456 1000 964 60 881 446 8 343 199 280 781 449 239 31
3066 20 7432 489 929 193 634 199 280 837 802 964 60 460 171 336 869 631 83 456 1000 881 446 112 543 763 961 546 630 148 556 8 343 781 449 239 31 657 478 161 386 430 916
4066 20 7432 631 83 112 543 239 31 430 916 489 929 546 630 460 171 657 478 336 869 763 961 8 343 781 449 456 1000 199 280 881 446 193 634 161 386 837 802 148 556 964 60
5066 20 7432 546 630 199 280 489 929 148 556 781 449 460 171 881 446 161 386 964 60 456 1000 763 961 837 802 631 83 657 478 430 916 239 31 112 543 8 343 193 634 336 869
1067 20 5222 511 641 775 173 210 973 169 14 333 853 21 739 50 373 61 177 404 896 789 514 445 490 25 488 60 491 869 748 178 526 776 815 182 965 31 695 139 576 500 603
2067 20 5222 210 973 775 173 869 748 139 576 60 491 25 488 404 896 182 965 500 603 21 739 169 14 445 490 333 853 31 695 776 815 61 177 50 373 789 514 511 641 178 526
3067 20 5222 333 853 500 603 31 695 25 488 404 896 789 514 21 739 182 965 869 748 511 641 139 576 61 177 776 815 210 973 50 373 178 526 775 173 60 491 169 14 445 490
4067 20 5222 21 739 775 173 776 815 182 965 333 853 50 373 25 488 404 896 210 973 60 491 169 14 178 526 789 514 445 490 31 695 511 641 500 603 61 177 139 576 869 748
5067 20 5222 169 14 210 973 61 177 333 853 139 576 445 490 31 695 182 965 25 488 511 641 50 373 775 173 789 514 21 739 404 896 60 491 776 815 178 526 500 603 869 748
1068 20 3644 107 479 868 528 500 663 24 304 179 562 57 650 406 967 98 35 479 865 587 29 216 900 123 636 77 710 104 349 34 507 105 406 5 902 478 722 101 606 8 275
2068 20 3644 478 722 77 710 868 528 8 275 587 29 216 900 479 865 101 606 406 967 179 562 57 650 123 636 500 663 24 304 5 902 105 406 98 35 107 479 104 349 34 507
3068 20 3644 587 29 478 722 123 636 868 528 101 606 5 902 179 562 216 900 479 865 24 304 57 650 98 35 406 967 105 406 34 507 77 710 104 349 500 663 8 275 107 479
4068 20 3644 107 479 179 562 34 507 500 663 478 722 5 902 57 650 105 406 406 967 77 710 479 865 101 606 8 275 98 35 587 29 216 900 104 349 123 636 24 304 868 528
5068 20 3644 107 479 24 304 105 406 57 650 868 528 101 606 8 275 406 967 500 663 479 865 123 636 216 900 104 349 587 29 34 507 5 902 77 710 98 35 179 562 478 722
1069 20 6364 219 252 808 815 185 1 427 430 921 429 118 522 70 768 27 841 914 468 780 396 296 21 201 466 217 780 281 578 731 996 301 612 200 192 151 13 622 844 486 843
2069 20 6364 219 252 921 429 217 780 27 841 622 844 70 768 200 192 296 21 185 1 201 466 118 522 808 815 731 996 486 843 301 612 151 13 427 430 281 578 914 468 780 396
3069 20 6364 201 466 118 522 486 843 914 468 219 252 27 841 921 429 70 768 217 780 301 612 808 815 200 192 281 578 151 13 731 996 780 396 185 1 296 21 622 844 427 430
4069 20 6364 427 430 622 844 921 429 201 466 219 252 118 522 731 996 27 841 808 815 200 192 780 396 281 578 70 768 914 468 296 21 301 612 486 843 151 13 217 780 185 1
5069 20 6364 914 468 281 578 151 13 118 522 200 192 219 252 70 768 201 466 185 1 622 844 296 21 27 841 921 429 217 780 486 843 808 815 780 396 301 612 427 430 731 996
1070 20 6278 331 756 525 200 592 925 21 136 185 5 870 231 497 395 236 964 206 220 121 96 551 119 559 451 803 266 84 335 730 858 538 878 59 14 190 60 365 323 385 328
2070 20 6278 730 858 551 119 525 200 803 266 121 96 21 136 84 335 870 231 59 14 365 323 190 60 559 451 385 328 592 925 538 878 331 756 497 395 206 220 185 5 236 964
3070 20 6278 185 5 538 878 551 119 730 858 385 328 525 200 559 451 59 14 870 231 592 925 21 136 803 266 84 335 497 395 206 220 365 323 121 96 236 964 190 60 331 756
4070 20 6278 592 925 525 200 84 335 190 60 59 14 803 266 206 220 551 119 331 756 121 96 236 964 730 858 185 5 497 395 870 231 538 878 385 328 21 136 559 451 365 323
5070 20 6278 559 451 870 231 385 328 331 756 84 335 206 220 803 266 497 395 365 323 190 60 21 136 59 14 592 925 525 200 121 96 730 858 551 119 185 5 538 878 236 964
1071 20 4416 366 843 227 247 747 928 45 12 736 669 7 715 74 227 173 379 41 466 331 612 689 400 82 866 570 379 130 387 17 986 25 829 521 710 272 302 182 510 286 989
2071 20 4416 689 400 82 866 736 669 366 843 41 466 7 715 286 989 130 387 521 710 74 227 331 612 272 302 25 829 227 247 17 986 570 379 173 379 747 928 182 510 45 12
3071 20 4416 689 400 7 715 17 986 736 669 227 247 74 227 366 843 173 379 82 866 570 379 747 928 130 387 25 829 41 466 521 710 45 12 331 612 286 989 272 302 182 510
4071 20 4416 7 715 570 379 17 986 747 928 45 12 331 612 689 400 130 387 74 227 182 510 272 302 25 829 41 466 521 710 286 989 82 866 227 247 736 669 366 843 173 379
5071 20 4416 331 612 570 379 747 928 227 247 173 379 286 989 82 866 25 829 366 843 736 669 521 710 130 387 272 302 7 715 689 400 45 12 17 986 74 227 182 510 41 466
1072 20 5518 57 865 364 890 433 444 756 631 556 701 833 275 213 70 465 458 639 841 231 133 47 712 32 410 178 917 100 359 195 584 313 774 315 330 678 304 492 554 1 151
2072 20 5518 433 444 756 631 213 70 313 774 556 701 1 151 833 275 364 890 231 133 100 359 178 917 465 458 492 554 678 304 195 584 639 841 47 712 57 865 315 330 32 410
3072 20 5518 433 444 231 133 465 458 556 701 57 865 639 841 492 554 47 712 178 917 315 330 678 304 32 410 213 70 364 890 195 584 100 359 833 275 1 151 313 774 756 631
4072 20 5518 313 774 213 70 364 890 178 917 231 133 556 701 32 410 195 584 100 359 678 304 1 151 639 841 57 865 465 458 833 275 315 330 756 631 47 712 433 444 492 554
5072 20 5518 364 890 678 304 556 701 213 70 465 458 315 330 756 631 100 359 639 841 47 712 492 554 1 151 313 774 195 584 178 917 433 444 833 275 57 865 32 410 231 133
1073 20 4808 205 70 197 890 334 589 230 900 130 517 191 164 661 388 88 114 19 919 417 661 875 17 67 790 329 414 256 547 35 232 211 218 491 175 742 658 467 898 66 515
2073 20 4808 875 17 35 232 66 515 130 517 742 658 329 414 67 790 491 175 211 218 205 70 467 898 334 589 191 164 661 388 417 661 230 900 197 890 256 547 88 114 19 919
3073 20 4808 491 175 66 515 742 658 230 900 875 17 19 919 329 414 35 232 661 388 256 547 205 70 467 898 67 790 417 661 211 218 88 114 334 589 197 890 130 517 191 164
4073 20 4808 88 114 67 790 329 414 875 17 334 589 197 890 417 661 256 547 742 658 205 70 35 232 661 388 130 517 19 919 467 898 230 900 211 218 491 175 191 164 66 515
5073 20 4808 875 17 467 898 66 515 211 218 417 661 742 658 205 70 230 900 130 517 35 232 191 164 329 414 197 890 661 388 334 589 88 114 19 919 491 175 256 547 67 790
1074 20 6469 57 882 441 185 870 946 300 298 70 16 667 207 393 978 219 121 1 340 25 887 804 72 446 326 273 561 813 698 406 638 713 253 400 901 146 560 237 196 806 75
2074 20 6469 870 946 300 298 273 561 70 16 446 326 406 638 667 207 237 196 393 978 146 560 713 253 813 698 400 901 25 887 804 72 57 882 806 75 441 185 219 121 1 340
3074 20 6469 806 75 441 185 406 638 813 698 870 946 25 887 219 121 146 560 667 207 804 72 400 901 1 340 300 298 446 326 713 253 237 196 70 16 57 882 273 561 393 978
4074 20 6469 813 698 1 340 406 638 400 901 300 298 146 560 667 207 393 978 806 75 713 253 237 196 273 561 804 72 25 887 870 946 70 16 446 326 219 121 57 882 441 185
5074 20 6469 406 638 400 901 813 698 804 72 300 298 870 946 273 561 57 882 806 75 237 196 441 185 25 887 667 207 146 560 713 253 393 978 219 121 70 16 446 326 1 340
1075 20 4335 699 192 167 216 43 112 17 229 379 17 718 615 4 356 78 641 116 342 157 838 110 11 133 753 228 781 96 330 42 990 357 850 342 68 758 693 589 599 386 199
2075 20 4335 357 850 379 17 699 192 4 356 116 342 167 216 758 693 386 199 42 990 17 229 157 838 342 68 228 781 718 615 110 11 43 112 133 753 78 641 589 599 96 330
3075 20 4335 116 342 589 599 718 615 357 850 17 229 157 838 379 17 228 781 110 11 167 216 42 990 342 68 758 693 699 192 133 753 386 199 43 112 78 641 96 330 4 356
4075 20 4335 116 342 96 330 133 753 718 615 110 11 4 356 589 599 379 17 386 199 42 990 157 838 228 781 43 112 758 693 78 641 357 850 342 68 699 192 167 216 17 229
5075 20 4335 96 330 78 641 228 781 386 199 42 990 17 229 589 599 133 753 43 112 357 850 342 68 699 192 4 356 718 615 110 11 758 693 157 838 379 17 167 216 116 342
1076 20 8097 601 374 366 626 858 130 607 339 728 538 724 480 150 6 55 527 667 795 909 22 83 486 817 349 501 148 11 840 285 352 824 291 926 843 302 134 117 246 591 326
2076 20 8097 724 480 601 374 150 6 366 626 11 840 55 527 607 339 858 130 667 795 591 326 302 134 824 291 501 148 909 22 285 352 728 538 83 486 817 349 117 246 926 843
3076 20 8097 11 840 285 352 909 22 728 538 607 339 724 480 926 843 591 326 858 130 667 795 302 134 117 246 150 6 824 291 55 527 817 349 366 626 601 374 501 148 83 486
4076 20 8097 817 349 501 148 150 6 824 291 55 527 607 339 601 374 728 538 366 626 11 840 667 795 909 22 724 480 591 326 302 134 117 246 285 352 858 130 83 486 926 843
5076 20 8097 858 130 83 486 11 840 724 480 55 527 728 538 607 339 302 134 909 22 926 843 366 626 591 326 117 246 150 6 285 352 501 148 601 374 824 291 667 795 817 349
1077 20 5414 703 517 268 273 392 777 392 998 88 45 241 735 221 843 302 372 140 461 372 815 216 218 367 99 488 893 294 126 188 354 249 254 333 42 590 324 697 349 227 624
2077 20 5414 590 324 88 45 392 777 697 349 249 254 216 218 372 815 703 517 268 273 241 735 221 843 488 893 227 624 367 99 392 998 140 461 302 372 333 42 294 126 188 354
3077 20 5414 249 254 590 324 392 998 241 735 302 372 188 354 216 218 488 893 227 624 367 99 140 461 703 517 88 45 268 273 294 126 372 815 392 777 221 843 333 42 697 349
4077 20 5414 294 126 488 893 227 624 241 735 697 349 188 354 367 99 88 45 590 324 392 998 703 517 221 843 372 815 302 372 216 218 140 461 392 777 249 254 333 42 268 273
5077 20 5414 88 45 488 893 590 324 294 126 367 99 302 372 372 815 268 273 188 354 241 735 227 624 216 218 333 42 392 998 703 517 140 461 221 843 249 254 392 777 697 349
1078 20 6594 338 690 425 581 534 187 528 373 859 209 30 749 504 74 349 234 877 331 343 805 461 420 357 976 319 302 886 249 338 578 24 164 79 377 624 894 149 70 219 275
2078 20 6594 425 581 79 377 886 249 219 275 877 331 343 805 319 302 149 70 338 690 338 578 461 420 357 976 504 74 24 164 349 234 624 894 30 749 534 187 528 373 859 209
3078 20 6594 24 164 461 420 877 331 886 249 343 805 338 690 357 976 624 894 528 373 425 581 219 275 319 302 79 377 338 578 149 70 30 749 504 74 534 187 859 209 349 234
4078 20 6594 859 209 357 976 319 302 349 234 504 74 534 187 624 894 528 373 425 581 877 331 338 690 30 749 343 805 338 578 79 377 461 420 886 249 219 275 24 164 149 70
5078 20 6594 343 805 338 690 338 578 461 420 24 164 30 749 349 234 504 74 859 209 534 187 886 249 425 581 528 373 219 275 319 302 149 70 79 377 357 976 877 331 624 894
1079 20 4844 139 900 584 777 188 526 748 501 473 140 310 904 184 460 687 367 67 830 181 755 300 374 98 822 144 278 237 978 465 802 28 745 47 63 608 412 93 713 475 774
2079 20 4844 144 278 181 755 475 774 47 63 188 526 98 822 184 460 310 904 748 501 300 374 237 978 465 802 473 140 67 830 608 412 139 900 584 777 93 713 687 367 28 745
3079 20 4844 748 501 608 412 181 755 98 822 687 367 67 830 184 460 584 777 144 278 465 802 93 713 475 774 310 904 237 978 47 63 188 526 300 374 28 745 139 900 473 140
4079 20 4844 608 412 93 713 300 374 687 367 465 802 184 460 475 774 748 501 237 978 98 822 67 830 47 63 181 755 473 140 28 745 584 777 144 278 139 900 310 904 188 526
5079 20 4844 67 830 188 526 465 802 184 460 47 63 181 755 300 374 98 822 687 367 237 978 28 745 584 777 475 774 608 412 139 900 748 501 144 278 473 140 310 904 93 713
1080 20 6068 825 170 509 455 353 143 412 835 466 449 1 622 304 846 814 235 168 706 747 468 218 42 481 72 68 581 354 635 335 873 328 493 651 185 331 905 139 799 82 824
2080 20 6068 218 42 68 581 82 824 353 143 328 493 304 846 747 468 466 449 354 635 331 905 509 455 412 835 814 235 168 706 335 873 825 170 651 185 1 622 139 799 481 72
3080 20 6068 139 799 304 846 509 455 218 42 1 622 82 824 328 493 814 235 354 635 68 581 331 905 168 706 651 185 825 170 466 449 353 143 335 873 481 72 747 468 412 835
4080 20 6068 814 235 328 493 68 581 353 143 335 873 651 185 509 455 747 468 412 835 82 824 481 72 466 449 304 846 218 42 354 635 139 799 1 622 331 905 168 706 825 170
5080 20 6068 814 235 353 143 509 455 304 846 335 873 82 824 68 581 218 42 412 835 331 905 466 449 139 799 747 468 825 170 354 635 651 185 328 493 1 622 481 72 168 706
1081 20 5310 168 188 281 15 565 798 700 74 188 449 34 40 240 245 10 596 167 362 77 76 446 537 273 121 643 246 260 758 388 428 386 413 335 788 165 778 344 931 968 389
2081 20 5310 34 40 10 596 968 389 565 798 168 188 388 428 386 413 643 246 344 931 188 449 281 15 446 537 273 121 335 788 167 362 165 778 700 74 260 758 77 76 240 245
3081 20 5310 165 778 168 188 446 537 643 246 273 121 260 758 386 413 281 15 240 245 700 74 77 76 167 362 968 389 565 798 10 596 344 931 335 788 388 428 188 449 34 40
4081 20 5310 386 413 273 121 240 245 700 74 565 798 446 537 335 788 260 758 344 931 167 362 968 389 281 15 188 449 77 76 34 40 10 596 388 428 168 188 643 246 165 778
5081 20 5310 446 537 968 389 281 15 188 449 388 428 335 788 168 188 260 758 240 245 77 76 34 40 165 778 700 74 386 413 643 246 273 121 167 362 10 596 565 798 344 931
1082 20 5048 83 61 33 828 41 278 539 339 130 374 414 552 306 219 505 842 157 862 307 898 624 725 666 37 473 771 176 710 70 628 43 138 554 774 642 644 250 197 297 405
2082 20 5048 33 828 130 374 642 644 624 725 554 774 176 710 83 61 539 339 70 628 157 862 414 552 43 138 666 37 297 405 41 278 473 771 505 842 306 219 250 197 307 898
3082 20 5048 505 842 130 374 70 628 41 278 176 710 666 37 157 862 414 552 297 405 83 61 250 197 307 898 554 774 306 219 473 771 43 138 624 725 539 339 33 828 642 644
4082 20 5048 642 644 41 278 306 219 473 771 666 37 414 552 250 197 157 862 176 710 554 774 539 339 43 138 70 628 83 61 624 725 33 828 130 374 307 898 505 842 297 405
5082 20 5048 43 138 130 374 41 278 414 552 666 37 83 61 70 628 250 197 505 842 297 405 473 771 642 644 307 898 306 219 554 774 157 862 539 339 624 725 176 710 33 828
1083 20 5864 226 444 143 642 81 371 19 434 543 48 585 251 14 457 698 396 605 714 174 576 400 108 461 902 602 214 97 723 326 920 921 268 430 821 313 997 113 75 579 618
2083 20 5864 543 48 585 251 400 108 97 723 313 997 19 434 605 714 143 642 430 821 174 576 113 75 226 444 326 920 698 396 602 214 81 371 14 457 579 618 921 268 461 902
3083 20 5864 313 997 605 714 97 723 543 48 602 214 174 576 579 618 143 642 430 821 698 396 19 434 81 371 585 251 400 108 921 268 113 75 226 444 326 920 461 902 14 457
4083 20 5864 605 714 430 821 97 723 461 902 81 371 921 268 226 444 602 214 19 434 400 108 543 48 113 75 326 920 143 642 579 618 174 576 585 251 14 457 698 396 313 997
5083 20 5864 19 434 585 251 430 821 400 108 97 723 174 576 326 920 461 902 14 457 81 371 605 714 143 642 579 618 602 214 698 396 543 48 921 268 313 997 113 75 226 444
1084 20 4561 316 626 488 815 200 384 436 305 532 761 14 749 221 558 167 619 530 207 720 452 268 928 389 258 294 777 184 694 194 611 118 823 70 887 14 935 353 732 194 584
2084 20 4561 268 928 200 384 294 777 118 823 389 258 184 694 436 305 167 619 488 815 194 611 353 732 316 626 530 207 194 584 70 887 221 558 532 761 14 935 14 749 720 452
3084 20 4561 194 611 530 207 221 558 389 258 167 619 353 732 436 305 532 761 488 815 184 694 720 452 14 749 14 935 268 928 294 777 118 823 316 626 200 384 194 584 70 887
4084 20 4561 167 619 488 815 14 935 268 928 221 558 14 749 530 207 353 732 184 694 532 761 720 452 118 823 294 777 194 611 389 258 316 626 70 887 200 384 194 584 436 305
5084 20 4561 294 777 221 558 268 928 436 305 167 619 118 823 14 935 532 761 194 611 184 694 389 258 488 815 194 584 316 626 200 384 353 732 70 887 720 452 14 749 530 207
1085 20 5835 633 876 488 697 543 334 286 708 330 229 57 898 334 200 517 339 433 923 537 164 108 739 224 617 509 309 648 222 85 500 483 107 180 541 502 465 201 632 196 948
2085 20 5835 488 697 509 309 224 617 633 876 433 923 648 222 201 632 483 107 330 229 85 500 502 465 286 708 517 339 57 898 180 541 334 200 196 948 543 334 108 739 537 164
3085 20 5835 488 697 334 200 433 923 502 465 517 339 543 334 483 107 85 500 330 229 286 708 224 617 180 541 509 309 633 876 108 739 201 632 648 222 537 164 196 948 57 898
4085 20 5835 433 923 57 898 85 500 483 107 224 617 633 876 180 541 537 164 196 948 502 465 648 222 108 739 543 334 488 697 517 339 509 309 286 708 201 632 334 200 330 229
5085 20 5835 85 500 537 164 330 229 633 876 334 200 224 617 488 697 201 632 180 541 286 708 196 948 57 898 502 465 543 334 483 107 517 339 648 222 108 739 509 309 433 923
1086 20 5783 300 279 181 338 345 664 433 174 535 737 544 324 17 853 573 827 398 385 646 428 369 454 60 987 447 261 649 480 39 923 147 840 192 253 679 224 60 305 615 953
2086 20 5783 433 174 60 987 60 305 369 454 345 664 679 224 17 853 181 338 39 923 300 279 649 480 535 737 573 827 646 428 447 261 544 324 398 385 615 953 147 840 192 253
3086 20 5783 646 428 181 338 649 480 369 454 300 279 447 261 17 853 398 385 39 923 192 253 615 953 60 987 345 664 433 174 535 737 147 840 544 324 573 827 60 305 679 224
4086 20 5783 544 324 192 253 649 480 147 840 300 279 60 987 573 827 447 261 369 454 345 664 615 953 39 923 17 853 60 305 679 224 646 428 433 174 398 385 181 338 535 737
5086 20 5783 433 174 615 953 345 664 679 224 60 305 300 279 181 338 39 923 646 428 649 480 447 261 17 853 398 385 544 324 192 253 60 987 573 827 535 737 369 454 147 840
1087 20 5591 901 837 33 53 494 40 444 659 536 802 198 302 557 970 182 968 43 949 63 45 112 692 118 69 559 380 650 966 472 615 366 690 254 102 253 143 407 544 347 801
2087 20 5591 901 837 366 690 559 380 472 615 182 968 254 102 253 143 494 40 444 659 536 802 650 966 33 53 43 949 112 692 557 970 347 801 63 45 407 544 198 302 118 69
3087 20 5591 536 802 472 615 444 659 182 968 63 45 254 102 43 949 407 544 901 837 347 801 33 53 557 970 112 692 559 380 198 302 494 40 118 69 366 690 650 966 253 143
4087 20 5591 112 692 198 302 63 45 494 40 650 966 559 380 536 802 557 970 43 949 118 69 33 53 901 837 182 968 347 801 407 544 366 690 253 143 254 102 472 615 444 659
5087 20 5591 494 40 472 615 43 949 650 966 33 53 63 45 182 968 444 659 254 102 557 970 118 69 253 143 407 544 366 690 112 692 901 837 347 801 198 302 536 802 559 380
1088 20 4148 299 84 201 276 188 779 24 213 563 196 102 832 453 446 253 401 31 440 277 610 167 918 272 747 361 26 826 931 324 33 68 49 138 853 171 268 411 88 57 682
2088 20 4148 272 747 277 610 563 196 201 276 826 931 68 49 102 832 453 446 299 84 171 268 57 682 24 213 411 88 138 853 31 440 253 401 188 779 361 26 324 33 167 918
3088 20 4148 188 779 277 610 102 832 31 440 453 446 201 276 361 26 324 33 68 49 272 747 253 401 411 88 299 84 171 268 826 931 138 853 24 213 57 682 563 196 167 918
4088 20 4148 31 440 299 84 277 610 272 747 411 88 361 26 24 213 453 446 201 276 188 779 826 931 167 918 324 33 171 268 57 682 102 832 563 196 68 49 253 401 138 853
5088 20 4148 68 49 167 918 253 401 826 931 201 276 188 779 324 33 277 610 299 84 411 88 24 213 453 446 171 268 361 26 57 682 138 853 31 440 563 196 102 832 272 747
1089 20 5886 501 172 548 16 463 172 502 128 68 22 363 244 448 930 389 238 364 29 657 545 323 30 348 951 767 458 27 459 129 6 588 817 175 675 101 549 283 786 314 561
2089 20 5886 364 29 501 172 548 16 283 786 175 675 448 930 27 459 363 244 463 172 314 561 389 238 348 951 323 30 502 128 588 817 767 458 129 6 657 545 68 22 101 549
3089 20 5886 68 22 502 128 364 29 129 6 501 172 101 549 363 244 657 545 767 458 463 172 314 561 175 675 283 786 548 16 588 817 389 238 27 459 323 30 448 930 348 951
4089 20 5886 588 817 501 172 129 6 175 675 463 172 68 22 101 549 548 16 27 459 348 951 389 238 364 29 363 244 502 128 657 545 314 561 448 930 283 786 767 458 323 30
5089 20 5886 129 6 448 930 767 458 363 244 501 172 101 549 27 459 348 951 389 238 323 30 283 786 68 22 463 172 502 128 548 16 175 675 588 817 657 545 364 29 314 561
1090 20 5470 68 712 660 433 160 684 17 66 325 357 514 506 144 332 22 243 12 731 594 990 311 869 794 7 20 663 110 691 878 2 432 897 743 536 538 418 99 270 397 192
2090 20 5470 743 536 17 66 99 270 432 897 514 506 68 712 538 418 12 731 794 7 397 192 144 332 22 243 594 990 110 691 160 684 311 869 878 2 325 357 20 663 660 433
3090 20 5470 743 536 110 691 660 433 12 731 22 243 17 66 397 192 594 990 311 869 538 418 144 332 99 270 20 663 160 684 432 897 514 506 878 2 68 712 794 7 325 357
4090 20 5470 12 731 660 433 878 2 99 270 311 869 594 990 432 897 17 66 144 332 743 536 68 712 397 192 514 506 110 691 20 663 538 418 325 357 22 243 160 684 794 7
5090 20 5470 99 270 20 663 160 684 878 2 397 192 110 691 594 990 144 332 794 7 325 357 68 712 311 869 743 536 17 66 12 731 660 433 514 506 432 897 538 418 22 243
1091 20 6883 907 13 644 515 562 780 338 647 375 529 263 628 378 150 42 767 74 608 410 305 264 903 684 28 164 394 483 346 26 388 498 188 598 162 683 780 827 909 384 803
2091 20 6883 378 150 42 767 684 28 483 346 338 647 263 628 562 780 644 515 683 780 26 388 264 903 164 394 410 305 827 909 907 13 384 803 74 608 498 188 598 162 375 529
3091 20 6883 338 647 375 529 264 903 907 13 498 188 562 780 384 803 263 628 378 150 164 394 644 515 684 28 410 305 827 909 483 346 74 608 42 767 683 780 598 162 26 388
4091 20 6883 483 346 827 909 42 767 683 780 26 388 598 162 907 13 263 628 378 150 562 780 264 903 684 28 644 515 338 647 375 529 384 803 410 305 498 188 74 608 164 394
5091 20 6883 74 608 338 647 684 28 263 628 410 305 483 346 498 188 264 903 683 780 26 388 907 13 164 394 384 803 42 767 375 529 598 162 644 515 562 780 827 909 378 150
1092 20 6484 101 840 682 72 6 187 254 832 590 502 733 10 313 874 288 614 632 907 368 787 689 849 385 412 421 179 749 292 43 743 250 746 436 747 551 108 68 36 546 856
2092 20 6484 749 292 6 187 101 840 68 36 682 72 590 502 632 907 546 856 250 746 551 108 689 849 288 614 733 10 313 874 385 412 43 743 254 832 368 787 436 747 421 179
3092 20 6484 551 108 6 187 749 292 590 502 632 907 68 36 546 856 288 614 254 832 250 746 436 747 733 10 313 874 385 412 101 840 43 743 421 179 682 72 368 787 689 849
4092 20 6484 546 856 288 614 590 502 436 747 368 787 250 746 43 743 313 874 689 849 101 840 551 108 749 292 682 72 254 832 632 907 421 179 6 187 385 412 68 36 733 10
5092 20 6484 632 907 733 10 436 747 313 874 288 614 43 743 421 179 250 746 368 787 254 832 749 292 689 849 546 856 551 108 6 187 68 36 590 502 101 840 385 412 682 72
1093 20 5049 509 68 272 146 390 617 417 398 278 377 196 511 472 619 253 460 505 819 402 829 49 770 134 517 407 958 571 715 184 522 195 692 92 279 384 792 359 264 243 714
2093 20 5049 407 958 49 770 472 619 505 819 571 715 272 146 196 511 509 68 134 517 384 792 359 264 278 377 195 692 92 279 402 829 253 460 243 714 184 522 417 398 390 617
3093 20 5049 509 68 272 146 278 377 49 770 384 792 407 958 196 511 417 398 402 829 472 619 571 715 359 264 195 692 92 279 505 819 390 617 243 714 134 517 184 522 253 460
4093 20 5049 272 146 384 792 253 460 196 511 243 714 402 829 505 819 359 264 92 279 278 377 472 619 49 770 417 398 195 692 184 522 509 68 134 517 571 715 407 958 390 617
5093 20 5049 417 398 92 279 509 68 195 692 472 619 359 264 407 958 402 829 243 714 196 511 184 522 49 770 384 792 390 617 134 517 505 819 278 377 253 460 571 715 272 146
1094 20 4721 320 11 483 660 12 422 100 512 448 329 19 55 46 373 51 317 356 792 360 986 84 452 754 348 488 474 273 624 570 766 423 999 330 505 360 397 97 52 328 287
2094 20 4721 330 505 356 792 97 52 360 986 100 512 488 474 320 11 19 55 46 373 483 660 423 999 12 422 448 329 754 348 51 317 570 766 328 287 273 624 360 397 84 452
3094 20 4721 273 624 320 11 356 792 360 986 570 766 488 474 51 317 754 348 360 397 483 660 12 422 448 329 328 287 330 505 97 52 19 55 46 373 100 512 84 452 423 999
4094 20 4721 84 452 273 624 356 792 448 329 328 287 360 397 12 422 51 317 19 55 483 660 100 512 360 986 488 474 754 348 330 505 97 52 320 11 423 999 570 766 46 373
5094 20 4721 754 348 360 397 320 11 328 287 46 373 51 317 570 766 488 474 273 624 356 792 97 52 100 512 483 660 19 55 423 999 330 505 448 329 360 986 84 452 12 422
1095 20 5557 499 153 455 611 395 924 159 626 653 683 18 28 724 942 245 391 230 705 277 832 427 73 27 793 16 323 6 502 358 566 171 355 689 855 161 415 578 46 859 180
2095 20 5557 578 46 159 626 245 391 689 855 27 793 16 323 724 942 171 355 358 566 455 611 653 683 277 832 6 502 427 73 395 924 499 153 18 28 161 415 859 180 230 705
3095 20 5557 245 391 653 683 161 415 16 323 6 502 689 855 455 611 18 28 427 73 159 626 395 924 358 566 859 180 724 942 499 153 578 46 230 705 27 793 171 355 277 832
4095 20 5557 859 180 395 924 230 705 724 942 16 323 277 832 159 626 161 415 18 28 499 153 6 502 27 793 689 855 245 391 427 73 171 355 578 46 358 566 455 611 653 683
5095 20 5557 27 793 6 502 499 153 171 355 395 924 724 942 277 832 161 415 578 46 427 73 16 323 18 28 653 683 455 611 230 705 159 626 358 566 689 855 245 391 859 180
1096 20 6323 5 215 398 476 426 779 247 151 411 781 658 849 658 501 703 994 38 524 131 138 316 606 344 86 341 832 197 981 144 909 384 803 956 523 621 193 283 492 643 167
2096 20 6323 643 167 658 849 426 779 38 524 703 994 283 492 247 151 621 193 5 215 398 476 197 981 658 501 411 781 956 523 144 909 384 803 316 606 131 138 344 86 341 832
3096 20 6323 643 167 411 781 384 803 344 86 144 909 398 476 341 832 703 994 316 606 658 501 38 524 247 151 5 215 956 523 197 981 426 779 131 138 658 849 621 193 283 492
4096 20 6323 956 523 643 167 247 151 384 803 703 994 5 215 398 476 144 909 658 849 658 501 131 138 283 492 621 193 426 779 316 606 411 781 197 981 344 86 38 524 341 832
5096 20 6323 38 524 144 909 411 781 316 606 247 151 658 501 621 193 398 476 956 523 426 779 341 832 643 167 344 86 658 849 5 215 197 981 384 803 703 994 131 138 283 492
1097 20 5134 102 876 816 363 248 879 511 499 408 425 126 435 100 260 870 318 509 114 253 77 313 626 306 536 283 260 208 243 14 620 4 207 370 569 56 369 269 741 652 492
2097 20 5134 208 243 509 114 283 260 870 318 269 741 408 425 652 492 248 879 370 569 313 626 126 435 102 876 14 620 253 77 100 260 306 536 4 207 511 499 816 363 56 369
3097 20 5134 253 77 4 207 14 620 313 626 248 879 511 499 509 114 816 363 100 260 283 260 102 876 306 536 652 492 269 741 870 318 370 569 208 243 408 425 126 435 56 369
4097 20 5134 102 876 14 620 652 492 56 369 870 318 511 499 253 77 816 363 208 243 100 260 248 879 283 260 313 626 408 425 126 435 370 569 269 741 306 536 4 207 509 114
5097 20 5134 208 243 102 876 652 492 306 536 370 569 126 435 283 260 870 318 14 620 511 499 253 77 313 626 408 425 248 879 56 369 100 260 4 207 816 363 269 741 509 114
1098 20 5218 891 193 251 44 245 924 378 563 591 292 361 196 239 624 312 997 484 413 358 705 137 150 626 309 336 714 30 913 205 864 757 358 25 527 65 172 140 174 92 395
2098 20 5218 378 563 239 624 245 924 92 395 757 358 336 714 361 196 484 413 358 705 312 997 65 172 626 309 591 292 137 150 25 527 140 174 205 864 30 913 891 193 251 44
3098 20 5218 137 150 336 714 205 864 361 196 591 292 378 563 251 44 92 395 25 527 626 309 30 913 239 624 312 997 140 174 65 172 484 413 245 924 891 193 757 358 358 705
4098 20 5218 591 292 361 196 239 624 65 172 140 174 25 527 891 193 336 714 484 413 251 44 757 358 205 864 358 705 626 309 378 563 30 913 245 924 312 997 92 395 137 150
5098 20 5218 358 705 336 714 484 413 205 864 891 193 591 292 65 172 239 624 757 358 30 913 251 44 361 196 245 924 626 309 378 563 140 174 25 527 92 395 312 997 137 150
1099 20 5131 769 394 183 885 404 127 40 790 746 723 240 609 236 738 178 378 375 564 423 610 500 518 292 529 145 376 290 418 359 881 46 488 187 45 384 675 36 131 581 357
2099 20 5131 769 394 178 378 46 488 145 376 240 609 581 357 384 675 423 610 183 885 292 529 404 127 290 418 500 518 746 723 187 45 359 881 236 738 36 131 375 564 40 790
3099 20 5131 384 675 581 357 46 488 292 529 423 610 404 127 375 564 40 790 769 394 187 45 183 885 359 881 178 378 746 723 236 738 145 376 36 131 500 518 240 609 290 418
4099 20 5131 292 529 769 394 375 564 290 418 236 738 183 885 746 723 359 881 500 518 384 675 423 610 36 131 145 376 187 45 178 378 404 127 581 357 240 609 46 488 40 790
5099 20 5131 240 609 404 127 384 675 769 394 375 564 581 357 746 723 292 529 40 790 187 45 236 738 423 610 183 885 36 131 145 376 290 418 359 881 178 378 500 518 46 488
1100 20 5877 927 691 652 12 133 621 184 159 220 512 744 972 451 823 109 766 44 568 238 915 109 58 538 274 27 422 469 666 79 520 476 721 280 930 387 254 361 905 919 530
2100 20 5877 451 823 109 58 79 520 538 274 27 422 476 721 469 666 744 972 44 568 387 254 652 12 280 930 238 915 927 691 361 905 133 621 109 766 220 512 184 159 919 530
3100 20 5877 387 254 220 512 44 568 476 721 184 159 361 905 280 930 238 915 469 666 744 972 927 691 919 530 109 766 451 823 109 58 79 520 27 422 538 274 133 621 652 12
4100 20 5877 184 159 109 58 280 930 133 621 919 530 109 766 652 12 744 972 927 691 387 254 361 905 220 512 476 721 238 915 44 568 27 422 469 666 451 823 538 274 79 520
5100 20 5877 744 972 469 666 79 520 451 823 538 274 109 58 919 530 184 159 387 254 927 691 220 512 133 621 361 905 280 930 109 766 652 12 27 422 476 721 44 568 238 915
