1001 20 7132 808 187 172 2257 216 1474 269 4505 660 2347 144 6 28 3878 731 999 856 2284 951 3081 977 2826 29 442 109 1292 61 2840 602 1210 595 4168 547 2568 486 3049 89 2005 586 599
2001 20 7132 951 3081 28 3878 89 2005 586 599 61 2840 269 4505 660 2347 731 999 808 187 856 2284 486 3049 595 4168 547 2568 977 2826 109 1292 216 1474 602 1210 29 442 144 6 172 2257
3001 20 7132 28 3878 808 187 595 4168 61 2840 602 1210 216 1474 977 2826 486 3049 586 599 856 2284 951 3081 172 2257 731 999 269 4505 109 1292 660 2347 89 2005 547 2568 144 6 29 442
4001 20 7132 172 2257 28 3878 586 599 977 2826 269 4505 29 442 109 1292 547 2568 856 2284 216 1474 951 3081 144 6 808 187 602 1210 89 2005 61 2840 731 999 595 4168 660 2347 486 3049
5001 20 7132 595 4168 144 6 109 1292 586 599 89 2005 951 3081 29 442 660 2347 269 4505 486 3049 731 999 216 1474 28 3878 856 2284 172 2257 808 187 547 2568 61 2840 977 2826 602 1210
1002 20 6564 936 2597 197 3372 350 944 59 4161 334 648 602 4887 30 4260 89 3999 354 1466 572 2739 162 4385 671 847 32 3282 166 4681 702 2529 640 3950 530 1171 829 347 654 3702 297 3449
2002 20 6564 640 3950 936 2597 702 2529 354 1466 197 3372 829 347 30 4260 32 3282 530 1171 162 4385 671 847 334 648 602 4887 654 3702 59 4161 297 3449 166 4681 350 944 89 3999 572 2739
3002 20 6564 354 1466 602 4887 530 1171 89 3999 162 4385 32 3282 166 4681 702 2529 334 648 671 847 59 4161 30 4260 197 3372 350 944 640 3950 936 2597 829 347 572 2739 654 3702 297 3449
4002 20 6564 354 1466 702 2529 297 3449 671 847 829 347 334 648 602 4887 936 2597 197 3372 30 4260 530 1171 166 4681 640 3950 59 4161 350 944 572 2739 89 3999 32 3282 162 4385 654 3702
5002 20 6564 162 4385 654 3702 334 648 602 4887 59 4161 32 3282 89 3999 297 3449 671 847 30 4260 354 1466 829 347 197 3372 640 3950 350 944 530 1171 702 2529 936 2597 166 4681 572 2739
1003 20 8624 743 2269 708 4061 956 1065 691 1533 477 3032 634 3539 86 4810 345 356 535 4161 199 1076 592 334 782 3753 951 2134 549 4715 298 4270 270 3246 46 2238 588 4310 629 4768 701 1240
2003 20 8624 951 2134 956 1065 691 1533 782 3753 345 356 629 4768 549 4715 588 4310 270 3246 46 2238 298 4270 634 3539 535 4161 708 4061 592 334 86 4810 701 1240 743 2269 477 3032 199 1076
3003 20 8624 588 4310 199 1076 549 4715 629 4768 592 334 634 3539 46 2238 743 2269 782 3753 708 4061 701 1240 270 3246 956 1065 951 2134 691 1533 535 4161 298 4270 477 3032 86 4810 345 356
4003 20 8624 477 3032 743 2269 629 4768 691 1533 46 2238 951 2134 549 4715 588 4310 535 4161 270 3246 634 3539 956 1065 298 4270 708 4061 345 356 592 334 782 3753 86 4810 701 1240 199 1076
5003 20 8624 956 1065 549 4715 345 356 86 4810 477 3032 634 3539 298 4270 46 2238 588 4310 701 1240 535 4161 782 3753 199 1076 629 4768 743 2269 270 3246 691 1533 592 334 951 2134 708 4061
1004 20 7223 471 2855 261 4662 543 3461 152 689 780 2328 316 873 643 1958 350 4522 666 236 102 4746 305 3409 330 684 867 3610 322 4906 379 3975 768 537 219 500 539 1660 198 3099 818 3699
2004 20 7223 768 537 666 236 643 1958 818 3699 316 873 198 3099 305 3409 471 2855 780 2328 261 4662 330 684 543 3461 379 3975 350 4522 102 4746 322 4906 219 500 152 689 539 1660 867 3610
3004 20 7223 198 3099 219 500 780 2328 350 4522 379 3975 152 689 316 873 867 3610 305 3409 261 4662 330 684 539 1660 643 1958 666 236 322 4906 818 3699 543 3461 768 537 102 4746 471 2855
4004 20 7223 643 1958 350 4522 867 3610 539 1660 780 2328 471 2855 330 684 198 3099 768 537 261 4662 219 500 102 4746 666 236 543 3461 316 873 152 689 379 3975 322 4906 305 3409 818 3699
5004 20 7223 379 3975 643 1958 261 4662 219 500 102 4746 322 4906 471 2855 768 537 818 3699 350 4522 316 873 305 3409 867 3610 666 236 152 689 543 3461 330 684 539 1660 780 2328 198 3099
1005 20 7516 966 1036 161 3139 927 2579 162 3770 96 4329 138 4429 484 508 228 3085 68 4195 776 3861 773 4526 202 2874 774 3651 553 920 437 3360 638 4717 260 2059 313 4637 801 3846 639 2044
2005 20 7516 638 4717 776 3861 437 3360 260 2059 773 4526 966 1036 228 3085 96 4329 161 3139 553 920 639 2044 68 4195 162 3770 202 2874 138 4429 801 3846 313 4637 774 3651 484 508 927 2579
3005 20 7516 96 4329 484 508 161 3139 927 2579 202 2874 68 4195 162 3770 638 4717 801 3846 553 920 260 2059 773 4526 138 4429 437 3360 313 4637 776 3861 639 2044 774 3651 966 1036 228 3085
4005 20 7516 228 3085 638 4717 484 508 202 2874 927 2579 96 4329 437 3360 776 3861 773 4526 68 4195 801 3846 138 4429 313 4637 774 3651 553 920 260 2059 639 2044 162 3770 161 3139 966 1036
5005 20 7516 638 4717 484 508 228 3085 776 3861 966 1036 68 4195 138 4429 553 920 773 4526 313 4637 437 3360 162 3770 161 3139 927 2579 774 3651 639 2044 260 2059 202 2874 96 4329 801 3846
1006 20 7569 44 4448 399 3843 634 3458 605 322 454 1318 99 2380 919 1159 63 1915 796 1414 132 3665 125 3185 188 4519 645 2639 791 3979 770 2929 558 3916 475 4356 382 4434 948 1326 435 3376
2006 20 7569 948 1326 188 4519 125 3185 454 1318 919 1159 645 2639 558 3916 382 4434 44 4448 605 322 791 3979 399 3843 435 3376 63 1915 770 2929 796 1414 132 3665 634 3458 99 2380 475 4356
3006 20 7569 634 3458 948 1326 791 3979 605 322 44 4448 188 4519 435 3376 63 1915 125 3185 558 3916 645 2639 919 1159 382 4434 454 1318 399 3843 475 4356 796 1414 99 2380 132 3665 770 2929
4006 20 7569 605 322 382 4434 645 2639 188 4519 132 3665 399 3843 44 4448 454 1318 919 1159 770 2929 63 1915 558 3916 796 1414 99 2380 948 1326 435 3376 634 3458 125 3185 791 3979 475 4356
5006 20 7569 558 3916 132 3665 475 4356 44 4448 454 1318 919 1159 99 2380 770 2929 188 4519 645 2639 948 1326 796 1414 435 3376 63 1915 634 3458 605 322 791 3979 399 3843 125 3185 382 4434
1007 20 8570 809 3285 980 3753 265 2586 586 1541 575 2881 933 970 502 4313 990 3521 471 1874 114 2991 398 2514 642 4264 698 4127 646 4384 660 851 167 2892 430 1704 324 279 242 1713 281 4245
2007 20 8570 167 2892 471 1874 114 2991 575 2881 398 2514 809 3285 698 4127 242 1713 430 1704 646 4384 642 4264 324 279 990 3521 980 3753 281 4245 933 970 660 851 586 1541 265 2586 502 4313
3007 20 8570 933 970 471 1874 167 2892 660 851 642 4264 586 1541 502 4313 242 1713 265 2586 990 3521 646 4384 809 3285 398 2514 114 2991 698 4127 281 4245 980 3753 430 1704 324 279 575 2881
4007 20 8570 660 851 242 1713 980 3753 265 2586 281 4245 430 1704 502 4313 324 279 933 970 114 2991 398 2514 990 3521 698 4127 646 4384 471 1874 642 4264 575 2881 167 2892 809 3285 586 1541
5007 20 8570 265 2586 646 4384 398 2514 575 2881 809 3285 324 279 990 3521 980 3753 698 4127 430 1704 471 1874 242 1713 933 970 281 4245 660 851 167 2892 586 1541 642 4264 114 2991 502 4313
1008 20 8542 980 2285 97 915 379 3154 434 4718 992 923 553 2112 226 1496 663 4583 909 1591 387 3502 281 4124 943 372 911 4373 185 1159 859 828 218 3882 710 2553 463 1112 408 1222 80 1501
2008 20 8542 281 4124 80 1501 909 1591 185 1159 992 923 943 372 408 1222 553 2112 226 1496 218 3882 980 2285 911 4373 710 2553 97 915 663 4583 434 4718 387 3502 859 828 379 3154 463 1112
3008 20 8542 859 828 710 2553 943 372 408 1222 911 4373 909 1591 387 3502 97 915 434 4718 663 4583 185 1159 226 1496 80 1501 281 4124 553 2112 218 3882 992 923 463 1112 980 2285 379 3154
4008 20 8542 943 372 218 3882 387 3502 408 1222 710 2553 859 828 281 4124 663 4583 463 1112 911 4373 185 1159 379 3154 992 923 80 1501 226 1496 553 2112 909 1591 980 2285 434 4718 97 915
5008 20 8542 185 1159 663 4583 379 3154 434 4718 911 4373 281 4124 226 1496 710 2553 218 3882 980 2285 80 1501 943 372 387 3502 909 1591 859 828 553 2112 97 915 408 1222 992 923 463 1112
1009 20 7435 167 2449 468 2267 52 4048 288 2250 71 2398 822 2007 925 1767 295 2641 361 2666 10 335 559 1658 841 2295 789 418 807 517 203 4905 801 4112 223 2240 857 4222 631 785 124 3921
2009 20 7435 167 2449 841 2295 631 785 10 335 295 2641 822 2007 223 2240 203 4905 124 3921 857 4222 288 2250 807 517 71 2398 925 1767 789 418 52 4048 559 1658 361 2666 801 4112 468 2267
3009 20 7435 807 517 631 785 124 3921 10 335 167 2449 822 2007 801 4112 295 2641 71 2398 789 418 857 4222 559 1658 52 4048 288 2250 223 2240 361 2666 841 2295 203 4905 925 1767 468 2267
4009 20 7435 288 2250 203 4905 631 785 167 2449 295 2641 801 4112 124 3921 468 2267 559 1658 807 517 925 1767 857 4222 10 335 822 2007 52 4048 71 2398 841 2295 789 418 361 2666 223 2240
5009 20 7435 295 2641 857 4222 925 1767 559 1658 288 2250 71 2398 631 785 807 517 203 4905 801 4112 223 2240 789 418 822 2007 52 4048 124 3921 361 2666 10 335 468 2267 841 2295 167 2449
1010 20 7932 150 594 615 2220 870 1626 990 3552 789 2199 947 3347 256 1183 403 4065 701 4005 173 310 88 1369 406 1215 385 3591 119 2214 225 1918 927 4446 509 4029 498 1560 366 1483 498 2113
2010 20 7932 789 2199 498 2113 406 1215 366 1483 119 2214 870 1626 403 4065 947 3347 927 4446 509 4029 88 1369 498 1560 385 3591 256 1183 225 1918 173 310 150 594 990 3552 701 4005 615 2220
3010 20 7932 870 1626 88 1369 173 310 509 4029 119 2214 150 594 403 4065 990 3552 789 2199 406 1215 947 3347 927 4446 615 2220 256 1183 498 2113 385 3591 498 1560 225 1918 701 4005 366 1483
4010 20 7932 615 2220 173 310 385 3591 366 1483 150 594 947 3347 498 2113 509 4029 870 1626 990 3552 498 1560 88 1369 789 2199 119 2214 403 4065 406 1215 225 1918 927 4446 701 4005 256 1183
5010 20 7932 701 4005 385 3591 173 310 119 2214 88 1369 256 1183 990 3552 225 1918 615 2220 509 4029 403 4065 927 4446 789 2199 406 1215 870 1626 150 594 366 1483 498 1560 947 3347 498 2113
1011 20 7684 642 1597 98 18 378 4700 910 1476 928 1211 110 1313 142 1415 659 36 300 2861 269 1646 945 2836 604 2003 386 4806 500 210 622 2306 933 849 234 4394 258 4966 348 3383 340 1583
2011 20 7684 258 4966 348 3383 604 2003 110 1313 378 4700 269 1646 234 4394 300 2861 642 1597 340 1583 933 849 945 2836 500 210 928 1211 659 36 386 4806 142 1415 910 1476 98 18 622 2306
3011 20 7684 386 4806 110 1313 910 1476 300 2861 933 849 500 210 378 4700 622 2306 604 2003 642 1597 142 1415 258 4966 945 2836 348 3383 269 1646 659 36 928 1211 98 18 340 1583 234 4394
4011 20 7684 933 849 234 4394 910 1476 642 1597 98 18 258 4966 142 1415 348 3383 269 1646 604 2003 110 1313 659 36 928 1211 500 210 300 2861 622 2306 340 1583 378 4700 386 4806 945 2836
5011 20 7684 98 18 945 2836 933 849 269 1646 659 36 378 4700 234 4394 642 1597 386 4806 604 2003 300 2861 340 1583 110 1313 500 210 348 3383 258 4966 142 1415 928 1211 910 1476 622 2306
1012 20 8707 58 168 324 4906 660 33 817 461 918 4256 774 1577 54 1442 898 1892 276 956 260 1045 324 26 313 1958 788 2145 895 5000 253 4876 632 488 963 1780 599 74 746 4002 332 2142
2012 20 8707 58 168 746 4002 632 488 599 74 54 1442 276 956 774 1577 332 2142 895 5000 260 1045 660 33 324 26 817 461 324 4906 253 4876 963 1780 788 2145 918 4256 313 1958 898 1892
3012 20 8707 253 4876 260 1045 895 5000 746 4002 332 2142 918 4256 774 1577 788 2145 898 1892 324 4906 58 168 632 488 324 26 276 956 54 1442 963 1780 817 461 660 33 599 74 313 1958
4012 20 8707 895 5000 599 74 332 2142 54 1442 660 33 918 4256 253 4876 632 488 260 1045 817 461 324 26 746 4002 788 2145 58 168 324 4906 963 1780 898 1892 313 1958 774 1577 276 956
5012 20 8707 253 4876 895 5000 58 168 332 2142 918 4256 774 1577 632 488 746 4002 788 2145 54 1442 324 4906 324 26 260 1045 313 1958 276 956 963 1780 660 33 599 74 898 1892 817 461
1013 20 8785 928 2681 867 4861 632 4478 321 3823 963 3009 1 1033 386 1388 120 3865 592 4408 501 1105 839 2784 875 2360 706 3904 141 3227 150 2662 348 332 557 754 836 2358 730 966 489 354
2013 20 8785 120 3865 592 4408 836 2358 632 4478 150 2662 875 2360 928 2681 141 3227 730 966 489 354 501 1105 706 3904 963 3009 1 1033 321 3823 348 332 867 4861 557 754 386 1388 839 2784
3013 20 8785 150 2662 321 3823 141 3227 557 754 875 2360 839 2784 1 1033 730 966 386 1388 867 4861 592 4408 501 1105 928 2681 706 3904 489 354 632 4478 963 3009 348 332 836 2358 120 3865
4013 20 8785 867 4861 836 2358 875 2360 501 1105 150 2662 963 3009 706 3904 557 754 489 354 632 4478 141 3227 1 1033 839 2784 348 332 592 4408 321 3823 386 1388 120 3865 730 966 928 2681
5013 20 8785 557 754 730 966 501 1105 120 3865 1 1033 321 3823 632 4478 348 332 867 4861 592 4408 963 3009 706 3904 836 2358 489 354 928 2681 141 3227 839 2784 386 1388 875 2360 150 2662
1014 20 8876 473 763 440 595 957 937 524 860 494 4802 653 4519 228 1241 955 1878 420 824 591 2237 385 4558 658 411 673 3831 505 2970 291 1049 473 1507 151 4418 999 2973 590 820 635 2405
2014 20 8876 590 820 673 3831 494 4802 635 2405 385 4558 999 2973 955 1878 957 937 473 763 658 411 591 2237 440 595 653 4519 505 2970 420 824 291 1049 524 860 473 1507 151 4418 228 1241
3014 20 8876 473 763 505 2970 440 595 653 4519 524 860 420 824 955 1878 957 937 658 411 291 1049 591 2237 590 820 151 4418 635 2405 473 1507 673 3831 999 2973 385 4558 228 1241 494 4802
4014 20 8876 590 820 494 4802 673 3831 653 4519 591 2237 228 1241 999 2973 473 1507 385 4558 473 763 524 860 957 937 151 4418 658 411 291 1049 420 824 505 2970 635 2405 955 1878 440 595
5014 20 8876 151 4418 955 1878 957 937 999 2973 473 1507 291 1049 494 4802 228 1241 658 411 473 763 505 2970 524 860 385 4558 440 595 591 2237 420 824 590 820 653 4519 635 2405 673 3831
1015 20 8817 898 252 898 3616 416 4324 536 4384 799 842 393 750 851 3942 362 3897 633 4480 695 2193 100 1877 751 3986 921 3484 120 4074 163 4791 116 4517 415 2035 421 3836 798 13 736 4130
2015 20 8817 163 4791 415 2035 116 4517 120 4074 851 3942 362 3897 695 2193 751 3986 536 4384 736 4130 633 4480 799 842 393 750 898 3616 416 4324 921 3484 798 13 100 1877 421 3836 898 252
3015 20 8817 116 4517 120 4074 362 3897 415 2035 416 4324 421 3836 898 3616 751 3986 393 750 798 13 898 252 851 3942 736 4130 100 1877 536 4384 163 4791 633 4480 921 3484 695 2193 799 842
4015 20 8817 898 252 362 3897 421 3836 163 4791 100 1877 799 842 633 4480 851 3942 393 750 921 3484 695 2193 416 4324 415 2035 751 3986 798 13 536 4384 120 4074 736 4130 116 4517 898 3616
5015 20 8817 851 3942 415 2035 393 750 798 13 921 3484 736 4130 416 4324 421 3836 633 4480 898 3616 536 4384 799 842 695 2193 163 4791 116 4517 751 3986 120 4074 898 252 362 3897 100 1877
1016 20 7191 235 2054 779 996 711 275 200 1668 297 802 688 4332 903 3934 595 194 935 4200 413 4696 165 1970 11 4299 657 2246 318 1187 782 4628 168 986 233 1485 4 1879 820 1580 75 4573
2016 20 7191 11 4299 903 3934 779 996 233 1485 688 4332 200 1668 168 986 782 4628 235 2054 297 802 4 1879 75 4573 935 4200 595 194 657 2246 318 1187 413 4696 820 1580 165 1970 711 275
3016 20 7191 688 4332 11 4299 782 4628 318 1187 711 275 200 1668 75 4573 233 1485 657 2246 903 3934 595 194 235 2054 779 996 168 986 413 4696 935 4200 4 1879 165 1970 297 802 820 1580
4016 20 7191 297 802 4 1879 200 1668 413 4696 657 2246 75 4573 168 986 935 4200 233 1485 165 1970 782 4628 595 194 779 996 318 1187 903 3934 688 4332 11 4299 711 275 820 1580 235 2054
5016 20 7191 4 1879 782 4628 168 986 165 1970 935 4200 820 1580 688 4332 11 4299 318 1187 297 802 711 275 779 996 235 2054 657 2246 595 194 903 3934 200 1668 75 4573 233 1485 413 4696
1017 20 8125 863 1577 751 1492 409 2073 430 1363 280 3768 861 2878 37 664 412 1485 626 4344 738 1787 514 2324 794 4545 543 4834 564 79 349 3063 955 960 59 3948 798 4892 141 675 33 2297
2017 20 8125 33 2297 349 3063 514 2324 59 3948 738 1787 37 664 863 1577 412 1485 955 960 798 4892 626 4344 564 79 430 1363 141 675 543 4834 409 2073 861 2878 794 4545 751 1492 280 3768
3017 20 8125 955 960 861 2878 412 1485 141 675 280 3768 626 4344 863 1577 33 2297 564 79 738 1787 794 4545 349 3063 543 4834 37 664 798 4892 59 3948 751 1492 430 1363 514 2324 409 2073
4017 20 8125 955 960 412 1485 738 1787 751 1492 543 4834 794 4545 626 4344 863 1577 349 3063 33 2297 430 1363 280 3768 798 4892 409 2073 564 79 59 3948 861 2878 141 675 514 2324 37 664
5017 20 8125 280 3768 141 675 626 4344 412 1485 514 2324 955 960 59 3948 794 4545 430 1363 37 664 409 2073 564 79 33 2297 861 2878 751 1492 863 1577 798 4892 349 3063 543 4834 738 1787
1018 20 8490 894 3082 768 1204 91 3095 273 4621 105 2621 716 2631 675 2253 530 589 630 2468 977 2832 857 4351 522 2054 512 4539 452 95 33 3619 568 211 202 910 187 3893 688 2307 933 2002
2018 20 8490 512 4539 33 3619 91 3095 894 3082 202 910 530 589 522 2054 768 1204 452 95 675 2253 977 2832 273 4621 857 4351 716 2631 568 211 688 2307 105 2621 630 2468 933 2002 187 3893
3018 20 8490 857 4351 933 2002 187 3893 33 3619 675 2253 768 1204 568 211 688 2307 977 2832 630 2468 522 2054 91 3095 716 2631 894 3082 105 2621 202 910 512 4539 530 589 452 95 273 4621
4018 20 8490 105 2621 688 2307 894 3082 187 3893 202 910 933 2002 977 2832 512 4539 530 589 273 4621 857 4351 452 95 716 2631 91 3095 33 3619 522 2054 568 211 675 2253 768 1204 630 2468
5018 20 8490 933 2002 530 589 894 3082 716 2631 857 4351 273 4621 977 2832 202 910 522 2054 768 1204 630 2468 105 2621 91 3095 675 2253 452 95 568 211 688 2307 512 4539 187 3893 33 3619
1019 20 7618 284 1078 526 669 820 2282 913 707 141 3105 144 2521 39 4342 931 1582 783 3470 515 4414 176 643 737 4165 470 4243 75 2961 749 1777 458 1533 661 4625 365 2558 506 1304 230 1598
2019 20 7618 458 1533 526 669 783 3470 365 2558 176 643 144 2521 470 4243 661 4625 39 4342 284 1078 506 1304 737 4165 515 4414 141 3105 749 1777 913 707 931 1582 820 2282 75 2961 230 1598
3019 20 7618 284 1078 515 4414 75 2961 913 707 737 4165 176 643 931 1582 458 1533 526 669 749 1777 230 1598 661 4625 470 4243 144 2521 39 4342 141 3105 506 1304 365 2558 820 2282 783 3470
4019 20 7618 820 2282 931 1582 365 2558 515 4414 141 3105 506 1304 737 4165 458 1533 284 1078 144 2521 75 2961 176 643 526 669 749 1777 230 1598 39 4342 470 4243 661 4625 913 707 783 3470
5019 20 7618 141 3105 284 1078 506 1304 661 4625 75 2961 820 2282 526 669 783 3470 931 1582 515 4414 176 643 365 2558 144 2521 470 4243 39 4342 458 1533 737 4165 230 1598 913 707 749 1777
1020 20 6040 19 795 36 2634 720 1178 757 2847 185 3851 371 4528 130 3323 659 4393 946 4059 502 1334 913 1816 57 1903 376 1819 606 2141 43 4376 506 2321 262 2179 228 2786 4 2356 230 321
2020 20 6040 130 3323 502 1334 376 1819 606 2141 185 3851 228 2786 371 4528 230 321 506 2321 262 2179 913 1816 57 1903 946 4059 659 4393 4 2356 720 1178 757 2847 43 4376 19 795 36 2634
3020 20 6040 230 321 130 3323 371 4528 606 2141 4 2356 228 2786 913 1816 502 1334 720 1178 19 795 757 2847 376 1819 185 3851 57 1903 659 4393 946 4059 43 4376 262 2179 36 2634 506 2321
4020 20 6040 230 321 19 795 130 3323 376 1819 43 4376 57 1903 371 4528 659 4393 946 4059 228 2786 185 3851 913 1816 502 1334 720 1178 506 2321 606 2141 4 2356 36 2634 757 2847 262 2179
5020 20 6040 185 3851 502 1334 720 1178 230 321 913 1816 757 2847 946 4059 43 4376 228 2786 36 2634 371 4528 130 3323 57 1903 19 795 506 2321 4 2356 376 1819 659 4393 606 2141 262 2179
1021 20 7784 612 610 973 1302 530 3465 57 3366 950 2995 237 784 309 827 123 2319 572 4489 873 3711 816 4736 419 4340 117 4188 996 3435 78 3259 280 2848 67 1236 990 3275 485 1656 246 2698
2021 20 7784 873 3711 530 3465 246 2698 990 3275 950 2995 612 610 996 3435 485 1656 78 3259 572 4489 816 4736 973 1302 57 3366 280 2848 237 784 309 827 419 4340 123 2319 117 4188 67 1236
3021 20 7784 57 3366 990 3275 117 4188 873 3711 78 3259 612 610 237 784 572 4489 996 3435 419 4340 67 1236 530 3465 246 2698 485 1656 309 827 816 4736 280 2848 950 2995 973 1302 123 2319
4021 20 7784 237 784 485 1656 990 3275 612 610 57 3366 123 2319 816 4736 280 2848 246 2698 67 1236 873 3711 117 4188 950 2995 309 827 530 3465 572 4489 419 4340 973 1302 78 3259 996 3435
5021 20 7784 485 1656 996 3435 246 2698 950 2995 57 3366 612 610 78 3259 309 827 816 4736 572 4489 67 1236 123 2319 530 3465 990 3275 117 4188 873 3711 973 1302 419 4340 237 784 280 2848
1022 20 9176 846 1293 462 402 372 1466 715 4576 676 279 965 2650 256 2591 20 3872 551 119 812 4407 899 2973 19 4093 967 1142 344 3260 637 13 757 1787 428 2469 323 2155 687 396 734 358
2022 20 9176 812 4407 965 2650 19 4093 899 2973 676 279 757 1787 967 1142 323 2155 637 13 428 2469 462 402 372 1466 846 1293 551 119 20 3872 344 3260 687 396 256 2591 734 358 715 4576
3022 20 9176 965 2650 812 4407 676 279 323 2155 256 2591 372 1466 687 396 734 358 462 402 428 2469 757 1787 899 2973 846 1293 344 3260 20 3872 637 13 715 4576 551 119 967 1142 19 4093
4022 20 9176 715 4576 19 4093 899 2973 256 2591 812 4407 20 3872 637 13 687 396 757 1787 428 2469 967 1142 462 402 372 1466 846 1293 323 2155 965 2650 676 279 734 358 551 119 344 3260
5022 20 9176 965 2650 676 279 687 396 812 4407 757 1787 967 1142 19 4093 344 3260 637 13 899 2973 734 358 428 2469 372 1466 323 2155 20 3872 715 4576 462 402 846 1293 256 2591 551 119
1023 20 7427 7 3261 457 4625 640 4836 288 3674 568 3538 754 4955 75 160 100 4494 944 1401 82 1836 118 1339 573 4955 714 2444 620 2420 970 1241 375 4694 607 467 735 4345 9 2578 648 2480
2023 20 7427 75 160 735 4345 7 3261 118 1339 573 4955 457 4625 970 1241 288 3674 944 1401 754 4955 82 1836 620 2420 648 2480 640 4836 568 3538 375 4694 9 2578 607 467 714 2444 100 4494
3023 20 7427 568 3538 944 1401 735 4345 288 3674 970 1241 620 2420 375 4694 573 4955 607 467 714 2444 648 2480 75 160 7 3261 82 1836 9 2578 640 4836 754 4955 118 1339 457 4625 100 4494
4023 20 7427 457 4625 100 4494 118 1339 607 467 735 4345 970 1241 82 1836 754 4955 288 3674 640 4836 568 3538 9 2578 7 3261 573 4955 648 2480 714 2444 620 2420 75 160 944 1401 375 4694
5023 20 7427 754 4955 9 2578 714 2444 7 3261 970 1241 573 4955 944 1401 82 1836 648 2480 375 4694 75 160 457 4625 100 4494 735 4345 118 1339 288 3674 607 467 568 3538 640 4836 620 2420
1024 20 8076 676 3704 112 3150 131 3880 632 4651 577 4458 815 4878 713 4894 135 2028 771 648 722 2934 24 2041 134 2341 623 1929 525 608 537 2466 768 667 300 2037 495 1628 530 1571 875 4534
2024 20 8076 815 4878 768 667 537 2466 131 3880 134 2341 135 2028 525 608 577 4458 495 1628 713 4894 623 1929 771 648 112 3150 676 3704 530 1571 24 2041 300 2037 875 4534 722 2934 632 4651
3024 20 8076 623 1929 24 2041 815 4878 632 4651 771 648 713 4894 495 1628 525 608 768 667 300 2037 135 2028 530 1571 112 3150 131 3880 134 2341 577 4458 722 2934 537 2466 875 4534 676 3704
4024 20 8076 134 2341 530 1571 676 3704 24 2041 495 1628 525 608 131 3880 771 648 577 4458 713 4894 768 667 815 4878 537 2466 632 4651 135 2028 112 3150 722 2934 875 4534 623 1929 300 2037
5024 20 8076 771 648 713 4894 134 2341 632 4651 875 4534 24 2041 112 3150 131 3880 530 1571 577 4458 495 1628 525 608 815 4878 623 1929 676 3704 722 2934 300 2037 768 667 135 2028 537 2466
1025 20 8329 320 4618 540 2756 858 1183 37 495 381 4194 682 2756 793 592 966 1986 828 3765 450 1641 20 2698 288 700 480 2803 297 835 391 2652 426 4662 542 4841 747 1555 369 1001 997 67
2025 20 8329 793 592 381 4194 297 835 450 1641 747 1555 37 495 20 2698 426 4662 480 2803 540 2756 288 700 828 3765 966 1986 997 67 391 2652 682 2756 320 4618 369 1001 542 4841 858 1183
3025 20 8329 997 67 793 592 288 700 828 3765 450 1641 858 1183 480 2803 747 1555 391 2652 966 1986 20 2698 297 835 682 2756 540 2756 426 4662 320 4618 542 4841 37 495 381 4194 369 1001
4025 20 8329 450 1641 369 1001 391 2652 37 495 682 2756 542 4841 997 67 297 835 793 592 966 1986 426 4662 381 4194 480 2803 747 1555 540 2756 20 2698 828 3765 288 700 858 1183 320 4618
5025 20 8329 381 4194 540 2756 480 2803 997 67 793 592 426 4662 37 495 966 1986 288 700 391 2652 20 2698 858 1183 682 2756 450 1641 828 3765 542 4841 320 4618 747 1555 297 835 369 1001
1026 20 7537 155 4993 218 184 364 1848 81 2325 304 2237 828 3917 15 3989 992 668 84 4099 115 4181 866 4857 792 1205 978 2251 762 614 789 4416 389 4666 89 4320 447 1948 642 1679 512 4541
2026 20 7537 512 4541 978 2251 789 4416 866 4857 762 614 115 4181 364 1848 389 4666 304 2237 642 1679 218 184 447 1948 89 4320 828 3917 15 3989 81 2325 792 1205 155 4993 992 668 84 4099
3026 20 7537 642 1679 789 4416 762 614 218 184 992 668 978 2251 84 4099 364 1848 447 1948 15 3989 866 4857 828 3917 512 4541 89 4320 792 1205 304 2237 155 4993 81 2325 389 4666 115 4181
4026 20 7537 304 2237 81 2325 364 1848 792 1205 828 3917 866 4857 389 4666 84 4099 642 1679 992 668 789 4416 762 614 447 1948 89 4320 15 3989 155 4993 115 4181 978 2251 218 184 512 4541
5026 20 7537 992 668 792 1205 304 2237 512 4541 789 4416 642 1679 115 4181 389 4666 978 2251 15 3989 364 1848 89 4320 762 614 155 4993 866 4857 81 2325 84 4099 218 184 828 3917 447 1948
1027 20 7215 387 3598 411 2281 289 3173 900 4954 766 4914 141 4545 857 63 18 1965 179 3919 158 4658 164 3283 766 4351 165 1278 580 2366 398 1065 457 116 716 4619 459 1738 535 2499 673 3778
2027 20 7215 387 3598 857 63 580 2366 457 116 179 3919 141 4545 18 1965 164 3283 459 1738 673 3778 766 4914 535 2499 289 3173 716 4619 398 1065 900 4954 158 4658 165 1278 411 2281 766 4351
3027 20 7215 900 4954 459 1738 398 1065 535 2499 766 4914 165 1278 411 2281 179 3919 289 3173 141 4545 158 4658 164 3283 580 2366 857 63 673 3778 766 4351 457 116 18 1965 387 3598 716 4619
4027 20 7215 179 3919 165 1278 535 2499 457 116 766 4914 387 3598 158 4658 459 1738 289 3173 411 2281 164 3283 580 2366 673 3778 766 4351 716 4619 398 1065 141 4545 857 63 900 4954 18 1965
5027 20 7215 289 3173 18 1965 900 4954 459 1738 673 3778 398 1065 387 3598 158 4658 179 3919 411 2281 141 4545 580 2366 766 4914 165 1278 716 4619 457 116 535 2499 857 63 766 4351 164 3283
1028 20 7041 341 2028 81 3523 914 2332 325 1494 909 2416 156 2477 90 4496 738 991 674 1085 56 261 439 2150 420 1461 678 4752 851 649 84 1745 790 3599 338 4442 63 4239 658 3186 197 2518
2028 20 7041 674 1085 81 3523 678 4752 914 2332 420 1461 341 2028 909 2416 851 649 790 3599 156 2477 90 4496 338 4442 439 2150 197 2518 56 261 84 1745 738 991 658 3186 325 1494 63 4239
3028 20 7041 84 1745 81 3523 909 2416 338 4442 674 1085 90 4496 914 2332 738 991 678 4752 325 1494 851 649 658 3186 790 3599 420 1461 439 2150 197 2518 156 2477 63 4239 341 2028 56 261
4028 20 7041 909 2416 325 1494 439 2150 658 3186 341 2028 674 1085 851 649 197 2518 790 3599 84 1745 420 1461 56 261 678 4752 156 2477 63 4239 738 991 90 4496 914 2332 338 4442 81 3523
5028 20 7041 738 991 674 1085 420 1461 439 2150 338 4442 156 2477 341 2028 63 4239 90 4496 84 1745 909 2416 678 4752 325 1494 790 3599 914 2332 197 2518 658 3186 56 261 851 649 81 3523
1029 20 8681 928 3269 946 2649 895 554 7 3362 507 4178 402 4191 125 1772 302 4316 871 390 533 689 301 4579 920 4825 850 3323 840 1916 222 3679 84 4781 174 2597 578 505 454 699 913 3515
2029 20 8681 533 689 174 2597 578 505 222 3679 895 554 871 390 507 4178 840 1916 125 1772 301 4579 928 3269 7 3362 84 4781 302 4316 454 699 920 4825 850 3323 402 4191 946 2649 913 3515
3029 20 8681 84 4781 174 2597 454 699 871 390 946 2649 895 554 125 1772 7 3362 850 3323 301 4579 222 3679 913 3515 928 3269 402 4191 533 689 840 1916 507 4178 578 505 302 4316 920 4825
4029 20 8681 895 554 578 505 454 699 301 4579 84 4781 125 1772 533 689 222 3679 507 4178 913 3515 920 4825 302 4316 840 1916 7 3362 402 4191 871 390 850 3323 928 3269 946 2649 174 2597
5029 20 8681 871 390 7 3362 920 4825 946 2649 402 4191 125 1772 850 3323 928 3269 533 689 913 3515 174 2597 507 4178 301 4579 302 4316 840 1916 84 4781 895 554 222 3679 578 505 454 699
1030 20 8026 502 2431 425 374 453 4601 856 2288 316 3527 365 3935 128 2511 222 2405 574 1490 989 1947 931 536 539 3473 625 4740 482 2540 345 782 149 2139 548 1785 334 3855 728 1355 522 3018
2030 20 8026 334 3855 931 536 574 1490 453 4601 425 374 149 2139 548 1785 989 1947 128 2511 222 2405 522 3018 502 2431 728 1355 625 4740 539 3473 856 2288 365 3935 316 3527 482 2540 345 782
3030 20 8026 574 1490 345 782 222 2405 989 1947 522 3018 625 4740 425 374 482 2540 502 2431 128 2511 931 536 856 2288 149 2139 539 3473 365 3935 728 1355 548 1785 453 4601 316 3527 334 3855
4030 20 8026 149 2139 502 2431 334 3855 625 4740 128 2511 425 374 453 4601 989 1947 522 3018 728 1355 856 2288 316 3527 365 3935 931 536 574 1490 539 3473 345 782 222 2405 548 1785 482 2540
5030 20 8026 222 2405 625 4740 989 1947 149 2139 425 374 316 3527 728 1355 453 4601 539 3473 482 2540 334 3855 856 2288 365 3935 931 536 574 1490 128 2511 522 3018 502 2431 345 782 548 1785
1031 20 8315 188 101 806 3228 724 550 677 3212 381 1794 469 3193 181 3676 700 1668 113 578 114 4958 300 2109 946 3072 476 4839 976 582 597 3751 803 2497 142 1366 389 4200 556 2917 856 1126
2031 20 8315 188 101 469 3193 556 2917 976 582 597 3751 700 1668 677 3212 300 2109 381 1794 113 578 142 1366 946 3072 389 4200 114 4958 806 3228 181 3676 856 1126 476 4839 803 2497 724 550
3031 20 8315 300 2109 188 101 113 578 556 2917 476 4839 381 1794 181 3676 700 1668 677 3212 976 582 114 4958 724 550 806 3228 142 1366 469 3193 856 1126 803 2497 946 3072 597 3751 389 4200
4031 20 8315 181 3676 806 3228 677 3212 946 3072 976 582 142 1366 724 550 389 4200 556 2917 476 4839 113 578 856 1126 700 1668 188 101 597 3751 469 3193 114 4958 300 2109 803 2497 381 1794
5031 20 8315 113 578 724 550 976 582 946 3072 556 2917 677 3212 476 4839 114 4958 142 1366 381 1794 389 4200 803 2497 806 3228 856 1126 181 3676 597 3751 300 2109 700 1668 469 3193 188 101
1032 20 7528 636 771 401 55 927 3756 705 4595 36 2773 580 2982 516 2806 252 3914 439 3378 224 260 1000 3831 31 1 157 2961 658 3471 790 4130 5 1908 754 3028 371 4967 346 1608 583 3899
2032 20 7528 224 260 401 55 5 1908 583 3899 371 4967 790 4130 754 3028 705 4595 346 1608 580 2982 636 771 927 3756 516 2806 36 2773 157 2961 31 1 439 3378 252 3914 658 3471 1000 3831
3032 20 7528 5 1908 1000 3831 658 3471 36 2773 157 2961 754 3028 31 1 516 2806 636 771 252 3914 705 4595 224 260 401 55 439 3378 790 4130 583 3899 580 2982 371 4967 927 3756 346 1608
4032 20 7528 658 3471 5 1908 1000 3831 516 2806 36 2773 31 1 439 3378 580 2982 252 3914 583 3899 346 1608 927 3756 371 4967 157 2961 636 771 790 4130 401 55 224 260 754 3028 705 4595
5032 20 7528 705 4595 790 4130 636 771 224 260 580 2982 252 3914 516 2806 439 3378 36 2773 927 3756 371 4967 1000 3831 754 3028 157 2961 31 1 401 55 583 3899 346 1608 658 3471 5 1908
1033 20 6997 976 3348 730 3523 586 2447 217 1218 303 2739 90 4189 808 3742 100 4892 25 3221 912 614 199 3795 432 229 180 3771 895 2689 272 3919 633 4595 648 933 96 2561 248 1311 397 838
2033 20 6997 100 4892 25 3221 303 2739 648 933 217 1218 976 3348 90 4189 96 2561 432 229 633 4595 808 3742 912 614 586 2447 180 3771 272 3919 730 3523 895 2689 248 1311 199 3795 397 838
3033 20 6997 199 3795 96 2561 272 3919 633 4595 90 4189 976 3348 808 3742 303 2739 100 4892 730 3523 912 614 248 1311 180 3771 217 1218 648 933 25 3221 397 838 432 229 895 2689 586 2447
4033 20 6997 586 2447 217 1218 96 2561 397 838 272 3919 90 4189 633 4595 976 3348 895 2689 912 614 303 2739 432 229 248 1311 199 3795 808 3742 730 3523 100 4892 648 933 25 3221 180 3771
5033 20 6997 895 2689 96 2561 199 3795 303 2739 912 614 217 1218 25 3221 730 3523 648 933 90 4189 586 2447 100 4892 633 4595 432 229 248 1311 976 3348 180 3771 397 838 272 3919 808 3742
1034 20 7076 480 2368 196 3786 38 3403 181 893 591 2787 254 1854 346 2711 392 4965 895 2580 686 2359 720 4250 483 4837 727 4530 221 547 998 2323 315 4393 604 4743 153 939 515 408 51 1758
2034 20 7076 895 2580 153 939 604 4743 591 2787 315 4393 720 4250 38 3403 51 1758 221 547 727 4530 181 893 998 2323 196 3786 346 2711 254 1854 480 2368 483 4837 686 2359 392 4965 515 408
3034 20 7076 51 1758 392 4965 998 2323 483 4837 591 2787 515 408 38 3403 254 1854 480 2368 181 893 604 4743 686 2359 346 2711 153 939 315 4393 196 3786 895 2580 727 4530 221 547 720 4250
4034 20 7076 254 1854 591 2787 181 893 392 4965 315 4393 38 3403 221 547 895 2580 480 2368 153 939 483 4837 515 408 51 1758 346 2711 196 3786 720 4250 727 4530 998 2323 686 2359 604 4743
5034 20 7076 153 939 515 408 483 4837 346 2711 727 4530 895 2580 51 1758 221 547 181 893 38 3403 196 3786 315 4393 998 2323 720 4250 392 4965 686 2359 254 1854 591 2787 480 2368 604 4743
1035 20 5743 463 898 426 625 315 263 366 3332 567 3620 796 3545 187 2660 346 4167 244 3187 315 1971 125 1965 538 3967 675 266 257 4943 772 4400 246 4887 84 1041 8 2295 80 2550 369 2990
2035 20 5743 538 3967 315 263 80 2550 315 1971 772 4400 257 4943 8 2295 675 266 366 3332 187 2660 346 4167 796 3545 246 4887 463 898 567 3620 369 2990 84 1041 244 3187 125 1965 426 625
3035 20 5743 315 1971 346 4167 567 3620 125 1965 244 3187 84 1041 257 4943 796 3545 675 266 315 263 366 3332 426 625 246 4887 8 2295 538 3967 187 2660 80 2550 772 4400 463 898 369 2990
4035 20 5743 315 263 675 266 8 2295 257 4943 346 4167 538 3967 187 2660 567 3620 125 1965 80 2550 772 4400 366 3332 796 3545 244 3187 315 1971 463 898 426 625 246 4887 84 1041 369 2990
5035 20 5743 567 3620 369 2990 187 2660 315 263 675 266 80 2550 796 3545 366 3332 246 4887 426 625 772 4400 315 1971 84 1041 538 3967 8 2295 257 4943 244 3187 125 1965 346 4167 463 898
1036 20 8767 278 3681 448 3215 974 106 164 4588 555 1626 209 1036 677 3956 378 1842 547 17 306 1231 360 2333 916 727 376 3348 574 200 824 1818 756 3563 800 325 260 2922 579 4735 978 4843
2036 20 8767 800 325 916 727 579 4735 978 4843 756 3563 306 1231 278 3681 260 2922 378 1842 164 4588 574 200 376 3348 555 1626 547 17 824 1818 974 106 448 3215 360 2333 677 3956 209 1036
3036 20 8767 974 106 800 325 916 727 756 3563 278 3681 448 3215 260 2922 209 1036 378 1842 574 200 555 1626 376 3348 824 1818 579 4735 677 3956 306 1231 547 17 164 4588 978 4843 360 2333
4036 20 8767 824 1818 360 2333 306 1231 756 3563 376 3348 209 1036 574 200 800 325 164 4588 579 4735 974 106 916 727 677 3956 260 2922 278 3681 547 17 555 1626 378 1842 978 4843 448 3215
5036 20 8767 278 3681 360 2333 574 200 756 3563 209 1036 555 1626 824 1818 448 3215 306 1231 677 3956 800 325 916 727 547 17 974 106 579 4735 378 1842 164 4588 978 4843 376 3348 260 2922
1037 20 6663 369 1197 654 271 526 3139 703 2466 468 4725 874 3290 548 3685 645 3702 107 1277 79 984 170 3742 187 4528 219 3519 461 3177 490 1222 16 3017 187 2233 943 4112 299 662 384 1147
2037 20 6663 187 2233 16 3017 645 3702 548 3685 526 3139 219 3519 461 3177 79 984 170 3742 490 1222 107 1277 369 1197 943 4112 468 4725 874 3290 187 4528 654 271 703 2466 384 1147 299 662
3037 20 6663 526 3139 187 2233 187 4528 170 3742 654 271 107 1277 299 662 461 3177 468 4725 79 984 16 3017 369 1197 490 1222 384 1147 645 3702 219 3519 943 4112 874 3290 703 2466 548 3685
4037 20 6663 645 3702 654 271 187 4528 526 3139 548 3685 79 984 16 3017 874 3290 299 662 107 1277 461 3177 170 3742 490 1222 369 1197 468 4725 703 2466 187 2233 219 3519 943 4112 384 1147
5037 20 6663 16 3017 461 3177 299 662 703 2466 187 2233 874 3290 468 4725 170 3742 526 3139 490 1222 79 984 943 4112 187 4528 384 1147 369 1197 654 271 645 3702 219 3519 548 3685 107 1277
1038 20 10177 630 3741 938 78 614 775 842 2833 846 3207 416 511 901 4978 606 90 532 4395 540 4062 303 847 490 4058 422 267 976 4790 9 1775 799 815 973 871 964 3511 549 1158 372 344
2038 20 10177 614 775 842 2833 9 1775 846 3207 490 4058 964 3511 540 4062 372 344 416 511 901 4978 532 4395 549 1158 973 871 938 78 303 847 606 90 799 815 422 267 630 3741 976 4790
3038 20 10177 973 871 9 1775 532 4395 303 847 372 344 422 267 490 4058 901 4978 630 3741 614 775 842 2833 976 4790 549 1158 938 78 540 4062 964 3511 416 511 799 815 606 90 846 3207
4038 20 10177 938 78 973 871 9 1775 549 1158 303 847 490 4058 532 4395 606 90 416 511 540 4062 901 4978 614 775 372 344 630 3741 846 3207 799 815 976 4790 422 267 964 3511 842 2833
5038 20 10177 490 4058 416 511 614 775 976 4790 372 344 606 90 549 1158 846 3207 938 78 422 267 964 3511 799 815 540 4062 973 871 630 3741 901 4978 842 2833 303 847 532 4395 9 1775
1039 20 6692 411 4001 292 1279 180 1837 721 3156 118 3529 41 735 269 3212 41 2463 205 782 594 4244 400 1503 780 2613 326 3122 59 2053 545 4758 961 1747 913 2131 276 4797 366 186 868 165
2039 20 6692 545 4758 721 3156 276 4797 292 1279 961 1747 366 186 411 4001 594 4244 780 2613 913 2131 326 3122 118 3529 205 782 59 2053 180 1837 41 2463 400 1503 868 165 269 3212 41 735
3039 20 6692 961 1747 366 186 913 2131 276 4797 292 1279 780 2613 205 782 180 1837 41 2463 868 165 400 1503 594 4244 59 2053 118 3529 721 3156 41 735 269 3212 545 4758 326 3122 411 4001
4039 20 6692 366 186 400 1503 326 3122 180 1837 780 2613 545 4758 868 165 118 3529 41 2463 205 782 411 4001 276 4797 594 4244 721 3156 292 1279 269 3212 961 1747 59 2053 913 2131 41 735
5039 20 6692 180 1837 292 1279 545 4758 913 2131 118 3529 780 2613 400 1503 366 186 276 4797 721 3156 41 735 326 3122 411 4001 59 2053 269 3212 868 165 594 4244 205 782 961 1747 41 2463
1040 20 7884 397 2432 500 3946 726 109 348 1374 933 4585 465 3456 51 3193 511 2707 484 1640 367 1133 840 190 940 1958 337 4417 419 4590 737 422 548 4043 872 4395 183 3306 1 2761 197 2058
2040 20 7884 348 1374 548 4043 1 2761 183 3306 337 4417 51 3193 737 422 419 4590 397 2432 726 109 940 1958 872 4395 484 1640 933 4585 840 190 511 2707 197 2058 500 3946 465 3456 367 1133
3040 20 7884 397 2432 337 4417 548 4043 197 2058 500 3946 872 4395 1 2761 183 3306 511 2707 840 190 419 4590 737 422 367 1133 933 4585 940 1958 51 3193 726 109 465 3456 348 1374 484 1640
4040 20 7884 500 3946 348 1374 840 190 367 1133 419 4590 940 1958 337 4417 397 2432 726 109 197 2058 465 3456 484 1640 737 422 872 4395 548 4043 183 3306 933 4585 511 2707 1 2761 51 3193
5040 20 7884 500 3946 1 2761 197 2058 726 109 872 4395 51 3193 940 1958 511 2707 465 3456 183 3306 933 4585 737 422 397 2432 348 1374 419 4590 548 4043 337 4417 484 1640 840 190 367 1133
1041 20 8112 916 4909 211 3590 886 1867 138 2485 407 2762 983 698 733 697 688 1084 801 2175 800 1892 711 1667 132 962 180 2844 624 3153 453 1063 152 3156 323 3375 434 3189 50 1299 518 3075
2041 20 8112 453 1063 211 3590 152 3156 886 1867 733 697 434 3189 983 698 711 1667 688 1084 518 3075 407 2762 132 962 323 3375 800 1892 916 4909 50 1299 801 2175 624 3153 180 2844 138 2485
3041 20 8112 800 1892 434 3189 688 1084 407 2762 132 962 624 3153 50 1299 180 2844 152 3156 138 2485 711 1667 801 2175 886 1867 453 1063 211 3590 983 698 916 4909 733 697 323 3375 518 3075
4041 20 8112 407 2762 733 697 323 3375 453 1063 138 2485 886 1867 983 698 711 1667 152 3156 801 2175 132 962 800 1892 518 3075 180 2844 50 1299 434 3189 688 1084 624 3153 916 4909 211 3590
5041 20 8112 916 4909 983 698 688 1084 800 1892 453 1063 50 1299 801 2175 733 697 434 3189 323 3375 407 2762 152 3156 138 2485 624 3153 180 2844 518 3075 211 3590 886 1867 711 1667 132 962
1042 20 8701 683 1072 685 1517 9 2784 251 2072 979 1872 201 3180 951 4065 618 4397 926 2725 101 4429 650 1145 15 1328 982 2284 386 2800 804 3602 806 282 398 1550 201 1145 569 3021 662 1271
2042 20 8701 806 282 683 1072 201 3180 685 1517 15 1328 386 2800 662 1271 650 1145 982 2284 201 1145 951 4065 569 3021 804 3602 398 1550 101 4429 9 2784 618 4397 926 2725 251 2072 979 1872
3042 20 8701 618 4397 806 282 201 1145 251 2072 398 1550 9 2784 982 2284 662 1271 101 4429 15 1328 979 1872 683 1072 926 2725 951 4065 804 3602 650 1145 201 3180 386 2800 569 3021 685 1517
4042 20 8701 951 4065 650 1145 201 1145 618 4397 201 3180 662 1271 15 1328 386 2800 683 1072 926 2725 806 282 9 2784 804 3602 685 1517 982 2284 569 3021 251 2072 979 1872 398 1550 101 4429
5042 20 8701 386 2800 982 2284 618 4397 926 2725 662 1271 979 1872 685 1517 101 4429 9 2784 201 1145 15 1328 201 3180 683 1072 806 282 398 1550 951 4065 251 2072 569 3021 650 1145 804 3602
1043 20 9172 116 2018 998 2312 473 160 753 1892 584 4120 935 1710 350 2541 500 2905 961 3874 742 1057 865 2032 478 2243 50 2452 20 1842 427 768 941 3724 726 222 621 892 11 1908 914 3719
2043 20 9172 935 1710 753 1892 998 2312 478 2243 500 2905 11 1908 427 768 621 892 941 3724 726 222 20 1842 116 2018 914 3719 742 1057 473 160 350 2541 50 2452 961 3874 865 2032 584 4120
3043 20 9172 753 1892 116 2018 473 160 961 3874 865 2032 998 2312 350 2541 50 2452 726 222 742 1057 914 3719 500 2905 621 892 478 2243 941 3724 11 1908 20 1842 427 768 584 4120 935 1710
4043 20 9172 753 1892 865 2032 116 2018 427 768 11 1908 961 3874 914 3719 50 2452 584 4120 726 222 621 892 20 1842 473 160 941 3724 500 2905 742 1057 478 2243 350 2541 998 2312 935 1710
5043 20 9172 473 160 584 4120 742 1057 621 892 116 2018 50 2452 500 2905 935 1710 350 2541 20 1842 11 1908 961 3874 865 2032 914 3719 726 222 478 2243 998 2312 427 768 753 1892 941 3724
1044 20 10510 538 1261 841 1082 131 1003 898 1970 703 159 400 897 596 3308 760 3080 69 3583 854 411 372 4064 699 3851 907 2812 765 753 385 2346 941 1569 924 2256 978 308 840 2047 537 2446
2044 20 10510 760 3080 385 2346 596 3308 699 3851 841 1082 703 159 978 308 907 2812 537 2446 898 1970 538 1261 372 4064 400 897 941 1569 924 2256 131 1003 854 411 840 2047 69 3583 765 753
3044 20 10510 854 411 537 2446 131 1003 699 3851 69 3583 978 308 907 2812 385 2346 841 1082 400 897 703 159 596 3308 898 1970 765 753 924 2256 941 1569 372 4064 840 2047 760 3080 538 1261
4044 20 10510 765 753 840 2047 538 1261 841 1082 699 3851 385 2346 854 411 596 3308 400 897 131 1003 69 3583 978 308 898 1970 703 159 372 4064 760 3080 941 1569 924 2256 537 2446 907 2812
5044 20 10510 131 1003 907 2812 699 3851 538 1261 898 1970 765 753 400 897 924 2256 385 2346 703 159 841 1082 537 2446 854 411 372 4064 596 3308 941 1569 69 3583 840 2047 978 308 760 3080
1045 20 7640 256 706 828 792 331 2322 939 1067 803 4637 427 4418 763 949 600 3236 49 249 332 4605 601 3036 24 3999 998 3521 367 991 769 4373 403 1835 162 2149 849 2126 44 4311 5 4251
2045 20 7640 763 949 44 4311 803 4637 367 991 998 3521 256 706 769 4373 49 249 939 1067 849 2126 600 3236 332 4605 828 792 403 1835 162 2149 601 3036 5 4251 24 3999 331 2322 427 4418
3045 20 7640 256 706 162 2149 601 3036 763 949 331 2322 998 3521 849 2126 828 792 769 4373 44 4311 403 1835 600 3236 803 4637 49 249 5 4251 939 1067 427 4418 367 991 24 3999 332 4605
4045 20 7640 601 3036 828 792 49 249 5 4251 331 2322 403 1835 427 4418 803 4637 44 4311 769 4373 367 991 332 4605 600 3236 162 2149 763 949 939 1067 849 2126 24 3999 256 706 998 3521
5045 20 7640 49 249 332 4605 828 792 769 4373 162 2149 427 4418 331 2322 256 706 803 4637 849 2126 403 1835 24 3999 44 4311 5 4251 367 991 998 3521 763 949 939 1067 601 3036 600 3236
1046 20 7182 605 3253 653 222 398 4488 272 32 315 2576 340 1448 374 1402 640 2165 447 1979 589 3013 586 4116 259 1395 321 3162 377 3952 341 344 816 46 124 110 475 3983 540 1222 506 3044
2046 20 7182 540 1222 816 46 321 3162 398 4488 653 222 447 1979 377 3952 341 344 475 3983 589 3013 374 1402 506 3044 124 110 315 2576 272 32 605 3253 340 1448 259 1395 640 2165 586 4116
3046 20 7182 341 344 506 3044 447 1979 540 1222 816 46 124 110 340 1448 605 3253 640 2165 321 3162 653 222 589 3013 377 3952 259 1395 475 3983 586 4116 272 32 398 4488 374 1402 315 2576
4046 20 7182 506 3044 259 1395 653 222 377 3952 124 110 340 1448 447 1979 640 2165 816 46 605 3253 475 3983 272 32 374 1402 398 4488 315 2576 540 1222 586 4116 321 3162 589 3013 341 344
5046 20 7182 586 4116 653 222 340 1448 124 110 640 2165 475 3983 816 46 398 4488 589 3013 259 1395 447 1979 374 1402 341 344 377 3952 315 2576 272 32 506 3044 605 3253 321 3162 540 1222
1047 20 9545 789 3561 262 3889 865 2301 619 1687 370 486 554 3074 824 3313 971 2095 62 4817 904 605 747 4126 825 198 387 1338 370 325 325 495 280 2818 906 771 326 2214 701 3630 845 29
2047 20 9545 325 495 825 198 845 29 387 1338 62 4817 326 2214 971 2095 280 2818 904 605 554 3074 906 771 262 3889 824 3313 701 3630 370 325 865 2301 370 486 789 3561 619 1687 747 4126
3047 20 9545 825 198 554 3074 326 2214 280 2818 387 1338 701 3630 789 3561 619 1687 62 4817 370 325 370 486 824 3313 904 605 865 2301 262 3889 325 495 845 29 971 2095 747 4126 906 771
4047 20 9545 904 605 326 2214 370 325 280 2818 701 3630 789 3561 825 198 554 3074 619 1687 971 2095 845 29 325 495 906 771 865 2301 387 1338 370 486 824 3313 747 4126 262 3889 62 4817
5047 20 9545 906 771 701 3630 747 4126 865 2301 824 3313 825 198 387 1338 280 2818 789 3561 62 4817 326 2214 325 495 904 605 619 1687 845 29 554 3074 971 2095 262 3889 370 325 370 486
1048 20 6924 577 1348 843 955 628 795 501 2553 100 4634 991 2179 728 49 741 1600 373 641 194 4196 45 466 558 1078 51 3073 160 2889 150 4941 209 3185 697 4858 652 3800 113 4473 345 3327
2048 20 6924 843 955 697 4858 345 3327 150 4941 209 3185 652 3800 194 4196 741 1600 160 2889 100 4634 501 2553 45 466 577 1348 373 641 728 49 628 795 991 2179 113 4473 558 1078 51 3073
3048 20 6924 652 3800 991 2179 194 4196 51 3073 843 955 345 3327 697 4858 150 4941 558 1078 113 4473 628 795 209 3185 501 2553 100 4634 45 466 728 49 741 1600 160 2889 373 641 577 1348
4048 20 6924 113 4473 100 4634 373 641 991 2179 628 795 843 955 45 466 194 4196 160 2889 741 1600 652 3800 558 1078 51 3073 209 3185 501 2553 728 49 697 4858 577 1348 150 4941 345 3327
5048 20 6924 843 955 345 3327 113 4473 652 3800 373 641 741 1600 51 3073 160 2889 45 466 991 2179 209 3185 697 4858 150 4941 728 49 194 4196 501 2553 100 4634 577 1348 558 1078 628 795
1049 20 6702 625 693 869 2531 522 930 911 2642 662 3826 294 3504 343 2701 894 2985 184 535 302 2785 95 4790 7 2578 915 3160 11 2366 84 404 174 3573 449 891 456 1607 365 3896 216 4219
2049 20 6702 449 891 294 3504 84 404 365 3896 343 2701 915 3160 95 4790 184 535 216 4219 456 1607 662 3826 894 2985 869 2531 11 2366 522 930 302 2785 7 2578 911 2642 625 693 174 3573
3049 20 6702 449 891 343 2701 184 535 456 1607 915 3160 662 3826 894 2985 625 693 911 2642 869 2531 174 3573 294 3504 302 2785 11 2366 7 2578 216 4219 365 3896 95 4790 84 404 522 930
4049 20 6702 343 2701 625 693 184 535 662 3826 456 1607 869 2531 11 2366 302 2785 294 3504 174 3573 365 3896 95 4790 911 2642 915 3160 894 2985 449 891 522 930 216 4219 7 2578 84 404
5049 20 6702 456 1607 302 2785 343 2701 294 3504 662 3826 84 404 625 693 894 2985 7 2578 95 4790 216 4219 184 535 911 2642 174 3573 915 3160 365 3896 449 891 11 2366 522 930 869 2531
1050 20 6248 407 3552 125 4244 182 2370 55 57 713 358 717 2315 433 252 863 2142 651 2750 146 1421 162 2523 407 3316 685 2234 746 4400 218 2667 75 1733 801 2670 167 3482 10 2720 248 292
2050 20 6248 75 1733 651 2750 717 2315 407 3316 218 2667 713 358 433 252 10 2720 125 4244 407 3552 248 292 162 2523 746 4400 801 2670 685 2234 167 3482 182 2370 55 57 146 1421 863 2142
3050 20 6248 55 57 713 358 248 292 746 4400 433 252 863 2142 218 2667 407 3316 717 2315 407 3552 75 1733 801 2670 685 2234 146 1421 167 3482 125 4244 651 2750 162 2523 10 2720 182 2370
4050 20 6248 125 4244 162 2523 717 2315 182 2370 685 2234 713 358 248 292 746 4400 407 3552 167 3482 433 252 863 2142 55 57 10 2720 651 2750 75 1733 801 2670 407 3316 218 2667 146 1421
5050 20 6248 407 3316 407 3552 10 2720 801 2670 863 2142 685 2234 162 2523 182 2370 75 1733 146 1421 55 57 717 2315 167 3482 433 252 713 358 125 4244 746 4400 248 292 218 2667 651 2750
1051 20 8982 959 3237 653 3370 92 3547 866 4045 95 1282 37 4197 359 3810 397 3678 258 3033 962 3688 294 1057 992 1086 199 159 937 597 390 4449 538 368 936 3715 811 1507 647 2931 806 4915
2051 20 8982 962 3688 199 159 359 3810 653 3370 294 1057 397 3678 866 4045 390 4449 258 3033 806 4915 936 3715 37 4197 811 1507 992 1086 538 368 937 597 95 1282 92 3547 647 2931 959 3237
3051 20 8982 937 597 962 3688 538 368 92 3547 95 1282 294 1057 959 3237 258 3033 806 4915 811 1507 199 159 397 3678 866 4045 653 3370 359 3810 647 2931 37 4197 936 3715 992 1086 390 4449
4051 20 8982 390 4449 653 3370 294 1057 397 3678 199 159 538 368 936 3715 959 3237 806 4915 258 3033 647 2931 962 3688 359 3810 95 1282 92 3547 811 1507 992 1086 937 597 866 4045 37 4197
5051 20 8982 538 368 294 1057 866 4045 962 3688 95 1282 37 4197 959 3237 806 4915 258 3033 992 1086 937 597 397 3678 390 4449 936 3715 647 2931 653 3370 359 3810 92 3547 811 1507 199 159
1052 20 7933 336 4218 606 3128 78 4026 345 2032 688 3534 798 1125 71 3354 930 999 700 4764 833 4046 640 1795 563 2368 242 2067 397 1707 556 3663 106 995 489 1161 482 4260 415 4015 642 1463
2052 20 7933 336 4218 606 3128 482 4260 489 1161 688 3534 833 4046 242 2067 563 2368 71 3354 397 1707 798 1125 640 1795 78 4026 415 4015 556 3663 700 4764 930 999 106 995 642 1463 345 2032
3052 20 7933 700 4764 606 3128 489 1161 78 4026 642 1463 482 4260 242 2067 397 1707 345 2032 556 3663 336 4218 71 3354 798 1125 106 995 833 4046 688 3534 415 4015 930 999 640 1795 563 2368
4052 20 7933 640 1795 242 2067 482 4260 563 2368 833 4046 642 1463 798 1125 397 1707 700 4764 345 2032 930 999 71 3354 106 995 415 4015 336 4218 489 1161 606 3128 78 4026 688 3534 556 3663
5052 20 7933 415 4015 700 4764 336 4218 833 4046 606 3128 78 4026 798 1125 345 2032 642 1463 242 2067 640 1795 930 999 397 1707 482 4260 71 3354 563 2368 688 3534 106 995 556 3663 489 1161
1053 20 7685 10 2276 382 2826 361 613 430 2928 564 4306 357 2895 121 2703 174 2309 329 4207 668 3335 3 4664 280 2201 816 2827 824 4216 549 4147 577 1293 768 166 981 4441 662 3338 751 2915
2053 20 7685 577 1293 430 2928 280 2201 174 2309 662 3338 549 4147 668 3335 121 2703 824 4216 382 2826 981 4441 564 4306 10 2276 361 613 768 166 751 2915 357 2895 329 4207 3 4664 816 2827
3053 20 7685 357 2895 329 4207 816 2827 751 2915 824 4216 564 4306 361 613 382 2826 768 166 549 4147 981 4441 280 2201 174 2309 668 3335 121 2703 3 4664 10 2276 662 3338 430 2928 577 1293
4053 20 7685 824 4216 10 2276 430 2928 357 2895 668 3335 768 166 280 2201 382 2826 577 1293 564 4306 662 3338 549 4147 121 2703 981 4441 329 4207 751 2915 361 613 816 2827 174 2309 3 4664
5053 20 7685 361 613 662 3338 668 3335 430 2928 121 2703 564 4306 329 4207 816 2827 3 4664 577 1293 549 4147 981 4441 280 2201 10 2276 768 166 382 2826 357 2895 824 4216 751 2915 174 2309
1054 20 7960 143 2725 676 3486 681 2327 585 2009 840 4071 569 802 724 1368 709 1560 771 4388 880 2797 934 3553 17 5000 10 1009 319 3872 386 4064 743 3355 141 1029 315 2129 149 2519 359 4065
2054 20 7960 676 3486 10 1009 143 2725 880 2797 934 3553 315 2129 681 2327 743 3355 386 4064 141 1029 359 4065 709 1560 585 2009 840 4071 724 1368 569 802 771 4388 149 2519 319 3872 17 5000
3054 20 7960 681 2327 840 4071 709 1560 143 2725 17 5000 934 3553 319 3872 315 2129 149 2519 743 3355 585 2009 141 1029 880 2797 359 4065 569 802 724 1368 771 4388 676 3486 386 4064 10 1009
4054 20 7960 585 2009 149 2519 709 1560 743 3355 17 5000 386 4064 569 802 934 3553 10 1009 681 2327 771 4388 880 2797 724 1368 359 4065 319 3872 141 1029 315 2129 676 3486 143 2725 840 4071
5054 20 7960 585 2009 149 2519 840 4071 315 2129 17 5000 709 1560 771 4388 141 1029 569 802 10 1009 319 3872 724 1368 359 4065 681 2327 386 4064 880 2797 143 2725 676 3486 934 3553 743 3355
1055 20 8004 131 2985 795 589 1 4285 545 2589 620 1951 549 4757 209 3730 350 281 945 2639 37 3379 890 632 288 749 756 2463 558 2575 729 2726 140 883 944 2392 407 438 719 3477 393 3526
2055 20 8004 545 2589 756 2463 719 3477 620 1951 890 632 1 4285 140 883 795 589 393 3526 288 749 549 4757 209 3730 37 3379 945 2639 131 2985 729 2726 350 281 558 2575 944 2392 407 438
3055 20 8004 944 2392 545 2589 719 3477 407 438 37 3379 890 632 558 2575 209 3730 140 883 756 2463 945 2639 549 4757 131 2985 288 749 1 4285 795 589 393 3526 729 2726 620 1951 350 281
4055 20 8004 890 632 545 2589 288 749 37 3379 945 2639 393 3526 407 438 620 1951 1 4285 350 281 140 883 131 2985 729 2726 944 2392 558 2575 549 4757 795 589 719 3477 209 3730 756 2463
5055 20 8004 944 2392 545 2589 756 2463 131 2985 620 1951 140 883 890 632 209 3730 288 749 729 2726 795 589 945 2639 719 3477 549 4757 407 438 1 4285 350 281 393 3526 37 3379 558 2575
1056 20 8173 374 2112 513 4921 848 1932 973 1253 158 3089 126 241 364 1686 332 3117 145 525 296 1231 185 1681 887 465 694 3442 569 95 150 3590 884 313 201 16 864 1244 859 2985 795 1555
2056 20 8173 126 241 201 16 795 1555 145 525 859 2985 364 1686 513 4921 332 3117 569 95 694 3442 884 313 887 465 973 1253 864 1244 158 3089 374 2112 296 1231 848 1932 185 1681 150 3590
3056 20 8173 150 3590 145 525 201 16 158 3089 859 2985 364 1686 887 465 569 95 513 4921 848 1932 296 1231 884 313 126 241 694 3442 795 1555 864 1244 973 1253 374 2112 332 3117 185 1681
4056 20 8173 150 3590 145 525 694 3442 884 313 848 1932 201 16 973 1253 864 1244 296 1231 158 3089 185 1681 126 241 795 1555 513 4921 332 3117 374 2112 364 1686 569 95 859 2985 887 465
5056 20 8173 126 241 973 1253 569 95 884 313 158 3089 150 3590 848 1932 145 525 185 1681 332 3117 513 4921 201 16 296 1231 887 465 795 1555 364 1686 694 3442 864 1244 859 2985 374 2112
1057 20 6588 151 1801 65 1571 667 3348 173 2207 483 1932 445 4761 405 4296 744 879 150 1700 178 3259 478 2525 534 4288 329 1521 877 773 93 559 512 1426 501 1380 334 1 622 1984 495 1799
2057 20 6588 65 1571 93 559 495 1799 178 3259 334 1 667 3348 329 1521 512 1426 622 1984 478 2525 445 4761 405 4296 877 773 744 879 501 1380 173 2207 483 1932 151 1801 150 1700 534 4288
3057 20 6588 495 1799 501 1380 667 3348 512 1426 483 1932 405 4296 65 1571 478 2525 445 4761 534 4288 744 879 173 2207 151 1801 93 559 178 3259 877 773 150 1700 622 1984 334 1 329 1521
4057 20 6588 744 879 173 2207 65 1571 334 1 483 1932 151 1801 877 773 478 2525 178 3259 512 1426 495 1799 667 3348 501 1380 405 4296 534 4288 445 4761 93 559 150 1700 622 1984 329 1521
5057 20 6588 93 559 534 4288 495 1799 329 1521 151 1801 483 1932 478 2525 150 1700 512 1426 405 4296 178 3259 877 773 334 1 445 4761 667 3348 744 879 173 2207 622 1984 501 1380 65 1571
1058 20 7595 853 3548 37 4217 695 2927 220 4979 389 4139 855 1887 447 4052 156 3965 217 1487 918 97 376 3545 364 1400 529 3703 378 8 493 1794 714 2857 543 4869 764 3242 182 4595 364 2844
2058 20 7595 378 8 37 4217 855 1887 389 4139 529 3703 853 3548 493 1794 918 97 376 3545 695 2927 364 1400 182 4595 764 3242 156 3965 714 2857 364 2844 220 4979 447 4052 543 4869 217 1487
3058 20 7595 156 3965 389 4139 378 8 364 2844 493 1794 529 3703 364 1400 543 4869 764 3242 695 2927 220 4979 182 4595 853 3548 918 97 855 1887 217 1487 447 4052 714 2857 376 3545 37 4217
4058 20 7595 364 2844 217 1487 714 2857 447 4052 37 4217 543 4869 156 3965 389 4139 764 3242 853 3548 529 3703 364 1400 182 4595 918 97 855 1887 493 1794 695 2927 378 8 376 3545 220 4979
5058 20 7595 156 3965 389 4139 364 1400 220 4979 543 4869 529 3703 364 2844 764 3242 853 3548 855 1887 918 97 37 4217 378 8 217 1487 714 2857 376 3545 182 4595 447 4052 493 1794 695 2927
1059 20 7506 715 2093 935 4684 251 3755 628 3350 343 609 612 1453 580 4248 472 3370 124 1589 456 2147 414 4514 84 1104 896 2461 996 3110 499 683 176 3232 101 605 497 4439 163 1616 441 4527
2059 20 7506 472 3370 101 605 84 1104 124 1589 580 4248 497 4439 441 4527 176 3232 499 683 896 2461 996 3110 715 2093 251 3755 163 1616 456 2147 612 1453 414 4514 343 609 628 3350 935 4684
3059 20 7506 580 4248 101 605 84 1104 414 4514 163 1616 456 2147 176 3232 124 1589 472 3370 896 2461 715 2093 343 609 628 3350 935 4684 441 4527 499 683 251 3755 996 3110 612 1453 497 4439
4059 20 7506 996 3110 414 4514 163 1616 896 2461 176 3232 124 1589 343 609 472 3370 628 3350 499 683 612 1453 497 4439 251 3755 84 1104 456 2147 715 2093 441 4527 935 4684 580 4248 101 605
5059 20 7506 497 4439 441 4527 343 609 251 3755 996 3110 414 4514 628 3350 84 1104 715 2093 124 1589 935 4684 456 2147 472 3370 612 1453 101 605 896 2461 176 3232 499 683 163 1616 580 4248
1060 20 7525 487 705 461 1189 858 3020 346 1223 655 2389 844 1506 358 1156 308 4469 433 1068 361 4512 205 783 996 4953 741 3496 23 1245 794 2151 518 3865 298 2602 436 4818 70 4104 215 3820
2060 20 7525 794 2151 655 2389 298 2602 461 1189 741 3496 361 4512 436 4818 308 4469 433 1068 844 1506 996 4953 358 1156 70 4104 518 3865 858 3020 487 705 205 783 346 1223 215 3820 23 1245
3060 20 7525 996 4953 433 1068 358 1156 308 4469 23 1245 844 1506 361 4512 70 4104 741 3496 518 3865 461 1189 215 3820 655 2389 205 783 794 2151 487 705 346 1223 858 3020 298 2602 436 4818
4060 20 7525 741 3496 23 1245 487 705 858 3020 655 2389 215 3820 461 1189 518 3865 358 1156 346 1223 844 1506 433 1068 794 2151 70 4104 298 2602 996 4953 308 4469 361 4512 205 783 436 4818
5060 20 7525 361 4512 844 1506 996 4953 23 1245 358 1156 655 2389 205 783 518 3865 215 3820 433 1068 436 4818 741 3496 298 2602 308 4469 858 3020 346 1223 70 4104 794 2151 461 1189 487 705
1061 20 8189 888 364 758 1382 425 1442 923 4914 237 1602 535 196 309 2921 304 3220 304 3250 599 33 982 3686 404 1679 253 4130 246 916 717 1244 905 3187 434 3182 1 443 469 2344 544 4438
2061 20 8189 246 916 425 1442 237 1602 599 33 304 3220 982 3686 888 364 304 3250 758 1382 905 3187 404 1679 1 443 434 3182 923 4914 253 4130 717 1244 535 196 469 2344 544 4438 309 2921
3061 20 8189 237 1602 304 3220 469 2344 304 3250 599 33 923 4914 905 3187 758 1382 717 1244 425 1442 1 443 434 3182 253 4130 535 196 982 3686 544 4438 404 1679 246 916 309 2921 888 364
4061 20 8189 246 916 425 1442 717 1244 535 196 304 3220 544 4438 599 33 434 3182 404 1679 758 1382 469 2344 982 3686 237 1602 888 364 923 4914 309 2921 304 3250 1 443 253 4130 905 3187
5061 20 8189 888 364 304 3220 758 1382 237 1602 544 4438 309 2921 434 3182 304 3250 246 916 535 196 923 4914 253 4130 717 1244 905 3187 469 2344 1 443 599 33 425 1442 404 1679 982 3686
1062 20 6449 354 4445 823 4289 859 812 359 1725 31 4652 690 3842 55 891 160 2149 478 2130 653 1869 262 1980 125 607 30 605 735 3211 350 4728 380 3554 975 3771 395 1155 266 2855 82 3900
2062 20 6449 125 607 31 4652 975 3771 735 3211 859 812 380 3554 478 2130 653 1869 160 2149 30 605 354 4445 262 1980 395 1155 266 2855 82 3900 55 891 350 4728 823 4289 359 1725 690 3842
3062 20 6449 55 891 266 2855 823 4289 975 3771 160 2149 395 1155 350 4728 262 1980 125 607 31 4652 82 3900 690 3842 735 3211 359 1725 354 4445 478 2130 380 3554 30 605 859 812 653 1869
4062 20 6449 82 3900 350 4728 262 1980 690 3842 823 4289 30 605 859 812 395 1155 653 1869 735 3211 266 2855 478 2130 31 4652 55 891 354 4445 359 1725 975 3771 125 607 160 2149 380 3554
5062 20 6449 82 3900 859 812 30 605 350 4728 160 2149 262 1980 354 4445 395 1155 653 1869 359 1725 380 3554 55 891 735 3211 975 3771 823 4289 31 4652 125 607 266 2855 478 2130 690 3842
1063 20 8622 880 2935 42 4787 708 3209 807 1164 445 4984 861 3806 163 906 665 4255 17 383 283 4969 177 1107 665 543 650 1284 980 1148 288 4950 536 3629 522 1155 363 1226 908 1193 818 2112
2063 20 8622 807 1164 650 1284 163 906 980 1148 665 543 908 1193 880 2935 818 2112 445 4984 536 3629 665 4255 283 4969 177 1107 17 383 861 3806 708 3209 42 4787 363 1226 288 4950 522 1155
3063 20 8622 42 4787 908 1193 665 4255 536 3629 283 4969 177 1107 288 4950 807 1164 861 3806 445 4984 522 1155 708 3209 980 1148 665 543 818 2112 17 383 163 906 363 1226 880 2935 650 1284
4063 20 8622 708 3209 288 4950 807 1164 818 2112 861 3806 665 4255 536 3629 42 4787 363 1226 650 1284 17 383 177 1107 980 1148 283 4969 908 1193 665 543 880 2935 445 4984 163 906 522 1155
5063 20 8622 908 1193 283 4969 42 4787 522 1155 288 4950 980 1148 665 4255 650 1284 880 2935 818 2112 861 3806 445 4984 17 383 708 3209 536 3629 163 906 665 543 363 1226 807 1164 177 1107
1064 20 7528 631 2897 11 2843 484 3235 266 2100 742 1956 617 3676 422 3467 268 2430 559 2374 650 1907 659 3863 935 1374 606 580 552 913 772 97 28 4451 561 2569 184 721 330 4523 133 2221
2064 20 7528 268 2430 484 3235 742 1956 772 97 617 3676 631 2897 330 4523 561 2569 659 3863 133 2221 935 1374 11 2843 552 913 266 2100 559 2374 184 721 28 4451 650 1907 606 580 422 3467
3064 20 7528 935 1374 617 3676 772 97 484 3235 606 580 650 1907 133 2221 561 2569 659 3863 184 721 330 4523 266 2100 268 2430 11 2843 552 913 422 3467 559 2374 631 2897 742 1956 28 4451
4064 20 7528 935 1374 484 3235 552 913 266 2100 606 580 11 2843 330 4523 772 97 659 3863 617 3676 631 2897 422 3467 268 2430 28 4451 561 2569 184 721 133 2221 559 2374 650 1907 742 1956
5064 20 7528 606 580 184 721 935 1374 559 2374 422 3467 617 3676 133 2221 742 1956 266 2100 650 1907 659 3863 561 2569 484 3235 631 2897 330 4523 28 4451 772 97 552 913 11 2843 268 2430
1065 20 6642 311 3408 12 2732 224 2353 356 2311 924 4509 389 4773 535 4632 543 1795 475 2881 878 3897 545 1681 675 2533 220 785 183 1442 154 2955 444 4464 122 370 125 2287 597 997 591 3465
2065 20 6642 444 4464 545 1681 535 4632 924 4509 125 2287 12 2732 224 2353 878 3897 597 997 475 2881 675 2533 122 370 311 3408 543 1795 154 2955 183 1442 220 785 356 2311 389 4773 591 3465
3065 20 6642 444 4464 220 785 924 4509 224 2353 597 997 591 3465 475 2881 543 1795 311 3408 122 370 12 2732 675 2533 154 2955 125 2287 389 4773 535 4632 356 2311 183 1442 878 3897 545 1681
4065 20 6642 220 785 356 2311 878 3897 183 1442 125 2287 535 4632 543 1795 224 2353 122 370 675 2533 389 4773 12 2732 591 3465 545 1681 597 997 444 4464 475 2881 311 3408 924 4509 154 2955
5065 20 6642 125 2287 444 4464 389 4773 12 2732 543 1795 675 2533 597 997 535 4632 545 1681 122 370 224 2353 154 2955 311 3408 878 3897 924 4509 591 3465 356 2311 183 1442 220 785 475 2881
1066 20 7888 433 257 34 3377 832 1557 98 2042 231 2510 824 614 838 1126 758 611 847 3423 453 4047 902 743 850 2431 101 1799 423 3090 134 4579 783 3302 435 1068 629 1374 155 1527 100 1663
2066 20 7888 783 3302 832 1557 453 4047 155 1527 433 257 98 2042 231 2510 101 1799 847 3423 34 3377 629 1374 100 1663 758 611 824 614 902 743 850 2431 134 4579 838 1126 435 1068 423 3090
3066 20 7888 629 1374 758 611 838 1126 100 1663 902 743 101 1799 783 3302 433 257 824 614 850 2431 155 1527 832 1557 231 2510 34 3377 134 4579 435 1068 423 3090 453 4047 847 3423 98 2042
4066 20 7888 433 257 155 1527 423 3090 98 2042 629 1374 231 2510 101 1799 453 4047 783 3302 832 1557 134 4579 435 1068 824 614 838 1126 850 2431 758 611 847 3423 100 1663 34 3377 902 743
5066 20 7888 231 2510 838 1126 629 1374 34 3377 435 1068 101 1799 850 2431 847 3423 902 743 824 614 832 1557 100 1663 433 257 453 4047 98 2042 423 3090 155 1527 134 4579 758 611 783 3302
1067 20 9096 729 420 370 3149 70 2151 147 1381 378 475 973 4590 737 820 123 2957 796 3170 817 4713 629 44 186 4670 234 3381 747 3860 685 323 883 147 459 4569 815 4638 802 1907 791 3202
2067 20 9096 70 2151 370 3149 747 3860 802 1907 234 3381 186 4670 796 3170 459 4569 791 3202 973 4590 147 1381 629 44 378 475 815 4638 883 147 123 2957 737 820 817 4713 729 420 685 323
3067 20 9096 378 475 791 3202 815 4638 186 4670 796 3170 817 4713 973 4590 459 4569 747 3860 729 420 802 1907 123 2957 883 147 70 2151 737 820 685 323 370 3149 234 3381 147 1381 629 44
4067 20 9096 973 4590 370 3149 883 147 459 4569 378 475 737 820 186 4670 796 3170 70 2151 234 3381 147 1381 685 323 817 4713 629 44 815 4638 729 420 791 3202 123 2957 802 1907 747 3860
5067 20 9096 147 1381 70 2151 123 2957 378 475 802 1907 629 44 815 4638 459 4569 186 4670 729 420 737 820 370 3149 817 4713 973 4590 796 3170 234 3381 883 147 685 323 791 3202 747 3860
1068 20 7643 155 3541 138 3781 724 3605 615 415 330 1955 176 1325 759 4155 98 4177 675 2968 480 1764 858 496 491 4715 469 4970 990 1870 142 2003 55 4722 449 4117 498 1754 804 4497 648 3828
2068 20 7643 498 1754 469 4970 138 3781 648 3828 480 1764 858 496 675 2968 804 4497 759 4155 330 1955 176 1325 491 4715 724 3605 615 415 449 4117 55 4722 98 4177 155 3541 990 1870 142 2003
3068 20 7643 480 1764 498 1754 491 4715 138 3781 804 4497 449 4117 330 1955 858 496 675 2968 615 415 176 1325 98 4177 759 4155 55 4722 142 2003 469 4970 990 1870 724 3605 648 3828 155 3541
4068 20 7643 155 3541 330 1955 142 2003 724 3605 498 1754 449 4117 176 1325 55 4722 759 4155 469 4970 675 2968 804 4497 648 3828 98 4177 480 1764 858 496 990 1870 491 4715 615 415 138 3781
5068 20 7643 155 3541 615 415 55 4722 176 1325 138 3781 804 4497 648 3828 759 4155 724 3605 675 2968 491 4715 858 496 990 1870 480 1764 142 2003 449 4117 469 4970 98 4177 330 1955 498 1754
1069 20 6773 101 4003 595 1676 11 3779 484 894 483 290 203 4798 353 4535 808 4071 74 654 297 3987 315 493 150 3097 971 2177 961 825 271 2378 624 2044 104 3987 865 1301 295 2124 502 1161
2069 20 6773 101 4003 483 290 971 2177 808 4071 295 2124 353 4535 104 3987 315 493 11 3779 150 3097 203 4798 595 1676 271 2378 502 1161 624 2044 865 1301 484 894 961 825 74 654 297 3987
3069 20 6773 150 3097 203 4798 502 1161 74 654 101 4003 808 4071 483 290 353 4535 971 2177 624 2044 595 1676 104 3987 961 825 865 1301 271 2378 297 3987 11 3779 315 493 295 2124 484 894
4069 20 6773 484 894 295 2124 483 290 150 3097 101 4003 203 4798 271 2378 808 4071 595 1676 104 3987 297 3987 961 825 353 4535 74 654 315 493 624 2044 502 1161 865 1301 971 2177 11 3779
5069 20 6773 74 654 961 825 865 1301 203 4798 104 3987 101 4003 353 4535 150 3097 11 3779 295 2124 315 493 808 4071 483 290 971 2177 502 1161 595 1676 297 3987 624 2044 484 894 271 2378
1070 20 8445 69 4494 636 4984 371 3735 876 442 977 415 66 287 661 2788 103 4126 91 2202 319 3806 956 4072 850 2548 909 4745 866 665 295 4370 187 1332 265 1058 951 4602 995 308 114 223
2070 20 8445 295 4370 956 4072 636 4984 909 4745 319 3806 876 442 866 665 66 287 265 1058 995 308 951 4602 850 2548 114 223 371 3735 187 1332 69 4494 661 2788 91 2202 977 415 103 4126
3070 20 8445 977 415 187 1332 956 4072 295 4370 114 223 636 4984 850 2548 265 1058 66 287 371 3735 876 442 909 4745 866 665 661 2788 91 2202 995 308 319 3806 103 4126 951 4602 69 4494
4070 20 8445 371 3735 636 4984 866 665 951 4602 265 1058 909 4745 91 2202 956 4072 69 4494 319 3806 103 4126 295 4370 977 415 661 2788 66 287 187 1332 114 223 876 442 850 2548 995 308
5070 20 8445 850 2548 66 287 114 223 69 4494 866 665 91 2202 909 4745 661 2788 995 308 951 4602 876 442 265 1058 371 3735 636 4984 319 3806 295 4370 956 4072 977 415 187 1332 103 4126
1071 20 6766 820 1185 583 1872 60 3812 147 2435 695 3335 343 4446 5 3588 521 3179 231 1251 287 2697 863 1687 690 668 255 4451 388 4668 196 2786 352 1639 411 1967 625 3328 646 233 340 530
2071 20 6766 863 1687 690 668 695 3335 820 1185 231 1251 343 4446 340 530 388 4668 411 1967 5 3588 287 2697 625 3328 352 1639 583 1872 196 2786 255 4451 521 3179 60 3812 646 233 147 2435
3071 20 6766 863 1687 343 4446 196 2786 695 3335 583 1872 5 3588 820 1185 521 3179 690 668 255 4451 60 3812 388 4668 352 1639 231 1251 411 1967 147 2435 287 2697 340 530 625 3328 646 233
4071 20 6766 343 4446 255 4451 196 2786 60 3812 147 2435 287 2697 863 1687 388 4668 5 3588 646 233 625 3328 352 1639 231 1251 411 1967 340 530 690 668 583 1872 695 3335 820 1185 521 3179
5071 20 6766 287 2697 255 4451 60 3812 583 1872 521 3179 340 530 690 668 352 1639 820 1185 695 3335 411 1967 388 4668 625 3328 343 4446 863 1687 147 2435 196 2786 5 3588 646 233 231 1251
1072 20 9027 316 677 719 3346 300 1385 409 2682 791 4763 422 4893 155 1895 348 2878 199 2560 768 2120 969 4801 971 3005 234 1401 742 35 801 250 55 1396 657 4428 743 2503 853 4166 832 3513
2072 20 9027 300 1385 409 2682 155 1895 55 1396 791 4763 832 3513 422 4893 719 3346 768 2120 742 35 234 1401 348 2878 853 4166 743 2503 801 250 199 2560 969 4801 316 677 657 4428 971 3005
3072 20 9027 300 1385 768 2120 348 2878 791 4763 316 677 199 2560 853 4166 969 4801 234 1401 657 4428 743 2503 971 3005 155 1895 719 3346 801 250 742 35 422 4893 832 3513 55 1396 409 2682
4072 20 9027 55 1396 155 1895 719 3346 234 1401 768 2120 791 4763 971 3005 801 250 742 35 743 2503 832 3513 199 2560 316 677 348 2878 422 4893 657 4428 409 2682 969 4801 300 1385 853 4166
5072 20 9027 719 3346 743 2503 791 4763 155 1895 348 2878 657 4428 409 2682 742 35 199 2560 969 4801 853 4166 832 3513 55 1396 801 250 234 1401 300 1385 422 4893 316 677 971 3005 768 2120
1073 20 9064 592 3352 366 87 508 4529 582 730 950 3349 976 519 451 2424 394 1209 453 192 873 3239 770 4713 979 4702 550 2979 856 2501 774 4821 76 3289 281 3184 536 3852 289 809 74 677
2073 20 9064 770 4713 774 4821 74 677 950 3349 536 3852 550 2979 979 4702 281 3184 76 3289 592 3352 289 809 508 4529 976 519 451 2424 873 3239 582 730 366 87 856 2501 394 1209 453 192
3073 20 9064 281 3184 74 677 536 3852 582 730 770 4713 453 192 550 2979 774 4821 451 2424 856 2501 592 3352 289 809 979 4702 873 3239 76 3289 394 1209 508 4529 366 87 950 3349 976 519
4073 20 9064 394 1209 979 4702 550 2979 770 4713 508 4529 366 87 873 3239 856 2501 536 3852 592 3352 774 4821 451 2424 950 3349 453 192 289 809 582 730 76 3289 281 3184 976 519 74 677
5073 20 9064 770 4713 289 809 74 677 76 3289 873 3239 536 3852 592 3352 582 730 950 3349 774 4821 976 519 550 2979 366 87 451 2424 508 4529 394 1209 453 192 281 3184 856 2501 979 4702
1074 20 7486 234 1174 6 2023 790 1044 186 1203 597 4821 863 3206 275 742 694 4281 711 788 393 155 210 1687 116 2733 502 1210 786 4049 284 1049 486 652 962 2350 70 197 216 4068 977 3768
2074 20 7486 790 1044 186 1203 502 1210 597 4821 116 2733 284 1049 863 3206 216 4068 275 742 70 197 486 652 786 4049 962 2350 393 155 210 1687 234 1174 977 3768 6 2023 694 4281 711 788
3074 20 7486 977 3768 6 2023 284 1049 786 4049 790 1044 393 155 694 4281 70 197 863 3206 210 1687 962 2350 711 788 186 1203 116 2733 486 652 216 4068 597 4821 234 1174 502 1210 275 742
4074 20 7486 786 4049 711 788 284 1049 962 2350 186 1203 70 197 863 3206 275 742 977 3768 486 652 216 4068 502 1210 210 1687 393 155 790 1044 597 4821 116 2733 694 4281 234 1174 6 2023
5074 20 7486 284 1049 962 2350 786 4049 210 1687 186 1203 790 1044 502 1210 234 1174 977 3768 216 4068 6 2023 393 155 863 3206 70 197 486 652 275 742 694 4281 597 4821 116 2733 711 788
1075 20 6616 935 2098 706 4515 775 3939 134 4702 188 3540 155 670 616 3994 520 4662 178 1906 14 2698 628 4562 487 636 453 4378 213 1478 39 2980 96 4447 403 721 824 1474 539 2681 368 3100
2075 20 6616 96 4447 188 3540 935 2098 616 3994 178 1906 706 4515 824 1474 368 3100 39 2980 134 4702 14 2698 403 721 453 4378 155 670 628 4562 775 3939 487 636 520 4662 539 2681 213 1478
3075 20 6616 178 1906 539 2681 155 670 96 4447 134 4702 14 2698 188 3540 453 4378 628 4562 706 4515 39 2980 403 721 824 1474 935 2098 487 636 368 3100 775 3939 520 4662 213 1478 616 3994
4075 20 6616 178 1906 213 1478 487 636 155 670 628 4562 616 3994 539 2681 188 3540 368 3100 39 2980 14 2698 453 4378 775 3939 824 1474 520 4662 96 4447 403 721 935 2098 706 4515 134 4702
5075 20 6616 213 1478 520 4662 453 4378 368 3100 39 2980 134 4702 539 2681 487 636 775 3939 96 4447 403 721 935 2098 616 3994 155 670 628 4562 824 1474 14 2698 188 3540 706 4515 178 1906
1076 20 8564 617 1433 460 4044 723 4647 394 904 67 1744 996 3368 620 616 889 480 564 4520 606 2888 628 4038 328 3536 156 4732 363 3461 133 2841 698 925 648 3491 759 2399 567 2960 489 4523
2076 20 8564 996 3368 617 1433 620 616 460 4044 363 3461 889 480 394 904 723 4647 564 4520 489 4523 759 2399 698 925 156 4732 606 2888 133 2841 67 1744 628 4038 328 3536 567 2960 648 3491
3076 20 8564 363 3461 133 2841 606 2888 67 1744 394 904 996 3368 648 3491 489 4523 723 4647 564 4520 759 2399 567 2960 620 616 698 925 889 480 328 3536 460 4044 617 1433 156 4732 628 4038
4076 20 8564 328 3536 156 4732 620 616 698 925 889 480 394 904 617 1433 67 1744 460 4044 363 3461 564 4520 606 2888 996 3368 489 4523 759 2399 567 2960 133 2841 723 4647 628 4038 648 3491
5076 20 8564 723 4647 628 4038 363 3461 996 3368 889 480 67 1744 394 904 759 2399 606 2888 648 3491 460 4044 489 4523 567 2960 620 616 133 2841 156 4732 617 1433 698 925 564 4520 328 3536
1077 20 10583 506 1732 701 1231 432 73 691 619 903 2722 443 4456 360 2841 512 4071 527 112 418 398 779 2042 785 3064 909 2039 797 655 717 4767 810 2825 884 3183 906 1037 629 2232 520 2824
2077 20 10583 906 1037 903 2722 432 73 629 2232 810 2825 779 2042 418 398 506 1732 701 1231 443 4456 360 2841 909 2039 520 2824 785 3064 691 619 527 112 512 4071 884 3183 797 655 717 4767
3077 20 10583 810 2825 906 1037 691 619 443 4456 512 4071 717 4767 779 2042 909 2039 520 2824 785 3064 527 112 506 1732 903 2722 701 1231 797 655 418 398 432 73 360 2841 884 3183 629 2232
4077 20 10583 797 655 909 2039 520 2824 443 4456 629 2232 717 4767 785 3064 903 2722 906 1037 691 619 506 1732 360 2841 418 398 512 4071 779 2042 527 112 432 73 810 2825 884 3183 701 1231
5077 20 10583 903 2722 909 2039 906 1037 797 655 785 3064 512 4071 418 398 701 1231 717 4767 443 4456 520 2824 779 2042 884 3183 691 619 506 1732 527 112 360 2841 810 2825 432 73 629 2232
1078 20 5270 147 1914 524 1493 969 2414 337 3905 360 3550 505 4043 3 2782 279 2749 663 821 769 4844 226 215 41 4659 207 2206 431 3927 382 4691 118 3674 101 3477 299 818 148 3800 79 3231
2078 20 5270 524 1493 101 3477 431 3927 79 3231 663 821 769 4844 207 2206 148 3800 147 1914 382 4691 226 215 41 4659 3 2782 118 3674 279 2749 299 818 505 4043 969 2414 337 3905 360 3550
3078 20 5270 118 3674 226 215 663 821 431 3927 769 4844 147 1914 41 4659 299 818 337 3905 524 1493 79 3231 207 2206 101 3477 382 4691 148 3800 505 4043 3 2782 969 2414 360 3550 279 2749
4078 20 5270 360 3550 41 4659 207 2206 279 2749 3 2782 969 2414 299 818 337 3905 524 1493 663 821 147 1914 505 4043 769 4844 382 4691 101 3477 226 215 431 3927 79 3231 118 3674 148 3800
5078 20 5270 769 4844 147 1914 382 4691 226 215 118 3674 505 4043 279 2749 3 2782 360 3550 969 2414 431 3927 524 1493 337 3905 79 3231 207 2206 148 3800 101 3477 41 4659 663 821 299 818
1079 20 7287 116 983 310 2286 558 1355 700 2149 260 2326 402 487 611 2118 400 1151 387 1164 615 3900 601 3262 311 4405 134 2292 563 2385 459 2788 884 3628 401 4077 14 1992 824 763 559 2725
2079 20 7287 134 2292 615 3900 559 2725 401 4077 558 1355 311 4405 611 2118 402 487 700 2149 601 3262 563 2385 459 2788 260 2326 387 1164 14 1992 116 983 310 2286 824 763 400 1151 884 3628
3079 20 7287 700 2149 14 1992 615 3900 311 4405 400 1151 387 1164 611 2118 310 2286 134 2292 459 2788 824 763 559 2725 402 487 563 2385 401 4077 558 1355 601 3262 884 3628 116 983 260 2326
4079 20 7287 14 1992 824 763 601 3262 400 1151 459 2788 611 2118 559 2725 700 2149 563 2385 311 4405 387 1164 401 4077 615 3900 260 2326 884 3628 310 2286 134 2292 116 983 402 487 558 1355
5079 20 7287 387 1164 558 1355 459 2788 611 2118 401 4077 615 3900 601 3262 311 4405 400 1151 563 2385 884 3628 310 2286 559 2725 14 1992 116 983 700 2149 134 2292 260 2326 402 487 824 763
1080 20 7628 874 1287 906 2005 648 951 768 3612 160 561 24 415 802 2303 960 2254 140 4752 284 1506 324 1582 902 4328 401 475 353 4774 676 2846 128 3950 519 3452 80 411 585 333 1 3110
2080 20 7628 324 1582 401 475 1 3110 648 951 128 3950 802 2303 284 1506 160 561 353 4774 80 411 906 2005 768 3612 960 2254 140 4752 676 2846 874 1287 519 3452 24 415 585 333 902 4328
3080 20 7628 585 333 802 2303 906 2005 324 1582 24 415 1 3110 128 3950 960 2254 353 4774 401 475 80 411 140 4752 519 3452 874 1287 160 561 648 951 676 2846 902 4328 284 1506 768 3612
4080 20 7628 960 2254 128 3950 401 475 648 951 676 2846 519 3452 906 2005 284 1506 768 3612 1 3110 902 4328 160 561 802 2303 324 1582 353 4774 585 333 24 415 80 411 140 4752 874 1287
5080 20 7628 960 2254 648 951 906 2005 802 2303 676 2846 1 3110 401 475 324 1582 768 3612 80 411 160 561 585 333 284 1506 874 1287 353 4774 519 3452 128 3950 24 415 902 4328 140 4752
1081 20 8128 747 859 958 1426 730 1082 656 1256 69 1975 663 3421 788 3198 342 2449 801 2371 32 2297 409 3220 328 2121 681 3551 245 1387 473 3172 471 1591 486 1913 231 1384 697 4359 353 4779
2081 20 8128 663 3421 342 2449 353 4779 730 1082 747 859 473 3172 471 1591 681 3551 697 4359 69 1975 958 1426 409 3220 328 2121 486 1913 801 2371 231 1384 656 1256 245 1387 32 2297 788 3198
3081 20 8128 231 1384 747 859 409 3220 681 3551 328 2121 245 1387 471 1591 958 1426 788 3198 656 1256 32 2297 801 2371 353 4779 730 1082 342 2449 697 4359 486 1913 473 3172 69 1975 663 3421
4081 20 8128 471 1591 328 2121 788 3198 656 1256 730 1082 409 3220 486 1913 245 1387 697 4359 801 2371 353 4779 958 1426 69 1975 32 2297 663 3421 342 2449 473 3172 747 859 681 3551 231 1384
5081 20 8128 409 3220 353 4779 958 1426 69 1975 473 3172 486 1913 747 859 245 1387 788 3198 32 2297 663 3421 231 1384 656 1256 471 1591 681 3551 328 2121 801 2371 342 2449 730 1082 697 4359
1082 20 8680 669 3047 231 4748 795 3999 663 643 368 596 144 2342 694 1238 728 2660 974 4327 911 1551 991 3473 738 3180 760 615 3 2997 285 3865 786 2525 309 3074 41 4195 571 4521 190 4892
2082 20 8680 231 4748 368 596 41 4195 991 3473 309 3074 3 2997 669 3047 663 643 285 3865 974 4327 144 2342 786 2525 738 3180 190 4892 795 3999 760 615 728 2660 694 1238 571 4521 911 1551
3082 20 8680 728 2660 368 596 285 3865 795 3999 3 2997 738 3180 974 4327 144 2342 190 4892 669 3047 571 4521 911 1551 309 3074 694 1238 760 615 786 2525 991 3473 663 643 231 4748 41 4195
4082 20 8680 41 4195 795 3999 694 1238 760 615 738 3180 144 2342 571 4521 974 4327 3 2997 309 3074 663 643 786 2525 285 3865 669 3047 991 3473 231 4748 368 596 911 1551 728 2660 190 4892
5082 20 8680 786 2525 368 596 795 3999 144 2342 738 3180 669 3047 285 3865 571 4521 728 2660 190 4892 760 615 41 4195 911 1551 694 1238 309 3074 974 4327 663 643 991 3473 3 2997 231 4748
1083 20 6429 239 4925 44 3736 142 3976 113 882 494 898 359 4141 792 430 238 1743 789 2052 114 1313 760 3650 274 292 1000 404 658 3345 224 2295 43 1531 3 624 367 561 777 38 607 4778
2083 20 6429 494 898 359 4141 760 3650 658 3345 367 561 113 882 789 2052 44 3736 3 624 114 1313 777 38 239 4925 224 2295 238 1743 1000 404 142 3976 792 430 607 4778 43 1531 274 292
3083 20 6429 367 561 789 2052 658 3345 494 898 1000 404 114 1313 607 4778 44 3736 3 624 238 1743 113 882 142 3976 359 4141 760 3650 43 1531 777 38 239 4925 224 2295 274 292 792 430
4083 20 6429 789 2052 3 624 658 3345 274 292 142 3976 43 1531 239 4925 1000 404 113 882 760 3650 494 898 777 38 224 2295 44 3736 607 4778 114 1313 359 4141 792 430 238 1743 367 561
5083 20 6429 113 882 359 4141 3 624 760 3650 658 3345 114 1313 224 2295 274 292 792 430 142 3976 789 2052 44 3736 607 4778 1000 404 238 1743 494 898 43 1531 367 561 777 38 239 4925
1084 20 8471 434 3324 578 1413 766 4817 710 1539 678 4110 319 1085 485 2124 748 778 259 181 810 3895 805 4639 1000 246 698 3039 48 608 397 4324 604 4693 593 1190 63 3917 288 3981 306 2888
2084 20 8471 805 4639 766 4817 698 3039 604 4693 1000 246 48 608 710 1539 748 778 578 1413 397 4324 288 3981 434 3324 259 181 306 2888 593 1190 485 2124 678 4110 63 3917 319 1085 810 3895
3084 20 8471 397 4324 259 181 485 2124 1000 246 748 778 288 3981 710 1539 678 4110 578 1413 48 608 810 3895 319 1085 63 3917 805 4639 698 3039 604 4693 434 3324 766 4817 306 2888 593 1190
4084 20 8471 748 778 578 1413 63 3917 805 4639 485 2124 319 1085 259 181 288 3981 48 608 678 4110 810 3895 604 4693 698 3039 397 4324 1000 246 434 3324 593 1190 766 4817 306 2888 710 1539
5084 20 8471 698 3039 485 2124 805 4639 710 1539 748 778 604 4693 63 3917 678 4110 397 4324 48 608 1000 246 578 1413 306 2888 434 3324 766 4817 288 3981 593 1190 810 3895 319 1085 259 181
1085 20 8236 270 1240 517 2750 694 442 858 3642 503 219 33 2851 660 4770 439 4873 162 1021 204 816 778 1576 915 3823 278 1593 251 2750 193 250 952 4979 754 2000 650 3449 859 4577 325 1919
2085 20 8236 517 2750 278 1593 915 3823 270 1240 162 1021 251 2750 859 4577 952 4979 503 219 193 250 650 3449 858 3642 439 4873 33 2851 754 2000 660 4770 325 1919 694 442 778 1576 204 816
3085 20 8236 517 2750 660 4770 162 1021 650 3449 439 4873 694 442 952 4979 193 250 503 219 858 3642 915 3823 754 2000 278 1593 270 1240 778 1576 859 4577 251 2750 204 816 325 1919 33 2851
4085 20 8236 162 1021 33 2851 193 250 952 4979 915 3823 270 1240 754 2000 204 816 325 1919 650 3449 251 2750 778 1576 694 442 517 2750 439 4873 278 1593 858 3642 859 4577 660 4770 503 219
5085 20 8236 193 250 204 816 503 219 270 1240 660 4770 915 3823 517 2750 859 4577 754 2000 858 3642 325 1919 33 2851 650 3449 694 442 952 4979 439 4873 251 2750 778 1576 278 1593 162 1021
1086 20 9179 370 3067 445 3566 779 2028 699 4866 757 3628 984 465 567 1536 336 878 289 4099 765 1713 191 3108 197 48 901 4509 824 2238 80 1017 525 4007 757 3798 929 1177 565 3640 514 1755
2086 20 9179 699 4866 197 48 565 3640 191 3108 779 2028 929 1177 567 1536 445 3566 80 1017 370 3067 824 2238 757 3628 336 878 765 1713 901 4509 984 465 289 4099 514 1755 525 4007 757 3798
3086 20 9179 765 1713 445 3566 824 2238 191 3108 370 3067 901 4509 567 1536 289 4099 80 1017 757 3798 514 1755 197 48 779 2028 699 4866 757 3628 525 4007 984 465 336 878 565 3640 929 1177
4086 20 9179 984 465 757 3798 824 2238 525 4007 370 3067 197 48 336 878 901 4509 191 3108 779 2028 514 1755 80 1017 567 1536 565 3640 929 1177 765 1713 699 4866 289 4099 445 3566 757 3628
5086 20 9179 699 4866 514 1755 779 2028 929 1177 565 3640 370 3067 445 3566 80 1017 765 1713 824 2238 901 4509 567 1536 289 4099 984 465 757 3798 197 48 336 878 757 3628 191 3108 525 4007
1087 20 9287 110 729 522 4074 713 4365 673 1644 919 3901 203 4199 680 549 584 4397 635 4557 325 422 982 4600 798 284 281 4830 103 2273 857 374 159 4463 676 1071 957 3171 967 3479 465 4039
2087 20 9287 110 729 159 4463 281 4830 857 374 584 4397 676 1071 957 3171 713 4365 673 1644 919 3901 103 2273 522 4074 635 4557 982 4600 680 549 465 4039 325 422 967 3479 203 4199 798 284
3087 20 9287 919 3901 857 374 673 1644 584 4397 325 422 676 1071 635 4557 967 3479 110 729 465 4039 522 4074 680 549 982 4600 281 4830 203 4199 713 4365 798 284 159 4463 103 2273 957 3171
4087 20 9287 982 4600 203 4199 325 422 713 4365 103 2273 281 4830 919 3901 680 549 635 4557 798 284 522 4074 110 729 584 4397 465 4039 967 3479 159 4463 957 3171 676 1071 857 374 673 1644
5087 20 9287 713 4365 857 374 635 4557 103 2273 522 4074 325 422 584 4397 673 1644 676 1071 680 549 798 284 957 3171 967 3479 159 4463 982 4600 110 729 465 4039 203 4199 919 3901 281 4830
1088 20 8890 578 3652 571 4326 59 3828 763 2780 736 773 83 3288 529 4083 537 2522 291 1883 702 2985 109 2549 431 530 535 883 937 2164 498 4363 507 4333 861 3591 804 2273 638 3212 944 2941
2088 20 8890 431 530 702 2985 736 773 571 4326 937 2164 507 4333 83 3288 529 4083 578 3652 804 2273 944 2941 763 2780 638 3212 861 3591 291 1883 537 2522 59 3828 535 883 498 4363 109 2549
3088 20 8890 59 3828 702 2985 83 3288 291 1883 529 4083 571 4326 535 883 498 4363 507 4333 431 530 537 2522 638 3212 578 3652 804 2273 937 2164 861 3591 763 2780 944 2941 736 773 109 2549
4088 20 8890 291 1883 578 3652 702 2985 431 530 638 3212 535 883 763 2780 529 4083 571 4326 59 3828 937 2164 109 2549 498 4363 804 2273 944 2941 83 3288 736 773 507 4333 537 2522 861 3591
5088 20 8890 507 4333 109 2549 537 2522 937 2164 571 4326 59 3828 498 4363 702 2985 578 3652 638 3212 763 2780 529 4083 804 2273 535 883 944 2941 861 3591 291 1883 736 773 83 3288 431 530
1089 20 6819 256 233 899 2940 626 3687 677 238 456 2105 720 4258 4 3415 910 4751 827 411 168 29 767 843 158 4189 370 519 31 4155 199 1290 462 2098 26 3734 247 2543 644 1386 77 2669
2089 20 6819 827 411 256 233 899 2940 644 1386 26 3734 4 3415 31 4155 720 4258 626 3687 77 2669 910 4751 158 4189 767 843 677 238 462 2098 370 519 199 1290 168 29 456 2105 247 2543
3089 20 6819 456 2105 677 238 827 411 199 1290 256 233 247 2543 720 4258 168 29 370 519 626 3687 77 2669 26 3734 644 1386 899 2940 462 2098 910 4751 31 4155 767 843 4 3415 158 4189
4089 20 6819 462 2098 256 233 199 1290 26 3734 626 3687 456 2105 247 2543 899 2940 31 4155 158 4189 910 4751 827 411 720 4258 677 238 168 29 77 2669 4 3415 644 1386 370 519 767 843
5089 20 6819 199 1290 4 3415 370 519 720 4258 256 233 247 2543 31 4155 158 4189 910 4751 767 843 644 1386 456 2105 626 3687 677 238 899 2940 26 3734 462 2098 168 29 827 411 77 2669
1090 20 7198 667 1601 239 2526 805 3089 752 3120 239 800 960 1197 112 4144 948 465 166 1580 706 1081 913 1303 203 2373 473 915 53 267 68 2422 403 1873 544 3225 137 2173 256 2069 354 1001
2090 20 7198 544 3225 752 3120 256 2069 403 1873 960 1197 667 1601 137 2173 166 1580 203 2373 354 1001 112 4144 948 465 706 1081 53 267 805 3089 913 1303 68 2422 239 800 473 915 239 2526
3090 20 7198 544 3225 53 267 239 2526 166 1580 948 465 752 3120 354 1001 706 1081 913 1303 137 2173 112 4144 256 2069 473 915 805 3089 403 1873 960 1197 68 2422 667 1601 203 2373 239 800
4090 20 7198 166 1580 239 2526 68 2422 256 2069 913 1303 706 1081 403 1873 752 3120 112 4144 544 3225 667 1601 354 1001 960 1197 53 267 473 915 137 2173 239 800 948 465 805 3089 203 2373
5090 20 7198 256 2069 473 915 805 3089 68 2422 354 1001 53 267 706 1081 112 4144 203 2373 239 800 667 1601 913 1303 544 3225 752 3120 166 1580 239 2526 960 1197 403 1873 137 2173 948 465
1091 20 8878 330 295 107 4068 299 4494 292 737 605 4233 895 4379 534 422 937 3474 211 676 802 2309 297 1895 948 3012 600 3307 859 766 365 3993 901 3554 230 3158 154 3939 826 3561 906 4139
2091 20 8878 534 422 937 3474 948 3012 859 766 292 737 895 4379 299 4494 107 4068 154 3939 365 3993 297 1895 600 3307 802 2309 826 3561 330 295 906 4139 211 676 901 3554 230 3158 605 4233
3091 20 8878 292 737 605 4233 297 1895 330 295 901 3554 299 4494 906 4139 895 4379 534 422 600 3307 107 4068 948 3012 802 2309 826 3561 859 766 211 676 937 3474 154 3939 230 3158 365 3993
4091 20 8878 859 766 826 3561 937 3474 154 3939 365 3993 230 3158 330 295 895 4379 534 422 299 4494 297 1895 948 3012 107 4068 292 737 605 4233 906 4139 802 2309 901 3554 211 676 600 3307
5091 20 8878 211 676 292 737 948 3012 895 4379 802 2309 859 766 901 3554 297 1895 154 3939 365 3993 330 295 600 3307 906 4139 937 3474 605 4233 230 3158 107 4068 299 4494 826 3561 534 422
1092 20 8690 441 4415 566 3750 842 730 151 3991 869 2291 442 2123 595 2357 192 2850 673 3740 288 3491 204 4806 139 1103 410 929 610 4638 483 3925 848 3664 942 2035 653 2154 545 1965 970 400
2092 20 8690 610 4638 842 730 441 4415 545 1965 566 3750 869 2291 673 3740 970 400 848 3664 653 2154 204 4806 192 2850 442 2123 595 2357 139 1103 483 3925 151 3991 288 3491 942 2035 410 929
3092 20 8690 653 2154 842 730 610 4638 869 2291 673 3740 545 1965 970 400 192 2850 151 3991 848 3664 942 2035 442 2123 595 2357 139 1103 441 4415 483 3925 410 929 566 3750 288 3491 204 4806
4092 20 8690 970 400 192 2850 869 2291 942 2035 288 3491 848 3664 483 3925 595 2357 204 4806 441 4415 653 2154 610 4638 566 3750 151 3991 673 3740 410 929 842 730 139 1103 545 1965 442 2123
5092 20 8690 673 3740 442 2123 942 2035 595 2357 192 2850 483 3925 410 929 848 3664 288 3491 151 3991 610 4638 204 4806 970 400 653 2154 842 730 545 1965 869 2291 441 4415 139 1103 566 3750
1093 20 9347 324 3073 771 4047 706 4870 273 1944 378 3593 846 1172 872 4646 939 1992 743 4861 9 19 200 2549 189 3334 377 4980 871 2154 632 3106 884 1368 949 4807 148 1970 909 1284 664 322
2093 20 9347 377 4980 200 2549 872 4646 743 4861 871 2154 771 4047 846 1172 324 3073 189 3334 148 1970 909 1284 378 3593 884 1368 949 4807 9 19 939 1992 664 322 632 3106 273 1944 706 4870
3093 20 9347 324 3073 771 4047 378 3593 200 2549 148 1970 377 4980 846 1172 273 1944 9 19 872 4646 871 2154 909 1284 884 1368 949 4807 743 4861 706 4870 664 322 189 3334 632 3106 939 1992
4093 20 9347 771 4047 148 1970 939 1992 846 1172 664 322 9 19 743 4861 909 1284 949 4807 378 3593 872 4646 200 2549 273 1944 884 1368 632 3106 324 3073 189 3334 871 2154 377 4980 706 4870
5093 20 9347 273 1944 949 4807 324 3073 884 1368 872 4646 909 1284 377 4980 9 19 664 322 846 1172 632 3106 200 2549 148 1970 706 4870 189 3334 743 4861 378 3593 939 1992 871 2154 771 4047
1094 20 8839 846 1177 662 4890 714 114 151 3052 186 4001 570 579 561 3994 533 4491 731 3741 517 3498 915 4896 798 45 882 100 272 4043 941 4498 220 4762 803 3260 63 3065 237 1859 447 2274
2094 20 8839 803 3260 731 3741 237 1859 517 3498 151 3052 882 100 846 1177 570 579 561 3994 662 4890 220 4762 714 114 186 4001 798 45 533 4491 941 4498 447 2274 272 4043 63 3065 915 4896
3094 20 8839 272 4043 846 1177 731 3741 517 3498 941 4498 882 100 533 4491 798 45 63 3065 662 4890 714 114 186 4001 447 2274 803 3260 237 1859 570 579 561 3994 151 3052 915 4896 220 4762
4094 20 8839 915 4896 272 4043 731 3741 186 4001 447 2274 63 3065 714 114 533 4491 570 579 662 4890 151 3052 517 3498 882 100 798 45 803 3260 237 1859 846 1177 220 4762 941 4498 561 3994
5094 20 8839 798 45 63 3065 846 1177 447 2274 561 3994 533 4491 941 4498 882 100 272 4043 731 3741 237 1859 151 3052 662 4890 570 579 220 4762 803 3260 186 4001 517 3498 915 4896 714 114
1095 20 8319 86 1608 941 1355 303 256 471 2996 445 3175 799 2555 608 1639 587 2986 47 780 264 678 747 2319 621 3527 318 919 870 4668 225 897 286 4570 769 367 511 3443 836 2439 665 241
2095 20 8319 836 2439 471 2996 587 2986 769 367 621 3527 318 919 608 1639 286 4570 225 897 941 1355 445 3175 264 678 870 4668 747 2319 303 256 86 1608 799 2555 511 3443 665 241 47 780
3095 20 8319 587 2986 445 3175 511 3443 318 919 870 4668 769 367 941 1355 799 2555 747 2319 471 2996 303 256 225 897 665 241 608 1639 86 1608 836 2439 47 780 621 3527 286 4570 264 678
4095 20 8319 665 241 303 256 47 780 608 1639 318 919 264 678 471 2996 511 3443 799 2555 86 1608 870 4668 621 3527 769 367 587 2986 747 2319 286 4570 836 2439 225 897 941 1355 445 3175
5095 20 8319 621 3527 870 4668 86 1608 286 4570 303 256 608 1639 264 678 511 3443 836 2439 747 2319 318 919 799 2555 445 3175 941 1355 47 780 471 2996 225 897 769 367 587 2986 665 241
1096 20 8101 282 3917 805 4071 531 2058 772 1098 781 4663 669 2103 271 4468 966 2117 757 2284 578 4984 493 2937 838 2975 233 493 817 1842 229 836 303 1726 34 1315 18 4387 434 4987 316 789
2096 20 8101 316 789 669 2103 531 2058 757 2284 966 2117 434 4987 772 1098 18 4387 282 3917 805 4071 817 1842 271 4468 781 4663 34 1315 229 836 303 1726 493 2937 578 4984 838 2975 233 493
3096 20 8101 316 789 781 4663 303 1726 838 2975 229 836 805 4071 233 493 966 2117 493 2937 271 4468 757 2284 772 1098 282 3917 34 1315 817 1842 531 2058 578 4984 669 2103 18 4387 434 4987
4096 20 8101 34 1315 316 789 772 1098 303 1726 966 2117 282 3917 805 4071 229 836 669 2103 271 4468 578 4984 434 4987 18 4387 531 2058 493 2937 781 4663 817 1842 838 2975 757 2284 233 493
5096 20 8101 757 2284 229 836 781 4663 493 2937 772 1098 271 4468 18 4387 805 4071 34 1315 531 2058 233 493 316 789 838 2975 669 2103 282 3917 817 1842 303 1726 966 2117 578 4984 434 4987
1097 20 7788 700 3902 273 3856 889 2018 712 1796 881 2670 262 1389 477 4592 85 2626 929 3030 377 4519 354 618 702 387 103 3830 88 3050 796 908 559 3418 46 2990 251 4510 518 3732 734 860
2097 20 7788 88 3050 929 3030 103 3830 85 2626 518 3732 881 2670 734 860 889 2018 46 2990 354 618 262 1389 700 3902 796 908 377 4519 477 4592 702 387 559 3418 712 1796 273 3856 251 4510
3097 20 7788 377 4519 559 3418 796 908 354 618 889 2018 712 1796 929 3030 273 3856 477 4592 103 3830 700 3902 702 387 734 860 518 3732 85 2626 46 2990 88 3050 881 2670 262 1389 251 4510
4097 20 7788 700 3902 796 908 734 860 251 4510 85 2626 712 1796 377 4519 273 3856 88 3050 477 4592 889 2018 103 3830 354 618 881 2670 262 1389 46 2990 518 3732 702 387 559 3418 929 3030
5097 20 7788 88 3050 700 3902 734 860 702 387 46 2990 262 1389 103 3830 85 2626 796 908 712 1796 377 4519 354 618 881 2670 889 2018 251 4510 477 4592 559 3418 273 3856 518 3732 929 3030
1098 20 6336 77 2379 78 3164 106 3172 101 3064 60 4305 342 3419 544 4939 973 1133 247 4529 255 1489 101 2673 624 4109 298 373 446 3336 648 4084 464 2367 254 633 876 3967 739 259 687 4222
2098 20 6336 101 3064 544 4939 106 3172 687 4222 464 2367 298 373 342 3419 247 4529 255 1489 973 1133 876 3967 624 4109 60 4305 101 2673 254 633 739 259 648 4084 446 3336 77 2379 78 3164
3098 20 6336 101 2673 298 373 648 4084 342 3419 60 4305 101 3064 78 3164 687 4222 254 633 624 4109 446 3336 544 4939 973 1133 739 259 876 3967 247 4529 106 3172 77 2379 464 2367 255 1489
4098 20 6336 60 4305 342 3419 544 4939 876 3967 739 259 254 633 77 2379 298 373 247 4529 78 3164 464 2367 648 4084 255 1489 624 4109 101 3064 446 3336 106 3172 973 1133 687 4222 101 2673
5098 20 6336 255 1489 298 373 247 4529 648 4084 77 2379 60 4305 876 3967 544 4939 464 2367 446 3336 78 3164 342 3419 106 3172 624 4109 101 3064 739 259 254 633 687 4222 973 1133 101 2673
1099 20 8542 462 4128 693 1794 895 3302 709 4033 21 4554 848 4766 402 4926 720 4397 53 2718 229 4053 190 653 502 3151 660 3653 612 2747 852 1466 870 3663 802 1451 42 622 167 2104 949 10
2099 20 8542 462 4128 720 4397 870 3663 660 3653 848 4766 949 10 42 622 229 4053 693 1794 502 3151 895 3302 612 2747 190 653 21 4554 802 1451 852 1466 402 4926 167 2104 53 2718 709 4033
3099 20 8542 42 622 949 10 870 3663 502 3151 229 4053 895 3302 53 2718 709 4033 462 4128 802 1451 693 1794 852 1466 720 4397 21 4554 402 4926 660 3653 167 2104 190 653 848 4766 612 2747
4099 20 8542 502 3151 462 4128 53 2718 612 2747 402 4926 693 1794 21 4554 852 1466 190 653 42 622 229 4053 167 2104 660 3653 802 1451 720 4397 895 3302 949 10 848 4766 870 3663 709 4033
5099 20 8542 848 4766 895 3302 42 622 462 4128 53 2718 949 10 21 4554 502 3151 709 4033 802 1451 402 4926 229 4053 693 1794 167 2104 660 3653 612 2747 852 1466 720 4397 190 653 870 3663
1100 20 7872 975 3467 345 267 395 3100 456 236 947 4095 434 3046 859 2240 503 901 183 3135 251 5000 267 2859 806 3902 12 2496 379 772 371 3745 437 3619 100 2467 924 607 824 592 373 2664
2100 20 7872 859 2240 267 2859 371 3745 806 3902 12 2496 437 3619 379 772 434 3046 183 3135 924 607 345 267 100 2467 251 5000 975 3467 824 592 395 3100 503 901 947 4095 456 236 373 2664
3100 20 7872 924 607 947 4095 183 3135 437 3619 456 236 824 592 100 2467 251 5000 379 772 434 3046 975 3467 373 2664 503 901 859 2240 267 2859 371 3745 12 2496 806 3902 395 3100 345 267
4100 20 7872 456 236 267 2859 100 2467 395 3100 373 2664 503 901 345 267 434 3046 975 3467 924 607 824 592 947 4095 437 3619 251 5000 183 3135 12 2496 379 772 859 2240 806 3902 371 3745
5100 20 7872 434 3046 379 772 371 3745 859 2240 806 3902 267 2859 373 2664 456 236 924 607 975 3467 947 4095 395 3100 824 592 100 2467 503 901 345 267 12 2496 437 3619 183 3135 251 5000
