1001 20 7602 406 109 549 38 759 568 454 660 344 520 857 172 201 506 667 30 912 776 531 200 515 89 600 89 415 602 24 29 100 617 742 295 704 32 149 170 429 350 145 269
2001 20 7602 531 200 201 506 429 350 145 269 24 29 454 660 344 520 667 30 406 109 912 776 149 170 742 295 704 32 515 89 415 602 759 568 100 617 600 89 857 172 549 38
3001 20 7602 201 506 406 109 742 295 24 29 100 617 759 568 515 89 149 170 145 269 912 776 531 200 549 38 667 30 454 660 415 602 344 520 429 350 704 32 857 172 600 89
4001 20 7602 549 38 201 506 145 269 515 89 454 660 600 89 415 602 704 32 912 776 759 568 531 200 857 172 406 109 100 617 429 350 24 29 667 30 742 295 344 520 149 170
5001 20 7602 742 295 857 172 415 602 145 269 429 350 531 200 600 89 344 520 454 660 149 170 667 30 759 568 201 506 912 776 549 38 406 109 704 32 24 29 515 89 100 617
1002 20 6408 471 197 863 693 466 199 300 86 326 298 574 67 147 943 361 166 258 782 788 862 293 46 372 956 707 741 351 708 64 833 656 270 553 152 39 607 250 307 172 354
2002 20 6408 656 270 471 197 64 833 258 782 863 693 39 607 147 943 707 741 553 152 293 46 372 956 326 298 574 67 250 307 300 86 172 354 351 708 466 199 361 166 788 862
3002 20 6408 258 782 574 67 553 152 361 166 293 46 707 741 351 708 64 833 326 298 372 956 300 86 147 943 863 693 466 199 656 270 471 197 39 607 788 862 250 307 172 354
4002 20 6408 258 782 64 833 172 354 372 956 39 607 326 298 574 67 471 197 863 693 147 943 553 152 351 708 656 270 300 86 466 199 788 862 361 166 707 741 293 46 250 307
5002 20 6408 293 46 250 307 326 298 574 67 300 86 707 741 361 166 172 354 372 956 147 943 258 782 39 607 863 693 656 270 466 199 553 152 64 833 471 197 351 708 788 862
1003 20 6436 426 770 517 776 685 768 162 617 35 202 498 928 329 944 782 643 530 305 319 740 19 795 227 68 335 322 462 198 535 722 609 933 228 886 893 137 381 905 74 437
2003 20 6436 335 322 685 768 162 617 227 68 782 643 381 905 462 198 893 137 609 933 228 886 535 722 498 928 530 305 517 776 19 795 329 944 74 437 426 770 35 202 319 740
3003 20 6436 893 137 319 740 462 198 381 905 19 795 498 928 228 886 426 770 227 68 517 776 74 437 609 933 685 768 335 322 162 617 530 305 535 722 35 202 329 944 782 643
4003 20 6436 35 202 426 770 381 905 162 617 228 886 335 322 462 198 893 137 530 305 609 933 498 928 685 768 535 722 517 776 782 643 19 795 227 68 329 944 74 437 319 740
5003 20 6436 685 768 462 198 782 643 329 944 35 202 498 928 535 722 228 886 893 137 74 437 530 305 227 68 319 740 381 905 426 770 609 933 162 617 19 795 335 322 517 776
1004 20 7636 602 132 341 575 362 553 95 866 817 412 525 904 124 56 396 99 547 796 735 637 268 586 309 872 840 162 718 676 356 919 443 634 769 646 247 382 114 796 938 948
2004 20 7636 443 634 547 796 124 56 938 948 525 904 114 796 268 586 602 132 817 412 341 575 309 872 362 553 356 919 396 99 735 637 718 676 769 646 95 866 247 382 840 162
3004 20 7636 114 796 769 646 817 412 396 99 356 919 95 866 525 904 840 162 268 586 341 575 309 872 247 382 124 56 547 796 718 676 938 948 362 553 443 634 735 637 602 132
4004 20 7636 124 56 396 99 840 162 247 382 817 412 602 132 309 872 114 796 443 634 341 575 769 646 735 637 547 796 362 553 525 904 95 866 356 919 718 676 268 586 938 948
5004 20 7636 356 919 124 56 341 575 769 646 735 637 718 676 602 132 443 634 938 948 396 99 525 904 268 586 840 162 547 796 95 866 362 553 309 872 247 382 817 412 114 796
1005 20 7003 415 698 700 701 658 599 904 710 701 223 126 423 603 970 296 518 68 990 21 992 816 226 175 375 152 579 682 917 499 980 250 853 142 80 192 242 571 281 783 408
2005 20 7003 250 853 21 992 499 980 142 80 816 226 415 698 296 518 701 223 700 701 682 917 783 408 68 990 904 710 175 375 126 423 571 281 192 242 152 579 603 970 658 599
3005 20 7003 701 223 603 970 700 701 658 599 175 375 68 990 904 710 250 853 571 281 682 917 142 80 816 226 126 423 499 980 192 242 21 992 783 408 152 579 415 698 296 518
4005 20 7003 296 518 250 853 603 970 175 375 658 599 701 223 499 980 21 992 816 226 68 990 571 281 126 423 192 242 152 579 682 917 142 80 783 408 904 710 700 701 415 698
5005 20 7003 250 853 603 970 296 518 21 992 415 698 68 990 126 423 682 917 816 226 192 242 499 980 904 710 700 701 658 599 152 579 783 408 142 80 175 375 701 223 571 281
1006 20 7568 764 297 20 450 553 157 542 354 547 845 991 807 111 670 200 71 290 813 212 124 179 468 897 332 595 927 370 841 216 490 640 223 706 203 720 379 521 810 386 256
2006 20 7568 521 810 897 332 179 468 547 845 111 670 595 927 640 223 720 379 764 297 542 354 370 841 20 450 386 256 200 71 216 490 290 813 212 124 553 157 991 807 706 203
3006 20 7568 553 157 521 810 370 841 542 354 764 297 897 332 386 256 200 71 179 468 640 223 595 927 111 670 720 379 547 845 20 450 706 203 290 813 991 807 212 124 216 490
4006 20 7568 542 354 720 379 595 927 897 332 212 124 20 450 764 297 547 845 111 670 216 490 200 71 640 223 290 813 991 807 521 810 386 256 553 157 179 468 370 841 706 203
5006 20 7568 640 223 212 124 706 203 764 297 547 845 111 670 991 807 216 490 897 332 595 927 521 810 290 813 386 256 200 71 553 157 542 354 370 841 20 450 179 468 720 379
1007 20 8208 578 440 701 110 68 142 379 500 131 498 903 945 882 990 433 320 73 269 282 274 718 918 738 401 959 8 689 62 882 806 7 317 671 677 776 150 300 385 91 258
2007 20 8208 7 317 73 269 282 274 131 498 718 918 578 440 959 8 300 385 671 677 689 62 738 401 776 150 433 320 701 110 91 258 903 945 882 806 379 500 68 142 882 990
3007 20 8208 903 945 73 269 7 317 882 806 738 401 379 500 882 990 300 385 68 142 433 320 689 62 578 440 718 918 282 274 959 8 91 258 701 110 671 677 776 150 131 498
4007 20 8208 882 806 300 385 701 110 68 142 91 258 671 677 882 990 776 150 903 945 282 274 718 918 433 320 959 8 689 62 73 269 738 401 131 498 7 317 578 440 379 500
5007 20 8208 68 142 689 62 718 918 131 498 578 440 776 150 433 320 701 110 959 8 671 677 73 269 300 385 903 945 91 258 882 806 7 317 379 500 738 401 282 274 882 990
1008 20 7608 947 817 444 67 369 875 622 209 908 34 986 192 1 6 146 207 685 982 295 839 228 151 669 774 688 599 255 895 73 489 369 963 38 120 213 898 645 7 930 533
2008 20 7608 228 151 930 533 685 982 255 895 908 34 669 774 645 7 986 192 1 6 369 963 947 817 688 599 38 120 444 67 146 207 622 209 295 839 73 489 369 875 213 898
3008 20 7608 73 489 38 120 669 774 645 7 688 599 685 982 295 839 444 67 622 209 146 207 255 895 1 6 930 533 228 151 986 192 369 963 908 34 213 898 947 817 369 875
4008 20 7608 669 774 369 963 295 839 645 7 38 120 73 489 228 151 146 207 213 898 688 599 255 895 369 875 908 34 930 533 1 6 986 192 685 982 947 817 622 209 444 67
5008 20 7608 255 895 146 207 369 875 622 209 688 599 228 151 1 6 38 120 369 963 947 817 930 533 669 774 295 839 685 982 73 489 986 192 444 67 645 7 908 34 213 898
1009 20 7784 528 420 639 921 791 912 234 164 496 291 572 768 529 221 406 481 119 591 680 730 134 592 615 836 44 228 807 646 343 673 836 119 553 884 304 896 348 473 752 172
2009 20 7784 528 420 615 836 348 473 680 730 406 481 572 768 553 884 343 673 752 172 304 896 234 164 807 646 496 291 529 221 44 228 791 912 134 592 119 591 836 119 639 921
3009 20 7784 807 646 348 473 752 172 680 730 528 420 572 768 836 119 406 481 496 291 44 228 304 896 134 592 791 912 234 164 553 884 119 591 615 836 343 673 529 221 639 921
4009 20 7784 234 164 343 673 348 473 528 420 406 481 836 119 752 172 639 921 134 592 807 646 529 221 304 896 680 730 572 768 791 912 496 291 615 836 44 228 119 591 553 884
5009 20 7784 406 481 304 896 529 221 134 592 234 164 496 291 348 473 807 646 343 673 836 119 553 884 44 228 572 768 791 912 752 172 119 591 680 730 639 921 615 836 528 420
1010 20 6768 962 334 562 724 134 860 212 407 704 161 69 915 608 736 901 695 222 903 946 940 344 782 203 751 214 198 75 394 66 595 203 865 181 688 683 711 175 877 997 233
2010 20 6768 704 161 997 233 203 751 175 877 75 394 134 860 901 695 69 915 203 865 181 688 344 782 683 711 214 198 608 736 66 595 946 940 962 334 212 407 222 903 562 724
3010 20 6768 134 860 344 782 946 940 181 688 75 394 962 334 901 695 212 407 704 161 203 751 69 915 203 865 562 724 608 736 997 233 214 198 683 711 66 595 222 903 175 877
4010 20 6768 562 724 946 940 214 198 175 877 962 334 69 915 997 233 181 688 134 860 212 407 683 711 344 782 704 161 75 394 901 695 203 751 66 595 203 865 222 903 608 736
5010 20 6768 222 903 214 198 946 940 75 394 344 782 608 736 212 407 66 595 562 724 181 688 901 695 203 865 704 161 203 751 134 860 962 334 175 877 683 711 69 915 997 233
1011 20 8391 549 716 313 894 721 141 140 37 643 967 704 790 326 91 250 738 590 412 652 33 384 182 592 955 866 273 92 465 375 794 474 494 809 16 868 933 541 316 600 871
2011 20 8391 868 933 541 316 592 955 704 790 721 141 652 33 809 16 590 412 549 716 600 871 474 494 384 182 92 465 643 967 250 738 866 273 326 91 140 37 313 894 375 794
3011 20 8391 866 273 704 790 140 37 590 412 474 494 92 465 721 141 375 794 592 955 549 716 326 91 868 933 384 182 541 316 652 33 250 738 643 967 313 894 600 871 809 16
4011 20 8391 474 494 809 16 140 37 549 716 313 894 868 933 326 91 541 316 652 33 592 955 704 790 250 738 643 967 92 465 590 412 375 794 600 871 721 141 866 273 384 182
5011 20 8391 313 894 384 182 474 494 652 33 250 738 721 141 809 16 549 716 866 273 592 955 590 412 600 871 704 790 92 465 541 316 868 933 326 91 643 967 140 37 375 794
1012 20 8383 277 525 486 904 859 694 233 33 479 273 681 307 76 118 867 869 857 365 531 661 872 356 434 908 717 526 926 176 814 568 76 457 264 913 46 621 489 317 495 230
2012 20 8383 277 525 489 317 76 457 46 621 76 118 857 365 681 307 495 230 926 176 531 661 859 694 872 356 233 33 486 904 814 568 264 913 717 526 479 273 434 908 867 869
3012 20 8383 814 568 531 661 926 176 489 317 495 230 479 273 681 307 717 526 867 869 486 904 277 525 76 457 872 356 857 365 76 118 264 913 233 33 859 694 46 621 434 908
4012 20 8383 926 176 46 621 495 230 76 118 859 694 479 273 814 568 76 457 531 661 233 33 872 356 489 317 717 526 277 525 486 904 264 913 867 869 434 908 681 307 857 365
5012 20 8383 814 568 926 176 277 525 495 230 479 273 681 307 76 457 489 317 717 526 76 118 486 904 872 356 531 661 434 908 857 365 264 913 859 694 46 621 867 869 233 33
1013 20 8364 771 757 516 57 734 159 53 898 625 506 474 364 934 117 536 429 327 166 582 816 773 57 342 849 336 906 537 540 739 130 620 472 816 502 163 261 389 123 189 236
2013 20 8364 536 429 327 166 163 261 734 159 739 130 342 849 771 757 537 540 389 123 189 236 582 816 336 906 625 506 474 364 53 898 620 472 516 57 816 502 934 117 773 57
3013 20 8364 739 130 53 898 537 540 816 502 342 849 773 57 474 364 389 123 934 117 516 57 327 166 582 816 771 757 336 906 189 236 734 159 625 506 620 472 163 261 536 429
4013 20 8364 516 57 163 261 342 849 582 816 739 130 625 506 336 906 816 502 189 236 734 159 537 540 474 364 773 57 620 472 327 166 53 898 934 117 536 429 389 123 771 757
5013 20 8364 816 502 389 123 582 816 536 429 474 364 53 898 734 159 620 472 516 57 327 166 625 506 336 906 163 261 189 236 771 757 537 540 773 57 934 117 342 849 739 130
1014 20 7200 450 256 308 708 539 344 325 637 998 431 346 599 349 80 308 428 482 358 314 157 919 573 85 882 629 967 31 118 733 94 923 530 128 990 507 72 471 595 155 715
2014 20 7200 471 595 629 967 998 431 155 715 919 573 507 72 308 428 539 344 450 256 85 882 314 157 308 708 346 599 31 118 482 358 733 94 325 637 923 530 128 990 349 80
3014 20 7200 450 256 31 118 308 708 346 599 325 637 482 358 308 428 539 344 85 882 733 94 314 157 471 595 128 990 155 715 923 530 629 967 507 72 919 573 349 80 998 431
4014 20 7200 471 595 998 431 629 967 346 599 314 157 349 80 507 72 923 530 919 573 450 256 325 637 539 344 128 990 85 882 733 94 482 358 31 118 155 715 308 428 308 708
5014 20 7200 128 990 308 428 539 344 507 72 923 530 733 94 998 431 349 80 85 882 450 256 31 118 325 637 919 573 308 708 314 157 482 358 471 595 346 599 155 715 629 967
1015 20 7754 287 764 870 112 866 595 260 469 720 869 371 386 977 722 713 457 381 944 867 315 424 768 25 494 76 32 485 899 126 525 879 326 414 408 353 9 230 815 369 676
2015 20 7754 126 525 414 408 879 326 485 899 977 722 713 457 867 315 25 494 260 469 369 676 381 944 720 869 371 386 870 112 866 595 76 32 230 815 424 768 353 9 287 764
3015 20 7754 879 326 485 899 713 457 414 408 866 595 353 9 870 112 25 494 371 386 230 815 287 764 977 722 369 676 424 768 260 469 126 525 381 944 76 32 867 315 720 869
4015 20 7754 287 764 713 457 353 9 126 525 424 768 720 869 381 944 977 722 371 386 76 32 867 315 866 595 414 408 25 494 230 815 260 469 485 899 369 676 879 326 870 112
5015 20 7754 977 722 414 408 371 386 230 815 76 32 369 676 866 595 353 9 381 944 870 112 260 469 720 869 867 315 126 525 879 326 25 494 485 899 287 764 713 457 424 768
1016 20 6153 117 451 867 448 764 531 603 201 461 792 162 329 135 115 704 966 449 933 173 682 173 789 521 542 359 84 208 858 181 909 164 465 713 20 32 552 4 381 902 311
2016 20 6153 521 542 135 115 867 448 713 20 162 329 603 201 164 465 181 909 117 451 461 792 32 552 902 311 449 933 704 966 359 84 208 858 173 682 4 381 173 789 764 531
3016 20 6153 162 329 521 542 181 909 208 858 764 531 603 201 902 311 713 20 359 84 135 115 704 966 117 451 867 448 164 465 173 682 449 933 32 552 173 789 461 792 4 381
4016 20 6153 461 792 32 552 603 201 173 682 359 84 902 311 164 465 449 933 713 20 173 789 181 909 704 966 867 448 208 858 135 115 162 329 521 542 764 531 4 381 117 451
5016 20 6153 32 552 181 909 164 465 173 789 449 933 4 381 162 329 521 542 208 858 461 792 764 531 867 448 117 451 359 84 704 966 135 115 603 201 902 311 713 20 173 682
1017 20 8910 845 197 421 179 611 798 983 289 544 535 497 720 676 658 631 864 366 720 217 924 18 457 542 398 837 834 235 165 663 674 783 942 239 447 745 932 501 756 784 293
2017 20 8910 784 293 663 674 18 457 239 447 217 924 676 658 845 197 631 864 783 942 745 932 366 720 235 165 983 289 501 756 837 834 611 798 497 720 542 398 421 179 544 535
3017 20 8910 783 942 497 720 631 864 501 756 544 535 366 720 845 197 784 293 235 165 217 924 542 398 663 674 837 834 676 658 745 932 239 447 421 179 983 289 18 457 611 798
4017 20 8910 783 942 631 864 217 924 421 179 837 834 542 398 366 720 845 197 663 674 784 293 983 289 544 535 745 932 611 798 235 165 239 447 497 720 501 756 18 457 676 658
5017 20 8910 544 535 501 756 366 720 631 864 18 457 783 942 239 447 542 398 983 289 676 658 611 798 235 165 784 293 497 720 421 179 845 197 745 932 663 674 837 834 217 924
1018 20 8028 871 951 81 125 106 840 151 454 423 222 92 117 347 916 861 836 55 871 298 345 595 430 617 839 844 481 534 199 646 520 468 913 945 914 265 864 920 851 917 341
2018 20 8028 844 481 646 520 106 840 871 951 945 914 861 836 617 839 81 125 534 199 347 916 298 345 151 454 595 430 92 117 468 913 920 851 423 222 55 871 917 341 265 864
3018 20 8028 595 430 917 341 265 864 646 520 347 916 81 125 468 913 920 851 298 345 55 871 617 839 106 840 92 117 871 951 423 222 945 914 844 481 861 836 534 199 151 454
4018 20 8028 423 222 920 851 871 951 265 864 945 914 917 341 298 345 844 481 861 836 151 454 595 430 534 199 92 117 106 840 646 520 617 839 468 913 347 916 81 125 55 871
5018 20 8028 917 341 861 836 871 951 92 117 595 430 151 454 298 345 945 914 617 839 81 125 55 871 423 222 106 840 347 916 534 199 468 913 920 851 844 481 265 864 646 520
1019 20 7960 12 931 543 271 820 803 620 469 926 428 548 128 499 482 453 522 362 968 386 992 462 316 501 584 493 787 397 298 295 948 301 946 884 643 498 771 701 597 250 21
2019 20 7960 301 946 543 271 362 968 498 771 462 316 548 128 493 787 884 643 499 482 12 931 701 597 501 584 386 992 926 428 295 948 620 469 453 522 820 803 397 298 250 21
3019 20 7960 12 931 386 992 397 298 620 469 501 584 462 316 453 522 301 946 543 271 295 948 250 21 884 643 493 787 548 128 499 482 926 428 701 597 498 771 820 803 362 968
4019 20 7960 820 803 453 522 498 771 386 992 926 428 701 597 501 584 301 946 12 931 548 128 397 298 462 316 543 271 295 948 250 21 499 482 493 787 884 643 620 469 362 968
5019 20 7960 926 428 12 931 701 597 884 643 397 298 820 803 543 271 362 968 453 522 386 992 462 316 498 771 548 128 493 787 499 482 301 946 501 584 250 21 620 469 295 948
1020 20 6964 757 919 161 274 439 606 195 825 749 622 211 658 408 555 415 25 562 516 106 217 145 113 421 1000 221 52 846 919 74 583 600 636 970 157 306 322 234 382 885 110
2020 20 6964 408 555 106 217 221 52 846 919 749 622 306 322 211 658 885 110 600 636 970 157 145 113 421 1000 562 516 415 25 234 382 439 606 195 825 74 583 757 919 161 274
3020 20 6964 885 110 408 555 211 658 846 919 234 382 306 322 145 113 106 217 439 606 757 919 195 825 221 52 749 622 421 1000 415 25 562 516 74 583 970 157 161 274 600 636
4020 20 6964 885 110 757 919 408 555 221 52 74 583 421 1000 211 658 415 25 562 516 306 322 749 622 145 113 106 217 439 606 600 636 846 919 234 382 161 274 195 825 970 157
5020 20 6964 749 622 106 217 439 606 885 110 145 113 195 825 562 516 74 583 306 322 161 274 211 658 408 555 421 1000 757 919 600 636 234 382 221 52 415 25 846 919 970 157
1021 20 7771 753 199 569 303 521 515 630 968 655 686 813 681 3 315 242 705 163 784 106 51 604 90 331 513 878 755 780 153 529 850 122 558 353 912 649 906 820 254 193 623
2021 20 7771 106 51 521 515 193 623 649 906 655 686 753 199 780 153 820 254 529 850 163 784 604 90 569 303 630 968 122 558 813 681 3 315 331 513 242 705 878 755 353 912
3021 20 7771 630 968 649 906 878 755 106 51 529 850 753 199 813 681 163 784 780 153 331 513 353 912 521 515 193 623 820 254 3 315 604 90 122 558 655 686 569 303 242 705
4021 20 7771 813 681 820 254 649 906 753 199 630 968 242 705 604 90 122 558 193 623 353 912 106 51 878 755 655 686 3 315 521 515 163 784 331 513 569 303 529 850 780 153
5021 20 7771 820 254 780 153 193 623 655 686 630 968 753 199 529 850 3 315 604 90 163 784 353 912 242 705 521 515 649 906 878 755 106 51 569 303 331 513 813 681 122 558
1022 20 7004 121 395 538 796 632 366 921 538 469 638 575 257 553 260 201 756 961 4 207 459 12 724 288 326 334 834 292 209 876 517 416 247 805 604 177 574 326 187 52 315
2022 20 7004 207 459 575 257 288 326 12 724 469 638 416 247 334 834 177 574 876 517 805 604 538 796 632 366 121 395 961 4 201 756 292 209 326 187 553 260 52 315 921 538
3022 20 7004 575 257 207 459 469 638 177 574 553 260 632 366 326 187 52 315 538 796 805 604 416 247 12 724 121 395 292 209 201 756 876 517 921 538 961 4 334 834 288 326
4022 20 7004 921 538 288 326 12 724 553 260 207 459 201 756 876 517 326 187 416 247 805 604 334 834 538 796 632 366 121 395 177 574 575 257 469 638 52 315 961 4 292 209
5022 20 7004 575 257 469 638 326 187 207 459 416 247 334 834 288 326 292 209 876 517 12 724 52 315 805 604 632 366 177 574 201 756 921 538 538 796 121 395 553 260 961 4
1023 20 7294 534 208 347 490 85 360 264 604 32 918 814 79 756 230 894 548 507 749 804 636 979 670 58 219 469 606 127 703 723 974 297 133 623 455 70 567 260 240 475 645
2023 20 7294 756 230 70 567 534 208 979 670 58 219 347 490 723 974 264 604 507 749 814 79 804 636 127 703 475 645 85 360 32 918 297 133 260 240 623 455 469 606 894 548
3023 20 7294 32 918 507 749 70 567 264 604 723 974 127 703 297 133 58 219 623 455 469 606 475 645 756 230 534 208 804 636 260 240 85 360 814 79 979 670 347 490 894 548
4023 20 7294 347 490 894 548 979 670 623 455 70 567 723 974 804 636 814 79 264 604 85 360 32 918 260 240 534 208 58 219 475 645 469 606 127 703 756 230 507 749 297 133
5023 20 7294 814 79 260 240 469 606 534 208 723 974 58 219 507 749 804 636 475 645 297 133 756 230 347 490 894 548 70 567 979 670 264 604 623 455 32 918 85 360 127 703
1024 20 6252 40 41 461 422 252 232 200 625 43 155 601 292 63 630 821 868 590 523 5 163 698 901 854 960 359 411 358 427 745 706 37 490 585 9 635 59 189 69 280 269
2024 20 6252 601 292 37 490 745 706 252 232 854 960 821 868 358 427 43 155 635 59 63 630 359 411 590 523 461 422 40 41 189 69 698 901 585 9 280 269 5 163 200 625
3024 20 6252 359 411 698 901 601 292 200 625 590 523 63 630 635 59 358 427 37 490 585 9 821 868 189 69 461 422 252 232 854 960 43 155 5 163 745 706 280 269 40 41
4024 20 6252 854 960 189 69 40 41 698 901 635 59 358 427 252 232 590 523 43 155 63 630 37 490 601 292 745 706 200 625 821 868 461 422 5 163 280 269 359 411 585 9
5024 20 6252 590 523 63 630 854 960 200 625 280 269 698 901 461 422 252 232 189 69 43 155 635 59 358 427 601 292 359 411 40 41 5 163 585 9 37 490 821 868 745 706
1025 20 9507 490 500 808 260 634 940 960 205 950 726 818 397 122 692 117 275 211 38 979 809 432 615 678 180 850 553 804 337 609 918 514 85 548 132 844 849 68 1 448 328
2025 20 9507 122 692 950 726 804 337 979 809 844 849 960 205 432 615 514 85 850 553 808 260 678 180 211 38 117 275 448 328 609 918 818 397 490 500 68 1 548 132 634 940
3025 20 9507 448 328 122 692 678 180 211 38 979 809 634 940 850 553 844 849 609 918 117 275 432 615 804 337 818 397 808 260 514 85 490 500 548 132 960 205 950 726 68 1
4025 20 9507 979 809 68 1 609 918 960 205 818 397 548 132 448 328 804 337 122 692 117 275 514 85 950 726 850 553 844 849 808 260 432 615 211 38 678 180 634 940 490 500
5025 20 9507 950 726 808 260 850 553 448 328 122 692 514 85 960 205 117 275 678 180 609 918 432 615 634 940 818 397 979 809 211 38 548 132 490 500 844 849 804 337 68 1
1026 20 8096 197 662 441 215 986 618 863 711 784 435 746 229 22 386 849 688 268 211 622 638 18 800 19 374 444 310 800 685 750 9 544 57 121 813 697 886 667 631 283 982
2026 20 8096 283 982 444 310 750 9 18 800 800 685 622 638 986 618 544 57 784 435 667 631 441 215 697 886 121 813 746 229 22 386 863 711 19 374 197 662 849 688 268 211
3026 20 8096 667 631 750 9 800 685 441 215 849 688 444 310 268 211 986 618 697 886 22 386 18 800 746 229 283 982 121 813 19 374 784 435 197 662 863 711 544 57 622 638
4026 20 8096 784 435 863 711 986 618 19 374 746 229 18 800 544 57 268 211 667 631 849 688 750 9 800 685 697 886 121 813 22 386 197 662 622 638 444 310 441 215 283 982
5026 20 8096 849 688 19 374 784 435 283 982 750 9 667 631 622 638 544 57 444 310 22 386 986 618 121 813 800 685 197 662 18 800 863 711 268 211 441 215 746 229 697 886
1027 20 7034 528 116 659 179 619 45 553 813 651 935 607 616 552 212 417 11 687 217 574 941 147 537 772 605 75 284 94 941 87 478 226 369 302 703 597 581 136 50 510 379
2027 20 7034 528 116 552 212 94 941 226 369 687 217 607 616 417 11 147 537 597 581 510 379 651 935 136 50 619 45 302 703 87 478 553 813 574 941 75 284 659 179 772 605
3027 20 7034 553 813 597 581 87 478 136 50 651 935 75 284 659 179 687 217 619 45 607 616 574 941 147 537 94 941 552 212 510 379 772 605 226 369 417 11 528 116 302 703
4027 20 7034 687 217 75 284 136 50 226 369 651 935 528 116 574 941 597 581 619 45 659 179 147 537 94 941 510 379 772 605 302 703 87 478 607 616 552 212 553 813 417 11
5027 20 7034 619 45 417 11 553 813 597 581 510 379 87 478 528 116 574 941 687 217 659 179 607 616 94 941 651 935 75 284 302 703 226 369 136 50 552 212 772 605 147 537
1028 20 8280 839 331 198 600 671 7 745 998 932 824 463 924 173 367 348 341 161 385 575 367 536 608 850 717 574 763 353 50 802 863 80 214 800 180 405 131 296 875 549 332
2028 20 8280 161 385 198 600 574 763 671 7 850 717 839 331 932 824 353 50 80 214 463 924 173 367 800 180 536 608 549 332 575 367 802 863 348 341 296 875 745 998 405 131
3028 20 8280 802 863 198 600 932 824 800 180 161 385 173 367 671 7 348 341 574 763 745 998 353 50 296 875 80 214 850 717 536 608 549 332 463 924 405 131 839 331 575 367
4028 20 8280 932 824 745 998 536 608 296 875 839 331 161 385 353 50 549 332 80 214 802 863 850 717 575 367 574 763 463 924 405 131 348 341 173 367 671 7 800 180 198 600
5028 20 8280 348 341 161 385 850 717 536 608 800 180 463 924 839 331 405 131 173 367 802 863 932 824 574 763 745 998 80 214 671 7 549 332 296 875 575 367 353 50 198 600
1029 20 7698 368 10 350 516 204 245 223 40 495 640 720 279 846 98 30 824 661 321 447 701 554 475 568 906 603 124 412 374 663 99 338 65 212 262 675 619 979 791 275 121
2029 20 7698 447 701 212 262 675 619 663 99 204 245 661 321 495 640 412 374 846 98 554 475 368 10 223 40 338 65 30 824 979 791 568 906 603 124 720 279 350 516 275 121
3029 20 7698 338 65 212 262 979 791 661 321 350 516 204 245 846 98 223 40 603 124 554 475 663 99 275 121 368 10 720 279 447 701 412 374 495 640 675 619 30 824 568 906
4029 20 7698 204 245 675 619 979 791 554 475 338 65 846 98 447 701 663 99 495 640 275 121 568 906 30 824 412 374 223 40 720 279 661 321 603 124 368 10 350 516 212 262
5029 20 7698 661 321 223 40 568 906 350 516 720 279 846 98 603 124 368 10 447 701 275 121 212 262 495 640 554 475 30 824 412 374 338 65 204 245 663 99 675 619 979 791
1030 20 7596 339 95 37 6 500 100 707 184 785 191 990 869 74 320 136 62 386 578 335 159 349 373 807 558 273 345 43 541 175 268 721 904 565 637 956 991 894 844 424 51
2030 20 7596 956 991 349 373 386 578 500 100 37 6 721 904 565 637 335 159 74 320 136 62 424 51 339 95 894 844 273 345 807 558 707 184 990 869 785 191 43 541 175 268
3030 20 7596 386 578 175 268 136 62 335 159 424 51 273 345 37 6 43 541 339 95 74 320 349 373 707 184 721 904 807 558 990 869 894 844 565 637 500 100 785 191 956 991
4030 20 7596 721 904 339 95 956 991 273 345 74 320 37 6 500 100 335 159 424 51 894 844 707 184 785 191 990 869 349 373 386 578 807 558 175 268 136 62 565 637 43 541
5030 20 7596 136 62 273 345 335 159 721 904 37 6 785 191 894 844 500 100 807 558 43 541 956 991 707 184 990 869 349 373 386 578 74 320 424 51 339 95 175 268 565 637
1031 20 8381 538 534 753 125 572 880 815 780 485 715 86 302 917 456 568 685 855 863 350 10 573 474 554 534 444 529 107 522 288 717 679 139 594 407 457 505 552 7 290 12
2031 20 8381 538 534 86 302 552 7 107 522 288 717 568 685 815 780 573 474 485 715 855 863 594 407 554 534 457 505 350 10 753 125 917 456 290 12 444 529 679 139 572 880
3031 20 8381 573 474 538 534 855 863 552 7 444 529 485 715 917 456 568 685 815 780 107 522 350 10 572 880 753 125 594 407 86 302 290 12 679 139 554 534 288 717 457 505
4031 20 8381 917 456 753 125 815 780 554 534 107 522 594 407 572 880 457 505 552 7 444 529 855 863 290 12 568 685 538 534 288 717 86 302 350 10 573 474 679 139 485 715
5031 20 8381 855 863 572 880 107 522 554 534 552 7 815 780 444 529 350 10 594 407 485 715 457 505 679 139 753 125 290 12 917 456 288 717 573 474 568 685 86 302 538 534
1032 20 6453 330 803 395 71 743 37 656 700 192 212 744 736 111 983 48 474 304 390 898 707 65 962 353 674 802 866 414 762 9 647 263 120 463 959 926 167 190 95 161 710
2032 20 6453 898 707 395 71 263 120 161 710 926 167 9 647 463 959 656 700 190 95 744 736 330 803 743 37 111 983 192 212 802 866 353 674 304 390 48 474 414 762 65 962
3032 20 6453 263 120 65 962 414 762 192 212 802 866 463 959 353 674 111 983 330 803 48 474 656 700 898 707 395 71 304 390 9 647 161 710 744 736 926 167 743 37 190 95
4032 20 6453 414 762 263 120 65 962 111 983 192 212 353 674 304 390 744 736 48 474 161 710 190 95 743 37 926 167 802 866 330 803 9 647 395 71 898 707 463 959 656 700
5032 20 6453 656 700 9 647 330 803 898 707 744 736 48 474 111 983 304 390 192 212 743 37 926 167 65 962 463 959 802 866 353 674 395 71 161 710 190 95 414 762 263 120
1033 20 6488 177 280 452 10 359 78 665 242 539 668 20 329 545 579 571 577 195 225 802 359 139 123 659 174 445 397 191 233 159 566 587 852 71 106 560 667 233 564 742 933
2033 20 6488 571 577 195 225 539 668 71 106 665 242 177 280 20 329 560 667 659 174 587 852 545 579 802 359 359 78 445 397 159 566 452 10 191 233 233 564 139 123 742 933
3033 20 6488 139 123 560 667 159 566 587 852 20 329 177 280 545 579 539 668 571 577 452 10 802 359 233 564 445 397 665 242 71 106 195 225 742 933 659 174 191 233 359 78
4033 20 6488 359 78 665 242 560 667 742 933 159 566 20 329 587 852 177 280 191 233 802 359 539 668 659 174 233 564 139 123 545 579 452 10 571 577 71 106 195 225 445 397
5033 20 6488 191 233 560 667 139 123 539 668 802 359 665 242 195 225 452 10 71 106 20 329 359 78 571 577 587 852 659 174 233 564 177 280 445 397 742 933 159 566 545 579
1034 20 8055 295 118 522 150 795 161 435 583 416 315 880 873 535 504 290 815 292 771 642 387 792 393 121 934 258 681 575 813 991 143 456 775 870 719 325 141 456 756 123 274
2034 20 8055 292 771 325 141 870 719 416 315 456 775 792 393 795 161 123 274 575 813 258 681 435 583 991 143 522 150 535 504 880 873 295 118 121 934 642 387 290 815 456 756
3034 20 8055 123 274 290 815 991 143 121 934 416 315 456 756 795 161 880 873 295 118 435 583 870 719 642 387 535 504 325 141 456 775 522 150 292 771 258 681 575 813 792 393
4034 20 8055 880 873 416 315 435 583 290 815 456 775 795 161 575 813 292 771 295 118 325 141 121 934 456 756 123 274 535 504 522 150 792 393 258 681 991 143 642 387 870 719
5034 20 8055 325 141 456 756 121 934 535 504 258 681 292 771 123 274 575 813 435 583 795 161 522 150 456 775 991 143 792 393 290 815 642 387 880 873 416 315 295 118 870 719
1035 20 10240 690 718 669 859 651 890 432 364 875 795 816 884 153 201 663 423 908 65 594 729 686 652 443 620 754 985 404 689 874 676 856 296 908 618 610 952 473 177 342 249
2035 20 10240 443 620 651 890 473 177 594 729 874 676 404 689 610 952 754 985 432 364 153 201 663 423 816 884 856 296 690 718 875 795 342 249 908 618 908 65 686 652 669 859
3035 20 10240 594 729 663 423 875 795 686 652 908 65 908 618 404 689 816 884 754 985 651 890 432 364 669 859 856 296 610 952 443 620 153 201 473 177 874 676 690 718 342 249
4035 20 10240 651 890 754 985 610 952 404 689 663 423 443 620 153 201 875 795 686 652 473 177 874 676 432 364 816 884 908 65 594 729 690 718 669 859 856 296 908 618 342 249
5035 20 10240 875 795 342 249 153 201 651 890 754 985 473 177 816 884 432 364 856 296 669 859 874 676 594 729 908 618 443 620 610 952 404 689 908 65 686 652 663 423 690 718
1036 20 7254 190 844 124 512 237 376 668 996 725 387 83 447 506 151 703 2 825 442 334 478 260 359 612 529 292 586 379 744 141 305 851 501 496 953 715 1 287 217 640 858
2036 20 7254 496 953 612 529 287 217 640 858 851 501 334 478 190 844 715 1 703 2 668 996 379 744 292 586 725 387 825 442 141 305 237 376 124 512 260 359 506 151 83 447
3036 20 7254 237 376 496 953 612 529 851 501 190 844 124 512 715 1 83 447 703 2 379 744 725 387 292 586 141 305 287 217 506 151 334 478 825 442 668 996 640 858 260 359
4036 20 7254 141 305 260 359 334 478 851 501 292 586 83 447 379 744 496 953 668 996 287 217 237 376 612 529 506 151 715 1 190 844 825 442 725 387 703 2 640 858 124 512
5036 20 7254 190 844 260 359 379 744 851 501 83 447 725 387 141 305 124 512 334 478 506 151 496 953 612 529 825 442 237 376 287 217 703 2 668 996 640 858 292 586 715 1
1037 20 6796 545 343 373 497 66 499 105 101 978 358 677 674 5 715 864 221 879 318 148 855 880 903 10 521 27 176 623 919 113 751 582 291 208 569 637 543 354 906 421 163
2037 20 6796 208 569 582 291 864 221 5 715 66 499 27 176 623 919 148 855 880 903 113 751 879 318 545 343 637 543 978 358 677 674 10 521 373 497 105 101 421 163 354 906
3037 20 6796 66 499 208 569 10 521 880 903 373 497 879 318 354 906 623 919 978 358 148 855 582 291 545 343 113 751 421 163 864 221 27 176 637 543 677 674 105 101 5 715
4037 20 6796 864 221 373 497 10 521 66 499 5 715 148 855 582 291 677 674 354 906 879 318 623 919 880 903 113 751 545 343 978 358 105 101 208 569 27 176 637 543 421 163
5037 20 6796 582 291 623 919 354 906 105 101 208 569 677 674 978 358 880 903 66 499 113 751 148 855 637 543 10 521 421 163 545 343 373 497 864 221 27 176 5 715 879 318
1038 20 8416 597 717 351 888 532 184 655 461 697 758 796 487 143 215 157 655 763 773 78 425 523 903 928 7 712 40 301 469 860 964 237 431 568 741 692 888 363 321 567 304
2038 20 8416 532 184 655 461 860 964 697 758 928 7 692 888 78 425 567 304 796 487 143 215 763 773 363 321 568 741 351 888 523 903 157 655 237 431 712 40 597 717 301 469
3038 20 8416 568 741 860 964 763 773 523 903 567 304 712 40 928 7 143 215 597 717 532 184 655 461 301 469 363 321 351 888 78 425 692 888 796 487 237 431 157 655 697 758
4038 20 8416 351 888 568 741 860 964 363 321 523 903 928 7 763 773 157 655 796 487 78 425 143 215 532 184 567 304 597 717 697 758 237 431 301 469 712 40 692 888 655 461
5038 20 8416 928 7 796 487 532 184 301 469 567 304 157 655 363 321 697 758 351 888 712 40 692 888 237 431 78 425 568 741 597 717 143 215 655 461 523 903 763 773 860 964
1039 20 5934 1000 253 642 948 4 239 523 823 194 445 26 690 143 396 359 77 336 42 43 182 880 122 647 30 263 160 55 231 627 571 571 179 266 653 232 711 142 350 465 708
2039 20 5934 627 571 523 823 232 711 642 948 571 179 142 350 1000 253 43 182 647 30 266 653 263 160 194 445 336 42 55 231 4 239 359 77 880 122 465 708 143 396 26 690
3039 20 5934 571 179 142 350 266 653 232 711 642 948 647 30 336 42 4 239 359 77 465 708 880 122 43 182 55 231 194 445 523 823 26 690 143 396 627 571 263 160 1000 253
4039 20 5934 142 350 880 122 263 160 4 239 647 30 627 571 465 708 194 445 359 77 336 42 1000 253 232 711 43 182 523 823 642 948 143 396 571 179 55 231 266 653 26 690
5039 20 5934 4 239 642 948 627 571 266 653 194 445 647 30 880 122 142 350 232 711 523 823 26 690 263 160 1000 253 55 231 143 396 465 708 43 182 336 42 571 179 359 77
1040 20 7269 885 514 990 559 817 445 515 392 579 330 21 861 818 736 626 445 351 552 239 257 526 420 183 177 229 268 779 246 66 28 326 924 414 851 517 606 96 773 110 580
2040 20 7269 515 392 326 924 96 773 517 606 229 268 818 736 66 28 779 246 885 514 817 445 183 177 414 851 351 552 579 330 526 420 626 445 110 580 990 559 21 861 239 257
3040 20 7269 885 514 229 268 326 924 110 580 990 559 414 851 96 773 517 606 626 445 526 420 779 246 66 28 239 257 579 330 183 177 818 736 817 445 21 861 515 392 351 552
4040 20 7269 990 559 515 392 526 420 239 257 779 246 183 177 229 268 885 514 817 445 110 580 21 861 351 552 66 28 414 851 326 924 517 606 579 330 626 445 96 773 818 736
5040 20 7269 990 559 96 773 110 580 817 445 414 851 818 736 183 177 626 445 21 861 517 606 579 330 66 28 885 514 515 392 779 246 326 924 229 268 351 552 526 420 239 257
1041 20 9264 308 547 151 824 781 475 901 435 690 356 664 360 316 226 818 122 927 591 243 832 787 306 876 597 530 893 548 847 538 955 424 337 123 224 689 502 801 359 466 591
2041 20 9264 538 955 151 824 424 337 781 475 316 226 689 502 664 360 787 306 818 122 466 591 690 356 876 597 123 224 243 832 308 547 801 359 927 591 548 847 530 893 901 435
3041 20 9264 243 832 689 502 818 122 690 356 876 597 548 847 801 359 530 893 424 337 901 435 787 306 927 591 781 475 538 955 151 824 664 360 308 547 316 226 123 224 466 591
4041 20 9264 690 356 316 226 123 224 538 955 901 435 781 475 664 360 787 306 424 337 927 591 876 597 243 832 466 591 530 893 801 359 689 502 818 122 548 847 308 547 151 824
5041 20 9264 308 547 664 360 818 122 243 832 538 955 801 359 927 591 316 226 689 502 123 224 690 356 424 337 901 435 548 847 530 893 466 591 151 824 781 475 787 306 876 597
1042 20 5704 87 9 67 382 58 641 272 817 837 630 767 186 906 592 118 378 177 594 28 737 99 359 570 277 903 433 205 459 578 34 340 275 186 70 254 685 353 449 325 916
2042 20 5704 340 275 87 9 767 186 67 382 570 277 205 459 325 916 99 359 903 433 254 685 906 592 353 449 578 34 186 70 28 737 58 641 118 378 177 594 272 817 837 630
3042 20 5704 118 378 340 275 254 685 272 817 186 70 58 641 903 433 325 916 28 737 570 277 837 630 87 9 177 594 906 592 578 34 99 359 767 186 205 459 353 449 67 382
4042 20 5704 906 592 99 359 254 685 118 378 767 186 325 916 570 277 205 459 87 9 177 594 340 275 58 641 578 34 67 382 903 433 353 449 272 817 837 630 186 70 28 737
5042 20 5704 205 459 903 433 118 378 177 594 325 916 837 630 67 382 28 737 58 641 254 685 570 277 767 186 87 9 340 275 186 70 906 592 272 817 353 449 99 359 578 34
1043 20 8675 927 971 58 374 218 233 521 330 610 721 518 624 525 907 565 425 859 498 517 271 386 469 740 960 7 900 650 836 736 100 863 491 56 831 836 99 846 55 406 865
2043 20 8675 518 624 521 330 58 374 740 960 565 425 846 55 736 100 836 99 863 491 56 831 650 836 927 971 406 865 517 271 218 233 525 907 7 900 859 498 386 469 610 721
3043 20 8675 521 330 927 971 218 233 859 498 386 469 58 374 525 907 7 900 56 831 517 271 406 865 565 425 836 99 740 960 863 491 846 55 650 836 736 100 610 721 518 624
4043 20 8675 521 330 386 469 927 971 736 100 846 55 859 498 406 865 7 900 610 721 56 831 836 99 650 836 218 233 863 491 565 425 517 271 740 960 525 907 58 374 518 624
5043 20 8675 218 233 610 721 517 271 836 99 927 971 7 900 565 425 518 624 525 907 650 836 846 55 859 498 386 469 406 865 56 831 740 960 58 374 736 100 521 330 863 491
1044 20 7696 283 487 868 874 254 45 92 66 789 997 340 956 682 371 943 826 480 5 125 850 186 620 910 265 704 11 443 540 976 891 245 995 658 60 376 196 186 267 80 83
2044 20 7696 943 826 976 891 682 371 910 265 868 874 789 997 376 196 704 11 80 83 92 66 283 487 186 620 340 956 245 995 658 60 254 45 125 850 186 267 480 5 443 540
3044 20 7696 125 850 80 83 254 45 910 265 480 5 376 196 704 11 976 891 868 874 340 956 789 997 682 371 92 66 443 540 658 60 245 995 186 620 186 267 943 826 283 487
4044 20 7696 443 540 186 267 283 487 868 874 910 265 976 891 125 850 682 371 340 956 254 45 480 5 376 196 92 66 789 997 186 620 943 826 245 995 658 60 80 83 704 11
5044 20 7696 254 45 704 11 910 265 283 487 92 66 443 540 340 956 658 60 976 891 789 997 868 874 80 83 125 850 186 620 682 371 245 995 480 5 186 267 376 196 943 826
1045 20 7649 954 934 138 583 40 703 607 237 946 234 48 424 701 719 720 7 30 791 649 411 592 199 311 646 661 231 626 348 750 667 344 155 200 743 331 834 425 979 489 136
2045 20 7649 701 719 425 979 946 234 626 348 661 231 954 934 750 667 30 791 607 237 331 834 720 7 649 411 138 583 344 155 200 743 592 199 489 136 311 646 40 703 48 424
3045 20 7649 954 934 200 743 592 199 701 719 40 703 661 231 331 834 138 583 750 667 425 979 344 155 720 7 946 234 30 791 489 136 607 237 48 424 626 348 311 646 649 411
4045 20 7649 592 199 138 583 30 791 489 136 40 703 344 155 48 424 946 234 425 979 750 667 626 348 649 411 720 7 200 743 701 719 607 237 331 834 311 646 954 934 661 231
5045 20 7649 30 791 649 411 138 583 750 667 200 743 48 424 40 703 954 934 946 234 331 834 344 155 311 646 425 979 489 136 626 348 661 231 701 719 607 237 592 199 720 7
1046 20 8058 58 648 712 508 970 149 331 146 227 856 500 485 187 470 36 642 25 979 759 216 927 453 815 393 451 366 791 547 95 637 983 771 931 284 60 671 925 394 290 597
2046 20 8058 925 394 983 771 451 366 970 149 712 508 25 979 791 547 95 637 60 671 759 216 187 470 290 597 931 284 227 856 331 146 58 648 500 485 815 393 36 642 927 453
3046 20 8058 95 637 290 597 25 979 925 394 983 771 931 284 500 485 58 648 36 642 451 366 712 508 759 216 791 547 815 393 60 671 927 453 331 146 970 149 187 470 227 856
4046 20 8058 290 597 815 393 712 508 791 547 931 284 500 485 25 979 36 642 983 771 58 648 60 671 331 146 187 470 970 149 227 856 925 394 927 453 451 366 759 216 95 637
5046 20 8058 927 453 712 508 500 485 931 284 36 642 60 671 983 771 970 149 759 216 815 393 25 979 187 470 95 637 791 547 227 856 331 146 290 597 58 648 451 366 925 394
1047 20 9200 247 857 767 786 846 824 987 213 515 977 60 903 111 620 481 96 706 799 293 913 823 403 191 209 856 788 66 134 705 876 873 133 759 405 791 813 962 188 462 487
2047 20 9200 705 876 191 209 462 487 856 788 706 799 791 813 481 96 873 133 293 913 60 903 759 405 767 786 111 620 962 188 66 134 846 824 515 977 247 857 987 213 823 403
3047 20 9200 191 209 60 903 791 813 873 133 856 788 962 188 247 857 987 213 706 799 66 134 515 977 111 620 293 913 846 824 767 786 705 876 462 487 481 96 823 403 759 405
4047 20 9200 293 913 791 813 66 134 873 133 962 188 247 857 191 209 60 903 987 213 481 96 462 487 705 876 759 405 846 824 856 788 515 977 111 620 823 403 767 786 706 799
5047 20 9200 759 405 962 188 823 403 846 824 111 620 191 209 856 788 873 133 247 857 706 799 791 813 705 876 293 913 987 213 462 487 60 903 481 96 767 786 66 134 515 977
1048 20 6811 327 808 583 629 592 613 512 328 293 181 303 617 554 569 934 564 92 797 71 809 97 124 434 837 395 759 521 96 191 691 714 947 638 723 793 815 353 996 117 779
2048 20 6811 583 629 638 723 117 779 191 691 714 947 793 815 71 809 934 564 521 96 293 181 512 328 97 124 327 808 92 797 554 569 592 613 303 617 353 996 434 837 395 759
3048 20 6811 793 815 303 617 71 809 395 759 583 629 117 779 638 723 191 691 434 837 353 996 592 613 714 947 512 328 293 181 97 124 554 569 934 564 521 96 92 797 327 808
4048 20 6811 353 996 293 181 92 797 303 617 592 613 583 629 97 124 71 809 521 96 934 564 793 815 434 837 395 759 714 947 512 328 554 569 638 723 327 808 191 691 117 779
5048 20 6811 583 629 117 779 353 996 793 815 92 797 934 564 395 759 521 96 97 124 303 617 714 947 638 723 191 691 554 569 71 809 512 328 293 181 327 808 434 837 592 613
1049 20 7074 338 101 32 279 477 299 275 399 654 954 98 701 109 118 451 710 754 565 354 884 474 443 570 226 794 79 266 781 496 769 958 383 305 760 32 557 837 932 569 506
2049 20 7074 305 760 98 701 496 769 837 932 109 118 794 79 474 443 754 565 569 506 32 557 654 954 451 710 32 279 266 781 477 299 354 884 570 226 275 399 338 101 958 383
3049 20 7074 305 760 109 118 754 565 32 557 794 79 654 954 451 710 338 101 275 399 32 279 958 383 98 701 354 884 266 781 570 226 569 506 837 932 474 443 496 769 477 299
4049 20 7074 109 118 338 101 754 565 654 954 32 557 32 279 266 781 354 884 98 701 958 383 837 932 474 443 275 399 794 79 451 710 305 760 477 299 569 506 570 226 496 769
5049 20 7074 32 557 354 884 109 118 98 701 654 954 496 769 338 101 451 710 570 226 474 443 569 506 754 565 275 399 958 383 794 79 837 932 305 760 266 781 477 299 32 279
1050 20 8585 177 846 699 95 185 545 41 80 690 402 903 466 221 459 95 676 601 700 743 67 390 558 730 558 614 310 431 461 438 615 977 648 543 653 810 691 571 197 873 284
2050 20 8585 977 648 601 700 903 466 730 558 438 615 690 402 221 459 571 197 699 95 177 846 873 284 390 558 431 461 543 653 614 310 810 691 185 545 41 80 743 67 95 676
3050 20 8585 41 80 690 402 873 284 431 461 221 459 95 676 438 615 730 558 903 466 177 846 977 648 543 653 614 310 743 67 810 691 699 95 601 700 390 558 571 197 185 545
4050 20 8585 699 95 390 558 903 466 185 545 614 310 690 402 873 284 431 461 177 846 810 691 221 459 95 676 41 80 571 197 601 700 977 648 543 653 730 558 438 615 743 67
5050 20 8585 730 558 177 846 571 197 543 653 95 676 614 310 390 558 185 545 977 648 743 67 41 80 903 466 810 691 221 459 690 402 699 95 431 461 873 284 438 615 601 700
1051 20 7172 129 217 659 409 273 368 338 473 43 471 496 615 515 353 682 640 241 786 526 694 366 711 254 328 357 277 753 600 135 723 969 697 932 801 45 278 576 252 677 160
2051 20 7172 526 694 357 277 515 353 659 409 366 711 682 640 338 473 135 723 241 786 677 160 932 801 496 615 45 278 254 328 969 697 753 600 43 471 273 368 576 252 129 217
3051 20 7172 753 600 526 694 969 697 273 368 43 471 366 711 129 217 241 786 677 160 45 278 357 277 682 640 338 473 659 409 515 353 576 252 496 615 932 801 254 328 135 723
4051 20 7172 135 723 659 409 366 711 682 640 357 277 969 697 932 801 129 217 677 160 241 786 576 252 526 694 515 353 43 471 273 368 45 278 254 328 753 600 338 473 496 615
5051 20 7172 969 697 366 711 338 473 526 694 43 471 496 615 129 217 677 160 241 786 254 328 753 600 682 640 135 723 932 801 576 252 659 409 515 353 273 368 45 278 357 277
1052 20 7524 888 792 22 866 343 607 206 911 332 190 45 8 430 991 507 239 690 469 365 142 777 367 338 738 920 263 998 44 888 349 16 411 205 730 958 359 306 773 172 59
2052 20 7524 888 792 22 866 958 359 205 730 332 190 365 142 920 263 338 738 430 991 998 44 45 8 777 367 343 607 306 773 888 349 690 469 507 239 16 411 172 59 206 911
3052 20 7524 690 469 22 866 205 730 343 607 172 59 958 359 920 263 998 44 206 911 888 349 888 792 430 991 45 8 16 411 365 142 332 190 306 773 507 239 777 367 338 738
4052 20 7524 777 367 920 263 958 359 338 738 365 142 172 59 45 8 998 44 690 469 206 911 507 239 430 991 16 411 306 773 888 792 205 730 22 866 343 607 332 190 888 349
5052 20 7524 306 773 690 469 888 792 365 142 22 866 343 607 45 8 206 911 172 59 920 263 777 367 507 239 998 44 958 359 430 991 338 738 332 190 16 411 888 349 205 730
1053 20 7248 311 550 430 164 451 205 408 766 784 517 731 33 5 975 974 37 303 678 336 425 953 288 695 434 179 156 951 865 498 650 37 308 191 319 204 928 397 578 223 754
2053 20 7248 37 308 408 766 695 434 974 37 397 578 498 650 336 425 5 975 951 865 430 164 204 928 784 517 311 550 451 205 191 319 223 754 731 33 303 678 953 288 179 156
3053 20 7248 731 33 303 678 179 156 223 754 951 865 784 517 451 205 430 164 191 319 498 650 204 928 695 434 974 37 336 425 5 975 953 288 311 550 397 578 408 766 37 308
4053 20 7248 951 865 311 550 408 766 731 33 336 425 191 319 695 434 430 164 37 308 784 517 397 578 498 650 5 975 204 928 303 678 223 754 451 205 179 156 974 37 953 288
5053 20 7248 451 205 397 578 336 425 408 766 5 975 784 517 303 678 179 156 953 288 37 308 498 650 204 928 695 434 311 550 191 319 430 164 731 33 951 865 223 754 974 37
1054 20 6785 682 197 631 336 328 919 436 824 272 50 100 699 765 802 27 820 244 445 236 384 142 858 241 622 341 278 658 204 487 757 403 840 825 406 553 308 220 912 891 680
2054 20 6785 631 336 341 278 682 197 236 384 142 858 553 308 328 919 403 840 487 757 825 406 891 680 27 820 436 824 272 50 765 802 100 699 244 445 220 912 658 204 241 622
3054 20 6785 328 919 272 50 27 820 682 197 241 622 142 858 658 204 553 308 220 912 403 840 436 824 825 406 236 384 891 680 100 699 765 802 244 445 631 336 487 757 341 278
4054 20 6785 436 824 220 912 27 820 403 840 241 622 487 757 100 699 142 858 341 278 328 919 244 445 236 384 765 802 891 680 658 204 825 406 553 308 631 336 682 197 272 50
5054 20 6785 436 824 220 912 272 50 553 308 241 622 27 820 244 445 825 406 100 699 341 278 658 204 765 802 891 680 328 919 487 757 236 384 682 197 631 336 142 858 403 840
1055 20 6658 676 982 288 522 186 880 34 957 624 817 466 763 536 281 568 597 570 571 358 505 918 638 926 893 366 455 57 291 282 873 135 867 325 857 892 861 81 937 35 57
2055 20 6658 34 957 366 455 81 937 624 817 918 638 186 880 135 867 288 522 35 57 926 893 466 763 536 281 358 505 570 571 676 982 282 873 568 597 57 291 325 857 892 861
3055 20 6658 325 857 34 957 81 937 892 861 358 505 918 638 57 291 536 281 135 867 366 455 570 571 466 763 676 982 926 893 186 880 288 522 35 57 282 873 624 817 568 597
4055 20 6658 918 638 34 957 926 893 358 505 570 571 35 57 892 861 624 817 186 880 568 597 135 867 676 982 282 873 325 857 57 291 466 763 288 522 81 937 536 281 366 455
5055 20 6658 325 857 34 957 366 455 676 982 624 817 135 867 918 638 536 281 926 893 282 873 288 522 570 571 81 937 466 763 892 861 186 880 568 597 35 57 358 505 57 291
1056 20 7771 234 677 377 201 835 805 467 104 745 403 174 462 197 509 953 831 626 475 457 752 743 278 281 208 954 6 546 155 102 199 545 77 383 435 423 804 91 256 581 738
2056 20 7771 174 462 383 435 581 738 626 475 91 256 197 509 377 201 953 831 546 155 954 6 545 77 281 208 467 104 423 804 745 403 234 677 457 752 835 805 743 278 102 199
3056 20 7771 102 199 626 475 383 435 745 403 91 256 197 509 281 208 546 155 377 201 835 805 457 752 545 77 174 462 954 6 581 738 423 804 467 104 234 677 953 831 743 278
4056 20 7771 102 199 626 475 954 6 545 77 835 805 383 435 467 104 423 804 457 752 745 403 743 278 174 462 581 738 377 201 953 831 234 677 197 509 546 155 91 256 281 208
5056 20 7771 174 462 467 104 546 155 545 77 745 403 102 199 835 805 626 475 743 278 953 831 377 201 383 435 457 752 281 208 581 738 197 509 954 6 423 804 91 256 234 677
1057 20 6889 106 534 762 53 539 899 154 379 64 365 187 713 334 948 790 605 100 330 761 160 401 107 916 483 908 183 95 948 516 261 398 148 942 632 142 802 295 901 202 788
2057 20 6889 762 53 516 261 202 788 761 160 142 802 539 899 908 183 398 148 295 901 401 107 187 713 334 948 95 948 790 605 942 632 154 379 64 365 106 534 100 330 916 483
3057 20 6889 202 788 942 632 539 899 398 148 64 365 334 948 762 53 401 107 187 713 916 483 790 605 154 379 106 534 516 261 761 160 95 948 100 330 295 901 142 802 908 183
4057 20 6889 790 605 154 379 762 53 142 802 64 365 106 534 95 948 401 107 761 160 398 148 202 788 539 899 942 632 334 948 916 483 187 713 516 261 100 330 295 901 908 183
5057 20 6889 516 261 916 483 202 788 908 183 106 534 64 365 401 107 100 330 398 148 334 948 761 160 95 948 142 802 187 713 539 899 790 605 154 379 295 901 942 632 762 53
1058 20 7472 992 939 406 673 431 221 159 566 251 431 602 615 542 733 117 871 608 928 850 869 559 192 766 622 560 204 713 295 39 186 59 545 812 771 253 80 52 846 570 930
2058 20 7472 713 295 406 673 602 615 251 431 560 204 992 939 39 186 850 869 559 192 431 221 766 622 52 846 253 80 117 871 59 545 570 930 159 566 542 733 812 771 608 928
3058 20 7472 117 871 251 431 713 295 570 930 39 186 560 204 766 622 812 771 253 80 431 221 159 566 52 846 992 939 850 869 602 615 608 928 542 733 59 545 559 192 406 673
4058 20 7472 570 930 608 928 59 545 542 733 406 673 812 771 117 871 251 431 253 80 992 939 560 204 766 622 52 846 850 869 602 615 39 186 431 221 713 295 559 192 159 566
5058 20 7472 117 871 251 431 766 622 159 566 812 771 560 204 570 930 253 80 992 939 602 615 850 869 406 673 713 295 608 928 59 545 559 192 52 846 542 733 39 186 431 221
1059 20 6418 203 533 801 909 554 803 729 517 21 23 102 611 349 20 202 613 270 186 431 915 67 328 337 65 840 184 200 236 744 389 853 377 954 870 301 372 60 561 5 719
2059 20 6418 202 613 954 870 337 65 270 186 349 20 301 372 5 719 853 377 744 389 840 184 200 236 203 533 554 803 60 561 431 915 102 611 67 328 21 23 729 517 801 909
3059 20 6418 349 20 954 870 337 65 67 328 60 561 431 915 853 377 270 186 202 613 840 184 203 533 21 23 729 517 801 909 5 719 744 389 554 803 200 236 102 611 301 372
4059 20 6418 200 236 67 328 60 561 840 184 853 377 270 186 21 23 202 613 729 517 744 389 102 611 301 372 554 803 337 65 431 915 203 533 5 719 801 909 349 20 954 870
5059 20 6418 301 372 5 719 21 23 554 803 200 236 67 328 729 517 337 65 203 533 270 186 801 909 431 915 202 613 102 611 954 870 840 184 853 377 744 389 60 561 349 20
1060 20 8149 719 772 556 225 163 229 730 511 401 49 165 471 414 747 470 34 698 781 232 958 738 99 312 52 68 369 87 322 685 966 821 706 737 286 781 457 577 998 833 421
2060 20 8149 685 966 401 49 737 286 556 225 68 369 232 958 781 457 470 34 698 781 165 471 312 52 414 747 577 998 821 706 163 229 719 772 738 99 730 511 833 421 87 322
3060 20 8149 312 52 698 781 414 747 470 34 87 322 165 471 232 958 577 998 68 369 821 706 556 225 833 421 401 49 738 99 685 966 719 772 730 511 163 229 737 286 781 457
4060 20 8149 68 369 87 322 719 772 163 229 401 49 833 421 556 225 821 706 414 747 730 511 165 471 698 781 685 966 577 998 737 286 312 52 470 34 232 958 738 99 781 457
5060 20 8149 232 958 165 471 312 52 87 322 414 747 401 49 738 99 821 706 833 421 698 781 781 457 68 369 737 286 470 34 163 229 730 511 577 998 685 966 556 225 719 772
1061 20 8128 829 526 317 52 597 360 913 889 254 902 299 354 72 734 703 342 524 103 624 559 900 255 955 796 140 613 196 401 819 772 739 518 317 534 314 60 413 894 235 781
2061 20 8128 196 401 597 360 254 902 624 559 703 342 900 255 829 526 524 103 317 52 739 518 955 796 314 60 317 534 913 889 140 613 819 772 299 354 413 894 235 781 72 734
3061 20 8128 254 902 703 342 413 894 524 103 624 559 913 889 739 518 317 52 819 772 597 360 314 60 317 534 140 613 299 354 900 255 235 781 955 796 196 401 72 734 829 526
4061 20 8128 196 401 597 360 819 772 299 354 703 342 235 781 624 559 317 534 955 796 317 52 413 894 900 255 254 902 829 526 913 889 72 734 524 103 314 60 140 613 739 518
5061 20 8128 829 526 703 342 317 52 254 902 235 781 72 734 317 534 524 103 196 401 299 354 913 889 140 613 819 772 739 518 413 894 314 60 624 559 597 360 955 796 900 255
1062 20 6029 999 131 377 656 281 895 149 614 389 42 366 633 527 817 125 464 874 476 292 402 308 848 710 911 131 802 47 826 340 731 28 254 555 106 834 229 15 544 190 631
2062 20 6029 710 911 389 42 555 106 47 826 281 895 28 254 874 476 292 402 125 464 131 802 999 131 308 848 834 229 15 544 190 631 527 817 340 731 377 656 149 614 366 633
3062 20 6029 527 817 15 544 377 656 555 106 125 464 834 229 340 731 308 848 710 911 389 42 190 631 366 633 47 826 149 614 999 131 874 476 28 254 131 802 281 895 292 402
4062 20 6029 190 631 340 731 308 848 366 633 377 656 131 802 281 895 834 229 292 402 47 826 15 544 874 476 389 42 527 817 999 131 149 614 555 106 710 911 125 464 28 254
5062 20 6029 190 631 281 895 131 802 340 731 125 464 308 848 999 131 834 229 292 402 149 614 28 254 527 817 47 826 555 106 377 656 389 42 710 911 15 544 874 476 366 633
1063 20 8344 142 164 879 181 734 975 989 434 391 749 384 392 901 345 357 619 307 1000 22 726 606 47 628 456 63 230 725 680 846 620 374 819 220 119 445 801 564 183 853 326
2063 20 8344 989 434 63 230 901 345 725 680 628 456 564 183 142 164 853 326 391 749 374 819 357 619 22 726 606 47 307 1000 384 392 734 975 879 181 445 801 846 620 220 119
3063 20 8344 879 181 564 183 357 619 374 819 22 726 606 47 846 620 989 434 384 392 391 749 220 119 734 975 725 680 628 456 853 326 307 1000 901 345 445 801 142 164 63 230
4063 20 8344 734 975 846 620 989 434 853 326 384 392 357 619 374 819 879 181 445 801 63 230 307 1000 606 47 725 680 22 726 564 183 628 456 142 164 391 749 901 345 220 119
5063 20 8344 564 183 22 726 879 181 220 119 846 620 725 680 357 619 63 230 142 164 853 326 384 392 391 749 307 1000 734 975 374 819 901 345 628 456 445 801 989 434 606 47
1064 20 7289 640 638 922 111 242 826 472 873 498 168 813 791 169 368 41 76 107 834 632 284 756 297 434 102 317 965 806 497 350 488 73 22 669 172 154 648 774 179 243 920
2064 20 7289 41 76 242 826 498 168 350 488 813 791 640 638 774 179 669 172 756 297 243 920 434 102 922 111 806 497 472 873 107 834 154 648 73 22 632 284 317 965 169 368
3064 20 7289 434 102 813 791 350 488 242 826 317 965 632 284 243 920 669 172 756 297 154 648 774 179 472 873 41 76 922 111 806 497 169 368 107 834 640 638 498 168 73 22
4064 20 7289 434 102 242 826 806 497 472 873 317 965 922 111 774 179 350 488 756 297 813 791 640 638 169 368 41 76 73 22 669 172 154 648 243 920 107 834 632 284 498 168
5064 20 7289 317 965 154 648 434 102 107 834 169 368 813 791 243 920 498 168 472 873 632 284 756 297 669 172 242 826 640 638 774 179 73 22 350 488 806 497 922 111 41 76
1065 20 9009 713 559 702 321 294 125 885 555 804 911 913 97 550 518 557 854 886 659 906 277 307 356 815 167 161 491 230 130 861 168 98 258 101 903 504 341 315 353 660 425
2065 20 9009 98 258 307 356 550 518 804 911 504 341 702 321 294 125 906 277 315 353 886 659 815 167 101 903 713 559 557 854 861 168 230 130 161 491 885 555 913 97 660 425
3065 20 9009 98 258 161 491 804 911 294 125 315 353 660 425 886 659 557 854 713 559 101 903 702 321 815 167 861 168 504 341 913 97 550 518 885 555 230 130 906 277 307 356
4065 20 9009 161 491 885 555 906 277 230 130 504 341 550 518 557 854 294 125 101 903 815 167 913 97 702 321 660 425 307 356 315 353 98 258 886 659 713 559 804 911 861 168
5065 20 9009 504 341 98 258 913 97 702 321 557 854 815 167 315 353 550 518 307 356 101 903 294 125 861 168 713 559 906 277 804 911 660 425 885 555 230 130 161 491 886 659
1066 20 7415 60 580 377 360 882 917 765 799 141 365 353 821 54 288 496 622 891 553 949 69 365 570 643 939 146 558 954 965 371 943 452 218 640 84 464 778 23 217 243 513
2066 20 7415 452 218 882 917 949 69 23 217 60 580 765 799 141 365 146 558 891 553 377 360 464 778 243 513 496 622 353 821 365 570 643 939 371 943 54 288 640 84 954 965
3066 20 7415 464 778 496 622 54 288 243 513 365 570 146 558 452 218 60 580 353 821 643 939 23 217 882 917 141 365 377 360 371 943 640 84 954 965 949 69 891 553 765 799
4066 20 7415 60 580 23 217 954 965 765 799 464 778 141 365 146 558 949 69 452 218 882 917 371 943 640 84 353 821 54 288 643 939 496 622 891 553 243 513 377 360 365 570
5066 20 7415 141 365 54 288 464 778 377 360 640 84 146 558 643 939 891 553 365 570 353 821 882 917 243 513 60 580 949 69 765 799 954 965 23 217 371 943 496 622 452 218
1067 20 9614 736 472 524 144 181 933 992 639 912 95 916 67 812 214 796 432 152 918 235 887 827 257 6 524 439 653 855 814 785 425 552 89 873 850 450 758 312 843 663 132
2067 20 9614 181 933 524 144 855 814 312 843 439 653 6 524 152 918 873 850 663 132 916 67 992 639 827 257 912 95 450 758 552 89 796 432 812 214 235 887 736 472 785 425
3067 20 9614 912 95 663 132 450 758 6 524 152 918 235 887 916 67 873 850 855 814 736 472 312 843 796 432 552 89 181 933 812 214 785 425 524 144 439 653 992 639 827 257
4067 20 9614 916 67 524 144 552 89 873 850 912 95 812 214 6 524 152 918 181 933 439 653 992 639 785 425 235 887 827 257 450 758 736 472 663 132 796 432 312 843 855 814
5067 20 9614 992 639 181 933 796 432 912 95 312 843 827 257 450 758 873 850 6 524 736 472 812 214 524 144 235 887 916 67 152 918 439 653 552 89 785 425 663 132 855 814
1068 20 7383 922 168 169 682 568 64 191 901 433 92 215 556 555 68 744 581 82 298 229 80 25 264 385 377 525 187 286 996 622 560 878 603 615 634 940 201 223 782 622 237
2068 20 7383 940 201 525 187 169 682 622 237 229 80 25 264 82 298 223 782 555 68 433 92 215 556 385 377 568 64 191 901 615 634 878 603 744 581 922 168 286 996 622 560
3068 20 7383 229 80 940 201 385 377 169 682 223 782 615 634 433 92 25 264 82 298 191 901 215 556 744 581 555 68 878 603 622 560 525 187 286 996 568 64 622 237 922 168
4068 20 7383 922 168 433 92 622 560 568 64 940 201 615 634 215 556 878 603 555 68 525 187 82 298 223 782 622 237 744 581 229 80 25 264 286 996 385 377 191 901 169 682
5068 20 7383 922 168 191 901 878 603 215 556 169 682 223 782 622 237 555 68 568 64 82 298 385 377 25 264 286 996 229 80 622 560 615 634 525 187 744 581 433 92 940 201
1069 20 7900 395 170 794 216 738 274 765 571 72 531 641 817 771 192 164 37 123 762 626 999 44 745 581 474 897 519 767 815 427 939 143 530 652 133 173 70 311 69 792 426
2069 20 7900 395 170 72 531 897 519 164 37 311 69 771 192 652 133 44 745 738 274 581 474 641 817 794 216 427 939 792 426 143 530 173 70 765 571 767 815 123 762 626 999
3069 20 7900 581 474 641 817 792 426 123 762 395 170 164 37 72 531 771 192 897 519 143 530 794 216 652 133 767 815 173 70 427 939 626 999 738 274 44 745 311 69 765 571
4069 20 7900 765 571 311 69 72 531 581 474 395 170 641 817 427 939 164 37 794 216 652 133 626 999 767 815 771 192 123 762 44 745 143 530 792 426 173 70 897 519 738 274
5069 20 7900 123 762 767 815 173 70 641 817 652 133 395 170 771 192 581 474 738 274 311 69 44 745 164 37 72 531 897 519 792 426 794 216 626 999 143 530 765 571 427 939
1070 20 8071 672 135 540 926 417 361 791 546 793 96 358 819 693 681 353 676 388 273 601 374 635 967 900 704 357 346 38 765 449 449 30 506 196 121 751 984 911 732 216 933
2070 20 8071 449 449 635 967 540 926 357 346 601 374 791 546 38 765 358 819 196 121 911 732 751 984 900 704 216 933 417 361 30 506 672 135 693 681 388 273 793 96 353 676
3070 20 8071 793 96 30 506 635 967 449 449 216 933 540 926 900 704 196 121 358 819 417 361 791 546 357 346 38 765 693 681 388 273 911 732 601 374 353 676 751 984 672 135
4070 20 8071 417 361 540 926 38 765 751 984 196 121 357 346 388 273 635 967 672 135 601 374 353 676 449 449 793 96 693 681 358 819 30 506 216 933 791 546 900 704 911 732
5070 20 8071 900 704 358 819 216 933 672 135 38 765 388 273 357 346 693 681 911 732 751 984 791 546 196 121 417 361 540 926 601 374 449 449 635 967 793 96 30 506 353 676
1071 20 8972 85 311 332 467 349 37 254 943 447 299 901 95 711 921 82 468 830 287 155 685 836 770 23 385 34 629 648 112 995 851 822 357 918 404 887 278 987 406 920 5
2071 20 8972 836 770 23 385 447 299 85 311 830 287 901 95 920 5 648 112 918 404 711 921 155 685 887 278 822 357 332 467 995 851 34 629 82 468 349 37 987 406 254 943
3071 20 8972 836 770 901 95 995 851 447 299 332 467 711 921 85 311 82 468 23 385 34 629 349 37 648 112 822 357 830 287 918 404 254 943 155 685 920 5 887 278 987 406
4071 20 8972 901 95 34 629 995 851 349 37 254 943 155 685 836 770 648 112 711 921 987 406 887 278 822 357 830 287 918 404 920 5 23 385 332 467 447 299 85 311 82 468
5071 20 8972 155 685 34 629 349 37 332 467 82 468 920 5 23 385 822 357 85 311 447 299 918 404 648 112 887 278 901 95 836 770 254 943 995 851 711 921 987 406 830 287
1072 20 7944 156 846 14 497 968 935 631 571 783 659 765 119 448 973 44 682 123 540 335 914 788 782 674 408 657 235 641 714 688 999 390 446 107 487 885 888 562 176 271 267
2072 20 7944 968 935 631 571 448 973 390 446 783 659 271 267 765 119 14 497 335 914 641 714 657 235 44 682 562 176 885 888 688 999 123 540 788 782 156 846 107 487 674 408
3072 20 7944 968 935 335 914 44 682 783 659 156 846 123 540 562 176 788 782 657 235 107 487 885 888 674 408 448 973 14 497 688 999 641 714 765 119 271 267 390 446 631 571
4072 20 7944 390 446 448 973 14 497 657 235 335 914 783 659 674 408 688 999 641 714 885 888 271 267 123 540 156 846 44 682 765 119 107 487 631 571 788 782 968 935 562 176
5072 20 7944 14 497 885 888 783 659 448 973 44 682 107 487 631 571 641 714 123 540 788 782 562 176 271 267 390 446 688 999 657 235 968 935 765 119 156 846 674 408 335 914
1073 20 7086 797 886 800 945 31 327 254 324 589 66 855 16 558 151 427 672 898 209 546 403 297 729 832 973 304 943 584 816 11 878 677 770 211 381 18 518 160 522 9 816
2073 20 7086 297 729 11 878 9 816 589 66 18 518 304 943 832 973 211 381 677 770 797 886 160 522 31 327 855 16 558 151 546 403 254 324 800 945 584 816 427 672 898 209
3073 20 7086 211 381 9 816 18 518 254 324 297 729 898 209 304 943 11 878 558 151 584 816 797 886 160 522 832 973 546 403 677 770 427 672 31 327 800 945 589 66 855 16
4073 20 7086 427 672 832 973 304 943 297 729 31 327 800 945 546 403 584 816 18 518 797 886 11 878 558 151 589 66 898 209 160 522 254 324 677 770 211 381 855 16 9 816
5073 20 7086 297 729 160 522 9 816 677 770 546 403 18 518 797 886 254 324 589 66 11 878 855 16 304 943 800 945 558 151 31 327 427 672 898 209 211 381 584 816 832 973
1074 20 7720 209 19 370 798 722 283 525 268 195 949 917 319 538 14 496 24 234 879 453 140 516 892 976 314 423 909 200 319 357 281 926 142 952 684 86 392 532 820 23 171
2074 20 7720 722 283 525 268 423 909 195 949 976 314 357 281 917 319 532 820 538 14 86 392 926 142 200 319 952 684 453 140 516 892 209 19 23 171 370 798 496 24 234 879
3074 20 7720 23 171 370 798 357 281 200 319 722 283 453 140 496 24 86 392 917 319 516 892 952 684 234 879 525 268 976 314 926 142 532 820 195 949 209 19 423 909 538 14
4074 20 7720 200 319 234 879 357 281 952 684 525 268 86 392 917 319 538 14 23 171 926 142 532 820 423 909 516 892 453 140 722 283 195 949 976 314 496 24 209 19 370 798
5074 20 7720 357 281 952 684 200 319 516 892 525 268 722 283 423 909 209 19 23 171 532 820 370 798 453 140 917 319 86 392 926 142 538 14 496 24 195 949 976 314 234 879
1075 20 7402 775 33 369 617 543 351 335 340 767 945 601 302 545 95 286 37 243 38 706 932 202 597 890 916 866 150 513 958 427 799 36 666 191 305 345 29 299 51 314 98
2075 20 7402 36 666 767 945 775 33 545 95 243 38 369 617 345 29 314 98 427 799 335 340 706 932 191 305 866 150 601 302 202 597 543 351 890 916 286 37 299 51 513 958
3075 20 7402 243 38 299 51 601 302 36 666 335 340 706 932 767 945 866 150 202 597 369 617 427 799 191 305 345 29 775 33 890 916 314 98 543 351 286 37 513 958 545 95
4075 20 7402 243 38 513 958 890 916 601 302 202 597 545 95 299 51 767 945 314 98 427 799 706 932 866 150 543 351 345 29 286 37 36 666 191 305 775 33 369 617 335 340
5075 20 7402 513 958 286 37 866 150 314 98 427 799 335 340 299 51 890 916 543 351 36 666 191 305 775 33 545 95 601 302 202 597 345 29 706 932 767 945 369 617 243 38
1076 20 7129 526 975 336 323 450 965 212 82 347 315 147 202 135 40 684 760 320 433 756 174 227 366 624 272 145 394 146 138 941 986 763 521 331 809 933 591 417 378 472 949
2076 20 7129 147 202 526 975 135 40 336 323 146 138 684 760 212 82 450 965 320 433 472 949 933 591 763 521 145 394 756 174 941 986 347 315 227 366 624 272 417 378 331 809
3076 20 7129 146 138 941 986 756 174 347 315 212 82 147 202 331 809 472 949 450 965 320 433 933 591 417 378 135 40 763 521 684 760 624 272 336 323 526 975 145 394 227 366
4076 20 7129 624 272 145 394 135 40 763 521 684 760 212 82 526 975 347 315 336 323 146 138 320 433 756 174 147 202 472 949 933 591 417 378 941 986 450 965 227 366 331 809
5076 20 7129 450 965 227 366 146 138 147 202 684 760 347 315 212 82 933 591 756 174 331 809 336 323 472 949 417 378 135 40 941 986 145 394 526 975 763 521 320 433 624 272
1077 20 6588 82 612 89 602 40 750 109 707 78 832 509 63 354 194 822 225 559 832 789 619 143 834 573 86 581 889 343 968 516 957 391 834 512 711 712 528 250 551 783 65
2077 20 6588 712 528 78 832 40 750 250 551 391 834 143 834 789 619 82 612 89 602 509 63 354 194 581 889 783 65 573 86 109 707 559 832 822 225 512 711 343 968 516 957
3077 20 6588 391 834 712 528 109 707 509 63 822 225 516 957 143 834 581 889 783 65 573 86 559 832 82 612 78 832 89 602 343 968 789 619 40 750 354 194 512 711 250 551
4077 20 6588 343 968 581 889 783 65 509 63 250 551 516 957 573 86 78 832 712 528 109 707 82 612 354 194 789 619 822 225 143 834 559 832 40 750 391 834 512 711 89 602
5077 20 6588 78 832 581 889 712 528 343 968 573 86 822 225 789 619 89 602 516 957 509 63 783 65 143 834 512 711 109 707 82 612 559 832 354 194 391 834 40 750 250 551
1078 20 6042 348 517 519 220 678 97 9 125 131 239 782 201 425 397 42 816 141 680 520 614 444 324 478 759 50 867 535 131 530 44 717 833 496 902 159 683 502 914 47 993
2078 20 6042 519 220 496 902 535 131 47 993 141 680 520 614 50 867 502 914 348 517 530 44 444 324 478 759 425 397 717 833 42 816 159 683 782 201 678 97 9 125 131 239
3078 20 6042 717 833 444 324 141 680 535 131 520 614 348 517 478 759 159 683 9 125 519 220 47 993 50 867 496 902 530 44 502 914 782 201 425 397 678 97 131 239 42 816
4078 20 6042 131 239 478 759 50 867 42 816 425 397 678 97 159 683 9 125 519 220 141 680 348 517 782 201 520 614 530 44 496 902 444 324 535 131 47 993 717 833 502 914
5078 20 6042 520 614 348 517 530 44 444 324 717 833 782 201 42 816 425 397 131 239 678 97 535 131 519 220 9 125 47 993 50 867 502 914 496 902 478 759 141 680 159 683
1079 20 8752 897 80 779 479 705 322 872 404 592 153 858 210 83 157 66 617 17 646 867 43 795 260 395 995 48 47 893 146 889 923 70 989 339 510 808 163 370 286 597 402
2079 20 8752 48 47 867 43 597 402 339 510 705 322 395 995 83 157 858 210 872 404 795 260 893 146 889 923 592 153 17 646 808 163 897 80 779 479 370 286 66 617 70 989
3079 20 8752 872 404 808 163 867 43 395 995 66 617 17 646 83 157 779 479 48 47 889 923 370 286 597 402 858 210 893 146 339 510 705 322 795 260 70 989 897 80 592 153
4079 20 8752 808 163 370 286 795 260 66 617 889 923 83 157 597 402 872 404 893 146 395 995 17 646 339 510 867 43 592 153 70 989 779 479 48 47 897 80 858 210 705 322
5079 20 8752 17 646 705 322 889 923 83 157 339 510 867 43 795 260 395 995 66 617 893 146 70 989 779 479 597 402 808 163 897 80 872 404 48 47 592 153 858 210 370 286
1080 20 8081 314 719 82 965 644 564 551 13 14 236 906 758 674 892 325 963 729 653 190 773 983 41 260 94 594 505 819 891 491 846 611 366 36 161 762 544 178 914 939 891
2080 20 8081 983 41 594 505 939 891 644 564 611 366 674 892 190 773 14 236 819 891 762 544 82 965 551 13 325 963 729 653 491 846 314 719 36 161 906 758 178 914 260 94
3080 20 8081 178 914 674 892 82 965 983 41 906 758 939 891 611 366 325 963 819 891 594 505 762 544 729 653 36 161 314 719 14 236 644 564 491 846 260 94 190 773 551 13
4080 20 8081 325 963 611 366 594 505 644 564 491 846 36 161 82 965 190 773 551 13 939 891 260 94 14 236 674 892 983 41 819 891 178 914 906 758 762 544 729 653 314 719
5080 20 8081 325 963 644 564 82 965 674 892 491 846 939 891 594 505 983 41 551 13 762 544 14 236 178 914 190 773 314 719 819 891 36 161 611 366 906 758 260 94 729 653
1081 20 8589 23 530 180 993 351 269 892 52 916 771 452 703 949 389 43 119 381 909 456 942 659 886 732 950 322 424 232 489 916 829 892 695 570 553 73 682 724 798 974 707
2081 20 8589 452 703 43 119 974 707 351 269 23 530 916 829 892 695 322 424 724 798 916 771 180 993 659 886 732 950 570 553 381 909 73 682 892 52 232 489 456 942 949 389
3081 20 8589 73 682 23 530 659 886 322 424 732 950 232 489 892 695 180 993 949 389 892 52 456 942 381 909 974 707 351 269 43 119 724 798 570 553 916 829 916 771 452 703
4081 20 8589 892 695 732 950 949 389 892 52 351 269 659 886 570 553 232 489 724 798 381 909 974 707 180 993 916 771 456 942 452 703 43 119 916 829 23 530 322 424 73 682
5081 20 8589 659 886 974 707 180 993 916 771 916 829 570 553 23 530 232 489 949 389 456 942 452 703 73 682 892 52 892 695 322 424 732 950 381 909 43 119 351 269 724 798
1082 20 9559 680 268 242 905 879 549 99 940 706 40 477 696 841 836 724 575 631 229 813 946 63 514 853 691 477 580 978 643 723 541 268 240 857 895 140 262 661 1 837 476
2082 20 9559 242 905 706 40 140 262 63 514 857 895 978 643 680 268 99 940 723 541 631 229 477 696 268 240 853 691 837 476 879 549 477 580 724 575 841 836 661 1 813 946
3082 20 9559 724 575 706 40 723 541 879 549 978 643 853 691 631 229 477 696 837 476 680 268 661 1 813 946 857 895 841 836 477 580 268 240 63 514 99 940 242 905 140 262
4082 20 9559 140 262 879 549 841 836 477 580 853 691 477 696 661 1 631 229 978 643 857 895 99 940 268 240 723 541 680 268 63 514 242 905 706 40 813 946 724 575 837 476
5082 20 9559 268 240 706 40 879 549 477 696 853 691 680 268 723 541 661 1 724 575 837 476 477 580 140 262 813 946 841 836 857 895 631 229 99 940 63 514 978 643 242 905
1083 20 9852 979 378 548 754 616 970 798 292 956 894 819 992 616 413 44 45 600 712 284 273 519 835 617 723 971 111 599 936 357 416 237 391 858 146 186 468 952 659 759 578
2083 20 9852 956 894 819 992 519 835 599 936 186 468 798 292 600 712 548 754 858 146 284 273 952 659 979 378 357 416 44 45 971 111 616 970 616 413 759 578 237 391 617 723
3083 20 9852 186 468 600 712 599 936 956 894 971 111 284 273 759 578 548 754 858 146 44 45 798 292 616 970 819 992 519 835 237 391 952 659 979 378 357 416 617 723 616 413
4083 20 9852 600 712 858 146 599 936 617 723 616 970 237 391 979 378 971 111 798 292 519 835 956 894 952 659 357 416 548 754 759 578 284 273 819 992 616 413 44 45 186 468
5083 20 9852 798 292 819 992 858 146 519 835 599 936 284 273 357 416 617 723 616 413 616 970 600 712 548 754 759 578 971 111 44 45 956 894 237 391 186 468 952 659 979 378
1084 20 6674 273 804 284 773 446 199 796 145 589 620 408 176 35 30 891 743 577 219 258 394 317 632 228 272 290 101 128 110 357 795 237 396 815 532 533 842 502 991 379 327
2084 20 6674 317 632 446 199 290 101 237 396 228 272 128 110 796 145 891 743 284 773 357 795 502 991 273 804 577 219 379 327 815 532 35 30 589 620 533 842 408 176 258 394
3084 20 6674 357 795 577 219 35 30 228 272 891 743 502 991 796 145 589 620 284 773 128 110 258 394 408 176 533 842 317 632 290 101 237 396 273 804 446 199 379 327 815 532
4084 20 6674 891 743 284 773 533 842 317 632 35 30 408 176 577 219 502 991 128 110 589 620 258 394 237 396 290 101 357 795 228 272 273 804 815 532 446 199 379 327 796 145
5084 20 6674 290 101 35 30 317 632 796 145 891 743 237 396 533 842 589 620 357 795 128 110 228 272 284 773 379 327 273 804 446 199 502 991 815 532 258 394 408 176 577 219
1085 20 8510 677 533 148 991 377 150 438 822 970 516 51 380 681 856 932 105 862 620 979 143 491 291 631 766 6 528 821 235 606 533 296 917 272 144 441 52 639 525 320 979
2085 20 8510 148 991 6 528 631 766 677 533 862 620 821 235 639 525 296 917 970 516 606 533 441 52 438 822 932 105 51 380 272 144 681 856 320 979 377 150 491 291 979 143
3085 20 8510 148 991 681 856 862 620 441 52 932 105 377 150 296 917 606 533 970 516 438 822 631 766 272 144 6 528 677 533 491 291 639 525 821 235 979 143 320 979 51 380
4085 20 8510 862 620 51 380 606 533 296 917 631 766 677 533 272 144 979 143 320 979 441 52 821 235 491 291 377 150 148 991 932 105 6 528 438 822 639 525 681 856 970 516
5085 20 8510 606 533 979 143 970 516 677 533 681 856 631 766 148 991 639 525 272 144 438 822 320 979 51 380 441 52 377 150 296 917 932 105 821 235 491 291 6 528 862 620
1086 20 7367 641 180 246 528 422 929 323 992 772 485 407 799 915 470 614 355 31 811 144 588 133 144 624 442 405 489 234 646 492 627 92 823 252 533 662 652 800 41 1000 756
2086 20 7367 323 992 624 442 800 41 133 144 422 929 662 652 915 470 246 528 492 627 641 180 234 646 772 485 614 355 144 588 405 489 407 799 31 811 1000 756 92 823 252 533
3086 20 7367 144 588 246 528 234 646 133 144 641 180 405 489 915 470 31 811 492 627 252 533 1000 756 624 442 422 929 323 992 772 485 92 823 407 799 614 355 800 41 662 652
4086 20 7367 407 799 252 533 234 646 92 823 641 180 624 442 614 355 405 489 133 144 422 929 1000 756 492 627 915 470 800 41 662 652 144 588 323 992 31 811 246 528 772 485
5086 20 7367 323 992 1000 756 422 929 662 652 800 41 641 180 246 528 492 627 144 588 234 646 405 489 915 470 31 811 407 799 252 533 624 442 614 355 772 485 133 144 92 823
1087 20 7598 394 372 817 756 932 57 509 302 801 577 50 263 111 878 638 388 164 525 41 415 807 881 488 847 822 64 710 394 176 496 130 463 38 248 500 524 510 616 860 731
2087 20 7598 394 372 130 463 822 64 176 496 638 388 38 248 500 524 932 57 509 302 801 577 710 394 817 756 164 525 807 881 111 878 860 731 41 415 510 616 50 263 488 847
3087 20 7598 801 577 176 496 509 302 638 388 41 415 38 248 164 525 510 616 394 372 860 731 817 756 111 878 807 881 822 64 50 263 932 57 488 847 130 463 710 394 500 524
4087 20 7598 807 881 50 263 41 415 932 57 710 394 822 64 801 577 111 878 164 525 488 847 817 756 394 372 638 388 860 731 510 616 130 463 500 524 38 248 176 496 509 302
5087 20 7598 932 57 176 496 164 525 710 394 817 756 41 415 638 388 509 302 38 248 111 878 488 847 500 524 510 616 130 463 807 881 394 372 860 731 50 263 801 577 822 64
1088 20 9632 763 685 424 896 855 636 654 200 813 517 815 440 571 994 609 891 382 672 388 144 486 438 45 255 750 478 545 217 939 253 717 836 689 914 925 390 315 450 355 498
2088 20 9632 45 255 388 144 813 517 424 896 545 217 717 836 815 440 571 994 763 685 925 390 355 498 654 200 315 450 689 914 382 672 609 891 855 636 750 478 939 253 486 438
3088 20 9632 855 636 388 144 815 440 382 672 571 994 424 896 750 478 939 253 717 836 45 255 609 891 315 450 763 685 925 390 545 217 689 914 654 200 355 498 813 517 486 438
4088 20 9632 382 672 763 685 388 144 45 255 315 450 750 478 654 200 571 994 424 896 855 636 545 217 486 438 939 253 925 390 355 498 815 440 813 517 717 836 609 891 689 914
5088 20 9632 717 836 486 438 609 891 545 217 424 896 855 636 939 253 388 144 763 685 315 450 654 200 571 994 925 390 750 478 355 498 689 914 382 672 813 517 815 440 45 255
1089 20 7797 667 422 792 958 298 325 764 548 918 79 2 441 582 498 441 204 19 466 339 71 512 104 263 629 542 50 775 596 203 671 636 328 652 870 224 291 834 542 284 355
2089 20 7797 19 466 667 422 792 958 834 542 652 870 582 498 775 596 2 441 298 325 284 355 441 204 263 629 512 104 764 548 636 328 542 50 203 671 339 71 918 79 224 291
3089 20 7797 918 79 764 548 19 466 203 671 667 422 224 291 2 441 339 71 542 50 298 325 284 355 652 870 834 542 792 958 636 328 441 204 775 596 512 104 582 498 263 629
4089 20 7797 636 328 667 422 203 671 652 870 298 325 918 79 224 291 792 958 775 596 263 629 441 204 19 466 2 441 764 548 339 71 284 355 582 498 834 542 542 50 512 104
5089 20 7797 203 671 582 498 542 50 2 441 667 422 224 291 775 596 263 629 441 204 512 104 834 542 918 79 298 325 764 548 792 958 652 870 636 328 339 71 19 466 284 355
1090 20 8492 281 25 229 868 224 169 429 643 568 941 232 608 36 306 747 637 817 602 689 223 199 598 947 941 706 312 158 500 816 701 725 959 985 783 838 355 909 840 81 559
2090 20 8492 985 783 429 643 909 840 725 959 232 608 281 25 838 355 817 602 947 941 81 559 36 306 747 637 689 223 158 500 224 169 199 598 816 701 568 941 706 312 229 868
3090 20 8492 985 783 158 500 229 868 817 602 747 637 429 643 81 559 689 223 199 598 838 355 36 306 909 840 706 312 224 169 725 959 232 608 816 701 281 25 947 941 568 941
4090 20 8492 817 602 229 868 816 701 909 840 199 598 689 223 725 959 429 643 36 306 985 783 281 25 81 559 232 608 158 500 706 312 838 355 568 941 747 637 224 169 947 941
5090 20 8492 909 840 706 312 224 169 816 701 81 559 158 500 689 223 36 306 947 941 568 941 281 25 199 598 985 783 429 643 817 602 229 868 232 608 725 959 838 355 747 637
1091 20 9099 551 437 75 577 684 461 780 922 677 529 375 919 730 946 844 15 74 990 968 999 951 124 446 310 177 467 937 20 251 308 935 280 114 625 840 262 618 342 347 827
2091 20 9099 730 946 844 15 446 310 937 20 780 922 375 919 684 461 75 577 840 262 251 308 951 124 177 467 968 999 618 342 551 437 347 827 74 990 935 280 114 625 677 529
3091 20 9099 780 922 677 529 951 124 551 437 935 280 684 461 347 827 375 919 730 946 177 467 75 577 446 310 968 999 618 342 937 20 74 990 844 15 840 262 114 625 251 308
4091 20 9099 937 20 618 342 844 15 840 262 251 308 114 625 551 437 375 919 730 946 684 461 951 124 446 310 75 577 780 922 677 529 347 827 968 999 935 280 74 990 177 467
5091 20 9099 74 990 780 922 446 310 375 919 968 999 937 20 935 280 951 124 840 262 251 308 551 437 177 467 347 827 844 15 677 529 114 625 75 577 684 461 618 342 730 946
1092 20 8024 288 535 775 392 863 835 202 203 430 326 409 989 401 809 889 657 67 5 422 599 55 317 433 473 705 100 722 666 27 827 302 161 844 979 547 868 678 153 972 39
2092 20 8024 722 666 863 835 288 535 678 153 775 392 430 326 67 5 972 39 302 161 547 868 55 317 889 657 409 989 401 809 433 473 27 827 202 203 422 599 844 979 705 100
3092 20 8024 547 868 863 835 722 666 430 326 67 5 678 153 972 39 889 657 202 203 302 161 844 979 409 989 401 809 433 473 288 535 27 827 705 100 775 392 422 599 55 317
4092 20 8024 972 39 889 657 430 326 844 979 422 599 302 161 27 827 401 809 55 317 288 535 547 868 722 666 775 392 202 203 67 5 705 100 863 835 433 473 678 153 409 989
5092 20 8024 67 5 409 989 844 979 401 809 889 657 27 827 705 100 302 161 422 599 202 203 722 666 55 317 972 39 547 868 863 835 678 153 430 326 288 535 433 473 775 392
1093 20 10584 834 76 932 931 978 54 966 338 677 999 836 143 461 817 882 90 184 50 356 784 738 40 248 172 765 53 621 708 787 450 466 549 284 928 919 569 879 483 418 238
2093 20 10584 765 53 738 40 461 817 184 50 621 708 932 931 836 143 834 76 248 172 919 569 879 483 677 999 466 549 284 928 356 784 882 90 418 238 787 450 966 338 978 54
3093 20 10584 834 76 932 931 677 999 738 40 919 569 765 53 836 143 966 338 356 784 461 817 621 708 879 483 466 549 284 928 184 50 978 54 418 238 248 172 787 450 882 90
4093 20 10584 932 931 919 569 882 90 836 143 418 238 356 784 184 50 879 483 284 928 677 999 461 817 738 40 966 338 466 549 787 450 834 76 248 172 621 708 765 53 978 54
5093 20 10584 966 338 284 928 834 76 466 549 461 817 879 483 765 53 356 784 418 238 836 143 787 450 738 40 919 569 978 54 248 172 184 50 677 999 882 90 621 708 932 931
1094 20 8336 215 456 525 981 261 868 973 577 57 869 933 264 143 147 860 419 504 762 370 515 899 210 43 115 753 854 611 659 614 202 396 420 517 500 382 811 719 942 645 300
2094 20 8336 517 500 504 762 719 942 370 515 973 577 753 854 215 456 933 264 143 147 525 981 396 420 261 868 57 869 43 115 860 419 614 202 645 300 611 659 382 811 899 210
3094 20 8336 611 659 215 456 504 762 370 515 614 202 753 854 860 419 43 115 382 811 525 981 261 868 57 869 645 300 517 500 719 942 933 264 143 147 973 577 899 210 396 420
4094 20 8336 899 210 611 659 504 762 57 869 645 300 382 811 261 868 860 419 933 264 525 981 973 577 370 515 753 854 43 115 517 500 719 942 215 456 396 420 614 202 143 147
5094 20 8336 43 115 382 811 215 456 645 300 143 147 860 419 614 202 753 854 611 659 504 762 719 942 973 577 525 981 933 264 396 420 517 500 57 869 370 515 899 210 261 868
1095 20 6730 196 840 565 422 25 177 550 894 616 70 110 321 54 479 422 91 908 790 229 264 182 227 503 268 280 156 904 254 797 477 291 94 433 949 643 943 361 458 344 765
2095 20 6730 361 458 550 894 422 91 433 949 503 268 280 156 54 479 291 94 797 477 565 422 616 70 229 264 904 254 182 227 25 177 196 840 110 321 643 943 344 765 908 790
3095 20 6730 422 91 616 70 643 943 280 156 904 254 433 949 565 422 110 321 182 227 550 894 25 177 797 477 344 765 54 479 196 840 361 458 908 790 503 268 291 94 229 264
4095 20 6730 344 765 25 177 908 790 54 479 280 156 229 264 550 894 643 943 110 321 196 840 904 254 503 268 433 949 422 91 182 227 291 94 361 458 797 477 565 422 616 70
5095 20 6730 503 268 904 254 196 840 291 94 25 177 54 479 229 264 643 943 361 458 182 227 280 156 110 321 616 70 565 422 908 790 550 894 797 477 433 949 422 91 344 765
1096 20 8556 244 55 808 500 778 82 155 871 651 432 763 43 341 215 794 793 539 568 453 843 996 435 346 55 587 74 421 162 467 459 495 173 307 649 986 481 336 518 229 904
2096 20 8556 229 904 763 43 778 82 539 568 794 793 336 518 155 871 986 481 244 55 808 500 421 162 341 215 651 432 307 649 467 459 495 173 996 435 453 843 346 55 587 74
3096 20 8556 229 904 651 432 495 173 346 55 467 459 808 500 587 74 794 793 996 435 341 215 539 568 155 871 244 55 307 649 421 162 778 82 453 843 763 43 986 481 336 518
4096 20 8556 307 649 229 904 155 871 495 173 794 793 244 55 808 500 467 459 763 43 341 215 453 843 336 518 986 481 778 82 996 435 651 432 421 162 346 55 539 568 587 74
5096 20 8556 539 568 467 459 651 432 996 435 155 871 341 215 986 481 808 500 307 649 778 82 587 74 229 904 346 55 763 43 244 55 421 162 495 173 794 793 453 843 336 518
1097 20 8841 569 572 501 102 69 438 830 990 512 578 370 727 301 352 705 696 624 449 333 269 901 238 757 808 762 268 875 636 865 204 363 903 960 182 39 186 237 828 479 497
2097 20 8841 875 636 624 449 762 268 705 696 237 828 512 578 479 497 69 438 960 182 901 238 370 727 569 572 865 204 333 269 301 352 757 808 363 903 830 990 501 102 39 186
3097 20 8841 333 269 363 903 865 204 901 238 69 438 830 990 624 449 501 102 301 352 762 268 569 572 757 808 479 497 237 828 705 696 960 182 875 636 512 578 370 727 39 186
4097 20 8841 569 572 865 204 479 497 39 186 705 696 830 990 333 269 501 102 875 636 301 352 69 438 762 268 901 238 512 578 370 727 960 182 237 828 757 808 363 903 624 449
5097 20 8841 875 636 569 572 479 497 757 808 960 182 370 727 762 268 705 696 865 204 830 990 333 269 901 238 512 578 69 438 39 186 301 352 363 903 501 102 237 828 624 449
1098 20 8268 631 83 625 63 835 517 161 386 657 478 837 802 40 257 104 604 939 189 402 132 844 802 560 85 371 661 987 35 456 1000 555 879 85 602 354 2 781 449 112 543
2098 20 8268 161 386 40 257 835 517 112 543 555 879 371 661 837 802 939 189 402 132 104 604 354 2 560 85 657 478 844 802 85 602 781 449 456 1000 987 35 631 83 625 63
3098 20 8268 844 802 371 661 456 1000 837 802 657 478 161 386 625 63 112 543 85 602 560 85 987 35 40 257 104 604 781 449 354 2 939 189 835 517 631 83 555 879 402 132
4098 20 8268 657 478 837 802 40 257 354 2 781 449 85 602 631 83 371 661 939 189 625 63 555 879 456 1000 402 132 560 85 161 386 987 35 835 517 104 604 112 543 844 802
5098 20 8268 402 132 371 661 939 189 456 1000 631 83 657 478 354 2 40 257 555 879 987 35 625 63 837 802 835 517 560 85 161 386 781 449 85 602 112 543 104 604 844 802
1099 20 8932 760 512 751 495 8 343 482 8 851 348 284 944 654 690 148 556 239 31 511 641 763 970 789 514 964 60 500 603 482 635 35 791 699 832 784 156 899 892 563 576
2099 20 8932 760 512 148 556 35 791 964 60 284 944 563 576 784 156 511 641 751 495 789 514 8 343 500 603 763 970 851 348 699 832 482 635 654 690 899 892 239 31 482 8
3099 20 8932 784 156 563 576 35 791 789 514 511 641 8 343 239 31 482 8 760 512 699 832 751 495 482 635 148 556 851 348 654 690 964 60 899 892 763 970 284 944 500 603
4099 20 8932 789 514 760 512 239 31 500 603 654 690 751 495 851 348 482 635 763 970 784 156 511 641 899 892 964 60 699 832 148 556 8 343 563 576 284 944 35 791 482 8
5099 20 8932 284 944 8 343 784 156 760 512 239 31 563 576 851 348 789 514 482 8 699 832 654 690 511 641 751 495 899 892 964 60 500 603 482 635 148 556 763 970 35 791
1100 20 6778 925 976 404 896 42 49 139 576 802 42 61 177 36 415 50 373 241 547 704 135 526 269 724 197 148 31 831 836 60 491 904 117 775 173 21 739 392 279 688 976
2100 20 6778 36 415 526 269 60 491 724 197 148 31 904 117 831 836 61 177 241 547 21 739 404 896 775 173 704 135 925 976 392 279 42 49 50 373 802 42 139 576 688 976
3100 20 6778 21 739 802 42 241 547 904 117 139 576 392 279 775 173 704 135 831 836 61 177 925 976 688 976 50 373 36 415 526 269 60 491 148 31 724 197 42 49 404 896
4100 20 6778 139 576 526 269 775 173 42 49 688 976 50 373 404 896 61 177 925 976 21 739 392 279 802 42 904 117 704 135 241 547 148 31 831 836 36 415 724 197 60 491
5100 20 6778 61 177 831 836 60 491 36 415 724 197 526 269 688 976 139 576 21 739 925 976 802 42 42 49 392 279 775 173 50 373 404 896 148 31 904 117 241 547 704 135
