1001 20 6892 785 586 167 259 100 617 515 89 453 189 857 172 481 130 361 166 531 200 600 89 201 506 704 32 145 269 454 660 912 776 759 568 330 572 64 833 172 354 24 29
2001 20 6892 600 89 481 130 172 354 24 29 454 660 515 89 453 189 361 166 785 586 531 200 64 833 759 568 330 572 201 506 145 269 100 617 912 776 704 32 857 172 167 259
3001 20 6892 481 130 785 586 759 568 454 660 912 776 100 617 201 506 64 833 24 29 531 200 600 89 167 259 361 166 515 89 145 269 453 189 172 354 330 572 857 172 704 32
4001 20 6892 167 259 481 130 24 29 201 506 515 89 704 32 145 269 330 572 531 200 100 617 600 89 857 172 785 586 912 776 172 354 454 660 361 166 759 568 453 189 64 833
5001 20 6892 759 568 857 172 145 269 24 29 172 354 600 89 704 32 453 189 515 89 64 833 361 166 100 617 481 130 531 200 167 259 785 586 330 572 454 660 201 506 912 776
1002 20 6664 139 833 893 137 300 86 293 46 802 951 39 607 574 67 347 162 863 693 351 708 279 332 656 270 45 588 250 307 124 235 258 782 685 768 553 152 221 867 659 854
2002 20 6664 258 782 139 833 124 235 863 693 893 137 553 152 574 67 45 588 685 768 279 332 656 270 802 951 39 607 221 867 293 46 659 854 250 307 300 86 347 162 351 708
3002 20 6664 863 693 39 607 685 768 347 162 279 332 45 588 250 307 124 235 802 951 656 270 293 46 574 67 893 137 300 86 258 782 139 833 553 152 351 708 221 867 659 854
4002 20 6664 863 693 124 235 659 854 656 270 553 152 802 951 39 607 139 833 893 137 574 67 685 768 250 307 258 782 293 46 300 86 351 708 347 162 45 588 279 332 221 867
5002 20 6664 279 332 221 867 802 951 39 607 293 46 45 588 347 162 659 854 656 270 574 67 863 693 553 152 893 137 258 782 300 86 685 768 124 235 139 833 250 307 351 708
1003 20 5515 135 409 733 887 782 643 589 628 228 96 162 617 228 886 426 770 498 928 74 437 35 202 448 260 329 944 183 102 430 682 227 68 210 605 609 933 51 48 517 776
2003 20 5515 329 944 782 643 589 628 448 260 426 770 51 48 183 102 609 933 227 68 210 605 430 682 162 617 498 928 733 887 35 202 228 886 517 776 135 409 228 96 74 437
3003 20 5515 609 933 74 437 183 102 51 48 35 202 162 617 210 605 135 409 448 260 733 887 517 776 227 68 782 643 329 944 589 628 498 928 430 682 228 96 228 886 426 770
4003 20 5515 228 96 135 409 51 48 589 628 210 605 329 944 183 102 609 933 498 928 227 68 162 617 782 643 430 682 733 887 426 770 35 202 448 260 228 886 517 776 74 437
5003 20 5515 782 643 183 102 426 770 228 886 228 96 162 617 430 682 210 605 609 933 517 776 498 928 448 260 74 437 51 48 135 409 227 68 589 628 35 202 329 944 733 887
1004 20 7066 124 56 834 933 97 784 902 188 367 475 718 676 626 341 547 796 402 863 759 114 341 575 769 646 129 769 21 642 148 309 356 919 303 471 231 63 735 637 424 657
2004 20 7066 356 919 402 863 626 341 424 657 718 676 735 637 341 575 124 56 367 475 834 933 769 646 97 784 148 309 547 796 759 114 21 642 303 471 902 188 231 63 129 769
3004 20 7066 735 637 303 471 367 475 547 796 148 309 902 188 718 676 129 769 341 575 834 933 769 646 231 63 626 341 402 863 21 642 424 657 97 784 356 919 759 114 124 56
4004 20 7066 626 341 547 796 129 769 231 63 367 475 124 56 769 646 735 637 356 919 834 933 303 471 759 114 402 863 97 784 718 676 902 188 148 309 21 642 341 575 424 657
5004 20 7066 148 309 626 341 834 933 303 471 759 114 21 642 124 56 356 919 424 657 547 796 718 676 341 575 129 769 402 863 902 188 97 784 769 646 231 63 367 475 735 637
1005 20 7681 126 423 778 631 483 503 844 529 160 925 490 825 700 701 142 80 682 917 904 710 622 539 816 226 593 943 194 559 31 457 9 911 669 534 11 265 701 223 647 67
2005 20 7681 9 911 904 710 31 457 669 534 622 539 126 423 142 80 160 925 778 631 194 559 647 67 682 917 844 529 816 226 490 825 701 223 11 265 593 943 700 701 483 503
3005 20 7681 160 925 700 701 778 631 483 503 816 226 682 917 844 529 9 911 701 223 194 559 669 534 622 539 490 825 31 457 11 265 904 710 647 67 593 943 126 423 142 80
4005 20 7681 142 80 9 911 700 701 816 226 483 503 160 925 31 457 904 710 622 539 682 917 701 223 490 825 11 265 593 943 194 559 669 534 647 67 844 529 778 631 126 423
5005 20 7681 9 911 700 701 142 80 904 710 126 423 682 917 490 825 194 559 622 539 11 265 31 457 844 529 778 631 483 503 593 943 647 67 669 534 816 226 160 925 701 223
1006 20 6836 561 801 386 256 156 990 216 490 851 509 200 71 727 443 111 670 195 326 764 297 939 384 521 810 616 88 212 124 595 927 179 468 290 813 20 450 503 173 503 789
2006 20 6836 503 173 521 810 939 384 851 509 727 443 616 88 179 468 20 450 561 801 216 490 212 124 386 256 503 789 111 670 595 927 195 326 764 297 156 990 200 71 290 813
3006 20 6836 156 990 503 173 212 124 216 490 561 801 521 810 503 789 111 670 939 384 179 468 616 88 727 443 20 450 851 509 386 256 290 813 195 326 200 71 764 297 595 927
4006 20 6836 216 490 20 450 616 88 521 810 764 297 386 256 561 801 851 509 727 443 595 927 111 670 179 468 195 326 200 71 503 173 503 789 156 990 939 384 212 124 290 813
5006 20 6836 179 468 764 297 290 813 561 801 851 509 727 443 200 71 595 927 521 810 616 88 503 173 195 326 503 789 111 670 156 990 216 490 212 124 386 256 939 384 20 450
1007 20 8198 653 910 68 142 622 209 149 289 758 330 1 6 433 320 213 898 967 976 661 98 369 963 718 918 184 58 701 110 379 500 255 895 688 599 738 401 705 994 986 192
2007 20 8198 255 895 967 976 661 98 758 330 369 963 653 910 184 58 705 994 688 599 701 110 718 918 738 401 213 898 68 142 986 192 1 6 379 500 149 289 622 209 433 320
3007 20 8198 1 6 967 976 255 895 379 500 718 918 149 289 433 320 705 994 622 209 213 898 701 110 653 910 369 963 661 98 184 58 986 192 68 142 688 599 738 401 758 330
4007 20 8198 379 500 705 994 68 142 622 209 986 192 688 599 433 320 738 401 1 6 661 98 369 963 213 898 184 58 701 110 967 976 718 918 758 330 255 895 653 910 149 289
5007 20 8198 622 209 701 110 369 963 758 330 653 910 738 401 213 898 68 142 184 58 688 599 967 976 705 994 1 6 986 192 379 500 255 895 149 289 718 918 661 98 433 320
1008 20 5984 341 332 343 673 752 172 38 120 572 316 73 489 295 839 355 973 271 141 406 481 44 228 529 221 146 207 930 533 826 448 228 151 234 164 444 67 126 386 528 955
2008 20 5984 44 228 528 955 271 141 930 533 572 316 529 221 126 386 73 489 295 839 228 151 341 332 146 207 234 164 343 673 355 973 38 120 406 481 826 448 752 172 444 67
3008 20 5984 826 448 234 164 529 221 126 386 146 207 271 141 406 481 343 673 38 120 355 973 930 533 295 839 528 955 44 228 73 489 228 151 572 316 444 67 341 332 752 172
4008 20 5984 529 221 228 151 406 481 126 386 234 164 826 448 44 228 355 973 444 67 146 207 930 533 752 172 572 316 528 955 295 839 73 489 271 141 341 332 38 120 343 673
5008 20 5984 930 533 355 973 752 172 38 120 146 207 44 228 295 839 234 164 228 151 341 332 528 955 529 221 406 481 271 141 826 448 73 489 343 673 126 386 572 316 444 67
1009 20 5417 124 959 946 940 69 915 901 695 203 865 683 711 581 440 103 851 233 815 882 594 89 421 40 153 277 150 710 385 212 407 203 751 80 633 66 595 105 169 265 536
2009 20 5417 124 959 40 153 105 169 882 594 103 851 683 711 80 633 212 407 265 536 66 595 901 695 710 385 203 865 581 440 277 150 69 915 89 421 233 815 203 751 946 940
3009 20 5417 710 385 105 169 265 536 882 594 124 959 683 711 203 751 103 851 203 865 277 150 66 595 89 421 69 915 901 695 80 633 233 815 40 153 212 407 581 440 946 940
4009 20 5417 901 695 212 407 105 169 124 959 103 851 203 751 265 536 946 940 89 421 710 385 581 440 66 595 882 594 683 711 69 915 203 865 40 153 277 150 233 815 80 633
5009 20 5417 103 851 66 595 581 440 89 421 901 695 203 865 105 169 710 385 212 407 203 751 80 633 277 150 683 711 69 915 265 536 233 815 882 594 946 940 40 153 124 959
1010 20 6273 860 430 768 297 207 514 801 820 263 543 589 59 214 198 685 867 34 613 46 564 425 133 75 394 138 861 130 462 22 754 766 92 728 869 211 415 344 782 536 299
2010 20 6273 263 543 536 299 75 394 344 782 130 462 207 514 685 867 589 59 766 92 728 869 425 133 211 415 138 861 214 198 22 754 46 564 860 430 801 820 34 613 768 297
3010 20 6273 207 514 425 133 46 564 728 869 130 462 860 430 685 867 801 820 263 543 75 394 589 59 766 92 768 297 214 198 536 299 138 861 211 415 22 754 34 613 344 782
4010 20 6273 768 297 46 564 138 861 344 782 860 430 589 59 536 299 728 869 207 514 801 820 211 415 425 133 263 543 130 462 685 867 75 394 22 754 766 92 34 613 214 198
5010 20 6273 34 613 138 861 46 564 130 462 425 133 214 198 801 820 22 754 768 297 728 869 685 867 766 92 263 543 75 394 207 514 860 430 344 782 211 415 589 59 536 299
1011 20 7347 168 142 132 849 382 411 825 749 46 621 549 716 740 320 434 908 384 182 857 365 181 737 474 494 471 768 433 977 760 724 218 506 326 91 645 216 684 593 475 39
2011 20 7347 645 216 684 593 474 494 549 716 382 411 857 365 326 91 384 182 168 142 475 39 218 506 181 737 433 977 46 621 434 908 471 768 740 320 825 749 132 849 760 724
3011 20 7347 471 768 549 716 825 749 384 182 218 506 433 977 382 411 760 724 474 494 168 142 740 320 645 216 181 737 684 593 857 365 434 908 46 621 132 849 475 39 326 91
4011 20 7347 218 506 326 91 825 749 168 142 132 849 645 216 740 320 684 593 857 365 474 494 549 716 434 908 46 621 433 977 384 182 760 724 475 39 382 411 471 768 181 737
5011 20 7347 132 849 181 737 218 506 857 365 434 908 382 411 326 91 168 142 471 768 474 494 384 182 475 39 549 716 433 977 684 593 645 216 740 320 46 621 825 749 760 724
1012 20 6977 189 236 721 996 537 540 88 230 694 883 327 166 97 527 753 838 620 472 28 419 499 19 336 906 122 67 536 429 739 130 133 948 389 123 773 57 625 506 516 57
2012 20 6977 189 236 625 506 133 948 773 57 97 527 620 472 327 166 516 57 536 429 28 419 537 540 499 19 88 230 721 996 739 130 389 123 122 67 694 883 336 906 753 838
3012 20 6977 739 130 28 419 536 429 625 506 516 57 694 883 327 166 122 67 753 838 721 996 189 236 133 948 499 19 620 472 97 527 389 123 88 230 537 540 773 57 336 906
4012 20 6977 536 429 773 57 516 57 97 527 537 540 694 883 739 130 133 948 28 419 88 230 499 19 625 506 122 67 189 236 721 996 389 123 753 838 336 906 327 166 620 472
5012 20 6977 739 130 536 429 189 236 516 57 694 883 327 166 133 948 625 506 122 67 97 527 721 996 499 19 28 419 336 906 620 472 389 123 537 540 773 57 753 838 88 230
1013 20 7873 402 652 926 620 643 775 10 939 657 687 764 873 31 118 570 24 132 489 919 573 629 967 308 708 85 882 485 899 573 734 406 81 745 757 733 94 353 9 471 156
2013 20 7873 570 24 132 489 733 94 643 775 573 734 308 708 402 652 485 899 353 9 471 156 919 573 85 882 657 687 764 873 10 939 406 81 926 620 745 757 31 118 629 967
3013 20 7873 573 734 10 939 485 899 745 757 308 708 629 967 764 873 353 9 31 118 926 620 132 489 919 573 402 652 85 882 471 156 643 775 657 687 406 81 733 94 570 24
4013 20 7873 926 620 733 94 308 708 919 573 573 734 657 687 85 882 745 757 471 156 643 775 485 899 764 873 629 967 406 81 132 489 10 939 31 118 570 24 353 9 402 652
5013 20 7873 745 757 353 9 919 573 570 24 764 873 10 939 643 775 406 81 926 620 132 489 657 687 85 882 733 94 471 156 402 652 485 899 629 967 31 118 308 708 573 734
1014 20 6621 449 933 603 201 866 595 764 531 173 682 233 530 964 747 378 632 704 966 279 300 521 542 94 122 506 771 4 381 162 329 22 776 593 892 70 741 25 494 867 875
2014 20 6621 25 494 506 771 173 682 867 875 521 542 70 741 378 632 866 595 449 933 94 122 279 300 603 201 233 530 4 381 704 966 162 329 764 531 22 776 593 892 964 747
3014 20 6621 449 933 4 381 603 201 233 530 764 531 704 966 378 632 866 595 94 122 162 329 279 300 25 494 593 892 867 875 22 776 506 771 70 741 521 542 964 747 173 682
4014 20 6621 25 494 173 682 506 771 233 530 279 300 964 747 70 741 22 776 521 542 449 933 764 531 866 595 593 892 94 122 162 329 704 966 4 381 867 875 378 632 603 201
5014 20 6621 593 892 378 632 866 595 70 741 22 776 162 329 173 682 964 747 94 122 449 933 4 381 764 531 521 542 603 201 279 300 704 966 25 494 233 530 867 875 506 771
1015 20 7259 665 820 783 942 18 457 544 535 920 642 235 165 173 789 134 241 29 837 611 798 239 447 603 857 9 304 861 540 501 756 712 387 550 370 461 288 281 348 745 932
2015 20 7259 501 756 550 370 712 387 861 540 173 789 134 241 611 798 603 857 544 535 745 932 29 837 920 642 235 165 783 942 18 457 9 304 281 348 239 447 461 288 665 820
3015 20 7259 712 387 861 540 134 241 550 370 18 457 461 288 783 942 603 857 235 165 281 348 665 820 173 789 745 932 239 447 544 535 501 756 29 837 9 304 611 798 920 642
4015 20 7259 665 820 134 241 461 288 501 756 239 447 920 642 29 837 173 789 235 165 9 304 611 798 18 457 550 370 603 857 281 348 544 535 861 540 745 932 712 387 783 942
5015 20 7259 173 789 550 370 235 165 281 348 9 304 745 932 18 457 461 288 29 837 783 942 544 535 920 642 611 798 501 756 712 387 603 857 861 540 665 820 134 241 239 447
1016 20 5551 81 125 517 946 327 420 343 90 87 738 660 439 347 916 281 299 804 790 708 496 861 836 571 705 617 839 167 848 151 454 106 840 50 53 150 678 101 349 10 474
2016 20 5551 571 705 347 916 517 946 50 53 660 439 343 90 106 840 151 454 81 125 87 738 150 678 10 474 804 790 281 299 617 839 167 848 708 496 101 349 861 836 327 420
3016 20 5551 660 439 571 705 151 454 167 848 327 420 343 90 10 474 50 53 617 839 347 916 281 299 81 125 517 946 106 840 708 496 804 790 150 678 861 836 87 738 101 349
4016 20 5551 87 738 150 678 343 90 708 496 617 839 10 474 106 840 804 790 50 53 861 836 151 454 281 299 517 946 167 848 347 916 660 439 571 705 327 420 101 349 81 125
5016 20 5551 150 678 151 454 106 840 861 836 804 790 101 349 660 439 571 705 167 848 87 738 327 420 517 946 81 125 617 839 281 299 347 916 343 90 10 474 50 53 708 496
1017 20 7965 417 359 543 271 468 913 230 357 573 921 532 476 33 422 827 7 479 574 499 482 685 625 703 695 493 787 844 481 358 736 298 345 328 101 576 149 873 334 198 556
2017 20 7965 198 556 358 736 685 625 328 101 499 482 33 422 417 359 827 7 298 345 576 149 479 574 844 481 230 357 873 334 493 787 468 913 532 476 703 695 543 271 573 921
3017 20 7965 298 345 532 476 827 7 873 334 573 921 479 574 417 359 198 556 844 481 499 482 703 695 358 736 493 787 33 422 576 149 328 101 543 271 230 357 685 625 468 913
4017 20 7965 298 345 827 7 499 482 543 271 493 787 703 695 479 574 417 359 358 736 198 556 230 357 573 921 576 149 468 913 844 481 328 101 532 476 873 334 685 625 33 422
5017 20 7965 573 921 873 334 479 574 827 7 685 625 298 345 328 101 703 695 230 357 33 422 468 913 844 481 198 556 532 476 543 271 417 359 576 149 358 736 493 787 499 482
1018 20 5693 859 856 234 382 395 1 306 322 221 52 355 371 485 754 421 1000 7 676 463 244 301 946 211 658 415 25 277 806 74 583 82 783 775 116 600 636 386 992 250 21
2018 20 5693 415 25 74 583 395 1 859 856 775 116 421 1000 211 658 234 382 277 806 485 754 463 244 306 322 301 946 355 371 82 783 386 992 221 52 7 676 250 21 600 636
3018 20 5693 301 946 250 21 600 636 74 583 485 754 234 382 82 783 386 992 463 244 7 676 211 658 395 1 355 371 859 856 221 52 775 116 415 25 421 1000 277 806 306 322
4018 20 5693 221 52 386 992 859 856 600 636 775 116 250 21 463 244 415 25 421 1000 306 322 301 946 277 806 355 371 395 1 74 583 211 658 82 783 485 754 234 382 7 676
5018 20 5693 250 21 421 1000 859 856 355 371 301 946 306 322 463 244 775 116 211 658 234 382 7 676 221 52 395 1 485 754 277 806 82 783 386 992 415 25 600 636 74 583
1019 20 7771 242 705 193 623 122 558 813 681 353 912 878 755 820 254 331 513 106 51 521 515 163 784 780 153 630 968 604 90 753 199 529 850 3 315 569 303 649 906 655 686
2019 20 7771 529 850 193 623 106 51 569 303 163 784 878 755 630 968 3 315 820 254 242 705 649 906 780 153 521 515 353 912 753 199 813 681 331 513 122 558 604 90 655 686
3019 20 7771 242 705 521 515 604 90 813 681 780 153 163 784 331 513 529 850 193 623 753 199 655 686 3 315 630 968 878 755 820 254 353 912 649 906 569 303 122 558 106 51
4019 20 7771 122 558 331 513 569 303 521 515 353 912 649 906 780 153 529 850 242 705 878 755 604 90 163 784 193 623 753 199 655 686 820 254 630 968 3 315 813 681 106 51
5019 20 7771 353 912 242 705 649 906 3 315 604 90 122 558 193 623 106 51 331 513 521 515 163 784 569 303 878 755 630 968 820 254 529 850 780 153 655 686 813 681 753 199
1020 20 6242 85 360 271 53 635 346 463 8 324 978 292 209 434 463 534 208 542 598 32 918 229 315 469 638 358 585 288 326 177 574 695 800 167 125 326 187 876 517 606 510
2020 20 6242 434 463 32 918 358 585 288 326 324 978 326 187 292 209 606 510 695 800 167 125 229 315 469 638 542 598 534 208 876 517 635 346 463 8 177 574 85 360 271 53
3020 20 6242 606 510 434 463 292 209 288 326 876 517 326 187 229 315 32 918 635 346 85 360 463 8 358 585 324 978 469 638 534 208 542 598 177 574 167 125 271 53 695 800
4020 20 6242 606 510 85 360 434 463 358 585 177 574 469 638 292 209 534 208 542 598 326 187 324 978 229 315 32 918 635 346 695 800 288 326 876 517 271 53 463 8 167 125
5020 20 6242 324 978 32 918 635 346 606 510 229 315 463 8 542 598 177 574 326 187 271 53 292 209 434 463 469 638 85 360 695 800 876 517 358 585 534 208 288 326 167 125
1021 20 6153 475 645 814 79 37 490 347 490 585 9 70 567 756 230 260 240 297 133 395 303 58 219 804 636 623 455 507 749 43 155 127 703 331 947 5 163 264 604 894 548
2021 20 6153 395 303 37 490 894 548 5 163 585 9 475 645 507 749 264 604 43 155 297 133 58 219 814 79 347 490 127 703 70 567 756 230 804 636 260 240 623 455 331 947
3021 20 6153 347 490 5 163 623 455 395 303 43 155 475 645 70 567 297 133 507 749 804 636 331 947 37 490 894 548 264 604 756 230 58 219 127 703 585 9 814 79 260 240
4021 20 6153 70 567 264 604 5 163 475 645 347 490 260 240 58 219 127 703 894 548 331 947 395 303 623 455 585 9 756 230 37 490 297 133 804 636 814 79 43 155 507 749
5021 20 6153 264 604 507 749 894 548 585 9 347 490 475 645 43 155 756 230 58 219 297 133 331 947 260 240 37 490 5 163 623 455 395 303 814 79 804 636 70 567 127 703
1022 20 6986 461 422 709 118 280 269 675 961 508 157 635 59 61 419 501 840 309 227 651 147 478 301 963 662 574 952 295 368 407 243 83 542 629 938 129 465 133 41 252 232
2022 20 6986 651 147 635 59 963 662 478 301 508 157 83 542 574 952 129 465 407 243 629 938 709 118 280 269 461 422 309 227 501 840 295 368 133 41 61 419 252 232 675 961
3022 20 6986 635 59 651 147 508 157 129 465 61 419 280 269 133 41 252 232 709 118 629 938 83 542 478 301 461 422 295 368 501 840 407 243 675 961 309 227 574 952 963 662
4022 20 6986 675 961 963 662 478 301 61 419 651 147 501 840 407 243 133 41 83 542 629 938 574 952 709 118 280 269 461 422 129 465 635 59 508 157 252 232 309 227 295 368
5022 20 6986 635 59 508 157 133 41 651 147 83 542 574 952 963 662 295 368 407 243 478 301 252 232 629 938 280 269 129 465 501 840 675 961 709 118 461 422 61 419 309 227
1023 20 7170 117 275 863 711 804 337 622 638 514 85 192 407 667 631 313 801 283 982 448 213 448 328 869 50 351 251 268 211 68 1 741 675 275 548 280 255 19 374 821 518
2023 20 7170 667 631 280 255 117 275 448 328 869 50 863 711 68 1 622 638 283 982 192 407 448 213 268 211 821 518 804 337 514 85 741 675 19 374 275 548 351 251 313 801
3023 20 7170 514 85 283 982 280 255 622 638 68 1 268 211 741 675 869 50 275 548 351 251 821 518 667 631 117 275 448 213 19 374 804 337 192 407 448 328 863 711 313 801
4023 20 7170 863 711 313 801 448 328 275 548 280 255 68 1 448 213 192 407 622 638 804 337 514 85 19 374 117 275 869 50 821 518 351 251 268 211 667 631 283 982 741 675
5023 20 7170 192 407 19 374 351 251 117 275 68 1 869 50 283 982 448 213 821 518 741 675 667 631 863 711 313 801 280 255 448 328 622 638 275 548 514 85 804 337 268 211
1024 20 7205 417 11 226 369 456 427 510 379 365 304 651 935 800 569 553 813 552 212 735 880 603 15 619 45 136 50 597 581 659 179 22 386 50 201 87 478 441 215 528 116
2024 20 7205 651 935 22 386 659 179 456 427 619 45 553 813 597 581 365 304 87 478 800 569 136 50 552 212 226 369 417 11 441 215 603 15 50 201 528 116 735 880 510 379
3024 20 7205 136 50 603 15 651 935 510 379 552 212 800 569 87 478 597 581 22 386 50 201 553 813 441 215 226 369 456 427 619 45 365 304 735 880 659 179 528 116 417 11
4024 20 7205 619 45 441 215 417 11 603 15 87 478 597 581 456 427 552 212 365 304 800 569 22 386 651 935 659 179 510 379 553 813 226 369 735 880 528 116 136 50 50 201
5024 20 7205 552 212 800 569 619 45 510 379 528 116 603 15 226 369 456 427 441 215 365 304 87 478 597 581 651 935 136 50 417 11 735 880 50 201 22 386 553 813 659 179
1025 20 6896 601 840 536 608 464 596 230 32 296 875 23 765 385 83 549 332 591 470 173 367 353 50 198 600 802 863 463 924 339 201 850 717 839 331 103 760 80 214 745 998
2025 20 6896 385 83 296 875 463 924 173 367 103 760 230 32 353 50 850 717 802 863 536 608 198 600 591 470 549 332 745 998 339 201 23 765 601 840 80 214 839 331 464 596
3025 20 6896 745 998 385 83 198 600 591 470 173 367 464 596 802 863 103 760 339 201 549 332 353 50 463 924 23 765 536 608 850 717 601 840 839 331 230 32 296 875 80 214
4025 20 6896 173 367 80 214 339 201 230 32 23 765 839 331 745 998 463 924 385 83 549 332 850 717 296 875 802 863 103 760 536 608 353 50 591 470 198 600 464 596 601 840
5025 20 6896 296 875 536 608 802 863 745 998 385 83 850 717 230 32 549 332 198 600 339 201 353 50 464 596 23 765 173 367 591 470 839 331 601 840 103 760 463 924 80 214
1026 20 7027 412 374 676 971 361 495 350 516 634 272 720 279 558 338 152 403 368 10 415 605 956 69 117 190 210 609 288 778 877 377 204 245 95 370 176 326 661 321 554 475
2026 20 7027 554 475 210 609 877 377 956 69 288 778 415 605 361 495 204 245 634 272 661 321 676 971 176 326 95 370 720 279 558 338 350 516 117 190 412 374 152 403 368 10
3026 20 7027 661 321 877 377 288 778 676 971 152 403 210 609 368 10 361 495 176 326 558 338 956 69 720 279 554 475 95 370 117 190 634 272 412 374 350 516 204 245 415 605
4026 20 7027 634 272 350 516 361 495 117 190 720 279 956 69 204 245 368 10 661 321 152 403 877 377 288 778 176 326 95 370 558 338 412 374 415 605 210 609 676 971 554 475
5026 20 7027 152 403 117 190 634 272 554 475 877 377 661 321 415 605 204 245 210 609 558 338 361 495 95 370 288 778 412 374 956 69 350 516 368 10 676 971 720 279 176 326
1027 20 6237 74 320 443 843 500 100 335 159 386 578 658 11 424 51 721 904 817 216 97 747 404 186 177 370 386 726 349 373 565 637 175 268 157 766 956 991 136 62 37 6
2027 20 6237 74 320 424 51 349 373 175 268 817 216 658 11 721 904 404 186 956 991 37 6 386 578 136 62 500 100 157 766 565 637 335 159 97 747 386 726 443 843 177 370
3027 20 6237 335 159 956 991 565 637 136 62 386 578 386 726 443 843 817 216 500 100 658 11 97 747 404 186 349 373 424 51 37 6 177 370 175 268 721 904 74 320 157 766
4027 20 6237 817 216 386 726 136 62 175 268 386 578 74 320 97 747 956 991 500 100 443 843 404 186 349 373 37 6 177 370 157 766 565 637 658 11 424 51 335 159 721 904
5027 20 6237 500 100 721 904 335 159 956 991 37 6 565 637 74 320 97 747 817 216 443 843 658 11 349 373 386 578 386 726 157 766 175 268 136 62 424 51 177 370 404 186
1028 20 7732 337 711 572 880 463 959 467 51 802 866 472 182 467 550 353 674 862 179 202 890 946 146 86 302 152 347 753 125 839 407 284 218 545 625 221 81 316 801 527 72
2028 20 7732 862 179 572 880 152 347 463 959 86 302 337 711 802 866 753 125 284 218 472 182 467 550 545 625 946 146 527 72 202 890 839 407 353 674 316 801 467 51 221 81
3028 20 7732 839 407 572 880 802 866 545 625 862 179 467 550 463 959 353 674 152 347 467 51 753 125 316 801 284 218 86 302 946 146 527 72 472 182 221 81 337 711 202 890
4028 20 7732 802 866 467 51 946 146 316 801 337 711 862 179 753 125 527 72 284 218 839 407 86 302 202 890 152 347 472 182 221 81 353 674 467 550 463 959 545 625 572 880
5028 20 7732 353 674 862 179 86 302 946 146 545 625 472 182 337 711 221 81 467 550 839 407 802 866 152 347 467 51 284 218 463 959 527 72 316 801 202 890 753 125 572 880
1029 20 6955 190 95 707 992 65 962 203 930 168 489 294 626 759 482 268 342 414 762 339 824 744 736 768 844 656 700 881 607 361 556 722 462 149 293 801 199 48 474 157 441
2029 20 6955 339 824 149 293 801 199 361 556 65 962 414 762 168 489 881 607 759 482 744 736 190 95 203 930 722 462 268 342 48 474 768 844 656 700 294 626 707 992 157 441
3029 20 6955 722 462 149 293 48 474 414 762 707 992 65 962 759 482 203 930 656 700 744 736 361 556 157 441 190 95 294 626 339 824 881 607 168 489 801 199 268 342 768 844
4029 20 6955 65 962 801 199 48 474 744 736 722 462 759 482 339 824 361 556 168 489 157 441 768 844 268 342 881 607 203 930 294 626 414 762 656 700 190 95 707 992 149 293
5029 20 6955 414 762 203 930 768 844 707 992 294 626 759 482 656 700 190 95 339 824 157 441 149 293 168 489 744 736 268 342 881 607 722 462 65 962 361 556 801 199 48 474
1030 20 5681 795 161 112 842 139 123 188 1000 186 202 123 274 452 10 424 3 128 560 226 402 686 386 67 840 858 319 292 771 334 586 185 768 619 751 545 579 325 141 418 541
2030 20 5681 545 579 686 386 128 560 139 123 112 842 185 768 619 751 226 402 452 10 424 3 418 541 795 161 325 141 858 319 67 840 188 1000 123 274 186 202 292 771 334 586
3030 20 5681 128 560 334 586 424 3 226 402 418 541 858 319 112 842 292 771 795 161 452 10 686 386 188 1000 185 768 67 840 123 274 325 141 619 751 139 123 186 202 545 579
4030 20 5681 185 768 795 161 545 579 858 319 452 10 112 842 139 123 226 402 418 541 325 141 188 1000 186 202 123 274 686 386 128 560 67 840 334 586 424 3 619 751 292 771
5030 20 5681 424 3 858 319 226 402 185 768 112 842 186 202 325 141 139 123 67 840 292 771 545 579 188 1000 123 274 686 386 128 560 452 10 418 541 795 161 334 586 619 751
1031 20 7522 594 729 875 795 404 689 852 359 144 518 245 944 188 209 473 177 669 859 610 952 282 350 443 620 522 150 330 466 874 676 255 706 432 364 342 249 206 1 663 423
2031 20 7522 594 729 245 944 206 1 330 466 874 676 473 177 852 359 282 350 144 518 669 859 432 364 443 620 342 249 610 952 875 795 188 209 663 423 522 150 255 706 404 689
3031 20 7522 282 350 594 729 669 859 206 1 522 150 144 518 188 209 473 177 852 359 330 466 610 952 404 689 875 795 432 364 245 944 663 423 255 706 443 620 874 676 342 249
4031 20 7522 188 209 875 795 852 359 443 620 330 466 432 364 404 689 342 249 206 1 522 150 669 859 663 423 473 177 594 729 874 676 245 944 610 952 282 350 255 706 144 518
5031 20 7522 669 859 404 689 330 466 443 620 206 1 852 359 522 150 610 952 432 364 144 518 342 249 255 706 875 795 663 423 188 209 874 676 282 350 473 177 245 944 594 729
1032 20 10464 668 996 640 858 851 501 472 493 686 652 846 286 856 296 190 844 908 618 506 151 667 667 153 201 908 65 604 176 672 622 331 505 754 985 816 884 828 877 725 387
2032 20 10464 506 151 640 858 331 505 725 387 816 884 672 622 754 985 472 493 828 877 846 286 668 996 851 501 856 296 686 652 908 65 153 201 908 618 190 844 604 176 667 667
3032 20 10464 331 505 667 667 604 176 686 652 908 65 754 985 153 201 856 296 668 996 190 844 472 493 506 151 640 858 908 618 672 622 725 387 846 286 816 884 851 501 828 877
4032 20 10464 604 176 331 505 667 667 856 296 686 652 153 201 908 618 846 286 190 844 725 387 828 877 851 501 816 884 908 65 668 996 672 622 640 858 506 151 754 985 472 493
5032 20 10464 472 493 672 622 668 996 506 151 846 286 190 844 856 296 908 618 686 652 851 501 816 884 667 667 754 985 908 65 153 201 640 858 725 387 828 877 604 176 331 505
1033 20 6784 66 499 838 472 623 156 306 714 354 906 5 715 508 121 545 343 208 569 623 919 113 751 27 176 637 543 352 709 582 291 429 298 148 855 864 221 373 497 879 318
2033 20 6784 545 343 208 569 354 906 148 855 306 714 66 499 5 715 864 221 27 176 429 298 508 121 623 919 623 156 637 543 582 291 838 472 352 709 373 497 113 751 879 318
3033 20 6784 113 751 864 221 582 291 429 298 5 715 66 499 508 121 354 906 545 343 838 472 623 919 373 497 637 543 306 714 148 855 208 569 879 318 27 176 352 709 623 156
4033 20 6784 623 156 306 714 864 221 879 318 582 291 5 715 429 298 66 499 352 709 623 919 354 906 27 176 373 497 113 751 508 121 838 472 545 343 148 855 208 569 637 543
5033 20 6784 352 709 864 221 113 751 354 906 623 919 306 714 208 569 838 472 148 855 5 715 623 156 545 343 429 298 27 176 373 497 66 499 637 543 879 318 582 291 508 121
1034 20 7282 364 650 363 321 180 894 98 996 346 361 10 521 301 469 769 245 796 487 532 184 692 888 978 358 568 741 98 604 540 518 228 302 576 535 207 70 597 717 860 964
2034 20 7282 796 487 207 70 576 535 346 361 228 302 692 888 180 894 860 964 98 604 568 741 98 996 540 518 363 321 301 469 10 521 364 650 978 358 532 184 769 245 597 717
3034 20 7282 860 964 769 245 540 518 978 358 346 361 597 717 180 894 10 521 364 650 98 996 576 535 532 184 301 469 207 70 228 302 363 321 796 487 568 741 98 604 692 888
4034 20 7282 10 521 346 361 98 996 769 245 228 302 180 894 98 604 796 487 364 650 207 70 978 358 597 717 860 964 301 469 363 321 692 888 568 741 540 518 532 184 576 535
5034 20 7282 207 70 597 717 978 358 301 469 568 741 796 487 860 964 98 604 98 996 180 894 363 321 228 302 540 518 692 888 769 245 532 184 10 521 346 361 364 650 576 535
1035 20 6148 879 345 142 350 697 758 266 653 971 125 53 990 359 77 627 571 336 42 19 780 43 182 246 769 465 708 55 231 724 89 4 239 194 445 621 478 841 55 143 396
2035 20 6148 246 769 697 758 841 55 19 780 724 89 55 231 621 478 465 708 266 653 359 77 627 571 53 990 4 239 879 345 971 125 143 396 194 445 336 42 43 182 142 350
3035 20 6148 19 780 627 571 971 125 43 182 336 42 194 445 55 231 53 990 465 708 697 758 266 653 142 350 4 239 621 478 246 769 359 77 841 55 724 89 879 345 143 396
4035 20 6148 697 758 465 708 621 478 55 231 627 571 246 769 359 77 971 125 43 182 841 55 724 89 266 653 53 990 336 42 19 780 879 345 142 350 4 239 194 445 143 396
5035 20 6148 971 125 143 396 359 77 697 758 465 708 841 55 53 990 266 653 4 239 142 350 724 89 19 780 194 445 246 769 621 478 55 231 336 42 43 182 627 571 879 345
1036 20 7414 619 183 183 177 384 184 981 486 395 561 342 650 726 891 645 389 239 257 626 445 307 905 259 422 856 675 21 861 414 851 581 647 442 266 779 246 99 682 370 772
2036 20 7414 442 266 259 422 99 682 370 772 581 647 626 445 619 183 779 246 645 389 981 486 21 861 856 675 395 561 239 257 414 851 384 184 183 177 307 905 726 891 342 650
3036 20 7414 384 184 442 266 259 422 581 647 619 183 183 177 779 246 342 650 645 389 21 861 395 561 856 675 414 851 99 682 726 891 626 445 239 257 981 486 370 772 307 905
4036 20 7414 414 851 307 905 626 445 581 647 856 675 342 650 21 861 442 266 981 486 99 682 384 184 259 422 726 891 779 246 619 183 239 257 395 561 645 389 370 772 183 177
5036 20 7414 619 183 307 905 21 861 581 647 342 650 395 561 414 851 183 177 626 445 726 891 442 266 259 422 239 257 384 184 99 682 645 389 981 486 370 772 856 675 779 246
1037 20 8793 879 154 787 306 526 545 340 275 99 359 568 783 689 502 664 289 410 101 801 359 578 34 325 916 410 12 123 224 154 838 901 435 876 597 530 893 454 157 878 409
2037 20 8793 876 597 901 435 664 289 689 502 526 545 410 12 123 224 801 359 578 34 154 838 410 101 879 154 530 893 99 359 568 783 325 916 787 306 340 275 878 409 454 157
3037 20 8793 526 545 876 597 325 916 578 34 787 306 410 101 454 157 123 224 99 359 801 359 901 435 879 154 154 838 878 409 664 289 410 12 530 893 568 783 340 275 689 502
4037 20 8793 664 289 787 306 325 916 526 545 689 502 801 359 901 435 568 783 454 157 410 101 123 224 578 34 154 838 879 154 99 359 340 275 876 597 410 12 530 893 878 409
5037 20 8793 901 435 123 224 454 157 340 275 876 597 568 783 99 359 578 34 526 545 154 838 801 359 530 893 325 916 878 409 879 154 787 306 664 289 410 12 689 502 410 101
1038 20 5667 600 351 11 142 229 65 58 641 610 721 83 164 906 592 570 277 186 70 7 900 118 378 326 176 521 330 372 747 631 796 199 973 367 914 3 766 386 469 901 757
2038 20 5667 229 65 58 641 631 796 610 721 326 176 3 766 7 900 901 757 83 164 906 592 186 70 386 469 367 914 11 142 118 378 570 277 199 973 521 330 600 351 372 747
3038 20 5667 367 914 631 796 186 70 118 378 901 757 521 330 326 176 906 592 600 351 229 65 58 641 372 747 386 469 11 142 7 900 3 766 83 164 199 973 570 277 610 721
4038 20 5667 11 142 367 914 631 796 386 469 118 378 326 176 186 70 570 277 83 164 7 900 906 592 229 65 901 757 600 351 610 721 199 973 372 747 521 330 3 766 58 641
5038 20 5667 326 176 83 164 229 65 372 747 901 757 570 277 386 469 610 721 11 142 521 330 3 766 199 973 7 900 367 914 600 351 906 592 58 641 118 378 186 70 631 796
1039 20 6136 292 945 381 798 910 265 576 336 868 874 200 131 136 203 935 103 175 89 151 951 193 150 836 99 242 783 377 961 730 353 499 101 41 179 30 295 94 58 4 949
2039 20 6136 730 353 576 336 30 295 381 798 499 101 94 58 292 945 151 951 836 99 41 179 242 783 868 874 175 89 377 961 910 265 935 103 193 150 4 949 136 203 200 131
3039 20 6136 499 101 94 58 41 179 30 295 381 798 836 99 175 89 910 265 935 103 4 949 193 150 151 951 377 961 868 874 576 336 200 131 136 203 730 353 242 783 292 945
4039 20 6136 94 58 193 150 242 783 910 265 836 99 730 353 4 949 868 874 935 103 175 89 292 945 30 295 151 951 576 336 381 798 136 203 499 101 377 961 41 179 200 131
5039 20 6136 910 265 381 798 730 353 41 179 868 874 836 99 193 150 94 58 30 295 576 336 200 131 242 783 292 945 377 961 136 203 4 949 151 951 175 89 499 101 935 103
1040 20 7061 649 411 443 540 592 199 418 865 653 422 102 762 40 703 376 196 258 969 887 661 480 5 186 267 334 338 976 891 954 934 489 136 24 69 283 487 22 50 661 231
2040 20 7061 418 865 489 136 22 50 283 487 334 338 40 703 954 934 976 891 649 411 592 199 186 267 24 69 258 969 653 422 480 5 376 196 661 231 443 540 102 762 887 661
3040 20 7061 649 411 334 338 489 136 661 231 443 540 24 69 22 50 283 487 376 196 480 5 976 891 954 934 887 661 653 422 186 267 40 703 592 199 102 762 418 865 258 969
4040 20 7061 443 540 418 865 480 5 887 661 976 891 186 267 334 338 649 411 592 199 661 231 102 762 258 969 954 934 24 69 489 136 283 487 653 422 376 196 22 50 40 703
5040 20 7061 443 540 22 50 661 231 592 199 24 69 40 703 186 267 376 196 102 762 283 487 653 422 954 934 649 411 418 865 976 891 489 136 334 338 258 969 480 5 887 661
1041 20 7245 855 162 726 70 720 74 60 671 721 281 550 550 760 31 128 774 36 501 405 18 607 763 400 953 846 557 39 186 259 971 865 39 331 834 465 976 233 300 51 582
2041 20 7245 259 971 726 70 865 39 720 74 760 31 465 976 550 550 607 763 128 774 51 582 721 281 400 953 331 834 405 18 855 162 233 300 36 501 39 186 846 557 60 671
3041 20 7245 405 18 465 976 128 774 721 281 400 953 39 186 233 300 846 557 865 39 60 671 607 763 36 501 720 74 259 971 726 70 550 550 855 162 760 31 331 834 51 582
4041 20 7245 721 281 760 31 331 834 259 971 60 671 720 74 550 550 607 763 865 39 36 501 400 953 405 18 51 582 846 557 233 300 465 976 128 774 39 186 855 162 726 70
5041 20 7245 855 162 550 550 128 774 405 18 259 971 233 300 36 501 760 31 465 976 331 834 721 281 865 39 60 671 39 186 846 557 51 582 726 70 720 74 607 763 400 953
1042 20 8102 202 537 581 941 767 786 247 857 213 134 633 935 125 933 788 453 820 349 823 403 515 977 791 813 717 116 177 616 138 502 454 158 191 209 514 39 673 394 759 405
2042 20 8102 454 158 202 537 633 935 581 941 791 813 177 616 759 405 515 977 717 116 514 39 125 933 673 394 138 502 191 209 823 403 767 786 788 453 820 349 247 857 213 134
3042 20 8102 788 453 454 158 514 39 247 857 191 209 767 786 717 116 759 405 823 403 791 813 213 134 202 537 820 349 125 933 138 502 515 977 633 935 177 616 673 394 581 941
4042 20 8102 125 933 515 977 514 39 788 453 633 935 759 405 791 813 177 616 202 537 820 349 454 158 767 786 138 502 581 941 717 116 673 394 247 857 213 134 191 209 823 403
5042 20 8102 177 616 717 116 788 453 820 349 759 405 213 134 581 941 823 403 767 786 514 39 791 813 633 935 202 537 454 158 191 209 125 933 247 857 673 394 515 977 138 502
1043 20 6831 310 906 714 947 388 565 434 837 583 629 474 443 654 954 793 815 353 996 481 432 395 759 456 247 905 693 327 808 97 124 303 617 117 779 109 118 554 569 92 797
2043 20 6831 474 443 434 837 714 947 456 247 793 815 554 569 97 124 109 118 303 617 117 779 327 808 310 906 92 797 481 432 388 565 654 954 905 693 353 996 395 759 583 629
3043 20 6831 434 837 310 906 388 565 353 996 395 759 714 947 654 954 905 693 117 779 481 432 92 797 793 815 109 118 456 247 303 617 554 569 327 808 97 124 583 629 474 443
4043 20 6831 434 837 395 759 310 906 97 124 554 569 353 996 92 797 905 693 583 629 117 779 109 118 327 808 388 565 303 617 793 815 481 432 456 247 654 954 714 947 474 443
5043 20 6831 388 565 583 629 481 432 109 118 310 906 905 693 793 815 474 443 654 954 327 808 554 569 353 996 395 759 92 797 117 779 456 247 714 947 97 124 434 837 303 617
1044 20 7567 571 197 837 932 442 311 338 101 32 557 120 98 275 399 305 760 400 400 775 147 32 279 496 769 451 710 768 458 524 780 477 299 390 558 867 387 741 563 618 442
2044 20 7567 305 760 524 780 275 399 496 769 837 932 32 557 867 387 451 710 618 442 338 101 571 197 32 279 120 98 477 299 390 558 442 311 775 147 741 563 400 400 768 458
3044 20 7567 775 147 618 442 442 311 496 769 400 400 867 387 451 710 524 780 837 932 120 98 32 557 275 399 338 101 768 458 390 558 477 299 32 279 741 563 305 760 571 197
4044 20 7567 768 458 741 563 571 197 837 932 496 769 524 780 775 147 275 399 120 98 442 311 400 400 867 387 338 101 32 557 32 279 305 760 477 299 390 558 618 442 451 710
5044 20 7567 442 311 451 710 496 769 571 197 338 101 768 458 120 98 390 558 524 780 32 557 837 932 618 442 775 147 32 279 275 399 477 299 400 400 741 563 867 387 305 760
1045 20 8899 95 676 906 951 278 317 41 80 784 490 528 681 290 172 592 231 724 685 542 824 841 912 743 67 431 461 977 648 717 401 749 383 99 768 673 656 810 691 304 730
2045 20 8899 290 172 810 691 784 490 977 648 431 461 95 676 717 401 724 685 41 80 673 656 592 231 542 824 906 951 749 383 99 768 841 912 304 730 743 67 278 317 528 681
3045 20 8899 95 676 99 768 841 912 290 172 278 317 431 461 673 656 906 951 717 401 810 691 749 383 592 231 784 490 724 685 304 730 41 80 528 681 977 648 743 67 542 824
4045 20 8899 841 912 906 951 724 685 304 730 278 317 749 383 528 681 784 490 810 691 717 401 977 648 542 824 592 231 99 768 290 172 41 80 673 656 743 67 95 676 431 461
5045 20 8899 724 685 542 824 906 951 717 401 99 768 528 681 278 317 95 676 784 490 673 656 749 383 743 67 810 691 304 730 977 648 431 461 290 172 41 80 841 912 592 231
1046 20 4842 307 3 43 471 532 129 45 278 401 123 215 309 228 800 958 359 391 979 10 285 200 743 90 144 386 950 241 113 361 395 273 368 263 55 27 41 162 905 920 263
2046 20 4842 162 905 273 368 386 950 532 129 43 471 391 979 241 113 361 395 27 41 10 285 228 800 920 263 263 55 401 123 45 278 307 3 215 309 90 144 958 359 200 743
3046 20 4842 361 395 920 263 391 979 162 905 273 368 263 55 215 309 307 3 958 359 386 950 43 471 10 285 241 113 90 144 27 41 200 743 45 278 532 129 228 800 401 123
4046 20 4842 920 263 90 144 43 471 241 113 263 55 215 309 391 979 958 359 273 368 307 3 27 41 45 278 228 800 532 129 401 123 162 905 200 743 386 950 10 285 361 395
5046 20 4842 200 743 43 471 215 309 263 55 958 359 27 41 273 368 532 129 10 285 90 144 391 979 228 800 361 395 241 113 401 123 45 278 920 263 307 3 386 950 162 905
1047 20 8120 224 494 821 985 204 928 763 3 332 956 695 434 423 1000 974 37 303 678 408 766 37 308 212 224 953 288 951 865 876 748 191 319 727 658 542 113 336 425 179 156
2047 20 8120 876 748 212 224 179 156 953 288 303 678 542 113 974 37 191 319 408 766 695 434 727 658 821 985 423 1000 336 425 951 865 204 928 332 956 224 494 763 3 37 308
3047 20 8120 212 224 695 434 542 113 191 319 953 288 336 425 224 494 763 3 303 678 951 865 332 956 423 1000 408 766 204 928 821 985 876 748 179 156 974 37 37 308 727 658
4047 20 8120 408 766 542 113 951 865 191 319 336 425 224 494 212 224 695 434 763 3 974 37 179 156 876 748 727 658 204 928 953 288 332 956 423 1000 37 308 821 985 303 678
5047 20 8120 727 658 336 425 37 308 204 928 423 1000 212 224 953 288 191 319 224 494 303 678 542 113 876 748 408 766 763 3 179 156 695 434 974 37 821 985 951 865 332 956
1048 20 7113 307 915 658 204 487 757 764 550 839 503 430 164 436 824 311 550 99 974 723 838 731 33 804 765 236 384 142 858 241 622 223 754 272 50 631 336 5 975 553 308
2048 20 7113 658 204 272 50 553 308 241 622 223 754 631 336 723 838 311 550 142 858 839 503 764 550 731 33 307 915 99 974 436 824 487 757 430 164 5 975 804 765 236 384
3048 20 7113 631 336 430 164 723 838 236 384 658 204 553 308 272 50 241 622 804 765 5 975 487 757 223 754 764 550 839 503 731 33 436 824 311 550 142 858 99 974 307 915
4048 20 7113 5 975 839 503 99 974 430 164 487 757 658 204 731 33 723 838 142 858 311 550 631 336 804 765 236 384 223 754 764 550 436 824 272 50 307 915 241 622 553 308
5048 20 7113 658 204 553 308 5 975 631 336 99 974 311 550 236 384 142 858 731 33 430 164 223 754 272 50 241 622 436 824 723 838 764 550 839 503 307 915 804 765 487 757
1049 20 6832 926 893 891 808 128 815 140 498 403 840 181 726 220 912 203 713 556 984 496 510 328 919 81 937 363 537 891 680 366 455 568 597 676 982 325 857 34 957 765 802
2049 20 6832 676 982 181 726 366 455 34 957 220 912 363 537 328 919 556 984 765 802 325 857 403 840 203 713 891 808 891 680 128 815 496 510 81 937 140 498 926 893 568 597
3049 20 6832 676 982 220 912 556 984 325 857 363 537 403 840 203 713 926 893 140 498 891 808 568 597 181 726 496 510 891 680 81 937 765 802 34 957 328 919 366 455 128 815
4049 20 6832 220 912 926 893 556 984 403 840 325 857 891 808 891 680 496 510 181 726 568 597 34 957 328 919 140 498 363 537 203 713 676 982 128 815 765 802 81 937 366 455
5049 20 6832 325 857 496 510 220 912 181 726 403 840 366 455 926 893 203 713 81 937 328 919 765 802 556 984 140 498 568 597 363 537 34 957 676 982 891 680 128 815 891 808
1050 20 6929 91 256 545 77 570 571 954 6 135 867 57 291 466 763 581 738 846 766 174 462 234 677 953 831 445 731 102 199 624 817 467 104 197 736 281 208 197 509 743 278
2050 20 6929 467 104 846 766 57 291 953 831 624 817 135 867 466 763 197 509 545 77 91 256 743 278 234 677 102 199 197 736 445 731 281 208 570 571 954 6 174 462 581 738
3050 20 6929 954 6 135 867 743 278 102 199 466 763 581 738 624 817 953 831 57 291 91 256 467 104 197 736 445 731 174 462 281 208 545 77 846 766 234 677 197 509 570 571
4050 20 6929 545 77 234 677 57 291 570 571 445 731 135 867 743 278 102 199 91 256 281 208 466 763 581 738 954 6 197 509 846 766 467 104 197 736 953 831 624 817 174 462
5050 20 6929 953 831 91 256 197 509 197 736 581 738 445 731 234 677 570 571 467 104 174 462 954 6 57 291 281 208 466 763 135 867 545 77 102 199 743 278 624 817 846 766
1051 20 7186 647 166 383 435 187 713 172 506 790 605 401 107 908 183 154 379 539 899 398 148 948 960 761 160 88 112 142 802 587 375 356 624 95 948 295 901 334 948 798 544
2051 20 7186 398 148 88 112 908 183 383 435 948 960 154 379 172 506 587 375 539 899 798 544 95 948 401 107 295 901 761 160 356 624 142 802 790 605 187 713 334 948 647 166
3051 20 7186 142 802 398 148 356 624 187 713 790 605 948 960 647 166 539 899 798 544 295 901 88 112 154 379 172 506 383 435 908 183 334 948 401 107 95 948 761 160 587 375
4051 20 7186 587 375 383 435 948 960 154 379 88 112 356 624 95 948 647 166 798 544 539 899 334 948 398 148 908 183 790 605 187 713 295 901 761 160 142 802 172 506 401 107
5051 20 7186 356 624 948 960 172 506 398 148 790 605 401 107 647 166 798 544 539 899 761 160 142 802 154 379 587 375 95 948 334 948 383 435 908 183 187 713 295 901 88 112
1052 20 5182 529 748 771 937 594 393 518 842 290 59 27 274 306 799 130 872 251 431 202 459 62 324 591 151 31 442 369 189 39 235 71 4 153 595 576 570 106 534 862 942
2052 20 5182 529 748 771 937 576 570 153 595 290 59 202 459 31 442 591 151 306 799 369 189 27 274 62 324 594 393 106 534 39 235 251 431 130 872 71 4 862 942 518 842
3052 20 5182 251 431 771 937 153 595 594 393 862 942 576 570 31 442 369 189 518 842 39 235 529 748 306 799 27 274 71 4 202 459 290 59 106 534 130 872 62 324 591 151
4052 20 5182 62 324 31 442 576 570 591 151 202 459 862 942 27 274 369 189 251 431 518 842 130 872 306 799 71 4 106 534 529 748 153 595 771 937 594 393 290 59 39 235
5052 20 5182 106 534 251 431 529 748 202 459 771 937 594 393 27 274 518 842 862 942 31 442 62 324 130 872 369 189 576 570 306 799 591 151 290 59 71 4 39 235 153 595
1053 20 6320 840 184 67 328 198 882 431 915 629 455 954 870 949 136 230 743 203 533 337 65 270 186 744 389 102 611 623 200 101 799 21 23 484 237 200 236 28 394 490 303
2053 20 6320 21 23 431 915 744 389 230 743 28 394 101 799 337 65 949 136 623 200 67 328 200 236 629 455 840 184 198 882 484 237 490 303 954 870 203 533 270 186 102 611
3053 20 6320 954 870 203 533 102 611 490 303 623 200 629 455 198 882 67 328 484 237 101 799 200 236 744 389 230 743 337 65 949 136 270 186 840 184 28 394 431 915 21 23
4053 20 6320 623 200 840 184 431 915 954 870 337 65 484 237 744 389 67 328 21 23 629 455 28 394 101 799 949 136 200 236 203 533 490 303 198 882 102 611 230 743 270 186
5053 20 6320 198 882 28 394 337 65 431 915 949 136 629 455 203 533 102 611 270 186 21 23 101 799 200 236 744 389 840 184 484 237 67 328 954 870 623 200 490 303 230 743
1054 20 6131 295 488 967 233 107 878 163 229 490 635 229 757 68 369 544 997 698 781 87 322 414 747 3 412 776 621 530 665 35 434 508 271 902 784 580 158 196 401 72 734
2054 20 6131 967 233 776 621 295 488 87 322 414 747 580 158 107 878 508 271 35 434 902 784 72 734 544 997 163 229 490 635 68 369 229 757 698 781 196 401 530 665 3 412
3054 20 6131 107 878 490 635 544 997 295 488 3 412 414 747 530 665 580 158 196 401 508 271 163 229 902 784 87 322 72 734 229 757 68 369 698 781 967 233 35 434 776 621
4054 20 6131 163 229 196 401 544 997 508 271 3 412 35 434 229 757 414 747 776 621 107 878 698 781 87 322 68 369 72 734 530 665 902 784 580 158 967 233 295 488 490 635
5054 20 6131 163 229 196 401 490 635 580 158 3 412 544 997 698 781 902 784 229 757 776 621 530 665 68 369 72 734 107 878 35 434 87 322 295 488 967 233 414 747 508 271
1055 20 6718 647 815 301 46 403 182 739 518 874 476 377 656 442 881 317 52 353 446 140 613 314 60 641 78 254 902 28 254 207 474 333 635 112 712 746 876 703 342 467 919
2055 20 6718 739 518 254 902 703 342 874 476 314 60 403 182 333 635 301 46 467 919 641 78 377 656 442 881 140 613 353 446 647 815 207 474 317 52 28 254 112 712 746 876
3055 20 6718 112 712 739 518 703 342 746 876 140 613 314 60 28 254 442 881 333 635 254 902 353 446 377 656 647 815 641 78 403 182 301 46 467 919 207 474 874 476 317 52
4055 20 6718 314 60 739 518 641 78 140 613 353 446 467 919 746 876 874 476 403 182 317 52 333 635 647 815 207 474 112 712 28 254 377 656 301 46 703 342 442 881 254 902
5055 20 6718 112 712 739 518 254 902 647 815 874 476 333 635 314 60 442 881 641 78 207 474 301 46 353 446 703 342 377 656 746 876 403 182 317 52 467 919 140 613 28 254
1056 20 6092 281 895 879 181 901 345 567 371 54 267 389 42 15 544 340 731 307 1000 628 456 622 395 252 724 190 631 292 402 149 614 381 500 220 119 47 826 834 229 268 291
2056 20 6092 389 42 220 119 268 291 307 1000 834 229 15 544 879 181 340 731 292 402 190 631 381 500 252 724 567 371 47 826 54 267 281 895 628 456 901 345 622 395 149 614
3056 20 6092 149 614 307 1000 220 119 54 267 834 229 15 544 252 724 292 402 879 181 901 345 628 456 381 500 389 42 190 631 268 291 47 826 567 371 281 895 340 731 622 395
4056 20 6092 149 614 307 1000 190 631 381 500 901 345 220 119 567 371 47 826 628 456 54 267 622 395 389 42 268 291 879 181 340 731 281 895 15 544 292 402 834 229 252 724
5056 20 6092 389 42 567 371 292 402 381 500 54 267 149 614 901 345 307 1000 622 395 340 731 879 181 220 119 628 456 252 724 268 291 15 544 190 631 47 826 834 229 281 895
1057 20 7139 640 638 235 979 107 834 515 556 434 102 242 826 530 617 627 395 317 965 601 276 472 873 350 488 166 938 461 372 553 644 243 920 669 172 922 111 767 148 73 22
2057 20 7139 235 979 553 644 73 22 601 276 922 111 107 834 166 938 243 920 767 148 472 873 242 826 530 617 461 372 627 395 669 172 515 556 434 102 640 638 317 965 350 488
3057 20 7139 73 22 669 172 107 834 243 920 434 102 530 617 235 979 472 873 242 826 350 488 627 395 515 556 640 638 553 644 601 276 461 372 317 965 767 148 922 111 166 938
4057 20 7139 627 395 515 556 235 979 922 111 434 102 640 638 461 372 472 873 601 276 243 920 73 22 107 834 669 172 530 617 350 488 242 826 553 644 317 965 767 148 166 938
5057 20 7139 553 644 350 488 73 22 166 938 640 638 434 102 472 873 317 965 243 920 530 617 601 276 461 372 922 111 242 826 107 834 627 395 515 556 767 148 669 172 235 979
1058 20 8176 906 277 701 188 815 167 847 503 705 832 294 125 105 195 214 686 713 559 345 369 432 813 550 518 858 227 446 611 151 245 804 911 660 425 418 847 98 258 158 444
2058 20 8176 446 611 701 188 294 125 705 832 858 227 906 277 151 245 345 369 432 813 815 167 550 518 98 258 418 847 214 686 804 911 158 444 847 503 105 195 660 425 713 559
3058 20 8176 214 686 705 832 446 611 158 444 151 245 858 227 550 518 660 425 418 847 815 167 847 503 98 258 906 277 345 369 294 125 713 559 105 195 804 911 432 813 701 188
4058 20 8176 158 444 713 559 804 911 105 195 701 188 660 425 214 686 705 832 418 847 906 277 858 227 550 518 98 258 345 369 294 125 151 245 815 167 446 611 432 813 847 503
5058 20 8176 214 686 705 832 550 518 847 503 660 425 858 227 158 444 418 847 906 277 294 125 345 369 701 188 446 611 713 559 804 911 432 813 98 258 105 195 151 245 815 167
1059 20 5959 84 650 670 694 258 110 114 978 98 66 201 361 54 288 353 821 146 558 228 927 452 218 603 68 765 799 496 622 953 771 593 840 60 580 49 52 643 939 629 115
2059 20 5959 353 821 60 580 603 68 146 558 54 288 49 52 629 115 593 840 953 771 765 799 496 622 84 650 258 110 643 939 228 927 201 361 452 218 98 66 114 978 670 694
3059 20 5959 54 288 60 580 603 68 452 218 643 939 228 927 593 840 146 558 353 821 765 799 84 650 98 66 114 978 670 694 629 115 953 771 258 110 496 622 201 361 49 52
4059 20 5959 496 622 452 218 643 939 765 799 593 840 146 558 98 66 353 821 114 978 953 771 201 361 49 52 258 110 603 68 228 927 84 650 629 115 670 694 54 288 60 580
5059 20 5959 49 52 629 115 98 66 258 110 496 622 452 218 114 978 603 68 84 650 146 558 670 694 228 927 353 821 201 361 60 580 765 799 593 840 953 771 643 939 54 288
1060 20 9350 812 214 529 651 912 95 822 438 992 639 368 820 365 570 312 843 827 257 552 89 916 67 450 47 855 814 371 943 439 653 114 112 377 360 873 850 6 524 796 432
2060 20 9350 439 653 992 639 377 360 529 651 855 814 552 89 873 850 312 843 827 257 368 820 450 47 365 570 6 524 114 112 912 95 812 214 916 67 822 438 796 432 371 943
3060 20 9350 450 47 827 257 365 570 312 843 371 943 368 820 552 89 6 524 855 814 114 112 529 651 796 432 992 639 916 67 439 653 812 214 822 438 912 95 377 360 873 850
4060 20 9350 855 814 371 943 812 214 912 95 992 639 796 432 529 651 114 112 365 570 822 438 368 820 827 257 439 653 6 524 377 360 450 47 312 843 552 89 916 67 873 850
5060 20 9350 552 89 368 820 450 47 371 943 365 570 992 639 916 67 114 112 796 432 827 257 873 850 855 814 377 360 312 843 912 95 822 438 6 524 439 653 529 651 812 214
1061 20 7143 82 298 433 92 525 187 191 901 744 581 223 782 615 634 229 80 169 682 215 556 398 887 286 996 833 801 622 237 622 560 940 201 25 264 568 64 824 273 385 377
2061 20 7143 622 237 525 187 744 581 215 556 229 80 398 887 82 298 169 682 433 92 940 201 286 996 568 64 25 264 191 901 833 801 622 560 223 782 824 273 385 377 615 634
3061 20 7143 744 581 229 80 824 273 169 682 215 556 191 901 940 201 433 92 622 560 525 187 568 64 25 264 833 801 223 782 398 887 385 377 286 996 622 237 615 634 82 298
4061 20 7143 622 237 525 187 622 560 223 782 229 80 385 377 215 556 25 264 286 996 433 92 824 273 398 887 744 581 82 298 191 901 615 634 169 682 568 64 833 801 940 201
5061 20 7143 82 298 229 80 433 92 744 581 385 377 615 634 25 264 169 682 622 237 223 782 191 901 833 801 622 560 940 201 824 273 568 64 215 556 525 187 286 996 398 887
1062 20 6945 652 133 657 360 143 530 38 765 581 474 420 526 575 635 135 30 932 345 771 192 350 236 911 732 626 999 406 574 767 815 56 10 382 104 44 745 72 531 164 37
2062 20 6945 911 732 581 474 382 104 406 574 143 530 56 10 932 345 771 192 135 30 626 999 652 133 350 236 44 745 72 531 164 37 575 635 767 815 657 360 38 765 420 526
3062 20 6945 575 635 72 531 657 360 382 104 135 30 44 745 767 815 350 236 911 732 581 474 164 37 420 526 406 574 38 765 652 133 932 345 56 10 626 999 143 530 771 192
4062 20 6945 164 37 767 815 350 236 420 526 657 360 626 999 143 530 44 745 771 192 406 574 72 531 932 345 581 474 575 635 652 133 38 765 382 104 911 732 135 30 56 10
5062 20 6945 164 37 143 530 626 999 767 815 135 30 350 236 652 133 44 745 771 192 38 765 56 10 575 635 406 574 382 104 657 360 581 474 911 732 72 531 932 345 420 526
1063 20 6976 627 754 17 461 325 698 580 805 611 461 550 114 905 478 320 395 455 337 34 579 82 468 297 263 760 6 495 75 392 613 182 690 866 134 711 921 357 346 155 685
2063 20 6976 580 805 760 6 905 478 495 75 297 263 357 346 627 754 155 685 611 461 182 690 320 395 34 579 82 468 455 337 550 114 325 698 17 461 711 921 392 613 866 134
3063 20 6976 17 461 357 346 320 395 182 690 34 579 82 468 392 613 580 805 550 114 611 461 866 134 325 698 495 75 297 263 155 685 455 337 905 478 711 921 627 754 760 6
4063 20 6976 325 698 392 613 580 805 155 685 550 114 320 395 182 690 17 461 711 921 760 6 455 337 82 468 495 75 34 579 357 346 297 263 627 754 611 461 905 478 866 134
5063 20 6976 357 346 34 579 17 461 866 134 392 613 495 75 320 395 760 6 627 754 155 685 550 114 611 461 455 337 325 698 182 690 905 478 297 263 711 921 580 805 82 468
1064 20 8382 714 392 349 37 85 311 918 404 534 957 631 571 706 236 231 476 822 357 219 831 113 787 889 331 23 385 271 267 702 609 996 106 595 727 123 540 656 313 901 95
2064 20 8382 231 476 85 311 534 957 702 609 631 571 714 392 656 313 595 727 113 787 901 95 889 331 349 37 271 267 918 404 822 357 123 540 996 106 219 831 23 385 706 236
3064 20 8382 889 331 631 571 702 609 85 311 23 385 219 831 901 95 595 727 113 787 123 540 656 313 918 404 231 476 349 37 271 267 706 236 822 357 714 392 534 957 996 106
4064 20 8382 889 331 85 311 271 267 918 404 23 385 349 37 656 313 702 609 113 787 631 571 714 392 706 236 231 476 996 106 595 727 123 540 901 95 822 357 219 831 534 957
5064 20 8382 23 385 123 540 889 331 822 357 706 236 631 571 901 95 534 957 918 404 219 831 113 787 595 727 85 311 714 392 656 313 996 106 702 609 271 267 349 37 231 476
1065 20 7596 641 714 754 970 514 177 593 511 657 235 342 31 757 747 572 758 128 992 20 252 485 169 390 446 491 790 15 536 871 990 28 412 594 455 87 566 818 439 738 841
2065 20 7596 28 412 485 169 757 747 657 235 87 566 754 970 514 177 20 252 818 439 128 992 390 446 594 455 641 714 572 758 871 990 15 536 491 790 593 511 342 31 738 841
3065 20 7596 28 412 491 790 657 235 514 177 818 439 738 841 128 992 572 758 641 714 594 455 754 970 390 446 871 990 87 566 342 31 757 747 593 511 15 536 20 252 485 169
4065 20 7596 491 790 593 511 20 252 15 536 87 566 757 747 572 758 514 177 594 455 390 446 342 31 754 970 738 841 485 169 818 439 28 412 128 992 641 714 657 235 871 990
5065 20 7596 87 566 28 412 342 31 754 970 572 758 390 446 818 439 757 747 485 169 594 455 514 177 871 990 641 714 20 252 657 235 738 841 593 511 15 536 491 790 128 992
1066 20 7984 861 583 195 949 800 945 733 391 18 518 317 617 238 345 185 434 427 672 677 770 423 909 181 46 123 628 234 879 917 319 311 644 832 973 857 25 797 886 855 16
2066 20 7984 311 644 800 945 677 770 797 886 861 583 733 391 18 518 123 628 427 672 195 949 857 25 855 16 185 434 317 617 423 909 181 46 917 319 238 345 832 973 234 879
3066 20 7984 857 25 185 434 238 345 855 16 423 909 123 628 311 644 861 583 317 617 181 46 797 886 800 945 18 518 195 949 917 319 832 973 234 879 677 770 427 672 733 391
4066 20 7984 861 583 797 886 234 879 733 391 857 25 18 518 123 628 677 770 311 644 800 945 917 319 832 973 317 617 238 345 181 46 185 434 427 672 855 16 195 949 423 909
5066 20 7984 18 518 238 345 857 25 195 949 832 973 123 628 181 46 427 672 423 909 317 617 800 945 855 16 861 583 677 770 733 391 234 879 797 886 917 319 185 434 311 644
1067 20 6974 352 505 369 617 666 485 277 781 513 958 775 33 335 340 866 150 427 799 602 792 404 489 36 666 286 37 963 837 191 305 706 932 56 258 421 279 314 98 159 801
2067 20 6974 666 485 369 617 963 837 314 98 286 37 36 666 427 799 56 258 159 801 775 33 277 781 404 489 513 958 421 279 706 932 866 150 335 340 602 792 352 505 191 305
3067 20 6974 513 958 159 801 421 279 36 666 427 799 602 792 775 33 56 258 963 837 352 505 314 98 866 150 706 932 666 485 335 340 191 305 369 617 286 37 277 781 404 489
4067 20 6974 775 33 369 617 706 932 56 258 513 958 335 340 36 666 427 799 666 485 286 37 277 781 191 305 602 792 404 489 421 279 352 505 159 801 866 150 314 98 963 837
5067 20 6974 277 781 666 485 866 150 513 958 314 98 404 489 421 279 56 258 36 666 352 505 335 340 369 617 602 792 775 33 427 799 286 37 706 932 191 305 159 801 963 837
1068 20 5841 147 202 480 202 331 809 568 872 145 394 486 702 827 237 24 617 286 456 526 975 204 111 15 593 135 40 52 677 749 654 227 366 603 656 82 197 763 521 652 400
2068 20 5841 82 197 135 40 480 202 652 400 526 975 204 111 286 456 763 521 827 237 145 394 486 702 15 593 331 809 568 872 603 656 227 366 24 617 147 202 52 677 749 654
3068 20 5841 526 975 82 197 15 593 480 202 763 521 603 656 145 394 204 111 286 456 568 872 486 702 24 617 827 237 227 366 749 654 135 40 52 677 331 809 652 400 147 202
4068 20 5841 147 202 145 394 749 654 331 809 82 197 603 656 486 702 227 366 827 237 135 40 286 456 763 521 652 400 24 617 526 975 204 111 52 677 15 593 568 872 480 202
5068 20 5841 147 202 568 872 227 366 486 702 480 202 763 521 652 400 827 237 331 809 286 456 15 593 204 111 52 677 526 975 749 654 603 656 135 40 24 617 145 394 82 197
1069 20 6580 146 138 895 924 40 750 354 194 294 408 450 911 143 834 343 968 450 965 783 65 581 889 78 832 336 323 776 961 512 711 473 516 89 602 382 115 417 378 684 760
2069 20 6580 146 138 294 408 336 323 343 968 417 378 143 834 89 602 581 889 40 750 78 832 450 911 895 924 512 711 684 760 473 516 382 115 354 194 776 961 450 965 783 65
3069 20 6580 78 832 450 911 684 760 450 965 146 138 343 968 294 408 143 834 336 323 473 516 895 924 89 602 776 961 382 115 512 711 783 65 40 750 581 889 417 378 354 194
4069 20 6580 354 194 417 378 294 408 78 832 146 138 450 911 512 711 343 968 895 924 89 602 783 65 776 961 143 834 450 965 581 889 473 516 684 760 382 115 336 323 40 750
5069 20 6580 450 965 776 961 382 115 450 911 89 602 146 138 143 834 78 832 40 750 417 378 581 889 343 968 294 408 336 323 684 760 895 924 783 65 473 516 354 194 512 711
1070 20 7145 555 505 678 959 535 131 246 306 387 356 522 523 348 517 449 24 488 591 502 914 50 867 957 456 131 239 559 832 509 63 47 993 8 323 800 92 717 485 444 324
2070 20 7145 509 63 50 867 678 959 131 239 502 914 246 306 559 832 522 523 8 323 717 485 800 92 957 456 444 324 535 131 47 993 555 505 348 517 488 591 387 356 449 24
3070 20 7145 387 356 47 993 50 867 509 63 444 324 678 959 957 456 8 323 522 523 535 131 246 306 131 239 559 832 348 517 488 591 717 485 502 914 449 24 800 92 555 505
4070 20 7145 535 131 678 959 559 832 800 92 8 323 131 239 488 591 50 867 555 505 502 914 449 24 509 63 387 356 348 517 522 523 47 993 444 324 246 306 957 456 717 485
5070 20 7145 957 456 522 523 444 324 555 505 559 832 488 591 131 239 348 517 717 485 800 92 246 306 8 323 535 131 678 959 502 914 509 63 50 867 387 356 47 993 449 24
1071 20 7988 754 935 110 420 233 984 848 743 370 286 855 47 791 76 6 668 413 112 597 402 916 997 137 129 70 989 925 918 339 510 703 222 838 206 808 163 257 104 16 296
2071 20 7988 916 997 137 129 370 286 754 935 413 112 855 47 16 296 925 918 838 206 791 76 597 402 808 163 703 222 110 420 339 510 70 989 6 668 233 984 257 104 848 743
3071 20 7988 916 997 855 47 339 510 370 286 110 420 791 76 754 935 6 668 137 129 70 989 233 984 925 918 703 222 413 112 838 206 848 743 597 402 16 296 808 163 257 104
4071 20 7988 855 47 70 989 339 510 233 984 848 743 597 402 916 997 925 918 791 76 257 104 808 163 703 222 413 112 838 206 16 296 137 129 110 420 370 286 754 935 6 668
5071 20 7988 597 402 70 989 233 984 110 420 6 668 16 296 137 129 703 222 754 935 370 286 838 206 925 918 808 163 855 47 916 997 848 743 339 510 791 76 257 104 413 112
1072 20 6285 729 653 203 315 59 612 109 266 340 987 457 936 452 703 325 963 594 505 484 398 82 965 514 18 512 741 524 450 314 719 906 758 73 682 178 914 511 342 491 846
2072 20 6285 59 612 109 266 452 703 906 758 340 987 491 846 457 936 203 315 484 398 524 450 512 741 325 963 511 342 178 914 314 719 594 505 82 965 729 653 73 682 514 18
3072 20 6285 59 612 484 398 325 963 340 987 729 653 594 505 511 342 82 965 512 741 73 682 178 914 514 18 452 703 203 315 314 719 524 450 457 936 491 846 906 758 109 266
4072 20 6285 906 758 452 703 203 315 512 741 484 398 340 987 514 18 314 719 524 450 178 914 491 846 594 505 729 653 325 963 457 936 73 682 109 266 82 965 59 612 511 342
5072 20 6285 203 315 178 914 340 987 452 703 325 963 73 682 109 266 524 450 594 505 82 965 511 342 491 846 906 758 314 719 512 741 59 612 457 936 729 653 514 18 484 398
1073 20 8287 724 575 477 580 699 27 23 530 322 424 857 895 165 968 733 183 892 695 916 771 949 389 242 905 978 643 309 595 381 909 961 402 232 489 268 240 51 906 180 993
2073 20 8287 949 389 381 909 180 993 322 424 268 240 978 643 242 905 232 489 961 402 724 575 51 906 699 27 857 895 165 968 916 771 23 530 477 580 309 595 733 183 892 695
3073 20 8287 232 489 180 993 268 240 23 530 949 389 892 695 978 643 381 909 165 968 309 595 724 575 51 906 242 905 916 771 961 402 733 183 699 27 477 580 322 424 857 895
4073 20 8287 733 183 242 905 978 643 949 389 699 27 477 580 916 771 309 595 268 240 724 575 381 909 165 968 322 424 892 695 51 906 23 530 961 402 232 489 857 895 180 993
5073 20 8287 949 389 51 906 180 993 961 402 916 771 268 240 724 575 23 530 322 424 381 909 857 895 978 643 477 580 165 968 699 27 733 183 892 695 232 489 309 595 242 905
1074 20 6982 599 936 588 328 342 565 661 1 31 630 166 975 460 74 617 723 26 842 63 514 107 532 853 691 798 292 759 578 55 202 824 764 140 262 452 264 631 229 556 182
2074 20 6982 342 565 661 1 798 292 31 630 853 691 55 202 166 975 631 229 460 74 452 264 824 764 759 578 140 262 63 514 107 532 599 936 556 182 588 328 617 723 26 842
3074 20 6982 556 182 588 328 55 202 759 578 342 565 63 514 617 723 452 264 166 975 107 532 140 262 26 842 661 1 853 691 824 764 631 229 31 630 599 936 798 292 460 74
4074 20 6982 759 578 26 842 55 202 140 262 661 1 452 264 166 975 460 74 556 182 824 764 631 229 798 292 107 532 63 514 342 565 31 630 853 691 617 723 599 936 588 328
5074 20 6982 55 202 140 262 759 578 107 532 661 1 342 565 798 292 599 936 556 182 631 229 588 328 63 514 166 975 452 264 824 764 460 74 617 723 31 630 853 691 26 842
1075 20 6117 375 468 737 717 815 532 410 764 357 795 446 199 128 110 44 45 273 804 600 712 379 327 369 171 186 468 357 416 228 272 855 367 35 30 796 145 10 121 247 424
2075 20 6117 855 367 357 795 375 468 128 110 273 804 737 717 796 145 247 424 228 272 410 764 600 712 35 30 186 468 446 199 379 327 815 532 369 171 44 45 10 121 357 416
3075 20 6117 273 804 10 121 446 199 855 367 410 764 600 712 357 795 186 468 379 327 737 717 228 272 35 30 796 145 375 468 369 171 247 424 815 532 44 45 357 416 128 110
4075 20 6117 273 804 357 416 369 171 446 199 379 327 128 110 10 121 357 795 247 424 228 272 600 712 186 468 815 532 796 145 44 45 855 367 35 30 375 468 737 717 410 764
5075 20 6117 357 416 44 45 186 468 247 424 228 272 410 764 10 121 369 171 815 532 855 367 35 30 375 468 128 110 446 199 379 327 796 145 600 712 357 795 737 717 273 804
1076 20 7856 677 533 468 129 438 822 148 991 381 336 491 291 949 970 410 681 485 522 296 917 272 144 607 276 51 380 639 525 589 620 821 235 979 143 513 370 349 302 258 883
2076 20 7856 491 291 677 533 949 970 468 129 639 525 410 681 148 991 438 822 485 522 258 883 513 370 821 235 51 380 296 917 589 620 381 336 272 144 607 276 349 302 979 143
3076 20 7856 639 525 589 620 296 917 381 336 148 991 491 291 979 143 258 883 438 822 485 522 513 370 349 302 949 970 821 235 410 681 607 276 468 129 677 533 51 380 272 144
4076 20 7856 607 276 51 380 949 970 821 235 410 681 148 991 677 533 381 336 468 129 639 525 485 522 296 917 491 291 258 883 513 370 349 302 589 620 438 822 272 144 979 143
5076 20 7856 438 822 272 144 639 525 491 291 410 681 381 336 148 991 513 370 296 917 979 143 468 129 258 883 349 302 949 970 589 620 51 380 677 533 821 235 485 522 607 276
1077 20 6777 202 137 190 577 473 721 133 144 9 570 699 207 90 201 614 355 738 74 502 857 380 86 252 1 422 929 512 249 117 801 252 533 966 767 641 180 764 509 516 157
2077 20 6777 641 180 9 570 473 721 764 509 252 533 380 86 502 857 202 137 190 577 699 207 90 201 422 929 516 157 252 1 133 144 738 74 614 355 966 767 512 249 117 801
3077 20 6777 252 533 641 180 133 144 699 207 614 355 117 801 380 86 422 929 516 157 252 1 738 74 202 137 9 570 190 577 512 249 502 857 473 721 90 201 966 767 764 509
4077 20 6777 512 249 422 929 516 157 699 207 764 509 117 801 252 1 9 570 641 180 133 144 202 137 90 201 502 857 614 355 380 86 738 74 473 721 252 533 966 767 190 577
5077 20 6777 9 570 422 929 641 180 512 249 252 1 614 355 502 857 190 577 117 801 699 207 516 157 380 86 966 767 133 144 202 137 738 74 90 201 252 533 473 721 764 509
1078 20 7555 486 438 385 383 932 57 860 731 613 500 176 496 41 415 245 374 120 456 130 463 845 392 710 394 689 914 668 686 38 248 164 525 644 613 477 979 282 186 939 253
2078 20 7555 385 383 644 613 668 686 939 253 120 456 130 463 689 914 282 186 486 438 38 248 845 392 710 394 41 415 164 525 245 374 477 979 176 496 932 57 860 731 613 500
3078 20 7555 164 525 845 392 120 456 668 686 130 463 486 438 710 394 477 979 860 731 385 383 939 253 689 914 644 613 38 248 282 186 176 496 41 415 932 57 613 500 245 374
4078 20 7555 613 500 710 394 689 914 245 374 41 415 932 57 477 979 860 731 385 383 120 456 486 438 176 496 130 463 38 248 644 613 845 392 668 686 939 253 164 525 282 186
5078 20 7555 130 463 486 438 38 248 845 392 164 525 176 496 245 374 41 415 613 500 932 57 668 686 385 383 860 731 939 253 689 914 282 186 644 613 710 394 120 456 477 979
1079 20 5973 94 167 484 25 453 134 659 489 7 773 329 251 154 235 437 419 611 367 801 237 365 777 503 551 316 140 523 807 405 110 226 435 105 163 33 44 797 453 165 587
2079 20 5973 316 140 801 237 165 587 105 163 453 134 503 551 154 235 329 251 659 489 365 777 523 807 405 110 7 773 611 367 33 44 94 167 484 25 797 453 437 419 226 435
3079 20 5973 659 489 33 44 801 237 503 551 437 419 611 367 154 235 484 25 316 140 405 110 797 453 165 587 329 251 523 807 105 163 453 134 365 777 226 435 94 167 7 773
4079 20 5973 33 44 797 453 365 777 437 419 405 110 154 235 165 587 659 489 523 807 503 551 611 367 105 163 801 237 7 773 226 435 484 25 316 140 94 167 329 251 453 134
5079 20 5973 611 367 453 134 405 110 154 235 105 163 801 237 365 777 503 551 437 419 523 807 226 435 484 25 165 587 33 44 94 167 659 489 316 140 7 773 329 251 797 453
1080 20 5080 263 629 43 795 60 634 81 559 832 101 42 975 459 732 636 328 161 538 219 999 399 688 429 643 884 129 339 71 330 402 507 459 218 973 298 325 131 703 19 466
2080 20 5080 399 688 884 129 19 466 60 634 507 459 459 732 219 999 832 101 339 71 298 325 43 795 81 559 636 328 161 538 330 402 263 629 218 973 42 975 131 703 429 643
3080 20 5080 131 703 459 732 43 795 399 688 42 975 19 466 507 459 636 328 339 71 884 129 298 325 161 538 218 973 263 629 832 101 60 634 330 402 429 643 219 999 81 559
4080 20 5080 636 328 507 459 884 129 60 634 330 402 218 973 43 795 219 999 81 559 19 466 429 643 832 101 459 732 399 688 339 71 131 703 42 975 298 325 161 538 263 629
5080 20 5080 636 328 60 634 43 795 459 732 330 402 19 466 884 129 399 688 81 559 298 325 832 101 131 703 219 999 263 629 339 71 218 973 507 459 42 975 429 643 161 538
1081 20 6886 706 312 979 221 36 306 197 844 832 926 568 941 2 409 229 868 34 383 816 701 158 500 689 223 747 637 439 555 281 25 981 575 11 851 232 608 199 598 472 733
2081 20 6886 568 941 229 868 472 733 36 306 706 312 281 25 981 575 747 637 199 598 832 926 979 221 158 500 689 223 11 851 34 383 232 608 197 844 439 555 816 701 2 409
3081 20 6886 232 608 706 312 158 500 747 637 689 223 439 555 981 575 979 221 2 409 197 844 816 701 34 383 472 733 36 306 229 868 199 598 11 851 281 25 832 926 568 941
4081 20 6886 981 575 689 223 2 409 197 844 36 306 158 500 11 851 439 555 199 598 34 383 472 733 979 221 832 926 816 701 568 941 229 868 281 25 706 312 747 637 232 608
5081 20 6886 158 500 472 733 979 221 832 926 281 25 11 851 706 312 439 555 2 409 816 701 568 941 232 608 197 844 981 575 747 637 689 223 34 383 229 868 36 306 199 598
1082 20 7904 775 392 82 950 302 161 344 986 863 835 67 5 659 672 730 946 288 535 401 809 202 203 433 473 844 15 721 92 430 326 693 620 739 494 55 317 705 100 547 868
2082 20 7904 82 950 863 835 55 317 202 203 739 494 721 92 775 392 344 986 430 326 288 535 67 5 693 620 433 473 547 868 302 161 844 15 730 946 659 672 705 100 401 809
3082 20 7904 730 946 863 835 430 326 302 161 721 92 433 473 288 535 67 5 547 868 775 392 705 100 401 809 739 494 659 672 844 15 693 620 202 203 344 986 82 950 55 317
4082 20 7904 55 317 302 161 659 672 844 15 433 473 67 5 705 100 288 535 721 92 739 494 344 986 693 620 430 326 775 392 202 203 82 950 863 835 401 809 730 946 547 868
5082 20 7904 693 620 863 835 302 161 67 5 433 473 775 392 430 326 705 100 730 946 547 868 844 15 55 317 401 809 659 672 739 494 288 535 344 986 202 203 721 92 82 950
1083 20 9005 932 931 518 586 848 55 402 23 248 172 882 90 863 535 2 365 184 50 623 540 335 570 925 926 105 380 284 928 432 428 356 784 961 683 948 801 551 999 858 467
2083 20 9005 248 172 882 90 335 570 284 928 948 801 402 23 184 50 518 586 961 683 623 540 551 999 932 931 432 428 2 365 105 380 848 55 863 535 858 467 356 784 925 926
3083 20 9005 948 801 184 50 284 928 248 172 105 380 623 540 858 467 518 586 961 683 2 365 402 23 848 55 882 90 335 570 356 784 551 999 932 931 432 428 925 926 863 535
4083 20 9005 184 50 961 683 284 928 925 926 848 55 356 784 932 931 105 380 402 23 335 570 248 172 551 999 432 428 518 586 858 467 623 540 882 90 863 535 2 365 948 801
5083 20 9005 402 23 882 90 961 683 335 570 284 928 623 540 432 428 925 926 863 535 848 55 184 50 518 586 858 467 105 380 2 365 248 172 356 784 948 801 551 999 932 931
1084 20 5787 396 420 737 593 424 69 342 693 147 47 904 254 43 115 130 619 418 238 331 93 701 776 504 762 501 97 486 648 57 869 20 63 582 573 237 120 59 619 215 456
2084 20 5787 701 776 424 69 501 97 20 63 504 762 486 648 342 693 130 619 737 593 57 869 59 619 396 420 418 238 215 456 582 573 43 115 147 47 237 120 904 254 331 93
3084 20 5787 57 869 418 238 43 115 504 762 130 619 59 619 342 693 147 47 737 593 486 648 331 93 904 254 237 120 701 776 501 97 20 63 396 420 424 69 215 456 582 573
4084 20 5787 130 619 737 593 237 120 701 776 43 115 904 254 418 238 59 619 486 648 147 47 331 93 20 63 501 97 57 869 504 762 396 420 582 573 424 69 215 456 342 693
5084 20 5787 501 97 43 115 701 776 342 693 130 619 20 63 237 120 147 47 57 869 486 648 504 762 737 593 215 456 396 420 424 69 59 619 582 573 331 93 904 254 418 238
1085 20 5412 422 91 733 358 543 333 127 534 229 264 182 227 188 772 733 225 25 177 565 422 110 321 107 38 88 207 196 840 483 238 524 142 931 756 291 94 52 655 236 423
2085 20 5412 733 358 88 207 107 38 422 91 25 177 196 840 52 655 524 142 229 264 483 238 291 94 127 534 733 225 182 227 931 756 188 772 236 423 543 333 110 321 565 422
3085 20 5412 733 358 188 772 25 177 291 94 733 225 543 333 524 142 483 238 229 264 127 534 107 38 931 756 88 207 422 91 110 321 52 655 196 840 565 422 236 423 182 227
4085 20 5412 25 177 182 227 483 238 524 142 107 38 422 91 931 756 565 422 236 423 291 94 196 840 110 321 543 333 733 358 733 225 88 207 127 534 52 655 188 772 229 264
5085 20 5412 483 238 565 422 229 264 422 91 188 772 107 38 733 358 52 655 931 756 127 534 236 423 182 227 291 94 543 333 524 142 733 225 196 840 110 321 88 207 25 177
1086 20 8592 839 401 333 269 786 390 501 377 891 296 363 903 433 611 566 880 793 522 483 751 569 200 208 912 16 516 587 74 919 933 649 674 828 560 512 578 307 649 158 633
2086 20 8592 501 377 208 912 307 649 569 200 786 390 512 578 433 611 333 269 919 933 839 401 587 74 891 296 566 880 483 751 16 516 363 903 793 522 158 633 649 674 828 560
3086 20 8592 483 751 333 269 587 74 569 200 839 401 16 516 433 611 793 522 919 933 828 560 158 633 208 912 786 390 501 377 891 296 649 674 363 903 566 880 307 649 512 578
4086 20 8592 363 903 828 560 587 74 649 674 839 401 208 912 566 880 16 516 569 200 786 390 158 633 919 933 433 611 307 649 512 578 483 751 501 377 793 522 333 269 891 296
5086 20 8592 501 377 158 633 786 390 512 578 307 649 839 401 333 269 919 933 483 751 587 74 16 516 433 611 793 522 363 903 828 560 208 912 566 880 891 296 569 200 649 674
1087 20 7531 370 727 193 634 11 833 819 687 865 204 569 572 237 828 763 961 501 102 844 802 402 132 69 438 875 636 781 449 657 478 161 386 112 543 600 164 546 630 39 186
2087 20 7531 370 727 161 386 875 636 657 478 763 961 112 543 600 164 11 833 819 687 865 204 781 449 193 634 501 102 402 132 237 828 39 186 844 802 546 630 569 572 69 438
3087 20 7531 865 204 657 478 819 687 763 961 844 802 112 543 501 102 546 630 370 727 39 186 193 634 237 828 402 132 875 636 569 572 11 833 69 438 161 386 781 449 600 164
4087 20 7531 402 132 569 572 844 802 11 833 781 449 875 636 865 204 237 828 501 102 69 438 193 634 370 727 763 961 39 186 546 630 161 386 600 164 112 543 657 478 819 687
5087 20 7531 11 833 657 478 501 102 781 449 193 634 844 802 763 961 819 687 112 543 237 828 69 438 600 164 546 630 161 386 402 132 370 727 39 186 569 572 865 204 875 636
1088 20 7364 136 44 506 447 360 895 626 169 109 179 966 289 323 853 430 916 546 762 232 545 438 370 336 869 415 993 881 446 291 441 57 745 639 62 941 1 484 877 489 929
2088 20 7364 336 869 232 545 109 179 506 447 881 446 57 745 966 289 323 853 136 44 941 1 489 929 626 169 484 877 639 62 546 762 430 916 360 895 415 993 291 441 438 370
3088 20 7364 360 895 232 545 966 289 546 762 323 853 506 447 415 993 291 441 57 745 336 869 430 916 484 877 136 44 941 1 881 446 639 62 626 169 489 929 109 179 438 370
4088 20 7364 546 762 136 44 232 545 336 869 484 877 415 993 626 169 323 853 506 447 360 895 881 446 438 370 291 441 941 1 489 929 966 289 109 179 57 745 430 916 639 62
5088 20 7364 57 745 438 370 430 916 881 446 506 447 360 895 291 441 232 545 136 44 484 877 626 169 323 853 941 1 415 993 489 929 639 62 546 762 109 179 966 289 336 869
1089 20 10074 851 348 663 760 992 940 763 970 899 76 139 576 807 217 699 832 776 815 482 635 445 438 719 941 688 976 35 791 541 199 333 853 562 97 842 501 653 475 704 135
2089 20 10074 776 815 851 348 663 760 653 475 562 97 807 217 35 791 139 576 992 940 704 135 699 832 719 941 445 438 763 970 333 853 688 976 541 199 482 635 899 76 842 501
3089 20 10074 899 76 763 970 776 815 541 199 851 348 842 501 139 576 482 635 688 976 992 940 704 135 562 97 653 475 663 760 333 853 699 832 35 791 445 438 807 217 719 941
4089 20 10074 333 853 851 348 541 199 562 97 992 940 899 76 842 501 663 760 35 791 719 941 699 832 776 815 139 576 763 970 482 635 704 135 807 217 653 475 688 976 445 438
5089 20 10074 541 199 807 217 688 976 139 576 851 348 842 501 35 791 719 941 699 832 445 438 653 475 899 76 992 940 763 970 663 760 562 97 333 853 482 635 776 815 704 135
1090 20 6669 858 306 803 522 522 132 392 279 318 867 533 460 5 902 540 971 445 490 253 356 8 275 404 896 741 4 57 650 191 66 775 173 724 197 682 823 50 373 36 415
2090 20 6669 724 197 392 279 50 373 775 173 533 460 858 306 682 823 445 490 404 896 36 415 5 902 540 971 253 356 57 650 522 132 8 275 191 66 318 867 741 4 803 522
3090 20 6669 724 197 57 650 803 522 445 490 540 971 392 279 36 415 253 356 8 275 682 823 5 902 50 373 741 4 522 132 775 173 533 460 191 66 858 306 404 896 318 867
4090 20 6669 445 490 803 522 191 66 50 373 8 275 253 356 775 173 392 279 5 902 724 197 858 306 36 415 533 460 57 650 741 4 682 823 318 867 540 971 522 132 404 896
5090 20 6669 50 373 741 4 522 132 191 66 36 415 57 650 253 356 5 902 404 896 318 867 858 306 8 275 724 197 392 279 445 490 803 522 533 460 775 173 682 823 540 971
1091 20 7452 467 414 24 304 478 722 621 967 239 538 798 595 294 873 209 501 675 247 436 481 868 528 848 897 98 35 286 478 691 894 294 900 850 410 157 236 859 111 123 636
2091 20 7452 294 873 209 501 848 897 286 478 621 967 798 595 478 722 24 304 157 236 691 894 868 528 98 35 436 481 859 111 467 414 123 636 675 247 294 900 850 410 239 538
3091 20 7452 621 967 239 538 868 528 467 414 294 900 478 722 123 636 798 595 294 873 98 35 24 304 848 897 436 481 859 111 286 478 675 247 209 501 157 236 850 410 691 894
4091 20 7452 286 478 859 111 209 501 157 236 691 894 850 410 467 414 798 595 294 873 478 722 868 528 848 897 24 304 621 967 239 538 123 636 436 481 294 900 675 247 98 35
5091 20 7452 675 247 621 967 848 897 798 595 436 481 286 478 294 900 868 528 157 236 691 894 467 414 98 35 123 636 209 501 239 538 850 410 24 304 478 722 859 111 294 873
1092 20 6427 64 784 210 756 170 687 642 568 4 195 790 574 186 805 865 270 151 13 954 700 413 204 509 931 70 888 572 229 219 252 157 140 69 400 914 468 349 97 726 502
2092 20 6427 572 229 170 687 64 784 349 97 210 756 4 195 151 13 726 502 157 140 914 468 413 204 865 270 790 574 186 805 509 931 219 252 642 568 954 700 69 400 70 888
3092 20 6427 914 468 170 687 572 229 4 195 151 13 349 97 726 502 865 270 642 568 157 140 69 400 790 574 186 805 509 931 64 784 219 252 70 888 210 756 954 700 413 204
4092 20 6427 726 502 865 270 4 195 69 400 954 700 157 140 219 252 186 805 413 204 64 784 914 468 572 229 210 756 642 568 151 13 70 888 170 687 509 931 349 97 790 574
5092 20 6427 151 13 790 574 69 400 186 805 865 270 219 252 70 888 157 140 954 700 642 568 572 229 413 204 726 502 914 468 170 687 349 97 4 195 64 784 509 931 210 756
1093 20 8582 646 1000 365 323 389 634 941 21 266 574 793 221 881 974 253 266 84 335 201 466 850 476 726 77 948 235 296 21 881 816 281 578 200 192 730 858 654 198 343 923
2093 20 8582 948 235 850 476 881 974 84 335 296 21 365 323 793 221 646 1000 726 77 730 858 654 198 266 574 281 578 200 192 201 466 253 266 343 923 881 816 941 21 389 634
3093 20 8582 646 1000 365 323 266 574 850 476 730 858 948 235 793 221 941 21 201 466 881 974 296 21 654 198 281 578 200 192 84 335 389 634 343 923 726 77 881 816 253 266
4093 20 8582 365 323 730 858 253 266 793 221 343 923 201 466 84 335 654 198 200 192 266 574 881 974 850 476 941 21 281 578 881 816 646 1000 726 77 296 21 948 235 389 634
5093 20 8582 941 21 200 192 646 1000 281 578 881 974 654 198 948 235 201 466 343 923 793 221 881 816 850 476 730 858 389 634 726 77 84 335 266 574 253 266 296 21 365 323
1094 20 6968 474 851 861 765 190 60 385 328 723 413 21 136 272 302 592 925 493 816 404 170 559 451 121 96 860 211 497 395 622 690 331 756 123 44 17 986 283 6 882 447
2094 20 6968 123 44 493 816 283 6 404 170 385 328 860 211 474 851 21 136 272 302 861 765 331 756 190 60 723 413 121 96 592 925 622 690 882 447 497 395 17 986 559 451
3094 20 6968 497 395 474 851 493 816 404 170 622 690 860 211 592 925 121 96 17 986 861 765 190 60 723 413 882 447 123 44 283 6 21 136 272 302 385 328 559 451 331 756
4094 20 6968 559 451 497 395 493 816 723 413 882 447 17 986 190 60 592 925 21 136 861 765 385 328 404 170 860 211 121 96 123 44 283 6 474 851 331 756 622 690 272 302
5094 20 6968 121 96 17 986 474 851 882 447 272 302 592 925 622 690 860 211 497 395 493 816 283 6 385 328 861 765 21 136 331 756 123 44 723 413 404 170 559 451 190 60
1095 20 4533 521 710 182 510 7 715 332 163 941 715 130 387 74 227 366 843 331 612 747 928 82 866 230 671 317 471 173 379 41 466 465 976 229 536 45 12 82 71 372 62
2095 20 4533 82 71 332 163 366 843 229 536 230 671 317 471 74 227 465 976 41 466 182 510 941 715 747 928 173 379 82 866 7 715 521 710 130 387 45 12 372 62 331 612
3095 20 4533 366 843 941 715 45 12 317 471 173 379 229 536 182 510 130 387 82 866 332 163 7 715 41 466 372 62 74 227 521 710 82 71 331 612 230 671 465 976 747 928
4095 20 4533 372 62 7 715 331 612 74 227 317 471 747 928 332 163 45 12 130 387 521 710 173 379 230 671 229 536 366 843 82 866 465 976 82 71 41 466 182 510 941 715
5095 20 4533 230 671 173 379 521 710 465 976 7 715 74 227 747 928 45 12 82 71 82 866 317 471 130 387 941 715 182 510 331 612 332 163 41 466 229 536 366 843 372 62
1096 20 7012 100 359 130 517 57 865 32 410 364 890 733 954 752 788 756 631 385 445 694 770 687 686 543 22 178 917 483 509 375 323 862 568 313 774 682 845 639 841 1 151
2096 20 7012 1 151 733 954 57 865 385 445 756 631 639 841 32 410 682 845 100 359 130 517 483 509 752 788 364 890 313 774 375 323 862 568 687 686 694 770 543 22 178 917
3096 20 7012 1 151 364 890 862 568 543 22 375 323 130 517 178 917 756 631 687 686 752 788 385 445 32 410 100 359 313 774 483 509 57 865 694 770 733 954 682 845 639 841
4096 20 7012 313 774 1 151 32 410 862 568 756 631 100 359 130 517 375 323 733 954 752 788 694 770 639 841 682 845 57 865 687 686 364 890 483 509 543 22 385 445 178 917
5096 20 7012 385 445 375 323 364 890 687 686 32 410 752 788 682 845 130 517 313 774 57 865 178 917 1 151 543 22 733 954 100 359 483 509 862 568 756 631 694 770 639 841
1097 20 9251 417 661 90 282 742 658 191 164 147 886 454 350 944 982 840 27 467 898 549 148 148 561 777 247 875 17 944 804 687 190 775 524 983 966 587 820 613 246 334 589
2097 20 9251 944 804 467 898 875 17 840 27 613 246 147 886 334 589 742 658 983 966 148 561 454 350 417 661 687 190 549 148 944 982 777 247 775 524 191 164 90 282 587 820
3097 20 9251 549 148 775 524 687 190 148 561 742 658 191 164 467 898 90 282 944 982 875 17 417 661 777 247 334 589 613 246 840 27 983 966 944 804 147 886 454 350 587 820
4097 20 9251 417 661 687 190 334 589 587 820 840 27 191 164 549 148 90 282 944 804 944 982 742 658 875 17 148 561 147 886 454 350 983 966 613 246 777 247 775 524 467 898
5097 20 9251 944 804 417 661 334 589 777 247 983 966 454 350 875 17 840 27 687 190 191 164 549 148 148 561 147 886 742 658 587 820 944 982 775 524 90 282 613 246 467 898
1098 20 7003 82 205 303 351 474 70 918 764 549 849 624 913 205 70 971 397 152 318 300 298 292 601 758 931 743 23 406 638 146 560 393 978 448 712 25 887 379 331 586 169
2098 20 7003 918 764 205 70 474 70 586 169 393 978 743 23 624 913 152 318 300 298 971 397 25 887 758 931 549 849 292 601 448 712 379 331 146 560 406 638 82 205 303 351
3098 20 7003 292 601 743 23 146 560 624 913 549 849 918 764 303 351 586 169 448 712 758 931 406 638 205 70 971 397 379 331 25 887 152 318 474 70 82 205 393 978 300 298
4098 20 7003 549 849 624 913 205 70 25 887 379 331 448 712 82 205 743 23 152 318 303 351 393 978 146 560 300 298 758 931 918 764 406 638 474 70 971 397 586 169 292 601
5098 20 7003 300 298 743 23 152 318 146 560 82 205 549 849 25 887 205 70 393 978 406 638 303 351 624 913 474 70 758 931 918 764 379 331 448 712 586 169 971 397 292 601
1099 20 7855 273 561 985 410 71 538 441 185 464 915 667 207 713 253 859 21 830 195 804 72 469 615 96 330 572 188 228 781 115 433 437 302 977 183 78 641 383 131 357 850
2099 20 7855 273 561 859 21 437 302 572 188 667 207 357 850 78 641 804 72 985 410 96 330 71 538 228 781 469 615 464 915 977 183 115 433 713 253 383 131 830 195 441 185
3099 20 7855 78 641 357 850 437 302 96 330 804 72 71 538 830 195 441 185 273 561 977 183 985 410 115 433 859 21 464 915 713 253 572 188 383 131 469 615 667 207 228 781
4099 20 7855 96 330 273 561 830 195 228 781 713 253 985 410 464 915 115 433 469 615 78 641 804 72 383 131 572 188 977 183 859 21 71 538 357 850 667 207 437 302 441 185
5099 20 7855 667 207 71 538 78 641 273 561 830 195 357 850 464 915 96 330 441 185 977 183 713 253 804 72 985 410 383 131 572 188 228 781 115 433 859 21 469 615 437 302
1100 20 6880 379 17 4 356 443 996 342 68 346 834 15 749 299 741 718 615 723 984 110 11 342 959 589 599 848 401 939 114 848 552 174 728 758 693 43 112 565 868 116 342
2100 20 6880 299 741 342 959 848 552 589 599 848 401 174 728 939 114 15 749 723 984 43 112 4 356 758 693 110 11 379 17 565 868 443 996 718 615 346 834 342 68 116 342
3100 20 6880 43 112 346 834 723 984 174 728 342 68 565 868 758 693 110 11 939 114 15 749 379 17 116 342 718 615 299 741 342 959 848 552 848 401 589 599 443 996 4 356
4100 20 6880 342 68 342 959 758 693 443 996 116 342 718 615 4 356 15 749 379 17 43 112 565 868 346 834 174 728 110 11 723 984 848 401 939 114 299 741 589 599 848 552
5100 20 6880 15 749 939 114 848 552 299 741 589 599 342 959 116 342 342 68 43 112 379 17 346 834 443 996 565 868 758 693 718 615 4 356 848 401 174 728 723 984 110 11
