1001 20 6228 415 602 167 259 435 89 311 657 260 877 857 172 453 189 471 197 299 297 65 334 871 852 330 572 145 269 458 800 391 401 759 568 172 354 326 298 147 943 454 660
2001 20 6228 65 334 453 189 147 943 454 660 458 800 311 657 260 877 471 197 415 602 299 297 326 298 759 568 172 354 871 852 145 269 435 89 391 401 330 572 857 172 167 259
3001 20 6228 453 189 415 602 759 568 458 800 391 401 435 89 871 852 326 298 454 660 299 297 65 334 167 259 471 197 311 657 145 269 260 877 147 943 172 354 857 172 330 572
4001 20 6228 167 259 453 189 454 660 871 852 311 657 330 572 145 269 172 354 299 297 435 89 65 334 857 172 415 602 391 401 147 943 458 800 471 197 759 568 260 877 326 298
5001 20 6228 759 568 857 172 145 269 454 660 147 943 65 334 330 572 260 877 311 657 326 298 471 197 435 89 453 189 299 297 167 259 415 602 172 354 458 800 871 852 391 401
1002 20 4656 39 607 35 202 279 332 51 48 258 782 685 768 250 307 139 833 609 933 221 867 74 437 257 138 300 86 183 102 50 592 430 682 329 944 782 643 498 928 351 708
2002 20 4656 430 682 39 607 50 592 609 933 35 202 782 643 250 307 300 86 329 944 74 437 257 138 258 782 685 768 498 928 51 48 351 708 183 102 279 332 139 833 221 867
3002 20 4656 609 933 685 768 329 944 139 833 74 437 300 86 183 102 50 592 258 782 257 138 51 48 250 307 35 202 279 332 430 682 39 607 782 643 221 867 498 928 351 708
4002 20 4656 609 933 50 592 351 708 257 138 782 643 258 782 685 768 39 607 35 202 250 307 329 944 183 102 430 682 51 48 279 332 221 867 139 833 300 86 74 437 498 928
5002 20 4656 74 437 498 928 258 782 685 768 51 48 300 86 139 833 351 708 257 138 250 307 609 933 782 643 35 202 430 682 279 332 329 944 50 592 39 607 183 102 221 867
1003 20 6220 344 343 530 430 228 886 148 309 677 660 547 796 356 919 231 63 589 628 114 796 525 904 21 642 396 99 270 839 200 774 735 637 660 849 362 553 517 776 325 890
2003 20 6220 396 99 228 886 148 309 21 642 231 63 517 776 270 839 362 553 735 637 660 849 200 774 547 796 589 628 530 430 525 904 356 919 325 890 344 343 677 660 114 796
3003 20 6220 362 553 114 796 270 839 517 776 525 904 547 796 660 849 344 343 21 642 530 430 325 890 735 637 228 886 396 99 148 309 589 628 200 774 677 660 356 919 231 63
4003 20 6220 677 660 344 343 517 776 148 309 660 849 396 99 270 839 362 553 589 628 735 637 547 796 228 886 200 774 530 430 231 63 525 904 21 642 356 919 325 890 114 796
5003 20 6220 228 886 270 839 231 63 356 919 677 660 547 796 200 774 660 849 362 553 325 890 589 628 21 642 114 796 517 776 344 343 735 637 148 309 525 904 396 99 530 430
1004 20 4864 467 448 331 312 126 423 296 518 538 434 176 631 386 256 291 281 216 490 212 124 370 295 194 559 57 777 179 468 156 990 647 67 290 813 593 943 84 166 472 981
2004 20 4864 647 67 216 490 386 256 472 981 176 631 84 166 370 295 467 448 538 434 331 312 194 559 126 423 156 990 291 281 212 124 179 468 290 813 296 518 593 943 57 777
3004 20 4864 84 166 290 813 538 434 291 281 156 990 296 518 176 631 57 777 370 295 331 312 194 559 593 943 386 256 216 490 179 468 472 981 126 423 647 67 212 124 467 448
4004 20 4864 386 256 291 281 57 777 593 943 538 434 467 448 194 559 84 166 647 67 331 312 290 813 212 124 216 490 126 423 176 631 296 518 156 990 179 468 370 295 472 981
5004 20 4864 156 990 386 256 331 312 290 813 212 124 179 468 467 448 647 67 472 981 291 281 176 631 370 295 57 777 216 490 296 518 126 423 194 559 593 943 538 434 84 166
1005 20 5201 397 234 19 1 131 498 464 71 1 6 25 392 149 289 831 283 661 98 184 58 402 276 122 940 705 994 622 209 200 719 11 573 369 963 617 119 379 500 213 898
2005 20 5201 11 573 184 58 200 719 369 963 402 276 397 234 831 283 1 6 19 1 622 209 213 898 661 98 464 71 122 940 25 392 379 500 617 119 705 994 149 289 131 498
3005 20 5201 1 6 149 289 19 1 131 498 122 940 661 98 464 71 11 573 379 500 622 209 369 963 402 276 25 392 200 719 617 119 184 58 213 898 705 994 397 234 831 283
4005 20 5201 831 283 11 573 149 289 122 940 131 498 1 6 200 719 184 58 402 276 661 98 379 500 25 392 617 119 705 994 622 209 369 963 213 898 464 71 19 1 397 234
5005 20 5201 11 573 149 289 831 283 184 58 397 234 661 98 25 392 622 209 402 276 617 119 200 719 464 71 19 1 131 498 705 994 213 898 369 963 122 940 1 6 379 500
1006 20 4253 306 898 44 228 528 955 228 151 105 169 126 386 203 751 407 210 103 851 40 153 80 633 236 194 277 150 38 120 581 440 553 884 234 164 444 67 572 768 212 407
2006 20 4253 572 768 236 194 80 633 105 169 203 751 277 150 553 884 444 67 306 898 228 151 38 120 44 228 212 407 407 210 581 440 103 851 40 153 528 955 126 386 234 164
3006 20 4253 528 955 572 768 38 120 228 151 306 898 236 194 212 407 407 210 80 633 553 884 277 150 203 751 444 67 105 169 44 228 234 164 103 851 126 386 40 153 581 440
4006 20 4253 228 151 444 67 277 150 236 194 40 153 44 228 306 898 105 169 203 751 581 440 407 210 553 884 103 851 126 386 572 768 212 407 528 955 80 633 38 120 234 164
5006 20 4253 553 884 40 153 234 164 306 898 105 169 203 751 126 386 581 440 236 194 277 150 572 768 103 851 212 407 407 210 528 955 228 151 38 120 44 228 80 633 444 67
1007 20 4620 134 860 75 394 130 462 46 564 406 200 138 861 344 782 425 133 860 430 214 198 107 202 704 790 22 754 69 915 61 840 34 613 132 909 683 711 704 779 487 751
2007 20 4620 34 613 860 430 214 198 406 200 107 202 134 860 22 754 704 779 132 909 69 915 704 790 683 711 425 133 75 394 487 751 138 861 61 840 46 564 130 462 344 782
3007 20 4620 138 861 860 430 34 613 61 840 704 790 46 564 344 782 704 779 130 462 425 133 69 915 134 860 107 202 214 198 22 754 487 751 75 394 132 909 683 711 406 200
4007 20 4620 61 840 704 779 75 394 130 462 487 751 132 909 344 782 683 711 138 861 214 198 107 202 425 133 22 754 69 915 860 430 704 790 406 200 34 613 134 860 46 564
5007 20 4620 130 462 69 915 107 202 406 200 134 860 683 711 425 133 75 394 22 754 132 909 860 430 704 779 138 861 487 751 61 840 34 613 46 564 704 790 214 198 344 782
1008 20 5743 549 716 88 230 572 771 434 908 550 619 76 118 277 525 867 869 252 284 543 515 625 506 408 129 479 273 233 33 181 737 46 621 189 236 433 977 70 75 307 261
2008 20 5743 625 506 307 261 252 284 233 33 550 619 408 129 70 75 76 118 277 525 46 621 549 716 479 273 189 236 88 230 867 869 434 908 543 515 181 737 572 771 433 977
3008 20 5743 181 737 189 236 408 129 70 75 479 273 252 284 543 515 88 230 434 908 867 869 233 33 277 525 307 261 625 506 76 118 46 621 550 619 433 977 549 716 572 771
4008 20 5743 408 129 46 621 543 515 70 75 189 236 181 737 625 506 867 869 433 977 479 273 233 33 572 771 550 619 307 261 277 525 76 118 252 284 549 716 434 908 88 230
5008 20 5743 233 33 867 869 572 771 434 908 479 273 625 506 277 525 189 236 46 621 549 716 307 261 408 129 543 515 252 284 181 737 76 118 88 230 70 75 550 619 433 977
1009 20 5189 314 676 353 9 31 118 85 882 308 708 10 368 152 248 5 237 537 540 28 419 389 123 734 159 629 967 133 948 402 652 643 775 516 57 485 899 327 166 406 81
2009 20 5189 314 676 734 159 327 166 28 419 5 237 10 368 516 57 402 652 406 81 485 899 85 882 133 948 308 708 152 248 629 967 31 118 389 123 537 540 643 775 353 9
3009 20 5189 133 948 327 166 406 81 28 419 314 676 10 368 643 775 5 237 308 708 629 967 485 899 389 123 31 118 85 882 516 57 537 540 734 159 402 652 152 248 353 9
4009 20 5189 85 882 402 652 327 166 314 676 5 237 643 775 406 81 353 9 389 123 133 948 152 248 485 899 28 419 10 368 31 118 308 708 734 159 629 967 537 540 516 57
5009 20 5189 5 237 485 899 152 248 389 123 85 882 308 708 327 166 133 948 402 652 643 775 516 57 629 967 10 368 31 118 406 81 537 540 28 419 353 9 734 159 314 676
1010 20 5163 25 494 132 489 254 793 266 925 173 682 22 776 237 409 926 620 449 933 70 741 603 201 109 134 704 966 4 381 476 495 471 713 406 99 378 632 279 300 470 924
2010 20 5163 173 682 470 924 109 134 279 300 4 381 254 793 926 620 22 776 471 713 406 99 603 201 378 632 704 966 237 409 476 495 70 741 25 494 266 925 449 933 132 489
3010 20 5163 254 793 603 201 70 741 406 99 4 381 25 494 926 620 266 925 173 682 109 134 22 776 471 713 132 489 237 409 470 924 704 966 378 632 476 495 449 933 279 300
4010 20 5163 132 489 70 741 704 966 279 300 25 494 22 776 470 924 406 99 254 793 266 925 378 632 603 201 173 682 4 381 926 620 109 134 476 495 471 713 449 933 237 409
5010 20 5163 449 933 704 966 70 741 4 381 603 201 237 409 266 925 476 495 132 489 406 99 926 620 471 713 173 682 109 134 254 793 25 494 279 300 378 632 22 776 470 924
1011 20 5855 217 924 18 457 29 837 544 535 239 447 440 969 327 420 550 370 551 480 611 798 421 179 713 20 359 84 173 789 181 909 167 848 209 992 245 393 783 942 542 398
2011 20 5855 245 393 783 942 713 20 440 969 29 837 611 798 209 992 551 480 217 924 542 398 167 848 421 179 173 789 239 447 550 370 359 84 327 420 544 535 18 457 181 909
3011 20 5855 359 84 440 969 544 535 551 480 167 848 173 789 29 837 181 909 713 20 217 924 327 420 245 393 421 179 783 942 611 798 550 370 239 447 18 457 542 398 209 992
4011 20 5855 167 848 209 992 544 535 217 924 18 457 245 393 327 420 783 942 611 798 713 20 440 969 550 370 239 447 173 789 551 480 181 909 542 398 29 837 359 84 421 179
5011 20 5855 18 457 421 179 167 848 611 798 550 370 29 837 209 992 217 924 359 84 713 20 551 480 542 398 440 969 173 789 783 942 245 393 327 420 239 447 544 535 181 909
1012 20 5188 50 53 198 556 12 931 562 81 211 325 358 736 363 900 298 345 106 840 520 75 265 864 517 946 468 913 423 222 87 738 453 522 397 298 347 916 336 140 514 508
2012 20 5188 50 53 336 140 453 522 347 916 363 900 106 840 358 736 514 508 423 222 520 75 12 931 265 864 562 81 198 556 87 738 397 298 468 913 211 325 517 946 298 345
3012 20 5188 87 738 520 75 423 222 336 140 514 508 211 325 358 736 468 913 298 345 198 556 50 53 453 522 265 864 106 840 363 900 397 298 562 81 12 931 347 916 517 946
4012 20 5188 423 222 347 916 514 508 363 900 12 931 211 325 87 738 453 522 520 75 562 81 265 864 336 140 468 913 50 53 198 556 397 298 298 345 517 946 358 736 106 840
5012 20 5188 87 738 423 222 50 53 514 508 211 325 358 736 453 522 336 140 468 913 363 900 198 556 265 864 520 75 517 946 106 840 397 298 12 931 347 916 298 345 562 81
1013 20 5800 362 968 604 90 221 52 246 46 655 580 620 469 82 783 234 382 163 784 415 25 247 31 600 636 145 113 488 979 386 992 408 555 74 583 463 244 25 96 813 700
2013 20 5800 234 382 163 784 463 244 221 52 386 992 600 636 362 968 488 979 25 96 813 700 415 25 145 113 655 580 620 469 246 46 408 555 604 90 74 583 82 783 247 31
3013 20 5800 386 992 246 46 488 979 74 583 600 636 247 31 620 469 25 96 82 783 604 90 163 784 415 25 362 968 145 113 813 700 221 52 655 580 408 555 463 244 234 382
4013 20 5800 604 90 463 244 600 636 415 25 386 992 655 580 145 113 74 583 813 700 221 52 488 979 620 469 247 31 408 555 163 784 246 46 82 783 234 382 25 96 362 968
5013 20 5800 74 583 25 96 415 25 234 382 620 469 246 46 221 52 408 555 604 90 163 784 655 580 145 113 463 244 813 700 362 968 488 979 247 31 82 783 600 636 386 992
1014 20 5137 271 53 12 724 315 720 486 196 243 949 252 181 151 474 3 315 575 257 738 759 326 187 813 681 106 51 538 796 292 209 33 993 271 808 122 558 95 543 780 153
2014 20 5137 95 543 106 51 243 949 780 153 326 187 122 558 3 315 315 720 271 53 813 681 738 759 12 724 252 181 538 796 575 257 292 209 486 196 33 993 271 808 151 474
3014 20 5137 271 53 538 796 12 724 252 181 486 196 575 257 3 315 315 720 813 681 292 209 738 759 95 543 271 808 780 153 33 993 106 51 122 558 326 187 151 474 243 949
4014 20 5137 95 543 243 949 106 51 252 181 738 759 151 474 122 558 33 993 326 187 271 53 486 196 315 720 271 808 813 681 292 209 575 257 538 796 780 153 3 315 12 724
5014 20 5137 271 808 3 315 315 720 122 558 33 993 292 209 243 949 151 474 813 681 271 53 538 796 486 196 326 187 12 724 738 759 575 257 95 543 252 181 780 153 106 51
1015 20 5146 331 947 264 604 37 490 70 567 792 278 347 490 623 455 288 326 83 146 632 107 297 133 43 155 23 164 695 800 395 303 5 163 58 219 358 585 585 9 507 749
2015 20 5146 395 303 58 219 5 163 695 800 623 455 288 326 632 107 43 155 70 567 507 749 83 146 792 278 347 490 264 604 37 490 23 164 585 9 297 133 358 585 331 947
3015 20 5146 5 163 695 800 288 326 58 219 37 490 358 585 264 604 43 155 347 490 585 9 331 947 623 455 507 749 297 133 70 567 395 303 83 146 23 164 632 107 792 278
4015 20 5146 331 947 288 326 358 585 395 303 297 133 792 278 83 146 623 455 347 490 23 164 632 107 37 490 58 219 43 155 585 9 70 567 695 800 507 749 5 163 264 604
5015 20 5146 623 455 58 219 347 490 585 9 23 164 507 749 37 490 358 585 83 146 264 604 70 567 792 278 632 107 395 303 5 163 43 155 695 800 331 947 288 326 297 133
1016 20 4935 84 553 83 542 579 846 49 38 634 940 700 256 161 183 88 545 41 632 40 41 653 933 133 41 264 197 252 232 589 884 339 487 122 692 508 157 221 400 629 938
2016 20 4935 133 41 161 183 83 542 122 692 700 256 49 38 339 487 589 884 84 553 634 940 508 157 629 938 41 632 88 545 264 197 252 232 40 41 221 400 653 933 579 846
3016 20 4935 700 256 133 41 589 884 252 232 579 846 49 38 629 938 122 692 264 197 161 183 88 545 84 553 83 542 339 487 40 41 41 632 508 157 653 933 634 940 221 400
4016 20 4935 634 940 508 157 49 38 40 41 264 197 629 938 339 487 41 632 122 692 653 933 589 884 88 545 83 542 252 232 161 183 700 256 133 41 579 846 221 400 84 553
5016 20 4935 508 157 589 884 339 487 653 933 41 632 221 400 700 256 133 41 252 232 634 940 579 846 83 542 84 553 264 197 88 545 161 183 49 38 629 938 122 692 40 41
1017 20 5338 226 369 188 636 192 407 280 255 290 624 136 50 177 382 673 639 351 251 316 101 603 15 586 557 786 229 115 152 75 284 448 213 275 548 363 497 19 806 574 941
2017 20 5338 574 941 75 284 603 15 275 548 316 101 177 382 226 369 673 639 448 213 363 497 351 251 115 152 280 255 19 806 786 229 192 407 136 50 586 557 188 636 290 624
3017 20 5338 448 213 136 50 673 639 19 806 290 624 351 251 226 369 574 941 115 152 316 101 586 557 75 284 786 229 177 382 363 497 275 548 188 636 280 255 603 15 192 407
4017 20 5338 448 213 673 639 316 101 188 636 786 229 586 557 351 251 226 369 75 284 574 941 280 255 290 624 363 497 192 407 115 152 275 548 136 50 19 806 603 15 177 382
5017 20 5338 290 624 19 806 351 251 673 639 603 15 448 213 275 548 586 557 280 255 177 382 192 407 115 152 574 941 136 50 188 636 226 369 363 497 75 284 786 229 316 101
1018 20 5166 230 32 3 769 850 717 62 24 634 44 601 840 23 765 201 142 591 470 575 367 259 350 463 924 671 7 339 201 126 159 238 849 103 760 138 430 94 941 257 449
2018 20 5166 671 7 126 159 850 717 230 32 103 760 201 142 463 924 3 769 339 201 23 765 575 367 62 24 259 350 601 840 238 849 94 941 634 44 591 470 257 449 138 430
3018 20 5166 259 350 257 449 138 430 126 159 23 765 3 769 238 849 94 941 575 367 591 470 463 924 850 717 601 840 230 32 634 44 103 760 671 7 201 142 339 201 62 24
4018 20 5166 634 44 94 941 230 32 138 430 103 760 257 449 575 367 671 7 201 142 62 24 259 350 339 201 601 840 850 717 126 159 463 924 238 849 23 765 3 769 591 470
5018 20 5166 257 449 201 142 230 32 601 840 259 350 62 24 575 367 103 760 463 924 3 769 591 470 634 44 850 717 23 765 339 201 238 849 94 941 671 7 138 430 126 159
1019 20 4411 288 778 176 326 97 747 136 62 177 651 661 321 663 99 627 259 37 6 424 51 361 495 175 268 30 824 103 22 95 370 565 637 338 65 204 245 97 511 260 45
2019 20 4411 565 637 176 326 37 6 204 245 361 495 661 321 30 824 338 65 663 99 288 778 97 511 175 268 424 51 177 651 95 370 136 62 627 259 97 747 103 22 260 45
3019 20 4411 288 778 424 51 103 22 136 62 175 268 361 495 627 259 565 637 176 326 95 370 260 45 338 65 30 824 661 321 663 99 177 651 97 511 204 245 97 747 37 6
4019 20 4411 97 747 627 259 204 245 424 51 177 651 97 511 175 268 565 637 288 778 661 321 103 22 361 495 176 326 95 370 260 45 663 99 30 824 338 65 136 62 37 6
5019 20 4411 177 651 288 778 97 511 338 65 103 22 97 747 176 326 37 6 627 259 424 51 361 495 204 245 661 321 30 824 663 99 565 637 175 268 260 45 136 62 95 370
1020 20 7171 327 32 443 843 132 894 817 216 202 890 822 516 917 456 135 294 157 766 463 959 335 159 472 182 451 544 121 59 568 685 946 146 404 186 86 302 538 534 628 961
2020 20 7171 917 456 463 959 451 544 121 59 202 890 86 302 822 516 628 961 946 146 404 186 335 159 472 182 157 766 135 294 538 534 132 894 817 216 568 685 327 32 443 843
3020 20 7171 628 961 917 456 822 516 121 59 538 534 86 302 335 159 463 959 132 894 327 32 817 216 451 544 202 890 472 182 135 294 157 766 568 685 404 186 443 843 946 146
4020 20 7171 628 961 327 32 917 456 451 544 568 685 472 182 822 516 135 294 157 766 86 302 202 890 335 159 463 959 132 894 946 146 121 59 538 534 443 843 817 216 404 186
5020 20 7171 202 890 463 959 132 894 628 961 335 159 817 216 157 766 568 685 86 302 443 843 822 516 917 456 472 182 327 32 946 146 538 534 451 544 135 294 121 59 404 186
1021 20 4172 191 233 190 95 121 934 268 342 139 123 20 329 722 462 359 78 438 833 159 566 294 626 394 840 414 762 415 259 250 121 333 430 9 647 233 564 71 106 195 225
2021 20 4172 159 566 121 934 195 225 233 564 139 123 191 233 415 259 71 106 250 121 438 833 294 626 190 95 268 342 333 430 20 329 722 462 394 840 359 78 414 762 9 647
3021 20 4172 268 342 233 564 414 762 159 566 250 121 191 233 20 329 438 833 415 259 394 840 9 647 121 934 195 225 71 106 722 462 294 626 333 430 139 123 190 95 359 78
4021 20 4172 20 329 71 106 233 564 191 233 268 342 359 78 294 626 333 430 195 225 9 647 159 566 414 762 139 123 722 462 121 934 438 833 394 840 190 95 250 121 415 259
5021 20 4172 71 106 415 259 195 225 139 123 268 342 191 233 250 121 722 462 294 626 438 833 9 647 359 78 121 934 233 564 414 762 159 566 190 95 394 840 20 329 333 430
1022 20 6658 416 315 206 1 123 274 575 813 522 150 535 504 473 177 49 864 594 729 432 709 614 746 578 624 258 681 144 518 282 350 443 620 161 10 874 676 245 944 799 545
2022 20 6658 432 709 535 504 578 624 614 746 522 150 443 620 258 681 874 676 282 350 161 10 206 1 123 274 416 315 594 729 49 864 144 518 245 944 473 177 799 545 575 813
3022 20 6658 535 504 432 709 522 150 874 676 473 177 123 274 245 944 799 545 206 1 161 10 443 620 614 746 416 315 144 518 49 864 282 350 575 813 594 729 258 681 578 624
4022 20 6658 575 813 578 624 614 746 473 177 432 709 49 864 282 350 245 944 443 620 161 10 258 681 206 1 123 274 416 315 874 676 535 504 522 150 799 545 594 729 144 518
5022 20 6658 535 504 522 150 245 944 432 709 443 620 258 681 578 624 144 518 282 350 614 746 799 545 161 10 123 274 874 676 49 864 575 813 206 1 416 315 473 177 594 729
1023 20 6477 283 337 668 996 206 150 641 361 312 49 16 387 508 918 500 483 237 376 800 985 383 105 672 622 287 217 190 844 117 973 825 442 705 513 292 586 331 505 124 512
2023 20 6477 508 918 292 586 283 337 383 105 672 622 668 996 117 973 641 361 237 376 16 387 800 985 190 844 124 512 206 150 312 49 825 442 331 505 705 513 287 217 500 483
3023 20 6477 312 49 237 376 292 586 641 361 117 973 190 844 825 442 672 622 705 513 287 217 124 512 508 918 283 337 800 985 331 505 206 150 16 387 383 105 668 996 500 483
4023 20 6477 668 996 500 483 383 105 705 513 292 586 117 973 800 985 16 387 641 361 206 150 312 49 331 505 283 337 672 622 124 512 287 217 190 844 508 918 237 376 825 442
5023 20 6477 16 387 331 505 287 217 283 337 117 973 672 622 237 376 800 985 124 512 825 442 508 918 668 996 500 483 292 586 383 105 641 361 705 513 312 49 206 150 190 844
1024 20 5563 105 101 571 122 502 84 331 888 623 919 570 821 354 906 37 214 143 215 208 569 623 156 98 996 5 715 643 346 796 487 637 543 148 855 523 903 27 176 10 521
2024 20 5563 570 821 637 543 796 487 502 84 98 996 37 214 643 346 623 919 523 903 354 906 5 715 143 215 571 122 105 101 27 176 623 156 148 855 10 521 208 569 331 888
3024 20 5563 5 715 623 156 570 821 331 888 143 215 354 906 523 903 643 346 637 543 148 855 37 214 27 176 571 122 502 84 98 996 623 919 208 569 796 487 10 521 105 101
4024 20 5563 98 996 27 176 105 101 623 156 523 903 643 346 502 84 143 215 623 919 354 906 637 543 570 821 796 487 331 888 37 214 571 122 208 569 10 521 5 715 148 855
5024 20 5563 143 215 354 906 98 996 331 888 10 521 623 156 571 122 502 84 27 176 623 919 523 903 643 346 570 821 5 715 105 101 208 569 148 855 637 543 37 214 796 487
1025 20 5958 724 89 4 239 363 321 532 246 142 350 26 690 597 717 143 396 19 780 55 231 892 958 293 17 876 359 523 823 576 535 232 711 194 445 364 650 266 653 627 571
2025 20 5958 597 717 142 350 523 823 55 231 364 650 532 246 892 958 232 711 876 359 4 239 293 17 19 780 143 396 627 571 576 535 26 690 724 89 266 653 194 445 363 321
3025 20 5958 627 571 597 717 293 17 19 780 55 231 363 321 876 359 364 650 576 535 143 396 892 958 523 823 26 690 4 239 232 711 724 89 194 445 532 246 142 350 266 653
4025 20 5958 55 231 266 653 576 535 532 246 26 690 194 445 627 571 523 823 597 717 143 396 232 711 142 350 876 359 364 650 4 239 892 958 19 780 293 17 363 321 724 89
5025 20 5958 142 350 4 239 876 359 627 571 597 717 232 711 532 246 143 396 293 17 576 535 892 958 363 321 26 690 55 231 19 780 194 445 724 89 364 650 523 823 266 653
1026 20 6204 351 552 689 502 221 471 354 116 239 257 265 145 410 101 21 861 726 891 442 266 183 177 150 994 404 543 424 337 99 682 307 905 781 475 879 154 440 935 370 772
2026 20 6204 370 772 404 543 99 682 183 177 424 337 442 266 221 471 307 905 239 257 440 935 689 502 879 154 781 475 265 145 410 101 354 116 150 994 351 552 21 861 726 891
3026 20 6204 440 935 99 682 424 337 689 502 21 861 404 543 726 891 221 471 879 154 410 101 183 177 265 145 370 772 781 475 150 994 239 257 351 552 354 116 307 905 442 266
4026 20 6204 239 257 354 116 221 471 150 994 265 145 183 177 307 905 726 891 440 935 21 861 99 682 424 337 879 154 781 475 410 101 351 552 442 266 404 543 689 502 370 772
5026 20 6204 21 861 150 994 239 257 370 772 99 682 440 935 442 266 307 905 404 543 410 101 221 471 781 475 424 337 351 552 183 177 354 116 726 891 689 502 265 145 879 154
1027 20 4952 118 378 87 9 58 641 316 998 205 459 650 836 83 164 272 817 244 943 878 409 386 469 787 306 154 838 326 176 199 973 568 783 11 142 409 677 340 275 99 359
2027 20 4952 118 378 83 164 326 176 568 783 244 943 650 836 272 817 386 469 409 677 99 359 205 459 340 275 58 641 11 142 199 973 316 998 878 409 154 838 87 9 787 306
3027 20 4952 316 998 409 677 199 973 340 275 205 459 154 838 87 9 244 943 58 641 650 836 878 409 386 469 326 176 83 164 99 359 787 306 568 783 272 817 118 378 11 142
4027 20 4952 244 943 154 838 340 275 568 783 205 459 118 378 878 409 409 677 58 641 87 9 386 469 326 176 99 359 787 306 11 142 199 973 650 836 83 164 316 998 272 817
5027 20 4952 58 641 272 817 316 998 409 677 99 359 199 973 118 378 878 409 244 943 87 9 650 836 326 176 205 459 154 838 11 142 568 783 340 275 83 164 787 306 386 469
1028 20 6768 4 949 918 899 649 411 518 624 306 863 740 960 127 441 67 106 218 233 110 666 935 103 30 295 186 267 887 661 736 636 525 907 280 709 521 330 186 620 517 271
2028 20 6768 218 233 918 899 186 267 649 411 30 295 4 949 306 863 887 661 525 907 740 960 127 441 280 709 935 103 517 271 110 666 736 636 67 106 186 620 518 624 521 330
3028 20 6768 736 636 918 899 306 863 280 709 218 233 127 441 649 411 67 106 186 267 518 624 887 661 186 620 525 907 30 295 935 103 517 271 740 960 521 330 4 949 110 666
4028 20 6768 306 863 518 624 935 103 186 620 4 949 218 233 887 661 517 271 525 907 736 636 30 295 110 666 186 267 740 960 521 330 67 106 127 441 649 411 280 709 918 899
5028 20 6768 67 106 218 233 30 295 935 103 280 709 740 960 4 949 521 330 127 441 736 636 306 863 186 267 518 624 525 907 649 411 517 271 186 620 110 666 887 661 918 899
1029 20 5011 40 703 418 865 721 281 58 648 331 146 48 424 95 637 25 979 200 743 607 763 685 55 712 508 701 719 259 971 405 18 60 671 548 770 145 451 167 886 39 186
2029 20 5011 607 763 548 770 145 451 405 18 721 281 200 743 331 146 259 971 95 637 685 55 40 703 58 648 60 671 25 979 167 886 712 508 701 719 48 424 418 865 39 186
3029 20 5011 60 671 548 770 167 886 200 743 418 865 721 281 95 637 58 648 701 719 685 55 405 18 39 186 40 703 48 424 607 763 259 971 331 146 145 451 25 979 712 508
4029 20 5011 721 281 145 451 167 886 685 55 60 671 95 637 607 763 405 18 331 146 39 186 712 508 25 979 259 971 58 648 48 424 200 743 701 719 40 703 418 865 548 770
5029 20 5011 200 743 58 648 712 508 418 865 48 424 95 637 701 719 40 703 607 763 39 186 548 770 331 146 685 55 25 979 259 971 60 671 721 281 405 18 145 451 167 886
1030 20 5535 714 947 717 116 499 6 97 124 177 616 193 578 247 857 852 40 598 775 514 39 607 67 213 134 202 537 5 628 608 275 36 642 66 134 211 210 303 617 60 903
2030 20 5535 211 210 607 67 598 775 499 6 717 116 36 642 66 134 514 39 247 857 852 40 60 903 714 947 303 617 202 537 213 134 97 124 193 578 177 616 5 628 608 275
3030 20 5535 598 775 608 275 852 40 514 39 60 903 202 537 717 116 5 628 714 947 247 857 607 67 97 124 36 642 213 134 193 578 303 617 66 134 499 6 177 616 211 210
4030 20 5535 36 642 714 947 211 210 202 537 247 857 717 116 499 6 514 39 60 903 303 617 97 124 177 616 193 578 607 67 598 775 213 134 608 275 852 40 66 134 5 628
5030 20 5535 852 40 202 537 514 39 36 642 717 116 177 616 303 617 499 6 213 134 5 628 211 210 97 124 193 578 607 67 598 775 247 857 60 903 714 947 608 275 66 134
1031 20 5703 837 932 221 459 438 615 164 80 47 23 215 735 372 360 338 101 120 98 775 147 451 710 305 760 32 279 71 809 477 299 436 15 275 399 618 442 495 717 442 311
2031 20 5703 837 932 215 735 495 717 71 809 477 299 338 101 164 80 451 710 47 23 120 98 275 399 305 760 618 442 775 147 221 459 372 360 442 311 32 279 436 15 438 615
3031 20 5703 451 710 837 932 120 98 495 717 32 279 47 23 372 360 338 101 164 80 71 809 775 147 438 615 221 459 275 399 215 735 442 311 436 15 305 760 477 299 618 442
4031 20 5703 372 360 221 459 164 80 305 760 71 809 275 399 438 615 618 442 495 717 32 279 120 98 442 311 338 101 837 932 477 299 215 735 775 147 451 710 436 15 47 23
5031 20 5703 120 98 438 615 71 809 305 760 495 717 164 80 32 279 775 147 275 399 47 23 618 442 436 15 221 459 442 311 372 360 477 299 451 710 338 101 215 735 837 932
1032 20 5416 496 615 307 3 43 471 273 368 353 519 511 644 41 80 391 979 301 116 200 743 254 328 600 140 50 83 677 160 135 723 618 956 540 790 348 231 271 342 361 395
2032 20 5416 200 743 307 3 618 956 361 395 348 231 135 723 540 790 273 368 271 342 511 644 496 615 43 471 41 80 353 519 50 83 600 140 301 116 391 979 677 160 254 328
3032 20 5416 618 956 254 328 677 160 353 519 50 83 540 790 600 140 41 80 496 615 391 979 273 368 200 743 307 3 301 116 135 723 361 395 511 644 348 231 43 471 271 342
4032 20 5416 677 160 618 956 254 328 41 80 353 519 600 140 301 116 511 644 391 979 361 395 271 342 43 471 348 231 50 83 496 615 135 723 307 3 200 743 540 790 273 368
5032 20 5416 273 368 135 723 496 615 200 743 511 644 391 979 41 80 301 116 353 519 43 471 348 231 254 328 540 790 50 83 600 140 307 3 361 395 271 342 677 160 618 956
1033 20 5525 224 494 37 308 338 738 10 285 332 956 217 939 303 678 634 238 365 142 209 1000 516 593 727 658 738 307 135 839 423 1000 690 469 205 730 16 411 136 578 652 125
2033 20 5525 634 238 365 142 332 956 205 730 10 285 224 494 217 939 16 411 727 658 690 469 303 678 209 1000 338 738 738 307 423 1000 37 308 135 839 136 578 516 593 652 125
3033 20 5525 516 593 16 411 423 1000 690 469 217 939 224 494 303 678 332 956 634 238 37 308 209 1000 136 578 738 307 10 285 205 730 365 142 652 125 727 658 135 839 338 738
4033 20 5525 338 738 10 285 16 411 652 125 423 1000 217 939 690 469 224 494 135 839 209 1000 332 956 727 658 136 578 516 593 303 678 37 308 634 238 205 730 365 142 738 307
5033 20 5525 135 839 16 411 516 593 332 956 209 1000 10 285 365 142 37 308 205 730 217 939 338 738 634 238 690 469 727 658 136 578 224 494 738 307 652 125 423 1000 303 678
1034 20 4563 665 779 244 445 307 915 253 810 430 164 222 217 163 10 498 650 236 384 236 80 241 622 451 205 47 319 223 754 311 550 731 33 199 203 5 975 99 974 143 193
2034 20 4563 236 384 5 975 199 203 430 164 731 33 241 622 307 915 143 193 223 754 47 319 253 810 311 550 244 445 163 10 222 217 665 779 451 205 236 80 498 650 99 974
3034 20 4563 143 193 498 650 311 550 451 205 430 164 99 974 307 915 222 217 665 779 253 810 199 203 236 80 163 10 5 975 731 33 244 445 236 384 47 319 223 754 241 622
4034 20 4563 222 217 430 164 253 810 498 650 731 33 307 915 223 754 236 384 665 779 5 975 451 205 99 974 143 193 163 10 244 445 241 622 47 319 311 550 236 80 199 203
5034 20 4563 5 975 99 974 451 205 163 10 47 319 236 384 143 193 223 754 253 810 307 915 244 445 731 33 311 550 241 622 498 650 236 80 222 217 430 164 665 779 199 203
1035 20 3714 404 658 108 85 328 919 366 455 64 702 464 109 57 291 325 857 184 177 321 465 238 578 203 713 135 867 19 75 220 912 570 571 282 873 128 815 193 966 34 957
2035 20 3714 203 713 328 919 193 966 321 465 220 912 19 75 128 815 135 867 366 455 57 291 325 857 464 109 570 571 404 658 64 702 34 957 282 873 184 177 238 578 108 85
3035 20 3714 321 465 325 857 64 702 238 578 184 177 282 873 19 75 464 109 135 867 328 919 366 455 108 85 570 571 128 815 203 713 57 291 193 966 220 912 404 658 34 957
4035 20 3714 328 919 135 867 128 815 19 75 325 857 203 713 57 291 64 702 238 578 193 966 220 912 366 455 464 109 184 177 321 465 404 658 108 85 570 571 282 873 34 957
5035 20 3714 64 702 34 957 57 291 328 919 135 867 193 966 464 109 366 455 570 571 108 85 220 912 321 465 282 873 203 713 128 815 19 75 184 177 238 578 325 857 404 658
1036 20 6708 566 485 234 677 88 112 587 375 580 534 196 137 631 720 790 605 197 509 745 168 800 316 249 354 172 506 846 766 197 736 102 199 263 838 953 831 41 239 149 256
2036 20 6708 263 838 249 354 41 239 149 256 102 199 745 168 566 485 953 831 790 605 587 375 846 766 172 506 580 534 197 509 197 736 88 112 234 677 800 316 631 720 196 137
3036 20 6708 88 112 263 838 249 354 102 199 566 485 234 677 953 831 196 137 790 605 846 766 580 534 172 506 197 736 41 239 631 720 745 168 197 509 587 375 149 256 800 316
4036 20 6708 197 736 800 316 745 168 102 199 172 506 196 137 846 766 263 838 587 375 41 239 88 112 249 354 631 720 953 831 566 485 197 509 580 534 790 605 149 256 234 677
5036 20 6708 566 485 800 316 846 766 102 199 196 137 580 534 197 736 234 677 745 168 631 720 263 838 249 354 197 509 88 112 41 239 790 605 587 375 149 256 172 506 953 831
1037 20 3397 106 534 268 472 64 365 73 699 71 4 59 545 251 431 202 788 159 566 398 148 27 274 130 872 175 901 142 802 31 442 591 151 95 948 539 899 290 59 576 570
2037 20 3397 95 948 591 151 202 788 251 431 64 365 175 901 142 802 398 148 27 274 31 442 159 566 106 534 539 899 71 4 59 545 130 872 268 472 73 699 576 570 290 59
3037 20 3397 64 365 95 948 130 872 27 274 268 472 159 566 290 59 142 802 71 4 398 148 591 151 106 534 31 442 576 570 202 788 175 901 539 899 59 545 73 699 251 431
4037 20 3397 202 788 268 472 130 872 64 365 251 431 398 148 591 151 59 545 290 59 159 566 142 802 27 274 31 442 106 534 71 4 73 699 95 948 175 901 539 899 576 570
5037 20 3397 591 151 142 802 290 59 73 699 95 948 59 545 71 4 27 274 64 365 31 442 398 148 539 899 130 872 576 570 106 534 268 472 202 788 175 901 251 431 159 566
1038 20 5517 254 941 87 322 817 156 602 615 336 769 155 220 431 915 379 667 155 632 776 621 92 273 312 52 513 600 101 799 48 9 21 23 198 882 393 511 490 635 737 286
2038 20 5517 817 156 602 615 48 9 336 769 312 52 393 511 776 621 737 286 155 220 431 915 155 632 490 635 198 882 87 322 92 273 379 667 21 23 513 600 254 941 101 799
3038 20 5517 198 882 48 9 155 632 92 273 737 286 513 600 312 52 431 915 254 941 817 156 602 615 101 799 490 635 87 322 776 621 393 511 155 220 21 23 379 667 336 769
4038 20 5517 87 322 198 882 48 9 490 635 92 273 312 52 155 632 379 667 155 220 776 621 431 915 817 156 737 286 254 941 336 769 21 23 101 799 513 600 393 511 602 615
5038 20 5517 312 52 155 220 817 156 101 799 737 286 379 667 490 635 336 769 87 322 513 600 393 511 21 23 776 621 198 882 254 941 431 915 602 615 92 273 155 632 48 9
1039 20 4659 43 595 82 766 229 278 768 282 205 273 35 434 217 220 703 342 156 861 125 464 120 477 829 526 772 669 413 894 4 346 580 158 244 578 3 412 184 493 112 712
2039 20 4659 4 346 768 282 3 412 82 766 580 158 184 493 43 595 125 464 829 526 244 578 772 669 205 273 156 861 413 894 229 278 703 342 120 477 112 712 217 220 35 434
3039 20 4659 580 158 184 493 244 578 3 412 82 766 829 526 156 861 229 278 703 342 112 712 120 477 125 464 413 894 205 273 768 282 35 434 217 220 4 346 772 669 43 595
4039 20 4659 184 493 120 477 772 669 229 278 829 526 4 346 112 712 205 273 703 342 156 861 43 595 3 412 125 464 768 282 82 766 217 220 580 158 413 894 244 578 35 434
5039 20 4659 229 278 82 766 4 346 244 578 205 273 829 526 120 477 184 493 3 412 768 282 35 434 772 669 43 595 413 894 217 220 112 712 125 464 156 861 580 158 703 342
1040 20 6768 381 500 710 911 767 148 820 494 656 806 874 476 321 835 389 42 235 979 47 826 149 614 106 660 545 924 270 421 54 267 627 395 28 254 622 395 553 644 307 1000
2040 20 6768 820 494 627 395 553 644 622 395 545 924 321 835 54 267 270 421 381 500 767 148 106 660 28 254 235 979 656 806 149 614 389 42 307 1000 710 911 874 476 47 826
3040 20 6768 381 500 545 924 627 395 307 1000 710 911 28 254 553 644 622 395 389 42 149 614 270 421 54 267 47 826 656 806 106 660 321 835 767 148 874 476 820 494 235 979
4040 20 6768 710 911 820 494 149 614 47 826 270 421 106 660 545 924 381 500 767 148 307 1000 874 476 235 979 54 267 28 254 627 395 622 395 656 806 389 42 553 644 321 835
5040 20 6768 710 911 553 644 307 1000 767 148 28 254 321 835 106 660 389 42 874 476 622 395 656 806 54 267 381 500 820 494 270 421 627 395 545 924 235 979 149 614 47 826
1041 20 4918 498 168 230 130 169 368 158 444 472 873 442 917 660 425 105 195 188 81 446 611 906 277 36 305 118 732 131 451 242 826 345 369 64 49 214 686 683 928 41 76
2041 20 4918 242 826 230 130 345 369 169 368 660 425 214 686 442 917 906 277 105 195 41 76 472 873 36 305 64 49 446 611 498 168 683 928 188 81 131 451 118 732 158 444
3041 20 4918 446 611 214 686 105 195 472 873 36 305 131 451 683 928 118 732 345 369 158 444 906 277 188 81 169 368 242 826 230 130 442 917 498 168 660 425 64 49 41 76
4041 20 4918 472 873 660 425 64 49 242 826 158 444 169 368 442 917 906 277 345 369 188 81 36 305 446 611 41 76 118 732 683 928 214 686 105 195 131 451 498 168 230 130
5041 20 4918 498 168 442 917 105 195 446 611 242 826 683 928 188 81 660 425 214 686 64 49 472 873 345 369 158 444 131 451 118 732 41 76 230 130 169 368 906 277 36 305
1042 20 4464 362 536 36 365 258 110 49 52 235 887 288 537 248 549 180 75 652 477 365 570 114 978 62 254 74 140 663 132 84 650 496 622 54 288 912 296 247 689 201 361
2042 20 4464 496 622 362 536 288 537 36 365 62 254 663 132 201 361 114 978 74 140 912 296 248 549 247 689 84 650 54 288 365 570 258 110 180 75 652 477 49 52 235 887
3042 20 4464 180 75 496 622 912 296 49 52 54 288 258 110 74 140 201 361 365 570 62 254 235 887 362 536 652 477 248 549 84 650 114 978 288 537 663 132 247 689 36 365
4042 20 4464 248 549 114 978 912 296 180 75 288 537 201 361 62 254 663 132 362 536 652 477 496 622 258 110 84 650 36 365 74 140 247 689 49 52 235 887 54 288 365 570
5042 20 4464 663 132 74 140 180 75 652 477 201 361 235 887 36 365 365 570 258 110 912 296 62 254 288 537 362 536 496 622 54 288 248 549 49 52 247 689 114 978 84 650
1043 20 5516 100 604 187 177 441 423 25 264 169 682 656 828 56 10 229 80 576 87 792 426 82 298 398 887 215 556 195 408 151 524 744 117 5 459 657 360 385 377 833 801
2043 20 5516 656 828 25 264 187 177 398 887 229 80 385 377 151 524 657 360 744 117 5 459 195 408 100 604 833 801 792 426 441 423 56 10 215 556 576 87 82 298 169 682
3043 20 5516 25 264 100 604 441 423 576 87 82 298 187 177 56 10 215 556 5 459 792 426 833 801 229 80 657 360 398 887 744 117 385 377 195 408 151 524 169 682 656 828
4043 20 5516 25 264 82 298 100 604 151 524 385 377 576 87 833 801 215 556 169 682 5 459 657 360 195 408 441 423 744 117 229 80 792 426 398 887 56 10 187 177 656 828
5043 20 5516 441 423 169 682 792 426 657 360 100 604 215 556 229 80 656 828 56 10 195 408 385 377 576 87 82 298 833 801 5 459 398 887 187 177 151 524 25 264 744 117
1044 20 5178 523 400 44 745 611 461 70 464 527 581 357 346 580 805 2 838 17 461 911 732 184 595 164 37 99 858 297 263 325 698 767 815 320 395 455 337 182 690 38 765
2044 20 5178 2 838 325 698 580 805 164 37 44 745 527 581 455 337 99 858 38 765 70 464 523 400 184 595 357 346 767 815 320 395 611 461 911 732 182 690 17 461 297 263
3044 20 5178 911 732 38 765 611 461 164 37 17 461 455 337 99 858 325 698 44 745 357 346 527 581 580 805 70 464 297 263 320 395 767 815 184 595 182 690 2 838 523 400
4044 20 5178 297 263 182 690 523 400 44 745 164 37 325 698 911 732 580 805 357 346 611 461 17 461 455 337 70 464 527 581 184 595 2 838 767 815 320 395 38 765 99 858
5044 20 5178 611 461 99 858 164 37 523 400 70 464 297 263 357 346 320 395 325 698 527 581 44 745 38 765 911 732 184 595 580 805 767 815 17 461 182 690 455 337 2 838
1045 20 5193 723 177 254 943 521 353 871 855 447 299 113 787 219 831 231 476 44 682 30 506 274 81 34 629 150 262 14 656 711 921 631 571 75 14 271 267 209 978 670 171
2045 20 5193 219 831 209 978 447 299 14 656 150 262 723 177 711 921 44 682 871 855 271 267 231 476 30 506 254 943 631 571 75 14 274 81 670 171 34 629 521 353 113 787
3045 20 5193 723 177 75 14 274 81 219 831 521 353 150 262 271 267 254 943 711 921 209 978 631 571 231 476 447 299 44 682 670 171 871 855 113 787 14 656 34 629 30 506
4045 20 5193 274 81 254 943 44 682 670 171 521 353 631 571 113 787 447 299 209 978 711 921 14 656 30 506 231 476 75 14 219 831 871 855 271 267 34 629 723 177 150 262
5045 20 5193 44 682 30 506 254 943 711 921 75 14 113 787 521 353 723 177 447 299 271 267 631 571 34 629 209 978 670 171 14 656 150 262 219 831 871 855 274 81 231 476
1046 20 6675 593 511 390 446 941 169 461 845 562 176 107 487 185 434 952 684 160 522 11 878 641 714 24 146 448 973 231 313 657 235 757 747 115 532 31 327 546 403 532 820
2046 20 6675 546 403 757 747 448 973 941 169 390 446 160 522 231 313 657 235 31 327 11 878 185 434 532 820 115 532 562 176 461 845 593 511 107 487 24 146 952 684 641 714
3046 20 6675 657 235 532 820 160 522 546 403 757 747 115 532 107 487 593 511 952 684 448 973 390 446 11 878 231 313 24 146 31 327 641 714 461 845 941 169 185 434 562 176
4046 20 6675 532 820 24 146 390 446 231 313 115 532 107 487 160 522 952 684 757 747 593 511 31 327 461 845 185 434 941 169 562 176 546 403 641 714 448 973 11 878 657 235
5046 20 6675 641 714 390 446 107 487 115 532 952 684 31 327 757 747 941 169 11 878 24 146 160 522 185 434 657 235 231 313 562 176 461 845 532 820 593 511 448 973 546 403
1047 20 5877 418 915 311 644 239 965 195 949 610 463 421 279 602 792 352 505 507 666 220 84 69 581 976 314 43 118 159 801 370 798 202 732 384 548 234 879 666 485 369 617
2047 20 5877 370 798 976 314 369 617 43 118 507 666 234 879 352 505 202 732 220 84 421 279 384 548 311 644 602 792 666 485 159 801 239 965 610 463 418 915 195 949 69 581
3047 20 5877 976 314 421 279 234 879 202 732 43 118 666 485 418 915 195 949 507 666 159 801 610 463 602 792 220 84 239 965 311 644 370 798 369 617 352 505 69 581 384 548
4047 20 5877 220 84 234 879 159 801 202 732 666 485 418 915 976 314 421 279 195 949 352 505 369 617 370 798 384 548 239 965 43 118 610 463 602 792 69 581 311 644 507 666
5047 20 5877 384 548 666 485 69 581 239 965 602 792 976 314 43 118 202 732 418 915 507 666 234 879 370 798 220 84 195 949 369 617 421 279 352 505 311 644 159 801 610 463
1048 20 5352 480 202 568 872 26 684 202 597 243 38 601 302 135 40 191 305 827 237 82 197 543 351 24 617 15 593 52 677 147 202 486 702 749 654 635 732 204 111 480 114
2048 20 5352 568 872 749 654 480 114 147 202 486 702 635 732 82 197 191 305 52 677 243 38 202 597 543 351 480 202 827 237 135 40 26 684 601 302 204 111 24 617 15 593
3048 20 5352 635 732 601 302 82 197 15 593 568 872 480 114 749 654 147 202 24 617 204 111 26 684 486 702 202 597 243 38 543 351 135 40 191 305 52 677 827 237 480 202
4048 20 5352 204 111 243 38 827 237 601 302 26 684 568 872 543 351 82 197 52 677 191 305 635 732 24 617 15 593 486 702 202 597 135 40 749 654 480 202 147 202 480 114
5048 20 5352 568 872 480 114 204 111 635 732 827 237 191 305 15 593 52 677 543 351 601 302 486 702 749 654 147 202 135 40 82 197 202 597 243 38 480 202 24 617 26 684
1049 20 4907 89 602 294 408 776 961 131 239 77 721 382 551 512 711 473 516 336 323 678 959 354 194 44 705 8 323 143 834 343 968 169 134 43 919 78 832 581 889 623 160
2049 20 4907 43 919 382 551 343 968 581 889 512 711 8 323 354 194 336 323 623 160 78 832 77 721 473 516 294 408 143 834 776 961 678 959 44 705 131 239 89 602 169 134
3049 20 4907 43 919 512 711 336 323 78 832 8 323 77 721 473 516 89 602 131 239 294 408 169 134 382 551 678 959 143 834 44 705 623 160 581 889 354 194 343 968 776 961
4049 20 4907 512 711 89 602 336 323 77 721 78 832 294 408 143 834 678 959 382 551 169 134 581 889 354 194 131 239 8 323 473 516 43 919 776 961 623 160 44 705 343 968
5049 20 4907 78 832 678 959 512 711 382 551 77 721 343 968 89 602 473 516 44 705 354 194 623 160 336 323 131 239 169 134 8 323 581 889 43 919 143 834 776 961 294 408
1050 20 5192 339 510 137 129 135 842 597 402 242 755 530 44 141 680 855 47 310 653 6 668 47 993 808 163 99 595 233 984 425 397 257 104 87 438 413 112 50 867 779 479
2050 20 5192 257 104 310 653 530 44 808 163 425 397 242 755 141 680 50 867 137 129 339 510 779 479 47 993 233 984 87 438 99 595 413 112 135 842 597 402 6 668 855 47
3050 20 5192 597 402 242 755 779 479 233 984 141 680 855 47 425 397 808 163 530 44 339 510 257 104 87 438 99 595 6 668 413 112 137 129 310 653 47 993 50 867 135 842
4050 20 5192 137 129 47 993 530 44 135 842 99 595 242 755 779 479 233 984 339 510 413 112 141 680 855 47 597 402 50 867 310 653 257 104 87 438 808 163 425 397 6 668
5050 20 5192 808 163 339 510 50 867 87 438 855 47 99 595 47 993 135 842 257 104 6 668 597 402 530 44 413 112 141 680 242 755 137 129 233 984 779 479 425 397 310 653
1051 20 5116 110 420 110 461 203 315 457 936 243 860 59 612 594 505 512 741 484 398 514 18 82 965 491 846 38 809 340 987 78 55 4 601 524 450 729 653 109 266 715 230
2051 20 5116 514 18 38 809 594 505 110 461 82 965 512 741 457 936 78 55 484 398 715 230 524 450 59 612 729 653 491 846 4 601 340 987 243 860 203 315 109 266 110 420
3051 20 5116 340 987 514 18 4 601 203 315 243 860 82 965 110 420 484 398 715 230 729 653 38 809 512 741 457 936 110 461 594 505 109 266 59 612 524 450 491 846 78 55
4051 20 5116 78 55 110 461 82 965 512 741 38 809 4 601 524 450 110 420 715 230 484 398 109 266 514 18 594 505 243 860 203 315 729 653 491 846 340 987 457 936 59 612
5051 20 5116 4 601 82 965 457 936 514 18 243 860 59 612 110 420 715 230 484 398 491 846 340 987 512 741 78 55 524 450 109 266 110 461 594 505 203 315 729 653 38 809
1052 20 5201 230 626 659 886 34 363 172 482 43 119 106 540 73 682 96 115 51 906 892 695 599 164 180 993 92 160 294 938 631 229 426 852 949 389 358 315 298 304 319 203
2052 20 5201 230 626 659 886 358 315 949 389 43 119 892 695 92 160 180 993 73 682 294 938 106 540 599 164 34 363 298 304 631 229 51 906 96 115 426 852 319 203 172 482
3052 20 5201 51 906 659 886 949 389 34 363 319 203 358 315 92 160 294 938 172 482 631 229 230 626 73 682 106 540 426 852 892 695 43 119 298 304 96 115 599 164 180 993
4052 20 5201 599 164 92 160 358 315 180 993 892 695 319 203 106 540 294 938 51 906 172 482 96 115 73 682 426 852 298 304 230 626 949 389 659 886 34 363 43 119 631 229
5052 20 5201 298 304 51 906 230 626 892 695 659 886 34 363 106 540 172 482 319 203 92 160 599 164 96 115 294 938 358 315 73 682 180 993 43 119 426 852 631 229 949 389
1053 20 5124 342 565 248 644 65 509 26 842 278 901 107 532 311 957 487 785 588 328 853 691 166 975 55 202 237 391 452 264 423 932 31 630 9 531 798 292 460 74 470 815
2053 20 5124 31 630 26 842 55 202 487 785 460 74 423 932 853 691 311 957 452 264 248 644 798 292 278 901 342 565 65 509 9 531 470 815 107 532 588 328 166 975 237 391
3053 20 5124 107 532 588 328 237 391 470 815 452 264 278 901 65 509 248 644 9 531 423 932 798 292 55 202 487 785 853 691 311 957 166 975 342 565 460 74 26 842 31 630
4053 20 5124 452 264 342 565 26 842 107 532 853 691 9 531 55 202 248 644 31 630 278 901 460 74 423 932 311 957 798 292 588 328 470 815 65 509 237 391 487 785 166 975
5053 20 5124 65 509 460 74 853 691 26 842 311 957 278 901 588 328 237 391 166 975 31 630 423 932 798 292 55 202 342 565 9 531 248 644 107 532 452 264 470 815 487 785
1054 20 5053 228 272 55 821 148 991 379 327 237 396 830 295 118 593 99 70 381 529 212 453 106 626 318 172 284 773 357 795 632 873 725 766 10 121 338 186 381 336 479 159
2054 20 5053 55 821 284 773 228 272 212 453 106 626 338 186 148 991 725 766 632 873 10 121 479 159 99 70 379 327 237 396 118 593 830 295 381 529 381 336 357 795 318 172
3054 20 5053 148 991 237 396 99 70 228 272 318 172 106 626 357 795 338 186 381 336 725 766 379 327 10 121 212 453 479 159 830 295 118 593 381 529 55 821 632 873 284 773
4054 20 5053 379 327 381 336 99 70 725 766 318 172 632 873 830 295 106 626 284 773 148 991 381 529 212 453 118 593 479 159 357 795 10 121 338 186 55 821 228 272 237 396
5054 20 5053 379 327 381 336 237 396 338 186 318 172 99 70 381 529 10 121 830 295 284 773 357 795 118 593 479 159 148 991 632 873 212 453 228 272 55 821 106 626 725 766
1055 20 5710 349 302 851 705 513 370 320 979 202 137 200 492 51 380 531 114 614 355 252 533 2 993 468 129 476 923 31 811 641 180 72 920 438 822 133 144 374 35 620 729
2055 20 5710 320 979 476 923 374 35 202 137 2 993 513 370 72 920 851 705 620 729 468 129 200 492 51 380 252 533 614 355 349 302 641 180 531 114 31 811 438 822 133 144
3055 20 5710 438 822 320 979 374 35 133 144 252 533 2 993 31 811 51 380 72 920 476 923 614 355 200 492 349 302 468 129 513 370 851 705 620 729 641 180 202 137 531 114
4055 20 5710 2 993 320 979 468 129 252 533 614 355 620 729 133 144 202 137 513 370 531 114 72 920 349 302 641 180 438 822 31 811 200 492 851 705 374 35 51 380 476 923
5055 20 5710 438 822 320 979 476 923 349 302 202 137 72 920 2 993 51 380 468 129 641 180 851 705 614 355 374 35 200 492 133 144 513 370 531 114 620 729 252 533 31 811
1056 20 5724 245 374 105 163 165 587 609 891 87 20 41 415 932 57 500 524 226 435 33 44 282 186 563 231 38 248 270 784 644 613 315 450 571 994 699 207 710 394 120 456
2056 20 5724 41 415 571 994 120 456 226 435 710 394 932 57 105 163 500 524 270 784 38 248 315 450 563 231 609 891 699 207 87 20 245 374 33 44 165 587 282 186 644 613
3056 20 5724 644 613 226 435 571 994 87 20 710 394 932 57 563 231 270 784 105 163 165 587 33 44 315 450 41 415 38 248 120 456 699 207 609 891 245 374 500 524 282 186
4056 20 5724 644 613 226 435 38 248 315 450 165 587 571 994 609 891 699 207 33 44 87 20 282 186 41 415 120 456 105 163 500 524 245 374 932 57 270 784 710 394 563 231
5056 20 5724 41 415 609 891 270 784 315 450 87 20 644 613 165 587 226 435 282 186 500 524 105 163 571 994 33 44 563 231 120 456 932 57 38 248 699 207 710 394 245 374
1057 20 5784 507 459 194 238 122 365 453 134 330 402 263 629 484 25 154 235 131 703 611 367 411 703 219 999 365 777 405 110 228 347 548 662 43 795 867 982 437 419 459 732
2057 20 5784 194 238 228 347 459 732 611 367 867 982 122 365 365 777 548 662 437 419 411 703 263 629 484 25 405 110 154 235 43 795 453 134 330 402 507 459 131 703 219 999
3057 20 5784 459 732 43 795 122 365 548 662 330 402 484 25 194 238 411 703 263 629 219 999 154 235 453 134 507 459 228 347 611 367 405 110 131 703 437 419 867 982 365 777
4057 20 5784 154 235 453 134 194 238 867 982 330 402 507 459 405 110 411 703 611 367 548 662 459 732 122 365 43 795 484 25 219 999 263 629 228 347 131 703 437 419 365 777
5057 20 5784 228 347 219 999 459 732 365 777 507 459 330 402 411 703 131 703 548 662 484 25 611 367 405 110 867 982 263 629 122 365 154 235 453 134 437 419 43 795 194 238
1058 20 5708 446 310 313 163 158 500 560 92 42 975 780 922 81 559 74 990 568 941 429 643 174 772 659 672 60 634 515 804 218 973 232 608 114 625 816 701 424 184 472 733
2058 20 5708 515 804 313 163 780 922 42 975 60 634 446 310 218 973 429 643 174 772 158 500 659 672 424 184 816 701 74 990 232 608 472 733 560 92 81 559 114 625 568 941
3058 20 5708 74 990 42 975 515 804 472 733 218 973 60 634 659 672 114 625 816 701 158 500 560 92 424 184 446 310 429 643 780 922 568 941 81 559 232 608 174 772 313 163
4058 20 5708 472 733 568 941 232 608 81 559 313 163 114 625 74 990 42 975 816 701 446 310 60 634 659 672 424 184 429 643 780 922 218 973 158 500 515 804 174 772 560 92
5058 20 5708 74 990 42 975 659 672 560 92 114 625 60 634 472 733 816 701 446 310 780 922 429 643 313 163 515 804 568 941 232 608 174 772 424 184 81 559 218 973 158 500
1059 20 4673 401 809 381 626 22 735 344 986 55 317 67 5 422 599 105 380 430 326 288 535 315 173 166 460 461 817 302 161 55 974 660 750 356 784 433 473 505 138 74 161
2059 20 4673 105 380 356 784 166 460 430 326 422 599 433 473 74 161 660 750 55 974 461 817 302 161 401 809 22 735 505 138 288 535 67 5 315 173 55 317 344 986 381 626
3059 20 4673 422 599 356 784 166 460 315 173 505 138 288 535 660 750 430 326 105 380 461 817 401 809 55 317 344 986 381 626 74 161 55 974 22 735 302 161 67 5 433 473
4059 20 4673 302 161 315 173 505 138 461 817 660 750 430 326 55 317 105 380 344 986 55 974 67 5 433 473 22 735 166 460 288 535 401 809 74 161 381 626 422 599 356 784
5059 20 4673 433 473 74 161 55 317 22 735 302 161 315 173 344 986 166 460 401 809 430 326 381 626 288 535 105 380 67 5 356 784 461 817 660 750 55 974 505 138 422 599
1060 20 5605 43 115 425 236 20 63 70 285 415 583 318 35 829 63 215 456 424 69 237 120 396 420 284 928 342 693 2 533 504 762 573 324 534 313 582 573 57 869 737 593
2060 20 5605 504 762 415 583 534 313 425 236 342 693 237 120 582 573 215 456 424 69 318 35 284 928 829 63 57 869 573 324 20 63 43 115 396 420 70 285 737 593 2 533
3060 20 5605 284 928 424 69 829 63 215 456 2 533 318 35 237 120 57 869 342 693 573 324 425 236 737 593 415 583 396 420 504 762 43 115 70 285 20 63 534 313 582 573
4060 20 5605 342 693 2 533 43 115 20 63 415 583 737 593 425 236 573 324 829 63 70 285 318 35 424 69 504 762 57 869 534 313 284 928 215 456 237 120 396 420 582 573
5060 20 5605 237 120 318 35 284 928 2 533 829 63 415 583 396 420 573 324 737 593 424 69 582 573 342 693 534 313 215 456 20 63 70 285 57 869 504 762 425 236 43 115
1061 20 5246 331 93 127 534 550 894 361 458 245 498 344 765 614 202 433 949 789 805 643 943 88 207 268 819 188 772 225 248 565 422 110 204 25 177 483 238 59 619 110 579
2061 20 5246 225 248 550 894 245 498 643 943 433 949 88 207 331 93 789 805 127 534 110 204 268 819 483 238 25 177 361 458 188 772 565 422 344 765 59 619 110 579 614 202
3061 20 5246 245 498 433 949 59 619 789 805 643 943 361 458 110 204 127 534 565 422 550 894 483 238 25 177 188 772 344 765 88 207 110 579 268 819 225 248 614 202 331 93
4061 20 5246 225 248 550 894 565 422 344 765 433 949 110 579 643 943 25 177 268 819 127 534 59 619 88 207 245 498 331 93 361 458 614 202 789 805 483 238 188 772 110 204
5061 20 5246 331 93 433 949 127 534 245 498 110 579 614 202 25 177 789 805 225 248 344 765 361 458 188 772 565 422 110 204 59 619 483 238 643 943 550 894 268 819 88 207
1062 20 6584 512 578 158 633 624 449 542 2 363 903 352 80 483 751 208 912 433 611 786 390 441 580 247 41 649 674 801 5 479 497 31 846 68 892 705 696 16 516 333 269
2062 20 6584 247 41 363 903 68 892 801 5 624 449 31 846 433 611 786 390 208 912 649 674 512 578 441 580 705 696 16 516 333 269 483 751 479 497 158 633 542 2 352 80
3062 20 6584 483 751 16 516 158 633 68 892 208 912 705 696 479 497 441 580 247 41 363 903 333 269 352 80 801 5 542 2 512 578 433 611 31 846 649 674 624 449 786 390
4062 20 6584 333 269 479 497 441 580 352 80 158 633 649 674 624 449 705 696 786 390 801 5 16 516 433 611 363 903 483 751 512 578 542 2 68 892 247 41 208 912 31 846
5062 20 6584 333 269 624 449 649 674 479 497 208 912 441 580 512 578 705 696 786 390 542 2 31 846 483 751 801 5 68 892 158 633 363 903 247 41 16 516 433 611 352 80
1063 20 5355 161 386 546 630 11 833 237 828 39 186 85 602 199 33 199 280 193 634 881 446 72 347 763 961 631 83 456 1000 430 631 69 438 272 344 239 31 875 636 336 869
2063 20 5355 237 828 631 83 199 33 456 1000 763 961 875 636 161 386 336 869 39 186 69 438 199 280 881 446 72 347 193 634 85 602 11 833 546 630 239 31 430 631 272 344
3063 20 5355 546 630 875 636 199 280 69 438 881 446 72 347 430 631 237 828 85 602 39 186 272 344 11 833 456 1000 763 961 336 869 193 634 199 33 239 31 161 386 631 83
4063 20 5355 11 833 430 631 237 828 336 869 85 602 199 280 69 438 546 630 239 31 631 83 193 634 72 347 456 1000 881 446 875 636 763 961 161 386 39 186 199 33 272 344
5063 20 5355 875 636 881 446 546 630 272 344 430 631 456 1000 199 280 631 83 161 386 336 869 85 602 39 186 193 634 11 833 69 438 199 33 763 961 239 31 237 828 72 347
1064 20 4970 776 815 626 169 789 514 511 641 60 491 404 896 25 488 61 177 136 44 50 373 21 739 210 973 500 603 775 173 333 853 169 14 31 695 182 965 139 576 415 993
2064 20 4970 61 177 789 514 60 491 333 853 404 896 776 815 139 576 31 695 21 739 415 993 210 973 626 169 775 173 511 641 136 44 182 965 169 14 50 373 500 603 25 488
3064 20 4970 210 973 404 896 333 853 789 514 500 603 50 373 415 993 31 695 21 739 182 965 139 576 511 641 61 177 626 169 775 173 25 488 136 44 776 815 60 491 169 14
4064 20 4970 210 973 789 514 775 173 511 641 500 603 626 169 139 576 333 853 21 739 404 896 776 815 25 488 61 177 169 14 31 695 182 965 415 993 136 44 50 373 60 491
5064 20 4970 500 603 182 965 210 973 136 44 25 488 404 896 415 993 60 491 511 641 50 373 21 739 31 695 789 514 776 815 139 576 169 14 333 853 775 173 626 169 61 177
1065 20 5164 869 748 98 35 621 967 178 526 445 490 59 996 436 481 216 900 77 710 180 153 101 606 586 841 24 304 587 29 500 663 286 478 179 562 479 865 57 650 478 722
2065 20 5164 286 478 101 606 436 481 445 490 479 865 98 35 621 967 180 153 57 650 77 710 586 841 179 562 869 748 216 900 500 663 587 29 24 304 178 526 59 996 478 722
3065 20 5164 286 478 24 304 445 490 621 967 57 650 478 722 77 710 216 900 869 748 179 562 98 35 586 841 500 663 479 865 59 996 436 481 178 526 587 29 180 153 101 606
4065 20 5164 24 304 178 526 180 153 587 29 479 865 436 481 216 900 621 967 179 562 586 841 59 996 98 35 478 722 101 606 57 650 286 478 77 710 869 748 445 490 500 663
5065 20 5164 479 865 286 478 59 996 98 35 216 900 586 841 57 650 436 481 101 606 179 562 621 967 500 663 869 748 180 153 445 490 478 722 178 526 587 29 24 304 77 710
1066 20 5463 233 652 296 21 128 97 731 996 158 101 427 430 151 13 406 967 808 815 622 844 201 466 118 522 157 236 281 578 27 841 572 229 914 468 301 612 217 780 81 791
2066 20 5463 572 229 128 97 622 844 217 780 233 652 731 996 158 101 157 236 808 815 296 21 301 612 81 791 406 967 427 430 201 466 118 522 27 841 151 13 914 468 281 578
3066 20 5463 301 612 406 967 151 13 81 791 201 466 157 236 572 229 233 652 427 430 118 522 217 780 128 97 158 101 296 21 27 841 914 468 281 578 622 844 808 815 731 996
4066 20 5463 233 652 217 780 281 578 731 996 301 612 158 101 157 236 622 844 572 229 128 97 27 841 914 468 427 430 151 13 118 522 406 967 808 815 81 791 296 21 201 466
5066 20 5463 158 101 151 13 301 612 296 21 914 468 157 236 118 522 808 815 201 466 427 430 128 97 81 791 233 652 622 844 731 996 281 578 217 780 27 841 406 967 572 229
1067 20 4862 212 355 331 756 43 662 212 5 59 14 190 60 185 5 525 200 121 96 200 192 551 119 21 136 803 266 538 878 281 141 206 220 76 639 185 1 559 451 780 396
2067 20 4862 43 662 331 756 538 878 559 451 803 266 21 136 121 96 76 639 780 396 190 60 212 5 551 119 59 14 185 1 206 220 525 200 185 5 200 192 212 355 281 141
3067 20 4862 59 14 780 396 185 1 21 136 121 96 200 192 190 60 76 639 538 878 212 355 559 451 525 200 206 220 43 662 185 5 281 141 331 756 803 266 212 5 551 119
4067 20 4862 190 60 331 756 206 220 76 639 59 14 185 5 21 136 121 96 43 662 803 266 212 5 281 141 200 192 551 119 185 1 212 355 780 396 525 200 559 451 538 878
5067 20 4862 212 5 43 662 525 200 59 14 559 451 551 119 185 1 76 639 21 136 212 355 185 5 331 756 200 192 190 60 121 96 803 266 206 220 281 141 780 396 538 878
1068 20 4096 689 400 45 12 736 669 82 866 41 466 173 379 170 161 366 843 331 612 286 989 74 227 7 715 182 510 747 928 25 829 227 247 17 986 521 710 130 387 272 302
2068 20 4096 521 710 182 510 45 12 272 302 286 989 74 227 331 612 130 387 170 161 41 466 173 379 7 715 736 669 82 866 17 986 227 247 366 843 689 400 747 928 25 829
3068 20 4096 286 989 521 710 7 715 45 12 130 387 17 986 41 466 74 227 331 612 82 866 173 379 366 843 170 161 227 247 25 829 182 510 747 928 736 669 272 302 689 400
4068 20 4096 689 400 41 466 25 829 736 669 521 710 17 986 173 379 227 247 170 161 182 510 331 612 130 387 272 302 366 843 286 989 74 227 747 928 7 715 82 866 45 12
5068 20 4096 689 400 82 866 227 247 173 379 45 12 130 387 272 302 170 161 736 669 331 612 7 715 74 227 747 928 286 989 25 829 17 986 182 510 366 843 41 466 521 710
1069 20 5105 195 584 370 98 334 589 100 359 231 133 178 917 556 701 315 330 678 304 467 898 492 554 213 70 47 712 364 890 32 410 433 444 230 900 313 774 1 151 833 275
2069 20 5105 195 584 231 133 47 712 315 330 1 151 556 701 230 900 492 554 334 589 213 70 178 917 370 98 32 410 833 275 433 444 313 774 100 359 364 890 678 304 467 898
3069 20 5105 213 70 178 917 833 275 678 304 195 584 315 330 231 133 556 701 47 712 433 444 370 98 230 900 364 890 313 774 32 410 467 898 334 589 492 554 1 151 100 359
4069 20 5105 100 359 1 151 231 133 213 70 195 584 178 917 32 410 315 330 370 98 230 900 467 898 364 890 556 701 678 304 492 554 433 444 833 275 313 774 47 712 334 589
5069 20 5105 678 304 364 890 313 774 178 917 230 900 195 584 556 701 213 70 334 589 1 151 492 554 315 330 231 133 47 712 833 275 370 98 467 898 433 444 100 359 32 410
1070 20 4054 211 218 417 661 95 570 742 658 205 70 256 547 400 901 197 890 19 919 88 114 300 298 191 164 35 232 491 175 66 515 25 887 875 17 67 790 151 760 237 196
2070 20 4054 66 515 300 298 417 661 35 232 88 114 742 658 491 175 256 547 875 17 151 760 67 790 191 164 237 196 95 570 25 887 211 218 400 901 19 919 205 70 197 890
3070 20 4054 205 70 25 887 300 298 66 515 237 196 417 661 191 164 875 17 256 547 95 570 742 658 35 232 491 175 400 901 19 919 151 760 88 114 197 890 67 790 211 218
4070 20 4054 95 570 417 661 491 175 67 790 875 17 35 232 19 919 300 298 211 218 88 114 197 890 66 515 205 70 400 901 256 547 25 887 237 196 742 658 191 164 151 760
5070 20 4054 191 164 256 547 237 196 211 218 491 175 19 919 35 232 400 901 151 760 67 790 742 658 875 17 95 570 417 661 88 114 66 515 300 298 205 70 25 887 197 890
1071 20 5714 870 946 17 229 219 121 713 253 386 199 806 75 441 185 70 16 357 850 1 340 699 192 804 72 146 560 228 781 446 326 57 882 303 745 406 638 96 330 78 641
2071 20 5714 699 192 804 72 386 199 870 946 357 850 806 75 78 641 228 781 303 745 441 185 1 340 406 638 57 882 17 229 446 326 146 560 70 16 219 121 96 330 713 253
3071 20 5714 699 192 806 75 446 326 386 199 17 229 441 185 870 946 70 16 804 72 146 560 219 121 228 781 57 882 357 850 303 745 713 253 1 340 78 641 406 638 96 330
4071 20 5714 806 75 146 560 446 326 219 121 713 253 1 340 699 192 228 781 441 185 96 330 406 638 57 882 357 850 303 745 78 641 804 72 17 229 386 199 870 946 70 16
5071 20 5714 1 340 146 560 219 121 17 229 70 16 78 641 804 72 57 882 870 946 386 199 303 745 228 781 406 638 806 75 699 192 713 253 446 326 441 185 96 330 357 850
1072 20 6604 4 356 728 538 607 339 718 615 675 766 379 17 824 291 342 959 758 693 817 349 342 68 649 965 133 753 260 342 110 11 589 599 150 6 116 342 12 798 43 112
2072 20 6604 607 339 718 615 824 291 589 599 675 766 43 112 379 17 728 538 817 349 260 342 133 753 342 959 12 798 116 342 110 11 758 693 342 68 4 356 150 6 649 965
3072 20 6604 607 339 817 349 342 959 675 766 4 356 758 693 12 798 342 68 133 753 150 6 116 342 649 965 824 291 728 538 110 11 260 342 379 17 43 112 589 599 718 615
4072 20 6604 589 599 824 291 728 538 133 753 817 349 675 766 649 965 110 11 260 342 116 342 43 112 758 693 4 356 342 959 379 17 150 6 718 615 342 68 607 339 12 798
5072 20 6604 728 538 116 342 675 766 824 291 342 959 150 6 718 615 260 342 758 693 342 68 12 798 43 112 589 599 110 11 133 753 607 339 379 17 4 356 649 965 817 349
1073 20 6309 367 99 697 349 936 370 926 843 501 148 333 42 386 874 392 998 55 527 858 130 11 840 216 218 372 815 117 246 366 626 249 254 254 547 221 843 328 92 302 134
2073 20 6309 11 840 366 626 302 134 501 148 221 843 372 815 216 218 254 547 249 254 367 99 328 92 936 370 333 42 386 874 858 130 926 843 697 349 117 246 392 998 55 527
3073 20 6309 254 547 302 134 221 843 926 843 11 840 55 527 372 815 366 626 386 874 117 246 367 99 328 92 216 218 858 130 249 254 392 998 936 370 697 349 501 148 333 42
4073 20 6309 392 998 216 218 372 815 11 840 936 370 697 349 858 130 117 246 221 843 367 99 366 626 386 874 501 148 55 527 328 92 926 843 249 254 254 547 333 42 302 134
5073 20 6309 11 840 328 92 302 134 249 254 858 130 221 843 367 99 926 843 501 148 366 626 333 42 372 815 697 349 386 874 936 370 392 998 55 527 254 547 117 246 216 218
1074 20 4432 107 508 534 187 338 578 294 126 140 461 241 735 268 273 420 99 188 354 88 45 30 749 703 517 628 412 25 609 392 777 349 234 488 893 227 624 54 28 26 212
2074 20 4432 338 578 294 126 628 412 140 461 703 517 392 777 241 735 54 28 268 273 227 624 349 234 25 609 488 893 88 45 30 749 107 508 26 212 534 187 420 99 188 354
3074 20 4432 26 212 534 187 392 777 25 609 338 578 88 45 420 99 227 624 241 735 30 749 488 893 188 354 294 126 703 517 349 234 54 28 140 461 107 508 628 412 268 273
4074 20 4432 25 609 188 354 392 777 488 893 294 126 227 624 241 735 268 273 26 212 349 234 54 28 628 412 30 749 88 45 338 578 140 461 703 517 420 99 107 508 534 187
5074 20 4432 392 777 488 893 25 609 30 749 294 126 338 578 628 412 107 508 26 212 54 28 534 187 88 45 241 735 227 624 349 234 268 273 420 99 140 461 703 517 188 354
1075 20 5644 338 690 219 275 473 140 319 302 47 63 237 978 144 278 149 70 98 822 504 74 475 774 584 777 79 377 877 331 608 412 886 249 310 904 181 755 67 830 461 420
2075 20 5644 886 249 47 63 338 690 144 278 98 822 219 275 181 755 461 420 608 412 319 302 504 74 310 904 79 377 237 978 475 774 473 140 584 777 149 70 67 830 877 331
3075 20 5644 98 822 67 830 237 978 886 249 319 302 504 74 47 63 79 377 475 774 219 275 608 412 310 904 181 755 338 690 584 777 461 420 473 140 149 70 877 331 144 278
4075 20 5644 98 822 877 331 584 777 237 978 475 774 144 278 67 830 47 63 461 420 608 412 504 74 79 377 473 140 181 755 149 70 886 249 310 904 338 690 219 275 319 302
5075 20 5644 877 331 149 70 79 377 461 420 608 412 319 302 67 830 584 777 473 140 886 249 310 904 338 690 144 278 237 978 475 774 181 755 504 74 47 63 219 275 98 822
1076 20 5603 366 412 533 818 328 493 184 460 188 526 331 905 93 713 335 873 199 855 139 799 825 170 634 598 82 824 304 846 147 208 298 498 814 235 509 455 68 581 627 201
2076 20 5603 331 905 366 412 93 713 533 818 304 846 335 873 184 460 328 493 199 855 627 201 509 455 298 498 82 824 139 799 147 208 188 526 825 170 634 598 68 581 814 235
3076 20 5603 304 846 147 208 139 799 188 526 184 460 331 905 814 235 627 201 328 493 199 855 509 455 68 581 93 713 298 498 335 873 634 598 533 818 366 412 82 824 825 170
4076 20 5603 634 598 82 824 93 713 298 498 335 873 184 460 366 412 188 526 533 818 304 846 199 855 139 799 331 905 627 201 509 455 68 581 147 208 328 493 825 170 814 235
5076 20 5603 328 493 825 170 304 846 331 905 335 873 188 526 184 460 509 455 139 799 814 235 533 818 627 201 68 581 93 713 147 208 82 824 366 412 298 498 199 855 634 598
1077 20 6182 273 121 388 428 168 188 682 657 34 40 612 510 651 185 10 596 335 788 126 600 412 835 218 42 446 537 165 778 700 74 466 449 481 72 565 798 353 143 643 246
2077 20 6182 565 798 34 40 168 188 353 143 466 449 412 835 126 600 273 121 388 428 612 510 651 185 446 537 643 246 218 42 682 657 335 788 10 596 481 72 165 778 700 74
3077 20 6182 466 449 565 798 682 657 612 510 10 596 700 74 412 835 446 537 643 246 218 42 335 788 273 121 34 40 388 428 165 778 126 600 168 188 651 185 481 72 353 143
4077 20 6182 165 778 446 537 643 246 612 510 353 143 700 74 218 42 34 40 565 798 682 657 273 121 651 185 126 600 10 596 412 835 335 788 168 188 466 449 481 72 388 428
5077 20 6182 34 40 446 537 565 798 165 778 218 42 10 596 126 600 388 428 700 74 612 510 643 246 412 835 481 72 682 657 273 121 335 788 651 185 466 449 168 188 353 143
1078 20 4444 41 278 223 437 240 245 386 413 167 362 130 374 297 405 188 449 157 862 83 61 70 628 43 138 307 898 624 725 505 842 281 15 642 644 473 771 250 197 449 182
2078 20 4444 223 437 642 644 624 725 449 182 157 862 83 61 307 898 250 197 41 278 505 842 70 628 43 138 297 405 281 15 188 449 473 771 130 374 240 245 386 413 167 362
3078 20 4444 281 15 70 628 157 862 624 725 83 61 41 278 43 138 473 771 386 413 223 437 449 182 307 898 642 644 505 842 250 197 130 374 297 405 240 245 167 362 188 449
4078 20 4444 167 362 43 138 307 898 188 449 297 405 240 245 473 771 386 413 223 437 157 862 41 278 130 374 83 61 505 842 642 644 70 628 624 725 449 182 281 15 250 197
5078 20 4444 83 61 41 278 505 842 70 628 281 15 130 374 188 449 297 405 167 362 240 245 624 725 223 437 386 413 449 182 307 898 250 197 642 644 43 138 157 862 473 771
1079 20 6635 698 396 226 444 143 642 313 997 461 902 585 251 430 821 326 920 543 48 579 618 605 714 921 268 113 75 97 723 625 609 666 37 19 434 400 108 530 207 14 457
2079 20 6635 113 75 579 618 14 457 19 434 143 642 921 268 430 821 585 251 313 997 605 714 97 723 625 609 461 902 543 48 400 108 698 396 226 444 530 207 326 920 666 37
3079 20 6635 313 997 400 108 579 618 921 268 326 920 543 48 430 821 226 444 113 75 625 609 530 207 14 457 585 251 97 723 19 434 143 642 605 714 666 37 698 396 461 902
4079 20 6635 400 108 530 207 605 714 326 920 625 609 430 821 14 457 313 997 97 723 921 268 543 48 19 434 579 618 461 902 666 37 226 444 113 75 698 396 585 251 143 642
5079 20 6635 543 48 143 642 625 609 430 821 19 434 579 618 605 714 921 268 326 920 97 723 666 37 226 444 14 457 400 108 698 396 313 997 113 75 461 902 585 251 530 207
1080 20 4165 389 258 194 584 268 928 167 619 14 749 353 732 221 558 118 823 184 694 200 384 720 452 532 761 436 305 35 363 316 626 70 887 294 777 488 815 194 611 14 935
2080 20 4165 720 452 436 305 14 935 268 928 70 887 221 558 200 384 14 749 35 363 488 815 194 584 167 619 118 823 184 694 316 626 389 258 294 777 353 732 194 611 532 761
3080 20 4165 194 611 221 558 194 584 720 452 353 732 14 935 70 887 118 823 35 363 436 305 488 815 184 694 294 777 389 258 14 749 268 928 316 626 532 761 200 384 167 619
4080 20 4165 118 823 70 887 436 305 268 928 316 626 294 777 194 584 200 384 167 619 14 935 532 761 14 749 221 558 720 452 35 363 194 611 353 732 488 815 184 694 389 258
5080 20 4165 118 823 268 928 194 584 221 558 316 626 14 935 436 305 720 452 167 619 488 815 14 749 194 611 200 384 389 258 35 363 294 777 70 887 353 732 532 761 184 694
1081 20 5583 517 339 85 500 330 229 224 617 646 428 57 898 509 309 502 465 39 923 488 697 648 222 543 334 483 107 286 708 180 541 334 200 196 948 633 876 78 629 201 632
2081 20 5583 57 898 502 465 201 632 330 229 517 339 180 541 334 200 483 107 78 629 646 428 85 500 648 222 543 334 196 948 39 923 633 876 224 617 286 708 488 697 509 309
3081 20 5583 633 876 517 339 648 222 483 107 543 334 286 708 334 200 85 500 509 309 224 617 488 697 39 923 201 632 330 229 502 465 78 629 196 948 180 541 646 428 57 898
4081 20 5583 334 200 543 334 509 309 224 617 330 229 648 222 196 948 286 708 78 629 39 923 201 632 85 500 646 428 488 697 57 898 502 465 180 541 517 339 483 107 633 876
5081 20 5583 648 222 201 632 85 500 646 428 180 541 196 948 517 339 286 708 509 309 488 697 57 898 633 876 224 617 334 200 483 107 543 334 39 923 502 465 330 229 78 629
1082 20 6126 573 827 192 253 544 324 678 557 300 279 147 840 378 335 369 454 447 261 679 224 535 737 536 802 175 996 116 225 181 338 17 853 615 953 433 174 398 385 345 664
2082 20 6126 192 253 300 279 433 174 535 737 615 953 116 225 573 827 678 557 181 338 447 261 147 840 17 853 536 802 345 664 544 324 175 996 369 454 378 335 398 385 679 224
3082 20 6126 369 454 300 279 181 338 544 324 116 225 536 802 447 261 147 840 345 664 573 827 398 385 679 224 615 953 378 335 175 996 17 853 535 737 678 557 192 253 433 174
4082 20 6126 433 174 544 324 378 335 175 996 536 802 147 840 398 385 447 261 116 225 615 953 678 557 17 853 181 338 573 827 535 737 192 253 300 279 679 224 369 454 345 664
5082 20 6126 17 853 300 279 544 324 147 840 536 802 573 827 181 338 398 385 369 454 345 664 175 996 433 174 679 224 378 335 615 953 447 261 678 557 535 737 116 225 192 253
1083 20 5143 366 690 102 832 901 837 347 801 472 615 182 968 559 380 70 680 63 45 494 40 557 970 407 544 118 69 253 143 112 692 33 53 391 995 98 116 254 102 650 966
2083 20 5143 472 615 182 968 557 970 253 143 98 116 347 801 63 45 102 832 391 995 494 40 254 102 366 690 112 692 70 680 118 69 901 837 559 380 650 966 33 53 407 544
3083 20 5143 98 116 63 45 253 143 472 615 118 69 494 40 650 966 102 832 391 995 70 680 347 801 901 837 182 968 557 970 33 53 254 102 366 690 112 692 407 544 559 380
4083 20 5143 63 45 391 995 253 143 407 544 901 837 33 53 366 690 118 69 347 801 557 970 472 615 254 102 112 692 102 832 650 966 494 40 182 968 559 380 70 680 98 116
5083 20 5143 347 801 182 968 391 995 557 970 253 143 494 40 112 692 407 544 559 380 901 837 63 45 102 832 650 966 118 69 70 680 472 615 33 53 98 116 254 102 366 690
1084 20 4376 57 682 324 33 361 26 24 213 448 930 27 459 31 440 323 30 674 748 502 128 563 196 272 747 188 779 299 84 201 276 138 853 453 446 346 834 171 268 68 49
2084 20 4376 563 196 361 26 188 779 138 853 272 747 299 84 24 213 323 30 324 33 201 276 171 268 57 682 674 748 68 49 453 446 31 440 448 930 346 834 27 459 502 128
3084 20 4376 201 276 674 748 31 440 272 747 323 30 171 268 24 213 448 930 324 33 299 84 502 128 27 459 346 834 563 196 188 779 138 853 57 682 361 26 68 49 453 446
4084 20 4376 323 30 324 33 346 834 563 196 31 440 27 459 674 748 171 268 299 84 448 930 502 128 138 853 188 779 201 276 272 747 57 682 453 446 361 26 68 49 24 213
5084 20 4376 188 779 31 440 563 196 24 213 323 30 138 853 346 834 448 930 201 276 299 84 272 747 324 33 68 49 57 682 361 26 171 268 453 446 502 128 27 459 674 748
1085 20 5371 348 951 606 429 767 458 432 897 287 342 175 675 465 594 314 561 62 105 548 16 129 6 363 244 17 66 463 172 794 7 68 22 283 786 415 413 15 994 163 211
2085 20 5371 606 429 17 66 363 244 348 951 62 105 463 172 15 994 68 22 287 342 794 7 415 413 432 897 314 561 175 675 283 786 465 594 163 211 767 458 129 6 548 16
3085 20 5371 606 429 465 594 62 105 415 413 314 561 767 458 68 22 794 7 287 342 432 897 363 244 283 786 17 66 348 951 129 6 15 994 463 172 548 16 163 211 175 675
4085 20 5371 62 105 175 675 794 7 68 22 363 244 348 951 283 786 548 16 163 211 415 413 463 172 129 6 767 458 606 429 314 561 17 66 432 897 15 994 465 594 287 342
5085 20 5371 794 7 548 16 287 342 348 951 465 594 363 244 606 429 15 994 283 786 432 897 163 211 175 675 415 413 767 458 68 22 314 561 463 172 129 6 17 66 62 105
1086 20 5601 594 990 164 394 264 903 483 346 562 780 644 515 110 691 375 529 410 305 160 684 20 663 113 548 384 803 660 433 538 418 498 188 22 243 827 909 144 332 30 309
2086 20 5601 483 346 113 548 144 332 20 663 264 903 827 909 110 691 164 394 538 418 594 990 660 433 562 780 375 529 160 684 384 803 644 515 410 305 30 309 498 188 22 243
3086 20 5601 160 684 164 394 660 433 20 663 594 990 384 803 110 691 410 305 538 418 22 243 30 309 113 548 264 903 483 346 562 780 498 188 644 515 375 529 144 332 827 909
4086 20 5601 644 515 22 243 660 433 498 188 594 990 113 548 375 529 384 803 20 663 264 903 30 309 538 418 110 691 144 332 827 909 160 684 483 346 410 305 164 394 562 780
5086 20 5601 483 346 30 309 264 903 827 909 144 332 594 990 164 394 538 418 160 684 660 433 384 803 110 691 410 305 644 515 22 243 113 548 375 529 562 780 20 663 498 188
1087 20 5739 26 388 6 187 43 743 190 590 598 162 972 686 683 780 682 72 42 767 250 746 313 874 122 216 378 150 689 849 254 832 590 502 421 179 101 840 551 108 263 628
2087 20 5739 26 388 590 502 378 150 254 832 682 72 421 179 101 840 43 743 190 590 598 162 689 849 6 187 42 767 313 874 683 780 263 628 250 746 551 108 972 686 122 216
3087 20 5739 598 162 254 832 190 590 682 72 250 746 421 179 42 767 551 108 26 388 263 628 6 187 683 780 313 874 378 150 972 686 43 743 122 216 590 502 689 849 101 840
4087 20 5739 313 874 972 686 250 746 43 743 689 849 378 150 598 162 683 780 42 767 122 216 6 187 26 388 682 72 263 628 551 108 590 502 101 840 421 179 254 832 190 590
5087 20 5739 43 743 254 832 42 767 689 849 6 187 250 746 682 72 190 590 421 179 683 780 122 216 101 840 551 108 590 502 313 874 26 388 263 628 972 686 598 162 378 150
1088 20 4562 184 522 571 715 505 819 196 511 272 146 145 252 509 68 436 747 253 460 94 205 68 36 190 963 92 279 218 320 233 251 472 619 344 522 134 517 385 412 402 829
2088 20 4562 190 963 94 205 272 146 571 715 218 320 472 619 145 252 509 68 184 522 134 517 402 829 196 511 385 412 344 522 253 460 436 747 505 819 92 279 233 251 68 36
3088 20 4562 505 819 94 205 145 252 253 460 509 68 571 715 92 279 233 251 472 619 190 963 436 747 385 412 184 522 134 517 218 320 344 522 196 511 402 829 272 146 68 36
4088 20 4562 253 460 184 522 94 205 190 963 385 412 92 279 196 511 509 68 571 715 505 819 218 320 68 36 233 251 134 517 402 829 145 252 272 146 472 619 436 747 344 522
5088 20 4562 472 619 68 36 436 747 218 320 571 715 505 819 233 251 94 205 184 522 385 412 196 511 509 68 134 517 92 279 402 829 344 522 253 460 272 146 145 252 190 963
1089 20 4168 417 398 356 792 19 55 278 377 423 999 100 512 384 792 359 264 317 678 243 714 43 739 84 452 51 317 49 770 448 329 483 660 12 422 70 537 320 11 754 348
2089 20 4168 317 678 417 398 356 792 320 11 12 422 384 792 49 770 100 512 19 55 754 348 359 264 84 452 43 739 278 377 483 660 51 317 448 329 243 714 423 999 70 537
3089 20 4168 423 999 278 377 317 678 448 329 417 398 70 537 100 512 243 714 51 317 19 55 754 348 12 422 320 11 356 792 483 660 359 264 49 770 43 739 384 792 84 452
4089 20 4168 483 660 417 398 448 329 12 422 19 55 423 999 70 537 356 792 49 770 84 452 359 264 317 678 100 512 278 377 243 714 754 348 384 792 320 11 51 317 43 739
5089 20 4168 448 329 384 792 51 317 100 512 417 398 70 537 49 770 84 452 359 264 43 739 320 11 423 999 19 55 278 377 356 792 12 422 483 660 243 714 317 678 754 348
1090 20 5311 171 355 724 942 570 766 328 287 277 832 395 924 6 502 499 153 488 474 427 73 69 771 360 986 245 391 161 415 360 397 273 624 97 52 46 373 813 513 330 505
2090 20 5311 97 52 328 287 813 513 273 624 395 924 171 355 46 373 488 474 360 986 330 505 6 502 499 153 427 73 161 415 570 766 69 771 360 397 277 832 245 391 724 942
3090 20 5311 97 52 161 415 724 942 488 474 499 153 328 287 330 505 427 73 69 771 46 373 6 502 813 513 245 391 570 766 273 624 395 924 360 397 171 355 360 986 277 832
4090 20 5311 488 474 724 942 360 397 813 513 69 771 427 73 273 624 328 287 6 502 97 52 171 355 330 505 395 924 161 415 245 391 46 373 277 832 499 153 570 766 360 986
5090 20 5311 813 513 245 391 570 766 360 397 330 505 161 415 427 73 6 502 360 986 277 832 171 355 69 771 97 52 328 287 488 474 724 942 395 924 273 624 46 373 499 153
1091 20 6595 703 994 144 909 301 204 159 626 653 683 5 215 247 151 426 779 18 28 689 855 358 566 578 46 196 842 859 180 956 523 643 167 283 492 341 832 658 849 27 793
2091 20 6595 247 151 426 779 578 46 859 180 159 626 5 215 301 204 144 909 341 832 956 523 358 566 196 842 689 855 658 849 703 994 27 793 18 28 643 167 283 492 653 683
3091 20 6595 159 626 653 683 358 566 703 994 643 167 301 204 27 793 5 215 247 151 196 842 144 909 578 46 689 855 658 849 859 180 18 28 426 779 341 832 283 492 956 523
4091 20 6595 859 180 658 849 426 779 341 832 956 523 283 492 703 994 5 215 247 151 301 204 358 566 578 46 144 909 159 626 653 683 27 793 689 855 643 167 18 28 196 842
5091 20 6595 18 28 159 626 578 46 5 215 689 855 859 180 643 167 358 566 341 832 956 523 703 994 196 842 27 793 426 779 653 683 283 492 144 909 301 204 658 849 247 151
1092 20 5245 621 193 316 606 384 803 509 114 509 8 102 876 161 119 370 569 100 260 56 369 398 476 14 620 439 153 269 741 131 138 453 997 816 363 500 500 126 435 283 260
2092 20 5245 269 741 384 803 621 193 126 435 316 606 509 8 100 260 283 260 453 997 500 500 398 476 370 569 102 876 161 119 14 620 131 138 509 114 56 369 816 363 439 153
3092 20 5245 500 500 384 803 269 741 509 8 100 260 126 435 283 260 370 569 509 114 453 997 816 363 102 876 161 119 14 620 621 193 131 138 439 153 316 606 56 369 398 476
4092 20 5245 283 260 370 569 509 8 816 363 56 369 453 997 131 138 161 119 398 476 621 193 500 500 269 741 316 606 509 114 100 260 439 153 384 803 14 620 126 435 102 876
5092 20 5245 100 260 102 876 816 363 161 119 370 569 131 138 439 153 453 997 56 369 509 114 269 741 398 476 283 260 500 500 384 803 126 435 509 8 621 193 14 620 316 606
1093 20 5516 336 714 461 643 459 431 891 193 251 44 366 410 511 499 313 626 65 172 306 536 312 997 90 562 245 924 248 879 676 365 208 243 618 909 30 913 25 527 484 413
2093 20 5516 245 924 312 997 511 499 65 172 248 879 461 643 366 410 336 714 90 562 30 913 25 527 251 44 208 243 618 909 306 536 313 626 484 413 676 365 891 193 459 431
3093 20 5516 336 714 461 643 251 44 312 997 30 913 245 924 366 410 891 193 306 536 511 499 248 879 25 527 208 243 618 909 65 172 459 431 484 413 90 562 676 365 313 626
4093 20 5516 461 643 30 913 313 626 366 410 484 413 306 536 65 172 25 527 618 909 251 44 511 499 312 997 891 193 208 243 676 365 336 714 90 562 248 879 245 924 459 431
5093 20 5516 891 193 618 909 336 714 208 243 511 499 25 527 245 924 306 536 484 413 366 410 676 365 312 997 30 913 459 431 90 562 65 172 251 44 313 626 248 879 461 643
1094 20 4424 375 564 10 98 769 394 36 131 236 738 116 736 187 45 145 376 40 790 292 529 240 609 404 127 500 518 423 610 46 488 178 378 581 357 278 96 290 418 384 675
2094 20 4424 581 357 40 790 290 418 292 529 36 131 500 518 375 564 116 736 187 45 10 98 178 378 769 394 236 738 404 127 145 376 46 488 384 675 423 610 278 96 240 609
3094 20 4424 423 610 375 564 40 790 292 529 46 488 500 518 145 376 404 127 278 96 10 98 769 394 236 738 384 675 581 357 290 418 116 736 187 45 36 131 240 609 178 378
4094 20 4424 240 609 423 610 40 790 236 738 384 675 278 96 769 394 145 376 116 736 10 98 36 131 292 529 500 518 404 127 581 357 290 418 375 564 178 378 46 488 187 45
5094 20 4424 404 127 278 96 375 564 384 675 187 45 145 376 46 488 500 518 423 610 40 790 290 418 36 131 10 98 116 736 178 378 581 357 236 738 292 529 240 609 769 394
1095 20 5767 927 691 184 159 44 568 361 905 109 766 387 254 79 520 238 915 27 422 220 512 919 530 652 12 133 621 744 972 280 930 109 58 331 937 476 721 538 274 451 823
2095 20 5767 538 274 361 905 238 915 331 937 652 12 133 621 79 520 109 58 280 930 184 159 109 766 220 512 744 972 919 530 44 568 927 691 387 254 476 721 451 823 27 422
3095 20 5767 238 915 109 766 476 721 133 621 744 972 331 937 184 159 387 254 919 530 361 905 44 568 280 930 451 823 79 520 927 691 538 274 27 422 652 12 109 58 220 512
4095 20 5767 451 823 44 568 27 422 79 520 133 621 220 512 361 905 476 721 387 254 927 691 744 972 652 12 331 937 238 915 919 530 109 58 538 274 280 930 184 159 109 766
5095 20 5767 652 12 744 972 927 691 109 58 44 568 79 520 220 512 476 721 538 274 919 530 133 621 387 254 109 766 184 159 27 422 361 905 280 930 331 937 238 915 451 823
1096 20 4823 167 468 639 502 375 593 414 302 609 483 516 554 198 856 229 675 175 815 161 939 354 10 487 789 248 305 57 592 350 444 63 491 338 795 161 786 8 191 480 27
2096 20 4823 480 27 516 554 375 593 175 815 229 675 8 191 414 302 161 786 167 468 639 502 57 592 198 856 609 483 338 795 350 444 63 491 354 10 161 939 487 789 248 305
3096 20 4823 480 27 609 483 63 491 487 789 350 444 639 502 248 305 229 675 354 10 198 856 175 815 414 302 167 468 338 795 57 592 375 593 161 939 516 554 161 786 8 191
4096 20 4823 338 795 480 27 414 302 63 491 229 675 167 468 639 502 350 444 516 554 198 856 161 939 8 191 161 786 375 593 354 10 609 483 57 592 487 789 175 815 248 305
5096 20 4823 175 815 350 444 609 483 354 10 414 302 198 856 161 786 639 502 338 795 375 593 248 305 480 27 487 789 516 554 167 468 57 592 63 491 229 675 161 939 8 191
1097 20 5205 264 647 140 314 527 783 281 267 103 216 607 323 806 907 590 69 16 425 7 676 611 72 222 864 6 376 332 389 231 329 394 463 282 176 724 188 255 144 109 627
2097 20 5205 332 389 16 425 6 376 590 69 255 144 103 216 109 627 527 783 282 176 611 72 607 323 264 647 231 329 7 676 806 907 222 864 394 463 281 267 140 314 724 188
3097 20 5205 7 676 394 463 231 329 611 72 527 783 281 267 16 425 140 314 806 907 6 376 264 647 222 864 109 627 255 144 590 69 282 176 332 389 103 216 607 323 724 188
4097 20 5205 264 647 231 329 109 627 724 188 590 69 281 267 7 676 140 314 332 389 806 907 527 783 6 376 611 72 103 216 607 323 282 176 255 144 222 864 394 463 16 425
5097 20 5205 332 389 264 647 109 627 222 864 282 176 607 323 6 376 590 69 231 329 281 267 7 676 611 72 103 216 527 783 724 188 806 907 394 463 140 314 255 144 16 425
1098 20 5317 650 884 11 374 658 284 266 602 363 127 346 2 229 312 274 738 213 935 193 507 89 995 149 564 703 732 871 282 391 170 30 576 41 982 219 470 392 19 559 670
2098 20 5317 266 602 229 312 658 284 559 670 30 576 703 732 346 2 213 935 193 507 274 738 219 470 149 564 363 127 89 995 41 982 392 19 391 170 871 282 650 884 11 374
3098 20 5317 89 995 703 732 391 170 346 2 363 127 266 602 11 374 559 670 41 982 149 564 871 282 229 312 274 738 392 19 219 470 213 935 658 284 650 884 30 576 193 507
4098 20 5317 363 127 346 2 229 312 219 470 392 19 41 982 650 884 703 732 213 935 11 374 30 576 391 170 193 507 149 564 266 602 871 282 658 284 274 738 559 670 89 995
5098 20 5317 193 507 703 732 213 935 391 170 650 884 363 127 219 470 229 312 30 576 871 282 11 374 346 2 658 284 149 564 266 602 392 19 41 982 559 670 274 738 89 995
1099 20 5143 517 788 180 328 582 40 17 473 496 925 519 509 26 73 805 436 294 230 372 638 95 20 391 728 47 848 119 995 383 423 496 644 189 830 7 27 462 394 432 852
2099 20 5143 517 788 805 436 496 644 47 848 519 509 432 852 7 27 372 638 180 328 391 728 582 40 119 995 95 20 496 925 189 830 383 423 26 73 462 394 294 230 17 473
3099 20 5143 7 27 432 852 496 644 391 728 372 638 582 40 294 230 17 473 517 788 189 830 180 328 383 423 805 436 496 925 26 73 47 848 462 394 95 20 519 509 119 995
4099 20 5143 391 728 517 788 294 230 119 995 26 73 180 328 496 925 383 423 95 20 7 27 372 638 462 394 47 848 189 830 805 436 582 40 432 852 519 509 496 644 17 473
5099 20 5143 519 509 582 40 7 27 517 788 294 230 432 852 496 925 391 728 17 473 189 830 26 73 372 638 180 328 462 394 47 848 119 995 383 423 805 436 95 20 496 644
1100 20 4521 822 280 126 345 26 622 644 205 173 799 59 581 123 259 280 592 153 735 668 455 23 334 525 476 260 429 236 702 42 947 438 137 342 952 58 723 600 722 54 181
2100 20 4521 123 259 23 334 42 947 525 476 260 429 438 137 236 702 59 581 153 735 58 723 126 345 342 952 668 455 822 280 600 722 26 622 280 592 173 799 644 205 54 181
3100 20 4521 58 723 173 799 153 735 438 137 644 205 600 722 342 952 668 455 236 702 59 581 822 280 54 181 280 592 123 259 23 334 42 947 260 429 525 476 26 622 126 345
4100 20 4521 644 205 23 334 342 952 26 622 54 181 280 592 126 345 59 581 822 280 58 723 600 722 173 799 438 137 668 455 153 735 260 429 236 702 123 259 525 476 42 947
5100 20 4521 59 581 236 702 42 947 123 259 525 476 23 334 54 181 644 205 58 723 822 280 173 799 26 622 600 722 342 952 280 592 126 345 260 429 438 137 153 735 668 455
