1001 20 9787 586 602 834 259 566 89 690 657 741 877 144 172 548 189 530 197 702 297 936 334 130 852 671 572 856 269 543 800 610 401 242 568 829 354 675 298 854 943 547 660
2001 20 9787 936 334 548 189 854 943 547 660 543 800 690 657 741 877 530 197 586 602 702 297 675 298 242 568 829 354 130 852 856 269 566 89 610 401 671 572 144 172 834 259
3001 20 9787 548 189 586 602 242 568 543 800 610 401 566 89 130 852 675 298 547 660 702 297 936 334 834 259 530 197 690 657 856 269 741 877 854 943 829 354 144 172 671 572
4001 20 9787 834 259 548 189 547 660 130 852 690 657 671 572 856 269 829 354 702 297 566 89 936 334 144 172 586 602 610 401 854 943 543 800 530 197 242 568 741 877 675 298
5001 20 9787 242 568 144 172 856 269 547 660 854 943 936 334 671 572 741 877 690 657 675 298 530 197 566 89 548 189 702 297 834 259 586 602 829 354 543 800 130 852 610 401
1002 20 10832 962 607 966 202 722 332 950 48 743 782 316 768 751 307 954 213 392 933 780 867 927 437 744 138 701 86 818 102 199 951 571 682 672 944 219 643 503 928 650 708
2002 20 10832 571 682 962 607 199 951 392 933 966 202 219 643 751 307 701 86 672 944 927 437 744 138 743 782 316 768 503 928 950 48 650 708 818 102 722 332 954 213 780 867
3002 20 10832 392 933 316 768 672 944 954 213 927 437 701 86 818 102 199 951 743 782 744 138 950 48 751 307 966 202 722 332 571 682 962 607 219 643 780 867 503 928 650 708
4002 20 10832 392 933 199 951 650 708 744 138 219 643 743 782 316 768 962 607 966 202 751 307 672 944 818 102 571 682 950 48 722 332 780 867 954 213 701 86 927 437 503 928
5002 20 10832 927 437 503 928 743 782 316 768 950 48 701 86 954 213 650 708 744 138 751 307 392 933 219 643 966 202 571 682 722 332 672 944 199 951 962 607 818 102 780 867
1003 20 9796 657 343 471 430 773 886 853 309 324 660 454 796 645 919 770 63 412 628 887 796 476 904 980 642 605 99 731 839 801 774 266 637 341 849 639 553 484 776 676 890
2003 20 9796 605 99 773 886 853 309 980 642 770 63 484 776 731 839 639 553 266 637 341 849 801 774 454 796 412 628 471 430 476 904 645 919 676 890 657 343 324 660 887 796
3003 20 9796 639 553 887 796 731 839 484 776 476 904 454 796 341 849 657 343 980 642 471 430 676 890 266 637 773 886 605 99 853 309 412 628 801 774 324 660 645 919 770 63
4003 20 9796 324 660 657 343 484 776 853 309 341 849 605 99 731 839 639 553 412 628 266 637 454 796 773 886 801 774 471 430 770 63 476 904 980 642 645 919 676 890 887 796
5003 20 9796 773 886 731 839 770 63 645 919 324 660 454 796 801 774 341 849 639 553 676 890 412 628 980 642 887 796 484 776 657 343 266 637 853 309 476 904 605 99 471 430
1004 20 10989 332 534 670 312 875 423 705 518 463 434 825 631 615 256 710 281 785 490 789 124 631 295 807 559 944 777 822 468 845 990 354 67 711 813 408 943 917 166 529 981
2004 20 10989 354 67 785 490 615 256 529 981 825 631 917 166 631 295 332 534 463 434 670 312 807 559 875 423 845 990 710 281 789 124 822 468 711 813 705 518 408 943 944 777
3004 20 10989 917 166 711 813 463 434 710 281 845 990 705 518 825 631 944 777 631 295 670 312 807 559 408 943 615 256 785 490 822 468 529 981 875 423 354 67 789 124 332 534
4004 20 10989 615 256 710 281 944 777 408 943 463 434 332 534 807 559 917 166 354 67 670 312 711 813 789 124 785 490 875 423 825 631 705 518 845 990 822 468 631 295 529 981
5004 20 10989 845 990 615 256 670 312 711 813 789 124 822 468 332 534 354 67 529 981 710 281 825 631 631 295 944 777 785 490 705 518 875 423 807 559 408 943 463 434 917 166
1005 20 10886 604 234 379 209 870 498 632 963 976 392 852 289 98 945 994 317 910 258 170 283 817 58 879 940 243 330 1000 6 801 719 990 573 788 898 384 119 622 500 599 276
2005 20 10886 990 573 170 283 801 719 788 898 817 58 604 234 994 317 976 392 379 209 1000 6 599 276 910 258 632 963 879 940 852 289 622 500 384 119 243 330 98 945 870 498
3005 20 10886 976 392 98 945 379 209 870 498 879 940 910 258 632 963 990 573 622 500 1000 6 788 898 817 58 852 289 801 719 384 119 170 283 599 276 243 330 604 234 994 317
4005 20 10886 994 317 990 573 98 945 879 940 870 498 976 392 801 719 170 283 817 58 910 258 622 500 852 289 384 119 243 330 1000 6 788 898 599 276 632 963 379 209 604 234
5005 20 10886 990 573 98 945 994 317 170 283 604 234 910 258 852 289 1000 6 817 58 384 119 801 719 632 963 379 209 870 498 243 330 599 276 788 898 879 940 976 392 622 500
1006 20 11257 594 210 472 221 773 151 855 207 957 228 928 489 921 633 448 884 961 153 730 141 767 164 557 67 429 768 316 982 973 882 963 120 875 386 660 332 473 955 420 440
2006 20 11257 473 955 557 67 767 164 957 228 921 633 429 768 963 120 660 332 594 210 855 207 316 982 472 221 420 440 448 884 973 882 961 153 730 141 773 151 928 489 875 386
3006 20 11257 773 151 473 955 316 982 855 207 594 210 557 67 420 440 448 884 767 164 963 120 429 768 921 633 660 332 957 228 472 221 875 386 961 153 928 489 730 141 973 882
4006 20 11257 855 207 660 332 429 768 557 67 730 141 472 221 594 210 957 228 921 633 973 882 448 884 963 120 961 153 928 489 473 955 420 440 773 151 767 164 316 982 875 386
5006 20 11257 963 120 730 141 875 386 594 210 957 228 921 633 928 489 973 882 557 67 429 768 473 955 961 153 420 440 448 884 773 151 855 207 316 982 472 221 767 164 660 332
1007 20 10893 798 751 940 840 141 430 867 860 724 150 409 955 318 711 979 754 787 198 932 915 869 909 595 200 297 779 799 898 695 898 297 790 657 782 789 407 798 865 926 394
2007 20 10893 297 790 787 198 932 915 724 150 869 909 798 751 297 779 798 865 657 782 799 898 595 200 789 407 979 754 940 840 926 394 409 955 695 898 867 860 141 430 318 711
3007 20 10893 409 955 787 198 297 790 695 898 595 200 867 860 318 711 798 865 141 430 979 754 799 898 798 751 869 909 932 915 297 779 926 394 940 840 657 782 789 407 724 150
4007 20 10893 695 898 798 865 940 840 141 430 926 394 657 782 318 711 789 407 409 955 932 915 869 909 979 754 297 779 799 898 787 198 595 200 724 150 297 790 798 751 867 860
5007 20 10893 141 430 799 898 869 909 724 150 798 751 789 407 979 754 940 840 297 779 657 782 787 198 798 865 409 955 926 394 695 898 297 790 867 860 595 200 932 915 318 711
1008 20 11224 967 613 134 869 458 515 925 118 863 861 871 462 451 619 955 621 567 908 749 284 694 261 568 977 576 133 894 202 931 75 768 33 820 737 522 273 724 525 593 129
2008 20 11224 694 261 593 129 567 908 894 202 863 861 568 977 724 525 871 462 451 619 768 33 967 613 576 133 820 737 134 869 955 621 925 118 749 284 931 75 458 515 522 273
3008 20 11224 931 75 820 737 568 977 724 525 576 133 567 908 749 284 134 869 925 118 955 621 894 202 451 619 593 129 694 261 871 462 768 33 863 861 522 273 967 613 458 515
4008 20 11224 568 977 768 33 749 284 724 525 820 737 931 75 694 261 955 621 522 273 576 133 894 202 458 515 863 861 593 129 451 619 871 462 567 908 967 613 925 118 134 869
5008 20 11224 894 202 955 621 458 515 925 118 576 133 694 261 451 619 820 737 768 33 967 613 593 129 568 977 749 284 567 908 931 75 871 462 134 869 724 525 863 861 522 273
1009 20 10643 674 166 595 81 916 882 612 123 599 652 372 967 913 230 973 419 502 19 812 236 429 771 904 527 464 540 376 506 868 948 996 237 879 67 687 676 248 838 485 57
2009 20 10643 674 166 904 527 248 838 812 236 973 419 372 967 879 67 868 948 485 57 687 676 612 123 376 506 599 652 913 230 464 540 916 882 429 771 502 19 996 237 595 81
3009 20 10643 376 506 248 838 485 57 812 236 674 166 372 967 996 237 973 419 599 652 464 540 687 676 429 771 916 882 612 123 879 67 502 19 904 527 868 948 913 230 595 81
4009 20 10643 612 123 868 948 248 838 674 166 973 419 996 237 485 57 595 81 429 771 376 506 913 230 687 676 812 236 372 967 916 882 599 652 904 527 464 540 502 19 879 67
5009 20 10643 973 419 687 676 913 230 429 771 612 123 599 652 248 838 376 506 868 948 996 237 879 67 464 540 372 967 916 882 485 57 502 19 812 236 595 81 904 527 674 166
1010 20 11232 892 134 693 708 979 776 637 323 931 741 75 620 970 118 358 775 525 495 764 409 595 99 648 9 976 494 747 793 722 300 516 899 530 713 869 489 991 368 623 632
2010 20 11232 931 741 623 632 648 9 991 368 747 793 979 776 358 775 75 620 516 899 530 713 595 99 869 489 976 494 970 118 722 300 764 409 892 134 637 323 525 495 693 708
3010 20 11232 979 776 595 99 764 409 530 713 747 793 892 134 358 775 637 323 931 741 648 9 75 620 516 899 693 708 970 118 623 632 976 494 869 489 722 300 525 495 991 368
4010 20 11232 693 708 764 409 976 494 991 368 892 134 75 620 623 632 530 713 979 776 637 323 869 489 595 99 931 741 747 793 358 775 648 9 722 300 516 899 525 495 970 118
5010 20 11232 525 495 976 494 764 409 747 793 595 99 970 118 637 323 722 300 693 708 530 713 358 775 516 899 931 741 648 9 979 776 892 134 991 368 869 489 75 620 623 632
1011 20 10337 762 447 828 789 297 966 972 837 140 540 531 924 218 942 540 288 858 391 867 241 451 370 828 682 398 201 839 329 997 381 390 798 552 933 642 84 992 304 820 909
2011 20 10337 642 84 992 304 828 682 531 924 297 966 867 241 552 933 858 391 762 447 820 909 390 798 451 370 839 329 140 540 540 288 398 201 218 942 972 837 828 789 997 381
3011 20 10337 398 201 531 924 972 837 858 391 390 798 839 329 297 966 997 381 828 682 762 447 218 942 642 84 451 370 992 304 867 241 540 288 140 540 828 789 820 909 552 933
4011 20 10337 390 798 552 933 972 837 762 447 828 789 642 84 218 942 992 304 867 241 828 682 531 924 540 288 140 540 839 329 858 391 997 381 820 909 297 966 398 201 451 370
5011 20 10337 828 789 451 370 390 798 867 241 540 288 297 966 552 933 762 447 398 201 828 682 858 391 820 909 531 924 839 329 992 304 642 84 218 942 140 540 972 837 997 381
1012 20 10952 459 398 850 454 654 916 756 393 871 256 384 839 457 535 439 81 834 848 951 53 790 325 580 179 638 900 293 496 983 457 914 738 484 946 784 924 674 420 895 840
2012 20 10952 459 398 674 420 914 738 784 924 457 535 834 848 384 839 895 840 293 496 951 53 654 916 790 325 756 393 850 454 983 457 484 946 638 900 871 256 580 179 439 81
3012 20 10952 983 457 951 53 293 496 674 420 895 840 871 256 384 839 638 900 439 81 850 454 459 398 914 738 790 325 834 848 457 535 484 946 756 393 654 916 784 924 580 179
4012 20 10952 293 496 784 924 895 840 457 535 654 916 871 256 983 457 914 738 951 53 756 393 790 325 674 420 638 900 459 398 850 454 484 946 439 81 580 179 384 839 834 848
5012 20 10952 983 457 293 496 459 398 895 840 871 256 384 839 914 738 674 420 638 900 457 535 850 454 790 325 951 53 580 179 834 848 484 946 654 916 784 924 439 81 756 393
1013 20 10188 736 864 767 382 803 556 754 31 989 931 578 222 188 700 487 508 927 583 856 113 548 522 584 359 481 75 346 580 703 345 604 298 643 736 615 992 593 555 533 913
2013 20 10188 487 508 927 583 615 992 803 556 703 345 584 359 736 864 346 580 593 555 533 913 856 113 481 75 989 931 578 222 754 31 604 298 767 382 643 736 188 700 548 522
3013 20 10188 703 345 754 31 346 580 643 736 584 359 548 522 578 222 593 555 188 700 767 382 927 583 856 113 736 864 481 75 533 913 803 556 989 931 604 298 615 992 487 508
4013 20 10188 767 382 615 992 584 359 856 113 703 345 989 931 481 75 643 736 533 913 803 556 346 580 578 222 548 522 604 298 927 583 754 31 188 700 487 508 593 555 736 864
5013 20 10188 643 736 593 555 856 113 487 508 578 222 754 31 803 556 604 298 767 382 927 583 989 931 481 75 615 992 533 913 736 864 346 580 548 522 188 700 584 359 703 345
1014 20 10042 181 254 998 315 838 784 759 705 808 623 538 244 248 199 645 187 968 993 224 401 188 681 976 96 513 979 879 558 221 153 586 25 919 783 912 180 397 90 755 46
2014 20 10042 397 90 513 979 808 623 755 46 188 681 912 180 645 187 838 784 181 254 976 96 224 401 998 315 538 244 879 558 968 993 221 153 759 705 586 25 919 783 248 199
3014 20 10042 181 254 879 558 998 315 538 244 759 705 968 993 645 187 838 784 976 96 221 153 224 401 397 90 919 783 755 46 586 25 513 979 912 180 188 681 248 199 808 623
4014 20 10042 397 90 808 623 513 979 538 244 224 401 248 199 912 180 586 25 188 681 181 254 759 705 838 784 919 783 976 96 221 153 968 993 879 558 755 46 645 187 998 315
5014 20 10042 919 783 645 187 838 784 912 180 586 25 221 153 808 623 248 199 976 96 181 254 879 558 759 705 188 681 998 315 224 401 968 993 397 90 538 244 755 46 513 979
1015 20 10131 426 257 532 638 378 455 713 326 730 53 643 585 989 724 850 474 758 949 675 187 709 209 670 947 515 196 686 720 978 164 918 146 463 796 516 352 209 278 306 800
2015 20 10131 978 164 463 796 918 146 686 720 989 724 850 474 675 187 670 947 713 326 306 800 758 949 730 53 643 585 532 638 378 455 515 196 209 278 709 209 516 352 426 257
3015 20 10131 918 146 686 720 850 474 463 796 378 455 516 352 532 638 670 947 643 585 209 278 426 257 989 724 306 800 709 209 713 326 978 164 758 949 515 196 675 187 730 53
4015 20 10131 426 257 850 474 516 352 978 164 709 209 730 53 758 949 989 724 643 585 515 196 675 187 378 455 463 796 670 947 209 278 713 326 686 720 306 800 918 146 532 638
5015 20 10131 989 724 463 796 643 585 209 278 515 196 306 800 378 455 516 352 758 949 532 638 713 326 730 53 675 187 978 164 918 146 670 947 686 720 426 257 850 474 709 209
1016 20 11979 913 545 812 69 704 133 494 749 964 490 606 303 938 630 654 490 737 604 369 107 960 632 996 163 422 846 943 219 961 41 749 232 958 155 416 9 931 567 447 197
2016 20 11979 996 163 938 630 812 69 958 155 606 303 494 749 749 232 961 41 913 545 964 490 416 9 447 197 737 604 654 490 422 846 943 219 369 107 931 567 960 632 704 133
3016 20 11979 606 303 996 163 961 41 943 219 704 133 494 749 447 197 958 155 422 846 938 630 654 490 913 545 812 69 749 232 369 107 737 604 416 9 960 632 964 490 931 567
4016 20 11979 964 490 416 9 494 749 369 107 422 846 447 197 749 232 737 604 958 155 960 632 961 41 654 490 812 69 943 219 938 630 606 303 996 163 704 133 931 567 913 545
5016 20 11979 416 9 961 41 749 232 960 632 737 604 931 567 606 303 996 163 943 219 964 490 704 133 812 69 913 545 422 846 654 490 938 630 494 749 447 197 958 155 369 107
1017 20 9474 553 213 412 884 292 118 392 918 879 692 886 152 638 497 366 59 511 500 348 933 737 197 662 487 917 553 868 41 484 51 706 368 523 301 493 157 367 940 809 407
2017 20 9474 809 407 484 51 737 197 523 301 348 933 638 497 553 213 366 59 706 368 493 157 511 500 868 41 392 918 367 940 917 553 292 118 886 152 662 487 412 884 879 692
3017 20 9474 706 368 886 152 366 59 367 940 879 692 511 500 553 213 809 407 868 41 348 933 662 487 484 51 917 553 638 497 493 157 523 301 412 884 392 918 737 197 292 118
4017 20 9474 706 368 366 59 348 933 412 884 917 553 662 487 511 500 553 213 484 51 809 407 392 918 879 692 493 157 292 118 868 41 523 301 886 152 367 940 737 197 638 497
5017 20 9474 879 692 367 940 511 500 366 59 737 197 706 368 523 301 662 487 392 918 638 497 292 118 868 41 809 407 886 152 412 884 553 213 493 157 484 51 917 553 348 933
1018 20 11344 415 557 726 473 545 427 865 50 742 350 685 101 683 201 824 382 375 560 898 760 721 255 775 369 662 201 813 636 744 449 771 32 398 15 907 941 650 251 982 806
2018 20 11344 662 201 744 449 545 427 415 557 398 15 824 382 775 369 726 473 813 636 683 201 898 760 865 50 721 255 685 101 771 32 650 251 742 350 375 560 982 806 907 941
3018 20 11344 721 255 982 806 907 941 744 449 683 201 726 473 771 32 650 251 898 760 375 560 775 369 545 427 685 101 415 557 742 350 398 15 662 201 824 382 813 636 865 50
4018 20 11344 742 350 650 251 415 557 907 941 398 15 982 806 898 760 662 201 824 382 865 50 721 255 813 636 685 101 545 427 744 449 775 369 771 32 683 201 726 473 375 560
5018 20 11344 982 806 824 382 415 557 685 101 721 255 865 50 898 760 398 15 775 369 726 473 375 560 742 350 545 427 683 201 813 636 771 32 650 251 662 201 907 941 744 449
1019 20 10456 875 159 367 44 49 427 849 403 410 470 978 765 863 430 538 924 367 272 589 374 800 142 884 190 601 5 939 24 998 769 797 245 851 928 151 717 824 651 340 321
2019 20 10456 797 245 367 44 367 272 151 717 800 142 978 765 601 5 851 928 863 430 875 159 824 651 884 190 589 374 410 470 998 769 849 403 538 924 49 427 939 24 340 321
3019 20 10456 875 159 589 374 939 24 849 403 884 190 800 142 538 924 797 245 367 44 998 769 340 321 851 928 601 5 978 765 863 430 410 470 824 651 151 717 49 427 367 272
4019 20 10456 49 427 538 924 151 717 589 374 410 470 824 651 884 190 797 245 875 159 978 765 939 24 800 142 367 44 998 769 340 321 863 430 601 5 851 928 849 403 367 272
5019 20 10456 410 470 875 159 824 651 851 928 939 24 49 427 367 44 367 272 538 924 589 374 800 142 151 717 978 765 601 5 863 430 797 245 884 190 340 321 849 403 998 769
1020 20 11415 558 843 259 398 825 326 906 370 577 51 663 65 971 824 666 159 713 778 615 578 898 22 826 268 904 511 436 637 964 6 741 45 338 99 904 747 865 62 640 495
2020 20 11415 971 824 615 578 904 511 436 637 577 51 904 747 663 65 640 495 741 45 338 99 898 22 826 268 713 778 666 159 865 62 825 326 906 370 964 6 558 843 259 398
3020 20 11415 640 495 971 824 663 65 436 637 865 62 904 747 898 22 615 578 825 326 558 843 906 370 904 511 577 51 826 268 666 159 713 778 964 6 338 99 259 398 741 45
4020 20 11415 640 495 558 843 971 824 904 511 964 6 826 268 663 65 666 159 713 778 904 747 577 51 898 22 615 578 825 326 741 45 436 637 865 62 259 398 906 370 338 99
5020 20 11415 577 51 615 578 825 326 640 495 898 22 906 370 713 778 964 6 904 747 259 398 663 65 971 824 826 268 558 843 741 45 865 62 904 511 666 159 436 637 338 99
1021 20 8749 84 456 184 216 809 212 463 534 648 674 880 59 433 685 179 516 597 186 799 890 869 894 844 766 373 961 55 146 199 866 550 544 989 760 538 959 529 182 915 302
2021 20 8749 799 890 809 212 915 302 538 959 648 674 84 456 55 146 529 182 199 866 597 186 869 894 184 216 463 534 550 544 880 59 433 685 844 766 179 516 373 961 989 760
3021 20 8749 463 534 538 959 373 961 799 890 199 866 84 456 880 59 597 186 55 146 844 766 989 760 809 212 915 302 529 182 433 685 869 894 550 544 648 674 184 216 179 516
4021 20 8749 880 59 529 182 538 959 84 456 463 534 179 516 869 894 550 544 915 302 989 760 799 890 373 961 648 674 433 685 809 212 597 186 844 766 184 216 199 866 55 146
5021 20 8749 529 182 55 146 915 302 648 674 463 534 84 456 199 866 433 685 869 894 597 186 989 760 179 516 809 212 538 959 373 961 799 890 184 216 844 766 880 59 550 544
1022 20 11551 607 840 733 342 810 233 707 626 844 441 806 225 842 566 862 123 981 329 563 833 930 106 751 121 642 78 279 462 668 430 768 564 587 762 586 259 662 824 811 95
2022 20 11551 563 833 806 225 751 121 930 106 844 441 768 564 642 78 586 259 668 430 587 762 733 342 810 233 607 840 981 329 862 123 279 462 662 824 842 566 811 95 707 626
3022 20 11551 806 225 563 833 844 441 586 259 842 566 810 233 662 824 811 95 733 342 587 762 768 564 930 106 607 840 279 462 862 123 668 430 707 626 981 329 642 78 751 121
4022 20 11551 707 626 751 121 930 106 842 566 563 833 862 123 668 430 662 824 768 564 587 762 642 78 733 342 810 233 607 840 586 259 806 225 844 441 811 95 981 329 279 462
5022 20 11551 806 225 844 441 662 824 563 833 768 564 642 78 751 121 279 462 668 430 930 106 811 95 587 762 810 233 586 259 862 123 707 626 733 342 607 840 842 566 981 329
1023 20 10368 815 202 719 350 934 840 479 150 873 560 878 274 127 676 756 944 528 177 743 681 426 813 466 504 952 864 407 729 585 315 387 746 676 141 558 620 857 518 795 1
2023 20 10368 127 676 558 620 815 202 426 813 466 504 719 350 585 315 479 150 528 177 878 274 743 681 407 729 795 1 934 840 873 560 387 746 857 518 676 141 952 864 756 944
3023 20 10368 873 560 528 177 558 620 479 150 585 315 407 729 387 746 466 504 676 141 952 864 795 1 127 676 815 202 743 681 857 518 934 840 878 274 426 813 719 350 756 944
4023 20 10368 719 350 756 944 426 813 676 141 558 620 585 315 743 681 878 274 479 150 934 840 873 560 857 518 815 202 466 504 795 1 952 864 407 729 127 676 528 177 387 746
5023 20 10368 878 274 857 518 952 864 815 202 585 315 466 504 528 177 743 681 795 1 387 746 127 676 719 350 756 944 558 620 426 813 479 150 676 141 873 560 934 840 407 729
1024 20 8484 93 65 296 513 618 105 201 985 689 49 501 483 884 973 333 996 670 505 338 423 569 364 315 652 985 387 176 442 360 361 795 150 859 694 877 512 718 337 329 622
2024 20 8484 501 483 795 150 360 361 618 105 315 652 333 996 176 442 689 49 877 512 884 973 985 387 670 505 296 513 93 65 718 337 569 364 859 694 329 622 338 423 201 985
3024 20 8484 985 387 569 364 501 483 201 985 670 505 884 973 877 512 176 442 795 150 859 694 333 996 718 337 296 513 618 105 315 652 689 49 338 423 360 361 329 622 93 65
4024 20 8484 315 652 718 337 93 65 569 364 877 512 176 442 618 105 670 505 689 49 884 973 795 150 501 483 360 361 201 985 333 996 296 513 338 423 329 622 985 387 859 694
5024 20 8484 670 505 884 973 315 652 201 985 329 622 569 364 296 513 618 105 718 337 689 49 877 512 176 442 501 483 985 387 93 65 338 423 859 694 795 150 333 996 360 361
1025 20 10754 714 217 670 888 764 376 828 741 137 221 853 855 811 844 974 176 793 569 456 343 903 996 896 101 122 318 364 543 709 586 378 919 996 715 493 918 647 906 935 499
2025 20 10754 811 844 137 221 364 543 456 343 493 918 828 741 903 996 378 919 122 318 670 888 896 101 793 569 974 176 935 499 709 586 853 855 714 217 647 906 996 715 764 376
3025 20 10754 935 499 811 844 896 101 793 569 456 343 764 376 122 318 493 918 709 586 974 176 903 996 364 543 853 855 670 888 378 919 714 217 996 715 828 741 137 221 647 906
4025 20 10754 456 343 647 906 709 586 828 741 853 855 996 715 935 499 364 543 811 844 974 176 378 919 137 221 122 318 493 918 670 888 903 996 793 569 896 101 764 376 714 217
5025 20 10754 137 221 670 888 122 318 935 499 811 844 378 919 828 741 974 176 896 101 709 586 903 996 764 376 853 855 456 343 793 569 996 715 714 217 493 918 364 543 647 906
1026 20 9644 638 321 374 571 975 690 964 214 858 215 425 535 735 653 478 903 469 246 205 487 431 821 358 346 982 780 478 823 277 89 404 717 769 711 858 396 741 818 637 650
2026 20 9644 637 650 982 780 277 89 431 821 478 823 205 487 975 690 404 717 858 215 741 818 374 571 858 396 769 711 425 535 735 653 964 214 358 346 638 321 478 903 469 246
3026 20 9644 741 818 277 89 478 823 374 571 478 903 982 780 469 246 975 690 858 396 735 653 431 821 425 535 637 650 769 711 358 346 858 215 638 321 964 214 404 717 205 487
4026 20 9644 858 215 964 214 975 690 358 346 425 535 431 821 404 717 469 246 741 818 478 903 277 89 478 823 858 396 769 711 735 653 638 321 205 487 982 780 374 571 637 650
5026 20 9644 478 903 358 346 858 215 637 650 277 89 741 818 205 487 404 717 982 780 735 653 975 690 769 711 478 823 638 321 431 821 964 214 469 246 374 571 425 535 858 396
1027 20 10095 980 861 561 935 851 994 275 891 647 116 736 145 559 266 163 522 392 694 807 445 902 682 946 231 125 359 631 772 818 177 997 239 650 552 762 257 708 17 109 958
2027 20 10095 980 861 559 266 631 772 997 239 392 694 736 145 163 522 902 682 762 257 109 958 647 116 708 17 851 994 650 552 818 177 275 891 807 445 125 359 561 935 946 231
3027 20 10095 275 891 762 257 818 177 708 17 647 116 125 359 561 935 392 694 851 994 736 145 807 445 902 682 631 772 559 266 109 958 946 231 997 239 163 522 980 861 650 552
4027 20 10095 392 694 125 359 708 17 997 239 647 116 980 861 807 445 762 257 851 994 561 935 902 682 631 772 109 958 946 231 650 552 818 177 736 145 559 266 275 891 163 522
5027 20 10095 851 994 163 522 275 891 762 257 109 958 818 177 980 861 807 445 392 694 561 935 736 145 631 772 647 116 125 359 650 552 997 239 708 17 559 266 946 231 902 682
1028 20 9503 661 275 729 817 802 973 312 502 796 459 577 337 123 409 918 164 780 471 592 677 902 359 220 475 883 378 943 641 433 783 591 101 597 543 463 955 435 155 122 154
2028 20 9503 780 471 729 817 883 378 802 973 220 475 661 275 796 459 943 641 591 101 577 337 123 409 597 543 902 359 122 154 592 677 433 783 918 164 435 155 312 502 463 955
3028 20 9503 433 783 729 817 796 459 597 543 780 471 123 409 802 973 918 164 883 378 312 502 943 641 435 155 591 101 220 475 902 359 122 154 577 337 463 955 661 275 592 677
4028 20 9503 796 459 312 502 902 359 435 155 661 275 780 471 943 641 122 154 591 101 433 783 220 475 592 677 883 378 577 337 463 955 918 164 123 409 802 973 597 543 729 817
5028 20 9503 918 164 780 471 220 475 902 359 597 543 577 337 661 275 463 955 123 409 433 783 796 459 883 378 312 502 591 101 802 973 122 154 435 155 592 677 943 641 729 817
1029 20 10715 998 766 629 747 757 943 261 960 480 330 351 836 783 233 483 624 772 65 874 441 675 176 721 709 615 469 990 142 476 907 815 620 971 295 484 271 994 900 265 636
2029 20 10715 874 441 971 295 484 271 476 907 757 943 772 65 480 330 990 142 783 233 675 176 998 766 261 960 815 620 483 624 994 900 721 709 615 469 351 836 629 747 265 636
3029 20 10715 815 620 971 295 994 900 772 65 629 747 757 943 783 233 261 960 615 469 675 176 476 907 265 636 998 766 351 836 874 441 990 142 480 330 484 271 483 624 721 709
4029 20 10715 757 943 484 271 994 900 675 176 815 620 783 233 874 441 476 907 480 330 265 636 721 709 483 624 990 142 261 960 351 836 772 65 615 469 998 766 629 747 971 295
5029 20 10715 772 65 261 960 721 709 629 747 351 836 783 233 615 469 998 766 874 441 265 636 971 295 480 330 675 176 483 624 990 142 815 620 757 943 476 907 484 271 994 900
1030 20 8792 289 508 114 661 891 666 834 886 280 281 453 770 352 411 83 899 961 703 953 424 300 719 316 55 742 971 906 637 66 103 815 267 231 695 934 106 670 146 801 743
2030 20 8792 934 106 300 719 961 703 891 666 114 661 815 267 231 695 953 424 352 411 83 899 801 743 289 508 670 146 742 971 316 55 834 886 453 770 280 281 906 637 66 103
3030 20 8792 961 703 66 103 83 899 953 424 801 743 742 971 114 661 906 637 289 508 352 411 300 719 834 886 815 267 316 55 453 770 670 146 231 695 891 666 280 281 934 106
4030 20 8792 815 267 289 508 934 106 742 971 352 411 114 661 891 666 953 424 801 743 670 146 834 886 280 281 453 770 300 719 961 703 316 55 66 103 83 899 231 695 906 637
5030 20 8792 83 899 742 971 953 424 815 267 114 661 280 281 670 146 891 666 316 55 906 637 934 106 834 886 453 770 300 719 961 703 352 411 801 743 289 508 66 103 231 695
1031 20 10988 965 642 788 134 403 775 965 501 941 671 394 763 451 550 502 6 941 903 234 786 149 40 754 857 962 186 873 774 284 116 596 18 813 540 810 209 976 979 935 134
2031 20 10988 965 642 394 763 976 979 873 774 284 116 502 6 965 501 149 40 941 671 941 903 813 540 754 857 810 209 234 786 788 134 451 550 935 134 962 186 596 18 403 775
3031 20 10988 149 40 965 642 941 903 976 979 962 186 941 671 451 550 502 6 965 501 873 774 234 786 403 775 788 134 813 540 394 763 935 134 596 18 754 857 284 116 810 209
4031 20 10988 451 550 788 134 965 501 754 857 873 774 813 540 403 775 810 209 976 979 962 186 941 903 935 134 502 6 965 642 284 116 394 763 234 786 149 40 596 18 941 671
5031 20 10988 941 903 403 775 873 774 754 857 976 979 965 501 962 186 234 786 813 540 941 671 810 209 596 18 788 134 935 134 451 550 284 116 149 40 502 6 394 763 965 642
1032 20 10966 786 735 954 23 884 779 969 279 996 628 567 837 394 67 550 710 487 39 506 717 418 629 698 617 287 947 759 889 808 578 447 569 904 124 799 537 930 809 565 15
2032 20 10966 506 717 954 23 447 569 565 15 799 537 808 578 904 124 969 279 930 809 567 837 786 735 884 779 394 67 996 628 287 947 698 617 487 39 550 710 759 889 418 629
3032 20 10966 447 569 418 629 759 889 996 628 287 947 904 124 698 617 394 67 786 735 550 710 969 279 506 717 954 23 487 39 808 578 565 15 567 837 799 537 884 779 930 809
4032 20 10966 759 889 447 569 418 629 394 67 996 628 698 617 487 39 567 837 550 710 565 15 930 809 884 779 799 537 287 947 786 735 808 578 954 23 506 717 904 124 969 279
5032 20 10966 969 279 808 578 786 735 506 717 567 837 550 710 394 67 487 39 996 628 884 779 799 537 418 629 904 124 287 947 698 617 954 23 565 15 930 809 759 889 447 569
1033 20 9608 387 310 866 723 226 147 663 101 780 459 461 790 324 160 700 116 383 442 559 311 648 519 563 615 881 98 299 164 284 401 696 760 726 399 653 231 951 83 960 80
2033 20 9608 700 116 383 442 780 459 726 399 663 101 387 310 461 790 653 231 563 615 696 760 324 160 559 311 226 147 881 98 284 401 866 723 299 164 951 83 648 519 960 80
3033 20 9608 648 519 653 231 284 401 696 760 461 790 387 310 324 160 780 459 700 116 866 723 559 311 951 83 881 98 663 101 726 399 383 442 960 80 563 615 299 164 226 147
4033 20 9608 226 147 663 101 653 231 960 80 284 401 461 790 696 760 387 310 299 164 559 311 780 459 563 615 951 83 648 519 324 160 866 723 700 116 726 399 383 442 881 98
5033 20 9608 299 164 653 231 648 519 780 459 559 311 663 101 383 442 866 723 726 399 461 790 226 147 700 116 696 760 563 615 951 83 387 310 881 98 960 80 284 401 324 160
1034 20 10722 663 738 796 730 505 615 912 460 640 395 730 342 839 905 663 473 728 368 991 285 311 469 490 644 974 41 801 743 383 956 245 958 792 1000 694 3 636 142 610 979
2034 20 10722 728 368 694 3 792 1000 640 395 245 958 311 469 505 615 610 979 801 743 974 41 912 460 383 956 796 730 839 905 730 342 663 738 490 644 991 285 663 473 636 142
3034 20 10722 610 979 663 473 383 956 490 644 640 395 636 142 505 615 730 342 663 738 912 460 792 1000 991 285 839 905 694 3 245 958 796 730 728 368 974 41 801 743 311 469
4034 20 10722 730 342 640 395 912 460 663 473 245 958 505 615 801 743 728 368 663 738 694 3 490 644 636 142 610 979 839 905 796 730 311 469 974 41 383 956 991 285 792 1000
5034 20 10722 694 3 636 142 490 644 839 905 974 41 728 368 610 979 801 743 912 460 505 615 796 730 245 958 383 956 311 469 663 473 991 285 730 342 640 395 663 738 792 1000
1035 20 9782 822 156 485 593 274 658 578 1000 698 678 810 319 690 550 865 578 270 33 777 494 571 164 367 238 503 650 964 308 669 956 550 205 217 517 349 125 985 411 784 939
2035 20 9782 367 238 274 658 985 411 777 494 669 956 964 308 349 125 503 650 578 1000 690 550 865 578 810 319 550 205 822 156 698 678 784 939 217 517 270 33 571 164 485 593
3035 20 9782 777 494 865 578 698 678 571 164 270 33 217 517 964 308 810 319 503 650 274 658 578 1000 485 593 550 205 349 125 367 238 690 550 985 411 669 956 822 156 784 939
4035 20 9782 274 658 503 650 349 125 964 308 865 578 367 238 690 550 698 678 571 164 985 411 669 956 578 1000 810 319 270 33 777 494 822 156 485 593 550 205 217 517 784 939
5035 20 9782 698 678 784 939 690 550 274 658 503 650 985 411 810 319 578 1000 550 205 485 593 669 956 777 494 217 517 367 238 349 125 964 308 270 33 571 164 865 578 822 156
1036 20 12979 680 465 858 193 808 966 802 203 336 779 912 146 902 974 967 957 765 384 838 10 919 635 840 329 798 713 694 915 996 975 760 622 765 80 954 319 873 815 757 445
2036 20 12979 765 80 840 329 873 815 757 445 760 622 838 10 680 465 954 319 967 957 802 203 694 915 798 713 336 779 765 384 996 975 808 966 858 193 919 635 902 974 912 146
3036 20 12979 808 966 765 80 840 329 760 622 680 465 858 193 954 319 912 146 967 957 694 915 336 779 798 713 996 975 873 815 902 974 838 10 765 384 802 203 757 445 919 635
4036 20 12979 996 975 919 635 838 10 760 622 798 713 912 146 694 915 765 80 802 203 873 815 808 966 840 329 902 974 954 319 680 465 765 384 336 779 967 957 757 445 858 193
5036 20 12979 680 465 919 635 694 915 760 622 912 146 336 779 996 975 858 193 838 10 902 974 765 80 840 329 765 384 808 966 873 815 967 957 802 203 757 445 798 713 954 319
1037 20 10859 873 106 155 766 505 510 256 168 421 534 48 831 817 177 861 498 944 291 893 85 738 838 899 199 597 658 982 75 804 509 763 578 676 857 937 702 638 537 767 677
2037 20 10859 676 857 763 578 861 498 817 177 505 510 597 658 982 75 893 85 738 838 804 509 944 291 873 106 937 702 421 534 48 831 899 199 155 766 256 168 767 677 638 537
3037 20 10859 505 510 676 857 899 199 738 838 155 766 944 291 638 537 982 75 421 534 893 85 763 578 873 106 804 509 767 677 861 498 597 658 937 702 48 831 256 168 817 177
4037 20 10859 861 498 155 766 899 199 505 510 817 177 893 85 763 578 48 831 638 537 944 291 982 75 738 838 804 509 873 106 421 534 256 168 676 857 597 658 937 702 767 677
5037 20 10859 763 578 982 75 638 537 256 168 676 857 48 831 421 534 738 838 505 510 804 509 893 85 937 702 899 199 767 677 873 106 155 766 861 498 597 658 817 177 944 291
1038 20 10018 859 802 603 148 667 948 852 256 937 365 913 112 805 137 752 354 414 375 826 901 201 316 847 379 711 59 240 160 829 506 435 485 53 960 211 605 462 899 906 948
2038 20 10018 667 948 852 256 829 506 937 365 847 379 211 605 826 901 906 948 913 112 805 137 414 375 462 899 53 960 603 148 201 316 752 354 435 485 711 59 859 802 240 160
3038 20 10018 53 960 829 506 414 375 201 316 906 948 711 59 847 379 805 137 859 802 667 948 852 256 240 160 462 899 603 148 826 901 211 605 913 112 435 485 752 354 937 365
4038 20 10018 603 148 53 960 829 506 462 899 201 316 847 379 414 375 752 354 913 112 826 901 805 137 667 948 906 948 859 802 937 365 435 485 240 160 711 59 211 605 852 256
5038 20 10018 847 379 913 112 667 948 240 160 906 948 752 354 462 899 937 365 603 148 711 59 211 605 435 485 826 901 53 960 859 802 805 137 852 256 201 316 414 375 829 506
1039 20 12543 895 534 962 235 810 973 970 442 632 189 410 151 425 570 65 662 978 116 714 731 939 324 930 4 842 566 871 872 928 699 750 431 942 545 733 472 974 274 909 273
2039 20 12543 928 699 970 442 733 472 962 235 750 431 974 274 895 534 714 731 930 4 942 545 842 566 632 189 978 116 871 872 810 973 65 662 939 324 909 273 425 570 410 151
3039 20 12543 750 431 974 274 942 545 733 472 962 235 930 4 978 116 810 973 65 662 909 273 939 324 714 731 871 872 632 189 970 442 410 151 425 570 928 699 842 566 895 534
4039 20 12543 974 274 939 324 842 566 810 973 930 4 928 699 909 273 632 189 65 662 978 116 895 534 733 472 714 731 970 442 962 235 425 570 750 431 871 872 942 545 410 151
5039 20 12543 810 973 962 235 928 699 942 545 632 189 930 4 939 324 974 274 733 472 970 442 410 151 842 566 895 534 871 872 425 570 909 273 714 731 978 116 750 431 65 662
1040 20 10016 587 747 689 52 233 282 665 769 838 229 953 9 998 412 608 511 966 434 447 803 264 286 900 799 488 600 184 156 511 635 784 220 846 220 914 322 421 158 225 621
2040 20 10016 665 769 784 220 421 158 914 322 488 600 998 412 511 635 184 156 587 747 233 282 900 799 846 220 966 434 838 229 264 286 608 511 225 621 689 52 953 9 447 803
3040 20 10016 587 747 488 600 784 220 225 621 689 52 846 220 421 158 914 322 608 511 264 286 184 156 511 635 447 803 838 229 900 799 998 412 233 282 953 9 665 769 966 434
4040 20 10016 689 52 665 769 264 286 447 803 184 156 900 799 488 600 587 747 233 282 225 621 953 9 966 434 511 635 846 220 784 220 914 322 838 229 608 511 421 158 998 412
5040 20 10016 689 52 421 158 225 621 233 282 846 220 998 412 900 799 608 511 953 9 914 322 838 229 511 635 587 747 665 769 184 156 784 220 488 600 966 434 264 286 447 803
1041 20 12064 919 766 731 421 796 273 973 254 997 346 845 861 895 660 889 712 298 342 876 464 127 476 588 894 172 526 954 826 817 493 772 278 929 734 817 668 805 401 881 477
2041 20 12064 817 493 731 421 772 278 796 273 895 660 817 668 845 861 127 476 889 712 881 477 997 346 588 894 929 734 876 464 919 766 805 401 298 342 954 826 172 526 973 254
3041 20 12064 876 464 817 668 889 712 997 346 588 894 954 826 805 401 172 526 772 278 973 254 127 476 298 342 796 273 817 493 731 421 845 861 919 766 895 660 929 734 881 477
4041 20 12064 997 346 895 660 929 734 817 493 973 254 796 273 845 861 127 476 772 278 298 342 588 894 876 464 881 477 172 526 805 401 817 668 889 712 954 826 919 766 731 421
5041 20 12064 919 766 845 861 889 712 876 464 817 493 805 401 298 342 895 660 817 668 929 734 997 346 772 278 973 254 954 826 172 526 881 477 731 421 796 273 127 476 588 894
1042 20 8542 486 556 766 979 947 267 620 500 234 148 448 644 345 806 181 494 529 873 680 835 379 395 456 924 811 631 374 395 291 911 612 42 694 1000 79 111 894 834 852 614
2042 20 8542 612 42 486 556 448 644 766 979 456 924 374 395 852 614 379 395 811 631 79 111 345 806 894 834 291 911 694 1000 680 835 947 267 181 494 529 873 620 500 234 148
3042 20 8542 181 494 612 42 79 111 620 500 694 1000 947 267 811 631 852 614 680 835 456 924 234 148 486 556 529 873 345 806 291 911 379 395 448 644 374 395 894 834 766 979
4042 20 8542 345 806 379 395 79 111 181 494 448 644 852 614 456 924 374 395 486 556 529 873 612 42 947 267 291 911 766 979 811 631 894 834 620 500 234 148 694 1000 680 835
5042 20 8542 374 395 811 631 181 494 529 873 852 614 234 148 766 979 680 835 947 267 79 111 456 924 448 644 486 556 612 42 694 1000 345 806 620 500 894 834 379 395 291 911
1043 20 10457 167 394 965 305 813 81 154 503 296 832 95 277 843 444 911 366 318 928 787 686 883 732 555 611 638 267 937 49 903 178 826 872 896 195 870 451 656 369 559 917
2043 20 10457 95 277 154 503 965 305 555 611 911 366 656 369 903 178 870 451 826 872 896 195 937 49 167 394 559 917 787 686 813 81 843 444 638 267 318 928 883 732 296 832
3043 20 10457 154 503 167 394 813 81 318 928 883 732 965 305 843 444 638 267 896 195 787 686 559 917 911 366 870 451 555 611 826 872 656 369 937 49 903 178 296 832 95 277
4043 20 10457 154 503 883 732 167 394 903 178 656 369 318 928 559 917 638 267 296 832 896 195 870 451 937 49 813 81 826 872 911 366 787 686 555 611 843 444 965 305 95 277
5043 20 10457 813 81 296 832 787 686 870 451 167 394 638 267 911 366 95 277 843 444 937 49 656 369 318 928 883 732 559 917 896 195 555 611 965 305 903 178 154 503 826 872
1044 20 11860 438 766 903 66 947 288 917 650 505 622 939 254 743 110 800 361 636 570 887 978 518 285 855 558 425 408 965 365 753 549 771 130 338 132 713 537 821 75 952 52
2044 20 11860 800 361 753 549 743 110 855 558 903 66 505 622 713 537 425 408 952 52 917 650 438 766 518 285 939 254 771 130 338 132 947 288 887 978 821 75 636 570 965 365
3044 20 11860 887 978 952 52 947 288 855 558 636 570 713 537 425 408 753 549 903 66 939 254 505 622 743 110 917 650 965 365 338 132 771 130 518 285 821 75 800 361 438 766
4044 20 11860 965 365 821 75 438 766 903 66 855 558 753 549 887 978 743 110 939 254 947 288 636 570 713 537 917 650 505 622 518 285 800 361 771 130 338 132 952 52 425 408
5044 20 11860 947 288 425 408 855 558 438 766 917 650 965 365 939 254 338 132 753 549 505 622 903 66 952 52 887 978 518 285 743 110 771 130 636 570 821 75 713 537 800 361
1045 20 11215 754 689 850 524 806 408 639 536 976 264 996 459 560 423 832 682 616 377 820 933 919 298 89 296 349 477 257 117 858 849 772 80 425 87 901 604 814 177 786 556
2045 20 11215 560 423 814 177 976 264 257 117 349 477 754 689 858 849 616 377 639 536 901 604 832 682 820 933 850 524 772 80 425 87 919 298 786 556 89 296 806 408 996 459
3045 20 11215 754 689 425 87 919 298 560 423 806 408 349 477 901 604 850 524 858 849 814 177 772 80 832 682 976 264 616 377 786 556 639 536 996 459 257 117 89 296 820 933
4045 20 11215 919 298 850 524 616 377 786 556 806 408 772 80 996 459 976 264 814 177 858 849 257 117 820 933 832 682 425 87 560 423 639 536 901 604 89 296 754 689 349 477
5045 20 11215 616 377 820 933 850 524 858 849 425 87 996 459 806 408 754 689 976 264 901 604 772 80 89 296 814 177 786 556 257 117 349 477 560 423 639 536 919 298 832 682
1046 20 10028 606 170 168 801 474 581 622 433 878 762 519 945 957 745 963 765 571 726 234 815 209 426 837 37 690 69 999 838 603 887 344 360 931 464 939 642 902 858 90 732
2046 20 10028 902 858 344 360 690 69 474 581 168 801 571 726 999 838 603 887 939 642 234 815 957 745 90 732 931 464 878 762 622 433 606 170 519 945 837 37 963 765 209 426
3046 20 10028 603 887 90 732 571 726 902 858 344 360 931 464 519 945 606 170 963 765 690 69 168 801 234 815 999 838 837 37 939 642 209 426 622 433 474 581 957 745 878 762
4046 20 10028 90 732 837 37 168 801 999 838 931 464 519 945 571 726 963 765 344 360 606 170 939 642 622 433 957 745 474 581 878 762 902 858 209 426 690 69 234 815 603 887
5046 20 10028 209 426 168 801 519 945 931 464 963 765 939 642 344 360 474 581 234 815 837 37 571 726 957 745 603 887 999 838 878 762 622 433 90 732 606 170 690 69 902 858
1047 20 10313 390 461 644 346 747 943 546 337 421 805 579 130 478 400 984 461 987 656 278 177 851 262 819 690 290 921 681 395 704 263 916 311 609 613 676 698 967 629 325 83
2047 20 10313 704 263 819 690 325 83 290 921 987 656 676 698 984 461 916 311 278 177 579 130 609 613 644 346 478 400 967 629 681 395 747 943 421 805 390 461 546 337 851 262
3047 20 10313 819 690 579 130 676 698 916 311 290 921 967 629 390 461 546 337 987 656 681 395 421 805 478 400 278 177 747 943 644 346 704 263 325 83 984 461 851 262 609 613
4047 20 10313 278 177 676 698 681 395 916 311 967 629 390 461 819 690 579 130 546 337 984 461 325 83 704 263 609 613 747 943 290 921 421 805 478 400 851 262 644 346 987 656
5047 20 10313 609 613 967 629 851 262 747 943 478 400 819 690 290 921 916 311 390 461 987 656 676 698 704 263 278 177 546 337 325 83 579 130 984 461 644 346 681 395 421 805
1048 20 10378 888 787 611 446 408 511 926 14 480 353 554 299 344 235 727 81 439 176 878 540 331 171 845 846 782 831 730 267 659 31 770 476 370 571 914 566 957 682 360 714
2048 20 10378 611 446 370 571 360 714 659 31 770 476 914 566 878 540 727 81 730 267 480 353 926 14 331 171 888 787 439 176 344 235 408 511 554 299 957 682 845 846 782 831
3048 20 10378 914 566 554 299 878 540 782 831 611 446 360 714 370 571 659 31 845 846 957 682 408 511 770 476 926 14 480 353 331 171 344 235 727 81 730 267 439 176 888 787
4048 20 10378 957 682 480 353 439 176 554 299 408 511 611 446 331 171 878 540 730 267 727 81 914 566 845 846 782 831 770 476 926 14 344 235 370 571 888 787 659 31 360 714
5048 20 10378 611 446 360 714 957 682 914 566 439 176 727 81 782 831 730 267 331 171 554 299 770 476 370 571 659 31 344 235 878 540 926 14 480 353 888 787 845 846 408 511
1049 20 9920 391 463 977 146 886 532 631 798 970 327 981 252 990 878 60 169 244 747 806 949 455 403 690 644 767 879 816 434 469 820 25 314 583 915 49 684 770 313 841 522
2049 20 9920 583 915 981 252 469 820 770 313 990 878 767 879 455 403 244 747 841 522 49 684 970 327 60 169 977 146 816 434 886 532 806 949 690 644 631 798 391 463 25 314
3049 20 9920 583 915 990 878 244 747 49 684 767 879 970 327 60 169 391 463 631 798 977 146 25 314 981 252 806 949 816 434 690 644 841 522 770 313 455 403 469 820 886 532
4049 20 9920 990 878 391 463 244 747 970 327 49 684 977 146 816 434 806 949 981 252 25 314 770 313 455 403 631 798 767 879 60 169 583 915 886 532 841 522 690 644 469 820
5049 20 9920 49 684 806 949 990 878 981 252 970 327 469 820 391 463 60 169 690 644 455 403 841 522 244 747 631 798 25 314 767 879 770 313 583 915 816 434 886 532 977 146
1050 20 10360 632 617 398 656 539 978 799 732 649 505 399 792 580 279 489 27 932 581 945 258 762 965 494 666 335 485 837 54 842 801 715 456 781 84 515 702 958 118 349 400
2050 20 10360 715 456 932 581 399 792 494 666 842 801 649 505 580 279 958 118 398 656 632 617 349 400 762 965 837 54 781 84 335 485 515 702 539 978 799 732 945 258 489 27
3050 20 10360 799 732 649 505 349 400 837 54 580 279 489 27 842 801 494 666 399 792 632 617 715 456 781 84 335 485 945 258 515 702 398 656 932 581 762 965 958 118 539 978
4050 20 10360 398 656 762 965 399 792 539 978 335 485 649 505 349 400 837 54 632 617 515 702 580 279 489 27 799 732 958 118 932 581 715 456 781 84 494 666 842 801 945 258
5050 20 10360 494 666 632 617 958 118 781 84 489 27 335 485 762 965 539 978 715 456 945 258 799 732 399 792 515 702 580 279 649 505 398 656 837 54 349 400 842 801 932 581
1051 20 10484 252 654 919 197 489 711 433 872 174 237 647 194 854 202 591 544 924 721 665 323 866 40 521 114 977 617 378 160 521 202 949 677 619 551 366 732 975 684 986 593
2051 20 10484 665 323 977 617 854 202 919 197 866 40 591 544 433 872 521 202 924 721 986 593 619 551 647 194 366 732 521 114 949 677 378 160 174 237 489 711 975 684 252 654
3051 20 10484 378 160 665 323 949 677 489 711 174 237 866 40 252 654 924 721 986 593 366 732 977 617 591 544 433 872 919 197 854 202 975 684 647 194 619 551 521 114 521 202
4051 20 10484 521 202 919 197 866 40 591 544 977 617 949 677 619 551 252 654 986 593 924 721 975 684 665 323 854 202 174 237 489 711 366 732 521 114 378 160 433 872 647 194
5051 20 10484 949 677 866 40 433 872 665 323 174 237 647 194 252 654 986 593 924 721 521 114 378 160 591 544 521 202 619 551 975 684 919 197 854 202 489 711 366 732 977 617
1052 20 11394 832 134 528 516 523 759 658 968 707 408 471 44 225 961 576 397 923 832 958 919 902 595 912 602 993 323 691 653 914 438 860 680 957 705 323 959 420 889 870 239
2052 20 11394 832 134 528 516 323 959 957 705 707 408 958 919 993 323 912 602 225 961 691 653 471 44 902 595 523 759 420 889 914 438 923 832 576 397 860 680 870 239 658 968
3052 20 11394 923 832 528 516 957 705 523 759 870 239 323 959 993 323 691 653 658 968 914 438 832 134 225 961 471 44 860 680 958 919 707 408 420 889 576 397 902 595 912 602
4052 20 11394 902 595 993 323 323 959 912 602 958 919 870 239 471 44 691 653 923 832 658 968 576 397 225 961 860 680 420 889 832 134 957 705 528 516 523 759 707 408 914 438
5052 20 11394 420 889 923 832 832 134 958 919 528 516 523 759 471 44 658 968 870 239 993 323 902 595 576 397 691 653 323 959 225 961 912 602 707 408 860 680 914 438 957 705
1053 20 10747 891 420 963 809 631 286 146 47 588 112 891 461 919 965 951 954 744 104 995 668 222 479 404 402 76 918 662 510 997 601 768 984 985 296 864 129 193 163 544 936
2053 20 10747 768 984 146 47 404 402 951 954 193 163 997 601 995 668 919 965 662 510 963 809 864 129 588 112 891 420 631 286 985 296 544 936 891 461 744 104 222 479 76 918
3053 20 10747 891 461 744 104 76 918 544 936 662 510 588 112 631 286 963 809 985 296 997 601 864 129 404 402 951 954 995 668 919 965 222 479 891 420 193 163 146 47 768 984
4053 20 10747 662 510 891 420 146 47 891 461 995 668 985 296 404 402 963 809 768 984 588 112 193 163 997 601 919 965 864 129 744 104 544 936 631 286 76 918 951 954 222 479
5053 20 10747 631 286 193 163 995 668 146 47 919 965 588 112 744 104 76 918 222 479 768 984 997 601 864 129 404 402 891 420 985 296 963 809 891 461 662 510 544 936 951 954
1054 20 9882 489 741 798 315 109 695 487 18 272 653 928 682 950 906 703 304 829 482 892 266 407 505 942 612 758 860 477 450 517 398 821 993 490 342 661 987 52 389 771 626
2054 20 9882 798 315 758 860 489 741 892 266 407 505 661 987 109 695 821 993 517 398 490 342 771 626 703 304 487 18 272 653 950 906 928 682 829 482 52 389 477 450 942 612
3054 20 9882 109 695 272 653 703 304 489 741 942 612 407 505 477 450 661 987 52 389 821 993 487 18 490 342 892 266 771 626 928 682 950 906 829 482 798 315 517 398 758 860
4054 20 9882 487 18 52 389 703 304 821 993 942 612 517 398 928 682 407 505 758 860 109 695 829 482 892 266 950 906 771 626 477 450 490 342 661 987 798 315 489 741 272 653
5054 20 9882 487 18 52 389 272 653 661 987 942 612 703 304 829 482 490 342 928 682 758 860 477 450 950 906 771 626 109 695 517 398 892 266 489 741 798 315 407 505 821 993
1055 20 9793 402 164 23 643 524 580 733 240 203 292 413 328 692 595 707 938 975 842 549 264 541 74 575 852 895 540 835 975 148 691 970 630 905 115 946 202 370 229 836 968
2055 20 9793 733 240 895 540 370 229 203 292 541 74 524 580 970 630 23 643 836 968 575 852 413 328 692 595 549 264 975 842 402 164 148 691 707 938 835 975 905 115 946 202
3055 20 9793 905 115 733 240 370 229 946 202 549 264 541 74 835 975 692 595 970 630 895 540 975 842 413 328 402 164 575 852 524 580 23 643 836 968 148 691 203 292 707 938
4055 20 9793 541 74 733 240 575 852 549 264 975 842 836 968 946 202 203 292 524 580 707 938 970 630 402 164 148 691 905 115 835 975 413 328 23 643 370 229 692 595 895 540
5055 20 9793 905 115 733 240 895 540 402 164 203 292 970 630 541 74 692 595 575 852 148 691 23 643 975 842 370 229 413 328 946 202 524 580 707 938 836 968 549 264 835 975
1056 20 11216 723 901 644 795 622 327 789 453 764 396 894 532 992 531 936 509 717 773 773 272 690 957 895 626 659 565 764 391 712 531 111 143 663 186 717 273 578 932 378 753
2056 20 11216 894 532 663 186 378 753 717 773 578 932 992 531 644 795 936 509 764 391 659 565 111 143 895 626 789 453 717 273 764 396 723 901 773 272 622 327 690 957 712 531
3056 20 11216 712 531 717 773 663 186 764 396 578 932 992 531 895 626 764 391 644 795 622 327 773 272 111 143 894 532 659 565 378 753 717 273 789 453 723 901 936 509 690 957
4056 20 11216 712 531 717 773 659 565 111 143 622 327 663 186 789 453 717 273 773 272 764 396 690 957 894 532 378 753 644 795 936 509 723 901 992 531 764 391 578 932 895 626
5056 20 11216 894 532 789 453 764 391 111 143 764 396 712 531 622 327 717 773 690 957 936 509 644 795 663 186 773 272 895 626 378 753 992 531 659 565 717 273 578 932 723 901
1057 20 9762 681 979 199 369 620 336 620 529 150 705 970 331 946 821 902 70 950 380 683 172 522 159 525 923 991 121 743 883 532 589 276 766 381 729 853 991 171 295 488 370
2057 20 9762 199 369 532 589 488 370 683 172 853 991 620 336 991 121 276 766 171 295 522 159 970 331 946 821 743 883 902 70 381 729 620 529 150 705 681 979 950 380 525 923
3057 20 9762 488 370 381 729 620 336 276 766 150 705 946 821 199 369 522 159 970 331 525 923 902 70 620 529 681 979 532 589 683 172 743 883 950 380 171 295 853 991 991 121
4057 20 9762 902 70 620 529 199 369 853 991 150 705 681 979 743 883 522 159 683 172 276 766 488 370 620 336 381 729 946 821 525 923 970 331 532 589 950 380 171 295 991 121
5057 20 9762 532 589 525 923 488 370 991 121 681 979 150 705 522 159 950 380 276 766 946 821 683 172 743 883 853 991 970 331 620 336 902 70 620 529 171 295 381 729 199 369
1058 20 9944 731 784 868 144 929 920 533 129 652 302 69 57 749 533 200 577 799 137 749 1 387 355 501 524 627 35 801 492 621 86 970 811 291 394 360 180 756 374 837 525
2058 20 9944 801 492 868 144 69 57 652 302 627 35 731 784 621 86 749 1 387 355 929 920 501 524 756 374 360 180 200 577 970 811 837 525 533 129 749 533 291 394 799 137
3058 20 9944 200 577 652 302 801 492 837 525 621 86 627 35 501 524 291 394 360 180 929 920 533 129 756 374 731 784 749 1 69 57 799 137 749 533 970 811 387 355 868 144
4058 20 9944 837 525 799 137 970 811 749 533 868 144 291 394 200 577 652 302 360 180 731 784 627 35 501 524 756 374 749 1 69 57 621 86 929 920 801 492 387 355 533 129
5058 20 9944 200 577 652 302 501 524 533 129 291 394 627 35 837 525 360 180 731 784 69 57 749 1 868 144 801 492 799 137 970 811 387 355 756 374 749 533 621 86 929 920
1059 20 10516 914 20 960 415 836 587 968 44 686 450 775 435 430 994 390 367 392 891 719 186 564 419 357 613 517 25 438 231 881 456 369 825 636 777 896 163 478 807 939 871
2059 20 10516 390 367 636 777 357 613 392 891 430 994 896 163 939 871 369 825 881 456 517 25 438 231 914 20 836 587 478 807 719 186 775 435 564 419 686 450 968 44 960 415
3059 20 10516 430 994 636 777 357 613 564 419 478 807 719 186 369 825 392 891 390 367 517 25 914 20 686 450 968 44 960 415 939 871 881 456 836 587 438 231 775 435 896 163
4059 20 10516 438 231 564 419 478 807 517 25 369 825 392 891 686 450 390 367 968 44 881 456 775 435 896 163 836 587 357 613 719 186 914 20 939 871 960 415 430 994 636 777
5059 20 10516 896 163 939 871 686 450 836 587 438 231 564 419 968 44 357 613 914 20 392 891 960 415 719 186 390 367 775 435 636 777 517 25 369 825 881 456 478 807 430 994
1060 20 10601 840 538 134 982 958 795 453 662 738 629 590 703 596 110 782 999 941 634 870 703 129 639 498 907 783 973 548 134 542 732 879 365 847 235 959 975 494 459 671 402
2060 20 10601 542 732 738 629 847 235 134 982 783 973 870 703 959 975 782 999 941 634 590 703 498 907 596 110 494 459 879 365 958 795 840 538 129 639 453 662 671 402 548 134
3060 20 10601 498 907 941 634 596 110 782 999 548 134 590 703 870 703 494 459 783 973 879 365 134 982 671 402 738 629 129 639 542 732 840 538 453 662 958 795 847 235 959 975
4060 20 10601 783 973 548 134 840 538 958 795 738 629 671 402 134 982 879 365 596 110 453 662 590 703 941 634 542 732 494 459 847 235 498 907 782 999 870 703 129 639 959 975
5060 20 10601 870 703 590 703 498 907 548 134 596 110 738 629 129 639 879 365 671 402 941 634 959 975 783 973 847 235 782 999 958 795 453 662 494 459 542 732 134 982 840 538
1061 20 10444 827 772 620 626 342 672 577 184 221 922 887 625 185 701 927 161 433 941 843 500 713 535 927 990 835 460 688 163 529 733 555 310 769 608 946 974 920 559 312 486
2061 20 10444 688 163 342 672 221 922 843 500 927 161 713 535 827 772 433 941 620 626 555 310 927 990 946 974 769 608 577 184 835 460 529 733 887 625 920 559 312 486 185 701
3061 20 10444 221 922 927 161 920 559 433 941 843 500 577 184 555 310 620 626 529 733 342 672 946 974 769 608 835 460 887 625 713 535 312 486 927 990 688 163 185 701 827 772
4061 20 10444 688 163 342 672 529 733 887 625 927 161 312 486 843 500 769 608 927 990 620 626 920 559 713 535 221 922 827 772 577 184 185 701 433 941 946 974 835 460 555 310
5061 20 10444 827 772 927 161 620 626 221 922 312 486 185 701 769 608 433 941 688 163 887 625 577 184 835 460 529 733 555 310 920 559 946 974 843 500 342 672 927 990 713 535
1062 20 10615 928 613 657 986 896 380 172 63 926 192 699 161 439 799 488 296 934 5 579 599 568 473 999 533 467 313 979 735 540 817 600 809 571 326 645 784 496 138 686 173
2062 20 10615 999 533 926 192 571 326 979 735 896 380 600 809 934 5 579 599 488 296 467 313 928 613 568 473 645 784 496 138 686 173 439 799 540 817 657 986 172 63 699 161
3062 20 10615 439 799 496 138 657 986 571 326 488 296 645 784 540 817 568 473 999 533 926 192 686 173 699 161 979 735 172 63 928 613 934 5 600 809 467 313 896 380 579 599
4062 20 10615 686 173 540 817 568 473 699 161 657 986 467 313 896 380 645 784 579 599 979 735 496 138 934 5 926 192 439 799 928 613 172 63 571 326 999 533 488 296 600 809
5062 20 10615 686 173 896 380 467 313 540 817 488 296 568 473 928 613 645 784 579 599 172 63 600 809 439 799 979 735 571 326 657 986 926 192 999 533 496 138 934 5 699 161
1063 20 10869 958 115 944 869 981 63 569 428 683 35 515 648 786 456 419 573 264 593 577 69 387 202 497 762 942 619 659 693 817 50 764 120 605 420 858 147 586 583 776 248
2063 20 10869 569 428 942 619 786 456 659 693 497 762 586 583 958 115 776 248 683 35 764 120 419 573 577 69 387 202 264 593 515 648 981 63 944 869 858 147 817 50 605 420
3063 20 10869 944 869 586 583 419 573 764 120 577 69 387 202 817 50 569 428 515 648 683 35 605 420 981 63 659 693 497 762 776 248 264 593 786 456 858 147 958 115 942 619
4063 20 10869 981 63 817 50 569 428 776 248 515 648 419 573 764 120 944 869 858 147 942 619 264 593 387 202 659 693 577 69 586 583 497 762 958 115 683 35 786 456 605 420
5063 20 10869 586 583 577 69 944 869 605 420 817 50 659 693 419 573 942 619 958 115 776 248 515 648 683 35 264 593 981 63 764 120 786 456 497 762 858 147 569 428 387 202
1064 20 10765 640 458 358 943 891 579 212 805 568 949 933 892 874 534 657 765 976 177 913 207 813 772 891 204 733 819 518 751 451 894 756 498 436 422 649 80 518 238 670 93
2064 20 10765 657 765 891 579 568 949 451 894 933 892 640 458 518 238 436 422 813 772 670 93 891 204 358 943 518 751 212 805 976 177 649 80 756 498 913 207 733 819 874 534
3064 20 10765 891 204 933 892 451 894 891 579 733 819 913 207 670 93 436 422 813 772 649 80 518 238 212 805 657 765 358 943 518 751 874 534 976 177 640 458 568 949 756 498
4064 20 10765 891 204 891 579 518 751 212 805 733 819 358 943 518 238 451 894 813 772 933 892 640 458 874 534 657 765 756 498 436 422 649 80 670 93 976 177 913 207 568 949
5064 20 10765 733 819 649 80 891 204 976 177 874 534 933 892 670 93 568 949 212 805 913 207 813 772 436 422 891 579 640 458 518 238 756 498 451 894 518 751 358 943 657 765
1065 20 8893 560 580 754 41 668 269 200 5 843 633 401 660 489 578 522 497 687 154 296 696 571 631 568 611 459 2 764 828 126 636 638 903 962 186 880 15 377 449 352 674
2065 20 8893 638 903 571 631 489 578 843 633 880 15 754 41 668 269 296 696 377 449 687 154 568 611 962 186 560 580 522 497 126 636 764 828 459 2 200 5 401 660 352 674
3065 20 8893 638 903 459 2 843 633 668 269 377 449 352 674 687 154 522 497 560 580 962 186 754 41 568 611 126 636 880 15 401 660 489 578 200 5 764 828 296 696 571 631
4065 20 8893 459 2 200 5 296 696 764 828 880 15 489 578 522 497 668 269 962 186 568 611 401 660 754 41 352 674 571 631 377 449 638 903 687 154 560 580 843 633 126 636
5065 20 8893 880 15 638 903 401 660 754 41 522 497 568 611 377 449 489 578 571 631 962 186 668 269 126 636 560 580 296 696 843 633 352 674 200 5 764 828 459 2 687 154
1066 20 8583 370 83 853 556 238 961 571 916 455 630 545 1000 802 280 808 634 840 386 344 478 37 60 120 446 541 171 762 31 993 343 665 869 220 449 512 929 889 543 164 802
2066 20 8583 665 869 238 961 344 478 889 543 370 83 571 916 455 630 541 171 840 386 853 556 512 929 164 802 808 634 545 1000 37 60 120 446 993 343 802 280 220 449 762 31
3066 20 8583 512 929 808 634 802 280 164 802 37 60 541 171 665 869 370 83 545 1000 120 446 889 543 238 961 455 630 853 556 993 343 220 449 762 31 344 478 840 386 571 916
4066 20 8583 370 83 889 543 762 31 571 916 512 929 455 630 541 171 344 478 665 869 238 961 993 343 220 449 545 1000 802 280 120 446 808 634 840 386 164 802 853 556 37 60
5066 20 8583 455 630 802 280 512 929 853 556 220 449 541 171 120 446 840 386 37 60 545 1000 238 961 164 802 370 83 344 478 571 916 762 31 889 543 993 343 808 634 665 869
1067 20 10793 490 641 226 173 791 973 832 14 668 853 980 739 951 373 940 177 597 896 212 514 556 490 976 488 941 491 132 748 823 526 225 815 819 965 970 695 862 576 501 603
2067 20 10793 791 973 226 173 132 748 862 576 941 491 976 488 597 896 819 965 501 603 980 739 832 14 556 490 668 853 970 695 225 815 940 177 951 373 212 514 490 641 823 526
3067 20 10793 668 853 501 603 970 695 976 488 597 896 212 514 980 739 819 965 132 748 490 641 862 576 940 177 225 815 791 973 951 373 823 526 226 173 941 491 832 14 556 490
4067 20 10793 980 739 226 173 225 815 819 965 668 853 951 373 976 488 597 896 791 973 941 491 832 14 823 526 212 514 556 490 970 695 490 641 501 603 940 177 862 576 132 748
5067 20 10793 832 14 791 973 940 177 668 853 862 576 556 490 970 695 819 965 976 488 490 641 951 373 226 173 212 514 980 739 597 896 941 491 225 815 823 526 501 603 132 748
1068 20 12371 894 479 133 528 501 663 977 304 822 562 944 650 595 967 903 35 522 865 414 29 785 900 878 636 924 710 897 349 967 507 896 406 996 902 523 722 900 606 993 275
2068 20 12371 523 722 924 710 133 528 993 275 414 29 785 900 522 865 900 606 595 967 822 562 944 650 878 636 501 663 977 304 996 902 896 406 903 35 894 479 897 349 967 507
3068 20 12371 414 29 523 722 878 636 133 528 900 606 996 902 822 562 785 900 522 865 977 304 944 650 903 35 595 967 896 406 967 507 924 710 897 349 501 663 993 275 894 479
4068 20 12371 894 479 822 562 967 507 501 663 523 722 996 902 944 650 896 406 595 967 924 710 522 865 900 606 993 275 903 35 414 29 785 900 897 349 878 636 977 304 133 528
5068 20 12371 894 479 977 304 896 406 944 650 133 528 900 606 993 275 595 967 501 663 522 865 878 636 785 900 897 349 414 29 967 507 996 902 924 710 903 35 822 562 523 722
1069 20 9652 782 252 193 815 816 1 574 430 80 429 883 522 931 768 974 841 87 468 221 396 705 21 800 466 784 780 720 578 270 996 700 612 801 192 850 13 379 844 515 843
2069 20 9652 782 252 80 429 784 780 974 841 379 844 931 768 801 192 705 21 816 1 800 466 883 522 193 815 270 996 515 843 700 612 850 13 574 430 720 578 87 468 221 396
3069 20 9652 800 466 883 522 515 843 87 468 782 252 974 841 80 429 931 768 784 780 700 612 193 815 801 192 720 578 850 13 270 996 221 396 816 1 705 21 379 844 574 430
4069 20 9652 574 430 379 844 80 429 800 466 782 252 883 522 270 996 974 841 193 815 801 192 221 396 720 578 931 768 87 468 705 21 700 612 515 843 850 13 784 780 816 1
5069 20 9652 87 468 720 578 850 13 883 522 801 192 782 252 931 768 800 466 816 1 379 844 705 21 974 841 80 429 784 780 515 843 193 815 221 396 700 612 574 430 270 996
1070 20 9737 670 756 476 200 409 925 980 136 816 5 131 231 504 395 765 964 795 220 880 96 450 119 442 451 198 266 917 335 271 858 463 878 942 14 811 60 636 323 616 328
2070 20 9737 271 858 450 119 476 200 198 266 880 96 980 136 917 335 131 231 942 14 636 323 811 60 442 451 616 328 409 925 463 878 670 756 504 395 795 220 816 5 765 964
3070 20 9737 816 5 463 878 450 119 271 858 616 328 476 200 442 451 942 14 131 231 409 925 980 136 198 266 917 335 504 395 795 220 636 323 880 96 765 964 811 60 670 756
4070 20 9737 409 925 476 200 917 335 811 60 942 14 198 266 795 220 450 119 670 756 880 96 765 964 271 858 816 5 504 395 131 231 463 878 616 328 980 136 442 451 636 323
5070 20 9737 442 451 131 231 616 328 670 756 917 335 795 220 198 266 504 395 636 323 811 60 980 136 942 14 409 925 476 200 880 96 271 858 450 119 816 5 463 878 765 964
1071 20 11599 635 843 774 247 254 928 956 12 265 669 994 715 927 227 828 379 960 466 670 612 312 400 919 866 431 379 871 387 984 986 976 829 480 710 729 302 819 510 715 989
2071 20 11599 312 400 919 866 265 669 635 843 960 466 994 715 715 989 871 387 480 710 927 227 670 612 729 302 976 829 774 247 984 986 431 379 828 379 254 928 819 510 956 12
3071 20 11599 312 400 994 715 984 986 265 669 774 247 927 227 635 843 828 379 919 866 431 379 254 928 871 387 976 829 960 466 480 710 956 12 670 612 715 989 729 302 819 510
4071 20 11599 994 715 431 379 984 986 254 928 956 12 670 612 312 400 871 387 927 227 819 510 729 302 976 829 960 466 480 710 715 989 919 866 774 247 265 669 635 843 828 379
5071 20 11599 670 612 431 379 254 928 774 247 828 379 715 989 919 866 976 829 635 843 265 669 480 710 871 387 729 302 994 715 312 400 956 12 984 986 927 227 819 510 960 466
1072 20 10497 944 865 637 890 568 444 245 631 445 701 168 275 788 70 536 458 362 841 770 133 954 712 969 410 823 917 901 359 806 584 688 774 686 330 323 304 509 554 1000 151
2072 20 10497 568 444 245 631 788 70 688 774 445 701 1000 151 168 275 637 890 770 133 901 359 823 917 536 458 509 554 323 304 806 584 362 841 954 712 944 865 686 330 969 410
3072 20 10497 568 444 770 133 536 458 445 701 944 865 362 841 509 554 954 712 823 917 686 330 323 304 969 410 788 70 637 890 806 584 901 359 168 275 1000 151 688 774 245 631
4072 20 10497 688 774 788 70 637 890 823 917 770 133 445 701 969 410 806 584 901 359 323 304 1000 151 362 841 944 865 536 458 168 275 686 330 245 631 954 712 568 444 509 554
5072 20 10497 637 890 323 304 445 701 788 70 536 458 686 330 245 631 901 359 362 841 954 712 509 554 1000 151 688 774 806 584 823 917 568 444 168 275 944 865 969 410 770 133
1073 20 11207 796 70 804 890 667 589 771 900 871 517 810 164 340 388 913 114 982 919 584 661 126 17 934 790 672 414 745 547 966 232 790 218 510 175 259 658 534 898 935 515
2073 20 11207 126 17 966 232 935 515 871 517 259 658 672 414 934 790 510 175 790 218 796 70 534 898 667 589 810 164 340 388 584 661 771 900 804 890 745 547 913 114 982 919
3073 20 11207 510 175 935 515 259 658 771 900 126 17 982 919 672 414 966 232 340 388 745 547 796 70 534 898 934 790 584 661 790 218 913 114 667 589 804 890 871 517 810 164
4073 20 11207 913 114 934 790 672 414 126 17 667 589 804 890 584 661 745 547 259 658 796 70 966 232 340 388 871 517 982 919 534 898 771 900 790 218 510 175 810 164 935 515
5073 20 11207 126 17 534 898 935 515 790 218 584 661 259 658 796 70 771 900 871 517 966 232 810 164 672 414 804 890 340 388 667 589 913 114 982 919 510 175 745 547 934 790
1074 20 9546 944 882 560 185 131 946 701 298 931 16 334 207 608 978 782 121 1000 340 976 887 197 72 555 326 728 561 188 698 595 638 288 253 601 901 855 560 764 196 195 75
2074 20 9546 131 946 701 298 728 561 931 16 555 326 595 638 334 207 764 196 608 978 855 560 288 253 188 698 601 901 976 887 197 72 944 882 195 75 560 185 782 121 1000 340
3074 20 9546 195 75 560 185 595 638 188 698 131 946 976 887 782 121 855 560 334 207 197 72 601 901 1000 340 701 298 555 326 288 253 764 196 931 16 944 882 728 561 608 978
4074 20 9546 188 698 1000 340 595 638 601 901 701 298 855 560 334 207 608 978 195 75 288 253 764 196 728 561 197 72 976 887 131 946 931 16 555 326 782 121 944 882 560 185
5074 20 9546 595 638 601 901 188 698 197 72 701 298 131 946 728 561 944 882 195 75 764 196 560 185 976 887 334 207 855 560 288 253 608 978 782 121 931 16 555 326 1000 340
1075 20 11680 302 192 834 216 958 112 984 229 622 17 283 615 997 356 923 641 885 342 844 838 891 11 868 753 773 781 905 330 959 990 644 850 659 68 243 693 412 599 615 199
2075 20 11680 644 850 622 17 302 192 997 356 885 342 834 216 243 693 615 199 959 990 984 229 844 838 659 68 773 781 283 615 891 11 958 112 868 753 923 641 412 599 905 330
3075 20 11680 885 342 412 599 283 615 644 850 984 229 844 838 622 17 773 781 891 11 834 216 959 990 659 68 243 693 302 192 868 753 615 199 958 112 923 641 905 330 997 356
4075 20 11680 885 342 905 330 868 753 283 615 891 11 997 356 412 599 622 17 615 199 959 990 844 838 773 781 958 112 243 693 923 641 644 850 659 68 302 192 834 216 984 229
5075 20 11680 905 330 923 641 773 781 615 199 959 990 984 229 412 599 868 753 958 112 644 850 659 68 302 192 997 356 283 615 891 11 243 693 844 838 622 17 834 216 885 342
1076 20 7918 400 374 635 626 143 130 394 339 273 538 277 480 851 6 946 527 334 795 92 22 918 486 184 349 500 148 990 840 716 352 177 291 75 843 699 134 884 246 410 326
2076 20 7918 277 480 400 374 851 6 635 626 990 840 946 527 394 339 143 130 334 795 410 326 699 134 177 291 500 148 92 22 716 352 273 538 918 486 184 349 884 246 75 843
3076 20 7918 990 840 716 352 92 22 273 538 394 339 277 480 75 843 410 326 143 130 334 795 699 134 884 246 851 6 177 291 946 527 184 349 635 626 400 374 500 148 918 486
4076 20 7918 184 349 500 148 851 6 177 291 946 527 394 339 400 374 273 538 635 626 990 840 334 795 92 22 277 480 410 326 699 134 884 246 716 352 143 130 918 486 75 843
5076 20 7918 143 130 918 486 990 840 277 480 946 527 273 538 394 339 699 134 92 22 75 843 635 626 410 326 884 246 851 6 716 352 500 148 400 374 177 291 334 795 184 349
1077 20 10601 298 517 733 273 609 777 609 998 913 45 760 735 780 843 699 372 861 461 629 815 785 218 634 99 513 893 707 126 813 354 752 254 668 42 411 324 304 349 774 624
2077 20 10601 411 324 913 45 609 777 304 349 752 254 785 218 629 815 298 517 733 273 760 735 780 843 513 893 774 624 634 99 609 998 861 461 699 372 668 42 707 126 813 354
3077 20 10601 752 254 411 324 609 998 760 735 699 372 813 354 785 218 513 893 774 624 634 99 861 461 298 517 913 45 733 273 707 126 629 815 609 777 780 843 668 42 304 349
4077 20 10601 707 126 513 893 774 624 760 735 304 349 813 354 634 99 913 45 411 324 609 998 298 517 780 843 629 815 699 372 785 218 861 461 609 777 752 254 668 42 733 273
5077 20 10601 913 45 513 893 411 324 707 126 634 99 699 372 629 815 733 273 813 354 760 735 774 624 785 218 668 42 609 998 298 517 861 461 780 843 752 254 609 777 304 349
1078 20 9421 663 690 576 581 467 187 473 373 142 209 971 749 497 74 652 234 124 331 658 805 540 420 644 976 682 302 115 249 663 578 977 164 922 377 377 894 852 70 782 275
2078 20 9421 576 581 922 377 115 249 782 275 124 331 658 805 682 302 852 70 663 690 663 578 540 420 644 976 497 74 977 164 652 234 377 894 971 749 467 187 473 373 142 209
3078 20 9421 977 164 540 420 124 331 115 249 658 805 663 690 644 976 377 894 473 373 576 581 782 275 682 302 922 377 663 578 852 70 971 749 497 74 467 187 142 209 652 234
4078 20 9421 142 209 644 976 682 302 652 234 497 74 467 187 377 894 473 373 576 581 124 331 663 690 971 749 658 805 663 578 922 377 540 420 115 249 782 275 977 164 852 70
5078 20 9421 658 805 663 690 663 578 540 420 977 164 971 749 652 234 497 74 142 209 467 187 115 249 576 581 473 373 782 275 682 302 852 70 922 377 644 976 124 331 377 894
1079 20 11171 862 900 417 777 813 526 253 501 528 140 691 904 817 460 314 367 934 830 820 755 701 374 903 822 857 278 764 978 536 802 973 745 954 63 393 412 908 713 526 774
2079 20 11171 857 278 820 755 526 774 954 63 813 526 903 822 817 460 691 904 253 501 701 374 764 978 536 802 528 140 934 830 393 412 862 900 417 777 908 713 314 367 973 745
3079 20 11171 253 501 393 412 820 755 903 822 314 367 934 830 817 460 417 777 857 278 536 802 908 713 526 774 691 904 764 978 954 63 813 526 701 374 973 745 862 900 528 140
4079 20 11171 393 412 908 713 701 374 314 367 536 802 817 460 526 774 253 501 764 978 903 822 934 830 954 63 820 755 528 140 973 745 417 777 857 278 862 900 691 904 813 526
5079 20 11171 934 830 813 526 536 802 817 460 954 63 820 755 701 374 903 822 314 367 764 978 973 745 417 777 526 774 393 412 862 900 253 501 857 278 528 140 691 904 908 713
1080 20 9947 176 170 492 455 648 143 589 835 535 449 1000 622 697 846 187 235 833 706 254 468 783 42 520 72 933 581 647 635 666 873 673 493 350 185 670 905 862 799 919 824
2080 20 9947 783 42 933 581 919 824 648 143 673 493 697 846 254 468 535 449 647 635 670 905 492 455 589 835 187 235 833 706 666 873 176 170 350 185 1000 622 862 799 520 72
3080 20 9947 862 799 697 846 492 455 783 42 1000 622 919 824 673 493 187 235 647 635 933 581 670 905 833 706 350 185 176 170 535 449 648 143 666 873 520 72 254 468 589 835
4080 20 9947 187 235 673 493 933 581 648 143 666 873 350 185 492 455 254 468 589 835 919 824 520 72 535 449 697 846 783 42 647 635 862 799 1000 622 670 905 833 706 176 170
5080 20 9947 187 235 648 143 492 455 697 846 666 873 919 824 933 581 783 42 589 835 670 905 535 449 862 799 254 468 176 170 647 635 350 185 673 493 1000 622 520 72 833 706
1081 20 10705 833 188 720 15 436 798 301 74 813 449 967 40 761 245 991 596 834 362 924 76 555 537 728 121 358 246 741 758 613 428 615 413 666 788 836 778 657 931 33 389
2081 20 10705 967 40 991 596 33 389 436 798 833 188 613 428 615 413 358 246 657 931 813 449 720 15 555 537 728 121 666 788 834 362 836 778 301 74 741 758 924 76 761 245
3081 20 10705 836 778 833 188 555 537 358 246 728 121 741 758 615 413 720 15 761 245 301 74 924 76 834 362 33 389 436 798 991 596 657 931 666 788 613 428 813 449 967 40
4081 20 10705 615 413 728 121 761 245 301 74 436 798 555 537 666 788 741 758 657 931 834 362 33 389 720 15 813 449 924 76 967 40 991 596 613 428 833 188 358 246 836 778
5081 20 10705 555 537 33 389 720 15 813 449 613 428 666 788 833 188 741 758 761 245 924 76 967 40 836 778 301 74 615 413 358 246 728 121 834 362 991 596 436 798 657 931
1082 20 10968 918 61 968 828 960 278 462 339 871 374 587 552 695 219 496 842 844 862 694 898 377 725 335 37 528 771 825 710 931 628 958 138 447 774 359 644 751 197 704 405
2082 20 10968 968 828 871 374 359 644 377 725 447 774 825 710 918 61 462 339 931 628 844 862 587 552 958 138 335 37 704 405 960 278 528 771 496 842 695 219 751 197 694 898
3082 20 10968 496 842 871 374 931 628 960 278 825 710 335 37 844 862 587 552 704 405 918 61 751 197 694 898 447 774 695 219 528 771 958 138 377 725 462 339 968 828 359 644
4082 20 10968 359 644 960 278 695 219 528 771 335 37 587 552 751 197 844 862 825 710 447 774 462 339 958 138 931 628 918 61 377 725 968 828 871 374 694 898 496 842 704 405
5082 20 10968 958 138 871 374 960 278 587 552 335 37 918 61 931 628 751 197 496 842 704 405 528 771 359 644 694 898 695 219 447 774 844 862 462 339 377 725 825 710 968 828
1083 20 10152 775 444 858 642 920 371 982 434 458 48 416 251 987 457 303 396 396 714 827 576 601 108 540 902 399 214 904 723 675 920 80 268 571 821 688 997 888 75 422 618
2083 20 10152 458 48 416 251 601 108 904 723 688 997 982 434 396 714 858 642 571 821 827 576 888 75 775 444 675 920 303 396 399 214 920 371 987 457 422 618 80 268 540 902
3083 20 10152 688 997 396 714 904 723 458 48 399 214 827 576 422 618 858 642 571 821 303 396 982 434 920 371 416 251 601 108 80 268 888 75 775 444 675 920 540 902 987 457
4083 20 10152 396 714 571 821 904 723 540 902 920 371 80 268 775 444 399 214 982 434 601 108 458 48 888 75 675 920 858 642 422 618 827 576 416 251 987 457 303 396 688 997
5083 20 10152 982 434 416 251 571 821 601 108 904 723 827 576 675 920 540 902 987 457 920 371 396 714 858 642 422 618 399 214 303 396 458 48 80 268 688 997 888 75 775 444
1084 20 11454 685 626 513 815 801 384 565 305 469 761 987 749 780 558 834 619 471 207 281 452 733 928 612 258 707 777 817 694 807 611 883 823 931 887 987 935 648 732 807 584
2084 20 11454 733 928 801 384 707 777 883 823 612 258 817 694 565 305 834 619 513 815 807 611 648 732 685 626 471 207 807 584 931 887 780 558 469 761 987 935 987 749 281 452
3084 20 11454 807 611 471 207 780 558 612 258 834 619 648 732 565 305 469 761 513 815 817 694 281 452 987 749 987 935 733 928 707 777 883 823 685 626 801 384 807 584 931 887
4084 20 11454 834 619 513 815 987 935 733 928 780 558 987 749 471 207 648 732 817 694 469 761 281 452 883 823 707 777 807 611 612 258 685 626 931 887 801 384 807 584 565 305
5084 20 11454 707 777 780 558 733 928 565 305 834 619 883 823 987 935 469 761 807 611 817 694 612 258 513 815 807 584 685 626 801 384 648 732 931 887 281 452 987 749 471 207
1085 20 10180 368 876 513 697 458 334 715 708 671 229 944 898 667 200 484 339 568 923 464 164 893 739 777 617 492 309 353 222 916 500 518 107 821 541 499 465 800 632 805 948
2085 20 10180 513 697 492 309 777 617 368 876 568 923 353 222 800 632 518 107 671 229 916 500 499 465 715 708 484 339 944 898 821 541 667 200 805 948 458 334 893 739 464 164
3085 20 10180 513 697 667 200 568 923 499 465 484 339 458 334 518 107 916 500 671 229 715 708 777 617 821 541 492 309 368 876 893 739 800 632 353 222 464 164 805 948 944 898
4085 20 10180 568 923 944 898 916 500 518 107 777 617 368 876 821 541 464 164 805 948 499 465 353 222 893 739 458 334 513 697 484 339 492 309 715 708 800 632 667 200 671 229
5085 20 10180 916 500 464 164 671 229 368 876 667 200 777 617 513 697 800 632 821 541 715 708 805 948 944 898 499 465 458 334 518 107 484 339 353 222 893 739 492 309 568 923
1086 20 10232 701 279 820 338 656 664 568 174 466 737 457 324 984 853 428 827 603 385 355 428 632 454 941 987 554 261 352 480 962 923 854 840 809 253 322 224 941 305 386 953
2086 20 10232 568 174 941 987 941 305 632 454 656 664 322 224 984 853 820 338 962 923 701 279 352 480 466 737 428 827 355 428 554 261 457 324 603 385 386 953 854 840 809 253
3086 20 10232 355 428 820 338 352 480 632 454 701 279 554 261 984 853 603 385 962 923 809 253 386 953 941 987 656 664 568 174 466 737 854 840 457 324 428 827 941 305 322 224
4086 20 10232 457 324 809 253 352 480 854 840 701 279 941 987 428 827 554 261 632 454 656 664 386 953 962 923 984 853 941 305 322 224 355 428 568 174 603 385 820 338 466 737
5086 20 10232 568 174 386 953 656 664 322 224 941 305 701 279 820 338 962 923 355 428 352 480 554 261 984 853 603 385 457 324 809 253 941 987 428 827 466 737 632 454 854 840
1087 20 10424 100 837 968 53 507 40 557 659 465 802 803 302 444 970 819 968 958 949 938 45 889 692 883 69 442 380 351 966 529 615 635 690 747 102 748 143 594 544 654 801
2087 20 10424 100 837 635 690 442 380 529 615 819 968 747 102 748 143 507 40 557 659 465 802 351 966 968 53 958 949 889 692 444 970 654 801 938 45 594 544 803 302 883 69
3087 20 10424 465 802 529 615 557 659 819 968 938 45 747 102 958 949 594 544 100 837 654 801 968 53 444 970 889 692 442 380 803 302 507 40 883 69 635 690 351 966 748 143
4087 20 10424 889 692 803 302 938 45 507 40 351 966 442 380 465 802 444 970 958 949 883 69 968 53 100 837 819 968 654 801 594 544 635 690 748 143 747 102 529 615 557 659
5087 20 10424 507 40 529 615 958 949 351 966 968 53 938 45 819 968 557 659 747 102 444 970 883 69 748 143 594 544 635 690 889 692 100 837 654 801 803 302 465 802 442 380
1088 20 11867 702 84 800 276 813 779 977 213 438 196 899 832 548 446 748 401 970 440 724 610 834 918 729 747 640 26 175 931 677 33 933 49 863 853 830 268 590 88 944 682
2088 20 11867 729 747 724 610 438 196 800 276 175 931 933 49 899 832 548 446 702 84 830 268 944 682 977 213 590 88 863 853 970 440 748 401 813 779 640 26 677 33 834 918
3088 20 11867 813 779 724 610 899 832 970 440 548 446 800 276 640 26 677 33 933 49 729 747 748 401 590 88 702 84 830 268 175 931 863 853 977 213 944 682 438 196 834 918
4088 20 11867 970 440 702 84 724 610 729 747 590 88 640 26 977 213 548 446 800 276 813 779 175 931 834 918 677 33 830 268 944 682 899 832 438 196 933 49 748 401 863 853
5088 20 11867 933 49 834 918 748 401 175 931 800 276 813 779 677 33 724 610 702 84 590 88 977 213 548 446 830 268 640 26 944 682 863 853 970 440 438 196 899 832 729 747
1089 20 10129 500 172 453 16 538 172 499 128 933 22 638 244 553 930 612 238 637 29 344 545 678 30 653 951 234 458 974 459 872 6 413 817 826 675 900 549 718 786 687 561
2089 20 10129 637 29 500 172 453 16 718 786 826 675 553 930 974 459 638 244 538 172 687 561 612 238 653 951 678 30 499 128 413 817 234 458 872 6 344 545 933 22 900 549
3089 20 10129 933 22 499 128 637 29 872 6 500 172 900 549 638 244 344 545 234 458 538 172 687 561 826 675 718 786 453 16 413 817 612 238 974 459 678 30 553 930 653 951
4089 20 10129 413 817 500 172 872 6 826 675 538 172 933 22 900 549 453 16 974 459 653 951 612 238 637 29 638 244 499 128 344 545 687 561 553 930 718 786 234 458 678 30
5089 20 10129 872 6 553 930 234 458 638 244 500 172 900 549 974 459 653 951 612 238 678 30 718 786 933 22 538 172 499 128 453 16 826 675 413 817 344 545 637 29 687 561
1090 20 10545 933 712 341 433 841 684 984 66 676 357 487 506 857 332 979 243 989 731 407 990 690 869 207 7 981 663 891 691 123 2 569 897 258 536 463 418 902 270 604 192
2090 20 10545 258 536 984 66 902 270 569 897 487 506 933 712 463 418 989 731 207 7 604 192 857 332 979 243 407 990 891 691 841 684 690 869 123 2 676 357 981 663 341 433
3090 20 10545 258 536 891 691 341 433 989 731 979 243 984 66 604 192 407 990 690 869 463 418 857 332 902 270 981 663 841 684 569 897 487 506 123 2 933 712 207 7 676 357
4090 20 10545 989 731 341 433 123 2 902 270 690 869 407 990 569 897 984 66 857 332 258 536 933 712 604 192 487 506 891 691 981 663 463 418 676 357 979 243 841 684 207 7
5090 20 10545 902 270 981 663 841 684 123 2 604 192 891 691 407 990 857 332 207 7 676 357 933 712 690 869 258 536 984 66 989 731 341 433 487 506 569 897 463 418 979 243
1091 20 9132 94 13 357 515 439 780 663 647 626 529 738 628 623 150 959 767 927 608 591 305 737 903 317 28 837 394 518 346 975 388 503 188 403 162 318 780 174 909 617 803
2091 20 9132 623 150 959 767 317 28 518 346 663 647 738 628 439 780 357 515 318 780 975 388 737 903 837 394 591 305 174 909 94 13 617 803 927 608 503 188 403 162 626 529
3091 20 9132 663 647 626 529 737 903 94 13 503 188 439 780 617 803 738 628 623 150 837 394 357 515 317 28 591 305 174 909 518 346 927 608 959 767 318 780 403 162 975 388
4091 20 9132 518 346 174 909 959 767 318 780 975 388 403 162 94 13 738 628 623 150 439 780 737 903 317 28 357 515 663 647 626 529 617 803 591 305 503 188 927 608 837 394
5091 20 9132 927 608 663 647 317 28 738 628 591 305 518 346 503 188 737 903 318 780 975 388 94 13 837 394 617 803 959 767 626 529 403 162 357 515 439 780 174 909 623 150
1092 20 9532 900 840 319 72 995 187 747 832 411 502 268 10 688 874 713 614 369 907 633 787 312 849 616 412 580 179 252 292 958 743 751 746 565 747 450 108 933 36 455 856
2092 20 9532 252 292 995 187 900 840 933 36 319 72 411 502 369 907 455 856 751 746 450 108 312 849 713 614 268 10 688 874 616 412 958 743 747 832 633 787 565 747 580 179
3092 20 9532 450 108 995 187 252 292 411 502 369 907 933 36 455 856 713 614 747 832 751 746 565 747 268 10 688 874 616 412 900 840 958 743 580 179 319 72 633 787 312 849
4092 20 9532 455 856 713 614 411 502 565 747 633 787 751 746 958 743 688 874 312 849 900 840 450 108 252 292 319 72 747 832 369 907 580 179 995 187 616 412 933 36 268 10
5092 20 9532 369 907 268 10 565 747 688 874 713 614 958 743 580 179 751 746 633 787 747 832 252 292 312 849 455 856 450 108 995 187 933 36 411 502 900 840 616 412 319 72
1093 20 10966 492 68 729 146 611 617 584 398 723 377 805 511 529 619 748 460 496 819 599 829 952 770 867 517 594 958 430 715 817 522 806 692 909 279 617 792 642 264 758 714
2093 20 10966 594 958 952 770 529 619 496 819 430 715 729 146 805 511 492 68 867 517 617 792 642 264 723 377 806 692 909 279 599 829 748 460 758 714 817 522 584 398 611 617
3093 20 10966 492 68 729 146 723 377 952 770 617 792 594 958 805 511 584 398 599 829 529 619 430 715 642 264 806 692 909 279 496 819 611 617 758 714 867 517 817 522 748 460
4093 20 10966 729 146 617 792 748 460 805 511 758 714 599 829 496 819 642 264 909 279 723 377 529 619 952 770 584 398 806 692 817 522 492 68 867 517 430 715 594 958 611 617
5093 20 10966 584 398 909 279 492 68 806 692 529 619 642 264 594 958 599 829 758 714 805 511 817 522 952 770 617 792 611 617 867 517 496 819 723 377 748 460 430 715 729 146
1094 20 11294 681 11 518 660 989 422 901 512 553 329 982 55 955 373 950 317 645 792 641 986 917 452 247 348 513 474 728 624 431 766 578 999 671 505 641 397 904 52 673 287
2094 20 11294 671 505 645 792 904 52 641 986 901 512 513 474 681 11 982 55 955 373 518 660 578 999 989 422 553 329 247 348 950 317 431 766 673 287 728 624 641 397 917 452
3094 20 11294 728 624 681 11 645 792 641 986 431 766 513 474 950 317 247 348 641 397 518 660 989 422 553 329 673 287 671 505 904 52 982 55 955 373 901 512 917 452 578 999
4094 20 11294 917 452 728 624 645 792 553 329 673 287 641 397 989 422 950 317 982 55 518 660 901 512 641 986 513 474 247 348 671 505 904 52 681 11 578 999 431 766 955 373
5094 20 11294 247 348 641 397 681 11 673 287 955 373 950 317 431 766 513 474 728 624 645 792 904 52 901 512 518 660 982 55 578 999 671 505 553 329 641 986 917 452 989 422
1095 20 10458 502 153 546 611 606 924 842 626 348 683 983 28 277 942 756 391 771 705 724 832 574 73 974 793 985 323 995 502 643 566 830 355 312 855 840 415 423 46 142 180
2095 20 10458 423 46 842 626 756 391 312 855 974 793 985 323 277 942 830 355 643 566 546 611 348 683 724 832 995 502 574 73 606 924 502 153 983 28 840 415 142 180 771 705
3095 20 10458 756 391 348 683 840 415 985 323 995 502 312 855 546 611 983 28 574 73 842 626 606 924 643 566 142 180 277 942 502 153 423 46 771 705 974 793 830 355 724 832
4095 20 10458 142 180 606 924 771 705 277 942 985 323 724 832 842 626 840 415 983 28 502 153 995 502 974 793 312 855 756 391 574 73 830 355 423 46 643 566 546 611 348 683
5095 20 10458 974 793 995 502 502 153 830 355 606 924 277 942 724 832 840 415 423 46 574 73 985 323 983 28 348 683 546 611 771 705 842 626 643 566 312 855 756 391 142 180
1096 20 9692 996 215 603 476 575 779 754 151 590 781 343 849 343 501 298 994 963 524 870 138 685 606 657 86 660 832 804 981 857 909 617 803 45 523 380 193 718 492 358 167
2096 20 9692 358 167 343 849 575 779 963 524 298 994 718 492 754 151 380 193 996 215 603 476 804 981 343 501 590 781 45 523 857 909 617 803 685 606 870 138 657 86 660 832
3096 20 9692 358 167 590 781 617 803 657 86 857 909 603 476 660 832 298 994 685 606 343 501 963 524 754 151 996 215 45 523 804 981 575 779 870 138 343 849 380 193 718 492
4096 20 9692 45 523 358 167 754 151 617 803 298 994 996 215 603 476 857 909 343 849 343 501 870 138 718 492 380 193 575 779 685 606 590 781 804 981 657 86 963 524 660 832
5096 20 9692 963 524 857 909 590 781 685 606 754 151 343 501 380 193 603 476 45 523 575 779 660 832 358 167 657 86 343 849 996 215 804 981 617 803 298 994 870 138 718 492
1097 20 10881 899 876 185 363 753 879 490 499 593 425 875 435 901 260 131 318 492 114 748 77 688 626 695 536 718 260 793 243 987 620 997 207 631 569 945 369 732 741 349 492
2097 20 10881 793 243 492 114 718 260 131 318 732 741 593 425 349 492 753 879 631 569 688 626 875 435 899 876 987 620 748 77 901 260 695 536 997 207 490 499 185 363 945 369
3097 20 10881 748 77 997 207 987 620 688 626 753 879 490 499 492 114 185 363 901 260 718 260 899 876 695 536 349 492 732 741 131 318 631 569 793 243 593 425 875 435 945 369
4097 20 10881 899 876 987 620 349 492 945 369 131 318 490 499 748 77 185 363 793 243 901 260 753 879 718 260 688 626 593 425 875 435 631 569 732 741 695 536 997 207 492 114
5097 20 10881 793 243 899 876 349 492 695 536 631 569 875 435 718 260 131 318 987 620 490 499 748 77 688 626 593 425 753 879 945 369 901 260 997 207 185 363 732 741 492 114
1098 20 10797 110 193 750 44 756 924 623 563 410 292 640 196 762 624 689 997 517 413 643 705 864 150 375 309 665 714 971 913 796 864 244 358 976 527 936 172 861 174 909 395
2098 20 10797 623 563 762 624 756 924 909 395 244 358 665 714 640 196 517 413 643 705 689 997 936 172 375 309 410 292 864 150 976 527 861 174 796 864 971 913 110 193 750 44
3098 20 10797 864 150 665 714 796 864 640 196 410 292 623 563 750 44 909 395 976 527 375 309 971 913 762 624 689 997 861 174 936 172 517 413 756 924 110 193 244 358 643 705
4098 20 10797 410 292 640 196 762 624 936 172 861 174 976 527 110 193 665 714 517 413 750 44 244 358 796 864 643 705 375 309 623 563 971 913 756 924 689 997 909 395 864 150
5098 20 10797 643 705 665 714 517 413 796 864 110 193 410 292 936 172 762 624 244 358 971 913 750 44 640 196 756 924 375 309 623 563 861 174 976 527 909 395 689 997 864 150
1099 20 10884 232 394 818 885 597 127 961 790 255 723 761 609 765 738 823 378 626 564 578 610 501 518 709 529 856 376 711 418 642 881 955 488 814 45 617 675 965 131 420 357
2099 20 10884 232 394 823 378 955 488 856 376 761 609 420 357 617 675 578 610 818 885 709 529 597 127 711 418 501 518 255 723 814 45 642 881 765 738 965 131 626 564 961 790
3099 20 10884 617 675 420 357 955 488 709 529 578 610 597 127 626 564 961 790 232 394 814 45 818 885 642 881 823 378 255 723 765 738 856 376 965 131 501 518 761 609 711 418
4099 20 10884 709 529 232 394 626 564 711 418 765 738 818 885 255 723 642 881 501 518 617 675 578 610 965 131 856 376 814 45 823 378 597 127 420 357 761 609 955 488 961 790
5099 20 10884 761 609 597 127 617 675 232 394 626 564 420 357 255 723 709 529 961 790 814 45 765 738 578 610 818 885 965 131 856 376 711 418 642 881 823 378 501 518 955 488
1100 20 10138 74 691 349 12 868 621 817 159 781 512 257 972 550 823 892 766 957 568 763 915 892 58 463 274 974 422 532 666 922 520 525 721 721 930 614 254 640 905 82 530
2100 20 10138 550 823 892 58 922 520 463 274 974 422 525 721 532 666 257 972 957 568 614 254 349 12 721 930 763 915 74 691 640 905 868 621 892 766 781 512 817 159 82 530
3100 20 10138 614 254 781 512 957 568 525 721 817 159 640 905 721 930 763 915 532 666 257 972 74 691 82 530 892 766 550 823 892 58 922 520 974 422 463 274 868 621 349 12
4100 20 10138 817 159 892 58 721 930 868 621 82 530 892 766 349 12 257 972 74 691 614 254 640 905 781 512 525 721 763 915 957 568 974 422 532 666 550 823 463 274 922 520
5100 20 10138 257 972 532 666 922 520 550 823 463 274 892 58 82 530 817 159 614 254 74 691 781 512 868 621 640 905 721 930 892 766 349 12 974 422 525 721 957 568 763 915
