1001 20 6228 415 602 167 259 435 89 311 657 260 877 857 172 453 189 471 197 299 297 65 334 871 852 330 572 145 269 458 800 391 401 759 568 172 354 326 298 147 943 454 660
2001 20 6228 65 334 453 189 147 943 454 660 458 800 311 657 260 877 471 197 415 602 299 297 326 298 759 568 172 354 871 852 145 269 435 89 391 401 330 572 857 172 167 259
3001 20 6228 453 189 415 602 759 568 458 800 391 401 435 89 871 852 326 298 454 660 299 297 65 334 167 259 471 197 311 657 145 269 260 877 147 943 172 354 857 172 330 572
4001 20 6228 167 259 453 189 454 660 871 852 311 657 330 572 145 269 172 354 299 297 435 89 65 334 857 172 415 602 391 401 147 943 458 800 471 197 759 568 260 877 326 298
5001 20 6228 759 568 857 172 145 269 454 660 147 943 65 334 330 572 260 877 311 657 326 298 471 197 435 89 453 189 299 297 167 259 415 602 172 354 458 800 871 852 391 401
1002 20 5184 39 607 35 202 279 332 51 48 258 782 685 768 250 307 47 213 609 933 221 867 74 437 257 138 300 86 183 102 802 951 430 682 329 944 782 643 498 928 351 708
2002 20 5184 430 682 39 607 802 951 609 933 35 202 782 643 250 307 300 86 329 944 74 437 257 138 258 782 685 768 498 928 51 48 351 708 183 102 279 332 47 213 221 867
3002 20 5184 609 933 685 768 329 944 47 213 74 437 300 86 183 102 802 951 258 782 257 138 51 48 250 307 35 202 279 332 430 682 39 607 782 643 221 867 498 928 351 708
4002 20 5184 609 933 802 951 351 708 257 138 782 643 258 782 685 768 39 607 35 202 250 307 329 944 183 102 430 682 51 48 279 332 221 867 47 213 300 86 74 437 498 928
5002 20 5184 74 437 498 928 258 782 685 768 51 48 300 86 47 213 351 708 257 138 250 307 609 933 782 643 35 202 430 682 279 332 329 944 802 951 39 607 183 102 221 867
1003 20 5664 356 919 21 642 228 886 344 343 325 890 231 63 547 796 367 475 589 628 114 796 525 904 677 660 396 99 270 839 200 774 129 769 148 309 362 553 517 776 735 637
2003 20 5664 396 99 228 886 344 343 677 660 367 475 517 776 270 839 362 553 129 769 148 309 200 774 231 63 589 628 21 642 525 904 547 796 735 637 356 919 325 890 114 796
3003 20 5664 362 553 114 796 270 839 517 776 525 904 231 63 148 309 356 919 677 660 21 642 735 637 129 769 228 886 396 99 344 343 589 628 200 774 325 890 547 796 367 475
4003 20 5664 325 890 356 919 517 776 344 343 148 309 396 99 270 839 362 553 589 628 129 769 231 63 228 886 200 774 21 642 367 475 525 904 677 660 547 796 735 637 114 796
5003 20 5664 228 886 270 839 367 475 547 796 325 890 231 63 200 774 148 309 362 553 735 637 589 628 677 660 114 796 517 776 356 919 129 769 344 343 525 904 396 99 21 642
1004 20 5108 291 281 200 71 571 281 175 375 152 579 57 777 216 490 816 226 669 534 194 559 176 631 84 166 68 990 370 295 472 981 593 943 212 124 296 518 126 423 647 67
2004 20 5108 593 943 669 534 216 490 647 67 57 777 126 423 176 631 291 281 152 579 200 71 84 166 571 281 472 981 816 226 194 559 370 295 212 124 175 375 296 518 68 990
3004 20 5108 126 423 212 124 152 579 816 226 472 981 175 375 57 777 68 990 176 631 200 71 84 166 296 518 216 490 669 534 370 295 647 67 571 281 593 943 194 559 291 281
4004 20 5108 216 490 816 226 68 990 296 518 152 579 291 281 84 166 126 423 593 943 200 71 212 124 194 559 669 534 571 281 57 777 175 375 472 981 370 295 176 631 647 67
5004 20 5108 472 981 216 490 200 71 212 124 194 559 370 295 291 281 593 943 647 67 816 226 57 777 176 631 68 990 669 534 175 375 571 281 84 166 296 518 152 579 126 423
1005 20 5560 331 312 149 289 156 990 184 58 91 258 379 500 397 234 11 573 200 719 122 940 758 330 828 225 131 498 903 945 290 813 386 256 831 283 179 468 617 119 7 317
2005 20 5560 386 256 122 940 290 813 831 283 758 330 331 312 11 573 91 258 149 289 903 945 7 317 200 719 184 58 828 225 379 500 617 119 179 468 131 498 397 234 156 990
3005 20 5560 91 258 397 234 149 289 156 990 828 225 200 719 184 58 386 256 617 119 903 945 831 283 758 330 379 500 290 813 179 468 122 940 7 317 131 498 331 312 11 573
4005 20 5560 11 573 386 256 397 234 828 225 156 990 91 258 290 813 122 940 758 330 200 719 617 119 379 500 179 468 131 498 903 945 831 283 7 317 184 58 149 289 331 312
5005 20 5560 386 256 397 234 11 573 122 940 331 312 200 719 379 500 903 945 758 330 179 468 290 813 184 58 149 289 156 990 131 498 7 317 831 283 828 225 91 258 617 119
1006 20 5220 406 481 444 67 146 207 213 898 28 882 622 209 234 164 126 386 553 884 38 120 271 141 369 963 343 673 1 6 228 151 685 982 73 489 688 599 529 221 528 955
2006 20 5220 529 221 369 963 271 141 28 882 234 164 343 673 685 982 688 599 406 481 213 898 1 6 444 67 528 955 126 386 228 151 553 884 38 120 146 207 622 209 73 489
3006 20 5220 146 207 529 221 1 6 213 898 406 481 369 963 528 955 126 386 271 141 685 982 343 673 234 164 688 599 28 882 444 67 73 489 553 884 622 209 38 120 228 151
4006 20 5220 213 898 688 599 343 673 369 963 38 120 444 67 406 481 28 882 234 164 228 151 126 386 685 982 553 884 622 209 529 221 528 955 146 207 271 141 1 6 73 489
5006 20 5220 685 982 38 120 73 489 406 481 28 882 234 164 622 209 228 151 369 963 343 673 529 221 553 884 528 955 126 386 146 207 213 898 1 6 444 67 271 141 688 599
1007 20 5200 407 210 103 851 134 860 306 898 581 440 61 840 105 169 406 200 203 751 80 633 768 297 212 407 277 150 813 249 40 153 683 711 203 865 477 494 572 768 69 915
2007 20 5200 683 711 203 751 80 633 581 440 768 297 407 210 277 150 572 768 203 865 813 249 212 407 477 494 406 200 103 851 69 915 61 840 40 153 306 898 134 860 105 169
3007 20 5200 61 840 203 751 683 711 40 153 212 407 306 898 105 169 572 768 134 860 406 200 813 249 407 210 768 297 80 633 277 150 69 915 103 851 203 865 477 494 581 440
4007 20 5200 40 153 572 768 103 851 134 860 69 915 203 865 105 169 477 494 61 840 80 633 768 297 406 200 277 150 813 249 203 751 212 407 581 440 683 711 407 210 306 898
5007 20 5200 134 860 813 249 768 297 581 440 407 210 477 494 406 200 103 851 277 150 203 865 203 751 572 768 61 840 69 915 40 153 683 711 306 898 212 407 80 633 105 169
1008 20 4880 222 903 479 273 277 525 860 430 214 198 75 394 592 955 425 133 138 861 550 619 233 33 34 613 344 782 704 790 130 462 132 909 76 118 22 754 487 751 107 202
2008 20 4880 233 33 107 202 138 861 704 790 214 198 34 613 487 751 75 394 592 955 132 909 222 903 344 782 76 118 479 273 425 133 860 430 550 619 130 462 277 525 22 754
3008 20 4880 130 462 76 118 34 613 487 751 344 782 138 861 550 619 479 273 860 430 425 133 704 790 592 955 107 202 233 33 75 394 132 909 214 198 22 754 222 903 277 525
4008 20 4880 34 613 132 909 550 619 487 751 76 118 130 462 233 33 425 133 22 754 344 782 704 790 277 525 214 198 107 202 592 955 75 394 138 861 222 903 860 430 479 273
5008 20 4880 704 790 425 133 277 525 860 430 344 782 233 33 592 955 76 118 132 909 222 903 107 202 34 613 550 619 138 861 130 462 75 394 479 273 487 751 214 198 22 754
1009 20 5435 625 506 28 419 122 67 637 65 499 19 753 838 24 512 543 515 867 869 70 75 252 284 222 43 244 946 408 129 118 36 572 771 181 737 133 948 307 261 189 236
2009 20 5435 625 506 222 43 307 261 70 75 543 515 753 838 181 737 118 36 189 236 133 948 637 65 408 129 499 19 24 512 244 946 122 67 252 284 867 869 572 771 28 419
3009 20 5435 408 129 307 261 189 236 70 75 625 506 753 838 572 771 543 515 499 19 244 946 133 948 252 284 122 67 637 65 181 737 867 869 222 43 118 36 24 512 28 419
4009 20 5435 637 65 118 36 307 261 625 506 543 515 572 771 189 236 28 419 252 284 408 129 24 512 133 948 70 75 753 838 122 67 499 19 222 43 244 946 867 869 181 737
5009 20 5435 543 515 133 948 24 512 252 284 637 65 499 19 307 261 408 129 118 36 572 771 181 737 244 946 753 838 122 67 189 236 867 869 70 75 28 419 222 43 625 506
1010 20 5040 31 118 327 166 353 9 103 122 926 620 406 81 5 237 516 57 132 489 643 775 279 300 85 882 237 409 109 134 308 708 629 967 10 368 314 676 402 652 485 899
2010 20 5040 926 620 485 899 85 882 402 652 109 134 353 9 516 57 406 81 629 967 10 368 279 300 314 676 237 409 5 237 308 708 643 775 31 118 103 122 132 489 327 166
3010 20 5040 353 9 279 300 643 775 10 368 109 134 31 118 516 57 103 122 926 620 85 882 406 81 629 967 327 166 5 237 485 899 237 409 314 676 308 708 132 489 402 652
4010 20 5040 327 166 643 775 237 409 402 652 31 118 406 81 485 899 10 368 353 9 103 122 314 676 279 300 926 620 109 134 516 57 85 882 308 708 629 967 132 489 5 237
5010 20 5040 132 489 237 409 643 775 109 134 279 300 5 237 103 122 308 708 327 166 10 368 516 57 629 967 926 620 85 882 353 9 31 118 402 652 314 676 406 81 485 899
1011 20 4839 9 304 861 540 25 494 4 381 449 933 378 632 359 84 173 682 22 776 704 966 134 241 70 741 406 99 470 924 254 793 29 837 476 495 162 329 603 201 461 288
2011 20 4839 162 329 603 201 70 741 378 632 25 494 704 966 476 495 22 776 9 304 461 288 29 837 134 241 470 924 449 933 173 682 406 99 359 84 4 381 861 540 254 793
3011 20 4839 406 99 378 632 4 381 22 776 29 837 470 924 25 494 254 793 70 741 9 304 359 84 162 329 134 241 603 201 704 966 173 682 449 933 861 540 461 288 476 495
4011 20 4839 29 837 476 495 4 381 9 304 861 540 162 329 359 84 603 201 704 966 70 741 378 632 173 682 449 933 470 924 22 776 254 793 461 288 25 494 406 99 134 241
5011 20 4839 861 540 134 241 29 837 704 966 173 682 25 494 476 495 9 304 406 99 70 741 22 776 461 288 378 632 470 924 603 201 162 329 359 84 449 933 4 381 254 793
1012 20 6040 611 798 50 53 660 439 239 447 173 789 150 678 550 370 327 420 542 398 708 496 217 924 544 535 167 848 421 179 783 942 211 325 363 900 245 393 18 457 571 705
2012 20 6040 611 798 18 457 211 325 245 393 550 370 542 398 150 678 571 705 421 179 708 496 660 439 217 924 239 447 50 53 783 942 363 900 167 848 173 789 544 535 327 420
3012 20 6040 783 942 708 496 421 179 18 457 571 705 173 789 150 678 167 848 327 420 50 53 611 798 211 325 217 924 542 398 550 370 363 900 239 447 660 439 245 393 544 535
4012 20 6040 421 179 245 393 571 705 550 370 660 439 173 789 783 942 211 325 708 496 239 447 217 924 18 457 167 848 611 798 50 53 363 900 327 420 544 535 150 678 542 398
5012 20 6040 783 942 421 179 611 798 571 705 173 789 150 678 211 325 18 457 167 848 550 370 50 53 217 924 708 496 544 535 542 398 363 900 660 439 245 393 327 420 239 447
1013 20 6056 347 916 198 556 844 481 12 931 265 864 517 946 573 921 468 913 417 359 397 298 36 355 576 149 151 454 358 736 617 839 423 222 298 345 453 522 514 508 106 840
2013 20 6056 468 913 417 359 453 522 844 481 617 839 576 149 347 916 358 736 514 508 106 840 397 298 151 454 265 864 517 946 12 931 423 222 198 556 298 345 573 921 36 355
3013 20 6056 617 839 12 931 358 736 298 345 576 149 36 355 517 946 514 508 573 921 198 556 417 359 397 298 347 916 151 454 106 840 844 481 265 864 423 222 453 522 468 913
4013 20 6056 198 556 453 522 576 149 397 298 617 839 265 864 151 454 298 345 106 840 844 481 358 736 517 946 36 355 423 222 417 359 12 931 573 921 468 913 514 508 347 916
5013 20 6056 298 345 514 508 397 298 468 913 517 946 12 931 844 481 423 222 198 556 417 359 265 864 151 454 453 522 106 840 347 916 358 736 36 355 573 921 576 149 617 839
1014 20 5063 463 244 356 187 74 583 600 636 82 783 386 992 221 52 485 754 415 25 362 968 25 96 306 322 421 1000 89 180 246 46 145 113 813 700 395 1 234 382 211 658
2014 20 5063 234 382 421 1000 82 783 211 658 25 96 395 1 485 754 74 583 463 244 306 322 362 968 356 187 386 992 89 180 415 25 246 46 600 636 145 113 813 700 221 52
3014 20 5063 463 244 89 180 356 187 386 992 600 636 415 25 485 754 74 583 306 322 246 46 362 968 234 382 813 700 211 658 145 113 421 1000 395 1 25 96 221 52 82 783
4014 20 5063 234 382 82 783 421 1000 386 992 362 968 221 52 395 1 145 113 25 96 463 244 600 636 74 583 813 700 306 322 246 46 415 25 89 180 211 658 485 754 356 187
5014 20 5063 813 700 485 754 74 583 395 1 145 113 246 46 82 783 221 52 306 322 463 244 89 180 600 636 25 96 356 187 362 968 415 25 234 382 386 992 211 658 421 1000
1015 20 5896 33 993 106 51 491 794 151 474 820 254 95 543 3 315 753 199 193 623 813 681 780 153 686 80 242 705 163 784 486 196 243 949 122 558 604 90 271 53 315 720
2015 20 5896 486 196 122 558 243 949 163 784 3 315 753 199 813 681 686 80 151 474 315 720 193 623 820 254 95 543 106 51 491 794 242 705 271 53 780 153 604 90 33 993
3015 20 5896 243 949 163 784 753 199 122 558 491 794 604 90 106 51 686 80 95 543 271 53 33 993 3 315 315 720 780 153 151 474 486 196 193 623 242 705 813 681 820 254
4015 20 5896 33 993 753 199 604 90 486 196 780 153 820 254 193 623 3 315 95 543 242 705 813 681 491 794 122 558 686 80 271 53 151 474 163 784 315 720 243 949 106 51
5015 20 5896 3 315 122 558 95 543 271 53 242 705 315 720 491 794 604 90 193 623 106 51 151 474 820 254 813 681 486 196 243 949 686 80 163 784 33 993 753 199 780 153
1016 20 6036 347 490 331 947 12 724 469 638 792 278 695 800 623 455 326 187 292 209 538 796 264 604 288 326 297 133 575 257 632 107 58 219 83 146 23 164 358 585 542 598
2016 20 6036 288 326 623 455 331 947 83 146 695 800 469 638 58 219 632 107 347 490 792 278 23 164 542 598 292 209 326 187 297 133 575 257 538 796 358 585 264 604 12 724
3016 20 6036 695 800 288 326 632 107 575 257 12 724 469 638 542 598 83 146 297 133 623 455 326 187 347 490 331 947 58 219 538 796 292 209 23 164 264 604 792 278 358 585
4016 20 6036 792 278 23 164 469 638 538 796 297 133 542 598 58 219 292 209 83 146 264 604 632 107 326 187 331 947 575 257 623 455 695 800 288 326 12 724 358 585 347 490
5016 20 6036 23 164 632 107 58 219 264 604 292 209 358 585 695 800 288 326 575 257 792 278 12 724 331 947 347 490 297 133 326 187 623 455 469 638 542 598 83 146 538 796
1017 20 3966 700 256 40 41 70 567 189 69 43 155 133 41 508 157 617 874 63 630 41 632 579 846 252 232 88 545 5 163 49 38 395 303 343 494 585 9 37 490 221 400
2017 20 3966 221 400 49 38 579 846 343 494 41 632 508 157 700 256 617 874 395 303 585 9 63 630 5 163 189 69 37 490 88 545 70 567 133 41 252 232 40 41 43 155
3017 20 3966 395 303 133 41 617 874 37 490 43 155 63 630 700 256 221 400 5 163 41 632 252 232 49 38 88 545 508 157 585 9 343 494 40 41 189 69 579 846 70 567
4017 20 3966 395 303 617 874 41 632 40 41 88 545 252 232 63 630 700 256 49 38 221 400 189 69 43 155 585 9 70 567 5 163 343 494 133 41 37 490 579 846 508 157
5017 20 3966 43 155 37 490 63 630 617 874 579 846 395 303 343 494 252 232 189 69 508 157 70 567 5 163 221 400 133 41 40 41 700 256 585 9 49 38 88 545 41 632
1018 20 6639 609 918 869 50 84 553 192 407 115 152 264 197 653 933 448 213 589 884 622 638 122 692 517 51 290 624 339 487 741 675 200 983 490 500 369 217 634 940 152 872
2018 20 6639 290 624 741 675 84 553 609 918 490 500 448 213 517 51 869 50 339 487 653 933 622 638 192 407 122 692 264 197 200 983 634 940 115 152 589 884 152 872 369 217
3018 20 6639 122 692 152 872 369 217 741 675 653 933 869 50 200 983 634 940 622 638 589 884 517 51 84 553 264 197 609 918 115 152 490 500 290 624 448 213 339 487 192 407
4018 20 6639 115 152 634 940 609 918 369 217 490 500 152 872 622 638 290 624 448 213 192 407 122 692 339 487 264 197 84 553 741 675 517 51 200 983 653 933 869 50 589 884
5018 20 6639 152 872 448 213 609 918 264 197 122 692 192 407 622 638 490 500 517 51 869 50 589 884 115 152 84 553 653 933 339 487 200 983 634 940 290 624 369 217 741 675
1019 20 4825 316 101 626 560 136 50 275 473 268 211 283 982 318 201 351 251 257 449 103 760 603 15 177 382 456 427 586 557 188 636 230 32 226 369 280 255 259 350 94 941
2019 20 4825 230 32 626 560 257 449 280 255 603 15 283 982 456 427 226 369 318 201 316 101 259 350 177 382 103 760 268 211 188 636 275 473 351 251 136 50 586 557 94 941
3019 20 4825 316 101 103 760 586 557 275 473 177 382 603 15 351 251 230 32 626 560 188 636 94 941 226 369 456 427 283 982 318 201 268 211 259 350 280 255 136 50 257 449
4019 20 4825 136 50 351 251 280 255 103 760 268 211 259 350 177 382 230 32 316 101 283 982 586 557 603 15 626 560 188 636 94 941 318 201 456 427 226 369 275 473 257 449
5019 20 4825 268 211 316 101 259 350 226 369 586 557 136 50 626 560 257 449 351 251 103 760 603 15 280 255 283 982 456 427 318 201 230 32 177 382 94 941 275 473 188 636
1020 20 4967 634 272 147 537 850 717 591 470 117 190 201 142 62 24 177 651 23 765 152 403 339 201 126 159 400 5 401 49 138 430 150 928 463 924 3 769 634 44 601 840
2020 20 4967 62 24 152 403 400 5 401 49 117 190 3 769 201 142 601 840 150 928 463 924 339 201 126 159 23 765 177 651 634 44 850 717 591 470 138 430 634 272 147 537
3020 20 4967 601 840 62 24 201 142 401 49 634 44 3 769 339 201 152 403 850 717 634 272 591 470 400 5 117 190 126 159 177 651 23 765 138 430 463 924 147 537 150 928
4020 20 4967 601 840 634 272 62 24 400 5 138 430 126 159 201 142 177 651 23 765 3 769 117 190 339 201 152 403 850 717 150 928 401 49 634 44 147 537 591 470 463 924
5020 20 4967 117 190 152 403 850 717 601 840 339 201 591 470 23 765 138 430 3 769 147 537 201 142 62 24 126 159 634 272 150 928 634 44 400 5 177 651 401 49 463 924
1021 20 4865 103 22 605 797 260 45 176 326 37 6 447 701 663 99 361 495 742 398 175 268 398 281 461 589 185 447 338 65 97 511 30 824 485 290 136 62 288 778 95 370
2021 20 4865 175 268 260 45 95 370 136 62 37 6 103 22 338 65 288 778 97 511 742 398 398 281 605 797 176 326 30 824 447 701 663 99 461 589 361 495 185 447 485 290
3021 20 4865 176 326 136 62 185 447 175 268 97 511 103 22 447 701 742 398 338 65 461 589 485 290 260 45 95 370 288 778 663 99 398 281 30 824 37 6 605 797 361 495
4021 20 4865 447 701 288 778 136 62 103 22 176 326 361 495 398 281 30 824 95 370 485 290 175 268 185 447 37 6 663 99 260 45 742 398 461 589 605 797 97 511 338 65
5021 20 4865 288 778 338 65 95 370 37 6 176 326 103 22 97 511 663 99 398 281 742 398 485 290 361 495 260 45 136 62 185 447 175 268 605 797 461 589 447 701 30 824
1022 20 7216 424 51 132 894 335 159 386 578 822 516 817 216 568 685 946 146 538 534 443 843 157 766 121 59 628 961 404 186 86 302 451 544 10 209 472 182 917 456 364 895
2022 20 7216 443 843 817 216 121 59 157 766 822 516 451 544 628 961 472 182 86 302 10 209 132 894 335 159 424 51 538 534 946 146 404 186 917 456 568 685 364 895 386 578
3022 20 7216 817 216 443 843 822 516 472 182 568 685 335 159 917 456 364 895 132 894 10 209 451 544 157 766 424 51 404 186 946 146 86 302 386 578 538 534 628 961 121 59
4022 20 7216 386 578 121 59 157 766 568 685 443 843 946 146 86 302 917 456 451 544 10 209 628 961 132 894 335 159 424 51 472 182 817 216 822 516 364 895 538 534 404 186
5022 20 7216 817 216 822 516 917 456 443 843 451 544 628 961 121 59 404 186 86 302 157 766 364 895 10 209 335 159 472 182 946 146 386 578 132 894 424 51 568 685 538 534
1023 20 4887 463 959 157 414 202 890 168 489 152 347 9 647 359 78 48 474 71 106 414 762 802 866 190 95 722 462 195 225 353 674 394 840 192 212 268 342 656 700 294 626
2023 20 4887 359 78 268 342 463 959 802 866 190 95 157 414 353 674 168 489 71 106 9 647 414 762 195 225 294 626 202 890 152 347 394 840 656 700 192 212 722 462 48 474
3023 20 4887 152 347 71 106 268 342 168 489 353 674 195 225 394 840 190 95 192 212 722 462 294 626 359 78 463 959 414 762 656 700 202 890 9 647 802 866 157 414 48 474
4023 20 4887 157 414 48 474 802 866 192 212 268 342 353 674 414 762 9 647 168 489 202 890 152 347 656 700 463 959 190 95 294 626 722 462 195 225 359 78 71 106 394 840
5023 20 4887 9 647 656 700 722 462 463 959 353 674 190 95 71 106 414 762 294 626 394 840 359 78 157 414 48 474 268 342 802 866 168 489 192 212 152 347 202 890 195 225
1024 20 4363 575 813 121 934 250 121 416 315 20 329 206 1 139 123 245 944 614 746 333 430 157 441 325 141 186 202 258 681 144 518 159 566 415 259 535 504 233 564 123 274
2024 20 4363 206 1 159 566 144 518 250 121 325 141 245 944 258 681 20 329 535 504 139 123 186 202 614 746 121 934 575 813 233 564 157 441 415 259 123 274 333 430 416 315
3024 20 4363 186 202 157 441 206 1 416 315 614 746 139 123 535 504 258 681 159 566 415 259 245 944 233 564 121 934 250 121 325 141 20 329 333 430 144 518 123 274 575 813
4024 20 4363 325 141 233 564 575 813 157 441 535 504 258 681 250 121 614 746 20 329 139 123 159 566 206 1 144 518 416 315 245 944 121 934 333 430 123 274 186 202 415 259
5024 20 4363 614 746 139 123 325 141 416 315 123 274 157 441 121 934 250 121 233 564 20 329 535 504 258 681 206 1 186 202 575 813 333 430 415 259 159 566 245 944 144 518
1025 20 6329 473 177 800 985 325 88 713 131 117 973 49 864 111 37 312 49 443 620 383 105 686 652 908 65 705 513 142 694 272 945 663 423 16 387 305 57 206 150 283 337
2025 20 6329 111 37 117 973 142 694 383 105 305 57 713 131 686 652 663 423 705 513 800 985 908 65 443 620 312 49 283 337 272 945 49 864 473 177 206 150 16 387 325 88
3025 20 6329 283 337 111 37 908 65 443 620 383 105 325 88 705 513 305 57 272 945 312 49 686 652 142 694 49 864 800 985 663 423 473 177 16 387 713 131 117 973 206 150
4025 20 6329 383 105 206 150 272 945 713 131 49 864 16 387 283 337 142 694 111 37 312 49 663 423 117 973 705 513 305 57 800 985 686 652 443 620 908 65 325 88 473 177
5025 20 6329 117 973 800 985 705 513 283 337 111 37 663 423 713 131 312 49 908 65 272 945 686 652 325 88 49 864 383 105 443 620 16 387 473 177 305 57 142 694 206 150
1026 20 6780 508 918 27 176 287 217 334 478 825 442 190 844 637 543 379 744 500 483 715 1 124 512 141 305 292 586 148 855 237 376 668 996 703 2 623 919 496 953 641 361
2026 20 6780 641 361 292 586 237 376 124 512 148 855 715 1 287 217 668 996 825 442 496 953 27 176 623 919 703 2 190 844 637 543 334 478 141 305 508 918 379 744 500 483
3026 20 6780 496 953 237 376 148 855 27 176 379 744 292 586 500 483 287 217 623 919 637 543 124 512 190 844 641 361 703 2 141 305 825 442 508 918 334 478 668 996 715 1
4026 20 6780 825 442 334 478 287 217 141 305 190 844 124 512 668 996 500 483 496 953 379 744 237 376 148 855 623 919 703 2 637 543 508 918 715 1 292 586 27 176 641 361
5026 20 6780 379 744 141 305 825 442 641 361 237 376 496 953 715 1 668 996 292 586 637 543 287 217 703 2 148 855 508 918 124 512 334 478 500 483 27 176 190 844 623 919
1027 20 5918 10 521 796 487 98 996 37 214 237 431 597 717 143 215 105 101 532 246 545 343 363 321 66 499 864 221 260 818 523 903 879 318 364 650 643 346 5 715 331 888
2027 20 5918 10 521 143 215 260 818 879 318 532 246 597 717 105 101 363 321 643 346 331 888 237 431 5 715 98 996 364 650 523 903 37 214 545 343 864 221 796 487 66 499
3027 20 5918 37 214 643 346 523 903 5 715 237 431 864 221 796 487 532 246 98 996 597 717 545 343 363 321 260 818 143 215 331 888 66 499 879 318 105 101 10 521 364 650
4027 20 5918 532 246 864 221 5 715 879 318 237 431 10 521 545 343 643 346 98 996 796 487 363 321 260 818 331 888 66 499 364 650 523 903 597 717 143 215 37 214 105 101
5027 20 5918 98 996 105 101 37 214 643 346 331 888 523 903 10 521 545 343 532 246 796 487 597 717 260 818 237 431 864 221 364 650 879 318 5 715 143 215 66 499 363 321
1028 20 5207 55 231 194 445 838 522 143 396 21 861 26 690 627 571 150 994 724 89 892 958 876 359 19 780 293 17 4 239 142 350 523 823 466 304 18 289 266 653 232 711
2028 20 5207 724 89 194 445 293 17 838 522 19 780 55 231 21 861 4 239 523 823 26 690 627 571 466 304 876 359 232 711 892 958 142 350 150 994 266 653 143 396 18 289
3028 20 5207 142 350 194 445 21 861 466 304 724 89 627 571 838 522 150 994 293 17 143 396 4 239 266 653 523 823 19 780 876 359 232 711 26 690 18 289 55 231 892 958
4028 20 5207 21 861 143 396 876 359 266 653 55 231 724 89 4 239 232 711 523 823 142 350 19 780 892 958 293 17 26 690 18 289 150 994 627 571 838 522 466 304 194 445
5028 20 5207 150 994 724 89 19 780 876 359 466 304 26 690 55 231 18 289 627 571 142 350 21 861 293 17 143 396 523 823 838 522 232 711 266 653 892 958 4 239 194 445
1029 20 7823 638 375 351 818 581 647 221 471 351 552 726 891 99 682 879 154 578 222 689 502 442 266 265 145 370 772 395 561 424 337 410 101 404 543 781 475 609 694 566 155
2029 20 7823 689 502 404 543 781 475 424 337 581 647 578 222 351 552 395 561 99 682 442 266 638 375 221 471 410 101 879 154 609 694 265 145 370 772 726 891 351 818 566 155
3029 20 7823 410 101 404 543 609 694 578 222 351 818 581 647 99 682 221 471 370 772 442 266 424 337 566 155 638 375 726 891 689 502 395 561 351 552 781 475 879 154 265 145
4029 20 7823 581 647 781 475 609 694 442 266 410 101 99 682 689 502 424 337 351 552 566 155 265 145 879 154 395 561 221 471 726 891 578 222 370 772 638 375 351 818 404 543
5029 20 7823 578 222 221 471 265 145 351 818 726 891 99 682 370 772 638 375 689 502 566 155 404 543 351 552 442 266 879 154 395 561 410 101 581 647 424 337 781 475 609 694
1030 20 5201 650 836 568 783 99 359 901 757 205 459 7 900 272 817 878 409 199 973 254 685 326 176 83 164 87 9 386 469 154 838 340 275 118 378 58 641 11 142 906 592
2030 20 5201 58 641 326 176 199 973 99 359 568 783 340 275 118 378 254 685 272 817 878 409 906 592 650 836 11 142 87 9 83 164 901 757 7 900 205 459 386 469 154 838
3030 20 5201 199 973 154 838 878 409 254 685 906 592 87 9 568 783 386 469 650 836 272 817 326 176 901 757 340 275 83 164 7 900 11 142 118 378 99 359 205 459 58 641
4030 20 5201 340 275 650 836 58 641 87 9 272 817 568 783 99 359 254 685 906 592 11 142 901 757 205 459 7 900 326 176 199 973 83 164 154 838 878 409 118 378 386 469
5030 20 5201 878 409 87 9 254 685 340 275 568 783 205 459 11 142 99 359 83 164 386 469 58 641 901 757 7 900 326 176 199 973 272 817 906 592 650 836 154 838 118 378
1031 20 6856 127 441 67 106 649 411 277 155 740 960 517 271 292 945 736 636 110 666 935 103 518 624 4 949 525 907 648 391 186 620 218 233 887 661 918 899 30 295 186 267
2031 20 6856 127 441 517 271 30 295 648 391 186 620 736 636 277 155 518 624 740 960 110 666 887 661 4 949 918 899 935 103 67 106 292 945 186 267 525 907 218 233 649 411
3031 20 6856 518 624 127 441 110 666 30 295 525 907 740 960 292 945 736 636 277 155 648 391 935 103 649 411 67 106 887 661 517 271 186 267 218 233 4 949 186 620 918 899
4031 20 6856 292 945 67 106 277 155 4 949 648 391 887 661 649 411 918 899 30 295 525 907 110 666 186 267 736 636 127 441 186 620 517 271 935 103 518 624 218 233 740 960
5031 20 6856 110 666 649 411 648 391 4 949 30 295 277 155 525 907 935 103 887 661 740 960 918 899 218 233 67 106 186 267 292 945 186 620 518 624 736 636 517 271 127 441
1032 20 5935 607 763 60 671 145 451 39 186 701 719 95 637 685 55 852 40 40 703 635 536 548 770 259 971 48 424 331 146 167 886 58 648 721 281 200 743 712 508 516 596
2032 20 5935 635 536 60 671 58 648 516 596 200 743 167 886 721 281 39 186 712 508 95 637 607 763 145 451 685 55 701 719 48 424 259 971 40 703 852 40 331 146 548 770
3032 20 5935 58 648 548 770 331 146 701 719 48 424 721 281 259 971 685 55 607 763 852 40 39 186 635 536 60 671 40 703 167 886 516 596 95 637 200 743 145 451 712 508
4032 20 5935 331 146 58 648 548 770 685 55 701 719 259 971 40 703 95 637 852 40 516 596 712 508 145 451 200 743 48 424 607 763 167 886 60 671 635 536 721 281 39 186
5032 20 5935 39 186 167 886 607 763 635 536 95 637 852 40 685 55 40 703 701 719 145 451 200 743 548 770 721 281 48 424 259 971 60 671 516 596 712 508 331 146 58 648
1033 20 5530 598 775 714 947 499 6 290 597 60 903 514 39 353 996 177 616 247 857 191 209 303 617 66 134 188 540 791 547 607 67 36 642 767 786 213 134 97 124 202 537
2033 20 5530 177 616 247 857 60 903 767 786 290 597 598 775 514 39 213 134 66 134 36 642 353 996 191 209 499 6 188 540 607 67 714 947 791 547 97 124 303 617 202 537
3033 20 5530 303 617 213 134 607 67 36 642 514 39 598 775 353 996 60 903 177 616 714 947 191 209 97 124 188 540 290 597 767 786 247 857 202 537 66 134 791 547 499 6
4033 20 5530 499 6 290 597 213 134 202 537 607 67 514 39 36 642 598 775 791 547 191 209 60 903 66 134 97 124 303 617 353 996 714 947 177 616 767 786 247 857 188 540
5033 20 5530 791 547 213 134 303 617 60 903 191 209 290 597 247 857 714 947 767 786 514 39 499 6 177 616 36 642 66 134 97 124 598 775 188 540 202 537 607 67 353 996
1034 20 6507 775 147 275 399 215 735 395 759 436 15 308 930 837 932 583 629 32 279 338 101 305 760 434 837 477 299 495 717 554 569 117 779 442 311 47 23 618 442 451 710
2034 20 6507 32 279 47 23 442 311 436 15 117 779 305 760 215 735 451 710 495 717 477 299 395 759 554 569 275 399 837 932 308 930 775 147 434 837 338 101 583 629 618 442
3034 20 6507 451 710 583 629 554 569 434 837 436 15 618 442 215 735 308 930 775 147 395 759 442 311 338 101 837 932 47 23 117 779 275 399 32 279 477 299 495 717 305 760
4034 20 6507 308 930 436 15 395 759 583 629 117 779 215 735 495 717 32 279 775 147 47 23 434 837 618 442 451 710 837 932 275 399 305 760 477 299 554 569 338 101 442 311
5034 20 6507 47 23 618 442 434 837 837 932 477 299 32 279 451 710 495 717 395 759 215 735 275 399 117 779 554 569 305 760 583 629 338 101 308 930 436 15 775 147 442 311
1035 20 7500 271 342 353 519 599 260 717 401 677 160 511 644 618 956 906 951 756 958 614 310 361 395 301 116 320 747 135 723 221 459 316 635 770 663 41 80 348 231 540 790
2035 20 7500 301 116 599 260 348 231 614 310 221 459 135 723 41 80 320 747 717 401 618 956 906 951 511 644 316 635 271 342 677 160 540 790 770 663 756 958 361 395 353 519
3035 20 7500 614 310 906 951 677 160 361 395 756 958 770 663 135 723 511 644 320 747 599 260 717 401 353 519 316 635 41 80 301 116 618 956 348 231 221 459 271 342 540 790
4035 20 7500 599 260 320 747 41 80 135 723 906 951 301 116 618 956 677 160 361 395 348 231 221 459 717 401 511 644 756 958 614 310 271 342 353 519 316 635 770 663 540 790
5035 20 7500 677 160 540 790 618 956 599 260 320 747 348 231 511 644 717 401 316 635 353 519 221 459 614 310 770 663 301 116 41 80 135 723 756 958 361 395 906 951 271 342
1036 20 6004 224 494 391 979 821 985 209 1000 90 144 332 956 365 142 964 784 273 368 162 905 727 658 920 263 212 224 496 615 307 3 228 800 10 285 27 41 542 113 205 730
2036 20 6004 10 285 920 263 542 113 205 730 228 800 162 905 224 494 27 41 964 784 209 1000 496 615 212 224 90 144 273 368 307 3 821 985 391 979 727 658 365 142 332 956
3036 20 6004 821 985 10 285 920 263 228 800 224 494 391 979 27 41 332 956 964 784 496 615 90 144 212 224 307 3 542 113 365 142 162 905 273 368 209 1000 205 730 727 658
4036 20 6004 307 3 727 658 162 905 228 800 212 224 332 956 496 615 10 285 209 1000 542 113 821 985 920 263 365 142 27 41 224 494 273 368 90 144 964 784 205 730 391 979
5036 20 6004 224 494 727 658 496 615 228 800 332 956 90 144 307 3 391 979 162 905 365 142 10 285 920 263 273 368 821 985 542 113 964 784 209 1000 205 730 212 224 27 41
1037 20 4472 784 517 731 33 179 156 307 915 47 319 5 975 498 650 191 319 451 205 1 397 236 384 143 193 37 308 136 578 430 164 311 550 62 283 516 593 303 678 223 754
2037 20 4472 62 283 311 550 191 319 498 650 179 156 37 308 136 578 1 397 236 384 430 164 451 205 784 517 516 593 47 319 5 975 143 193 731 33 307 915 223 754 303 678
3037 20 4472 179 156 62 283 143 193 236 384 731 33 451 205 303 678 136 578 47 319 1 397 311 550 784 517 430 164 223 754 191 319 37 308 516 593 5 975 307 915 498 650
4037 20 4472 191 319 731 33 143 193 179 156 498 650 1 397 311 550 5 975 303 678 451 205 136 578 236 384 430 164 784 517 47 319 307 915 62 283 37 308 516 593 223 754
5037 20 4472 311 550 136 578 303 678 307 915 62 283 5 975 47 319 236 384 179 156 430 164 1 397 516 593 143 193 223 754 784 517 731 33 191 319 37 308 498 650 451 205
1038 20 4092 34 957 128 815 89 146 804 765 19 75 244 445 665 779 177 567 658 204 325 857 241 622 193 966 108 85 82 635 199 203 99 974 161 329 321 465 366 455 203 713
2038 20 4092 89 146 804 765 199 203 19 75 193 966 321 465 325 857 203 713 244 445 665 779 658 204 366 455 161 329 128 815 241 622 177 567 99 974 108 85 34 957 82 635
3038 20 4092 161 329 199 203 658 204 241 622 203 713 108 85 193 966 665 779 34 957 89 146 804 765 82 635 366 455 128 815 325 857 321 465 244 445 99 974 177 567 19 75
4038 20 4092 128 815 161 329 199 203 366 455 241 622 193 966 658 204 177 567 244 445 325 857 665 779 89 146 203 713 34 957 19 75 99 974 82 635 108 85 321 465 804 765
5038 20 4092 193 966 244 445 89 146 82 635 203 713 177 567 366 455 19 75 128 815 108 85 321 465 99 974 325 857 161 329 34 957 665 779 804 765 241 622 658 204 199 203
1039 20 6036 404 658 263 838 580 534 57 291 102 199 140 498 184 177 149 256 587 375 249 354 745 168 953 831 363 537 234 677 846 766 496 510 238 578 128 106 197 509 631 720
2039 20 6036 846 766 57 291 128 106 263 838 496 510 197 509 404 658 249 354 953 831 238 578 363 537 102 199 587 375 234 677 580 534 149 256 745 168 631 720 184 177 140 498
3039 20 6036 496 510 197 509 238 578 128 106 263 838 953 831 587 375 580 534 149 256 631 720 745 168 249 354 234 677 102 199 57 291 140 498 184 177 846 766 363 537 404 658
4039 20 6036 197 509 745 168 363 537 580 534 953 831 846 766 631 720 102 199 149 256 587 375 404 658 128 106 249 354 57 291 263 838 184 177 496 510 234 677 238 578 140 498
5039 20 6036 580 534 263 838 846 766 238 578 102 199 953 831 745 168 197 509 128 106 57 291 140 498 363 537 404 658 234 677 184 177 631 720 249 354 587 375 496 510 149 256
1040 20 5354 95 948 334 948 159 566 401 107 187 713 566 485 106 534 761 160 306 799 88 112 790 605 172 506 539 899 948 960 398 148 251 431 196 137 154 379 100 330 142 802
2040 20 5354 401 107 251 431 100 330 154 379 539 899 106 534 398 148 948 960 95 948 159 566 172 506 196 137 306 799 187 713 790 605 761 160 142 802 334 948 566 485 88 112
3040 20 5354 95 948 539 899 251 431 142 802 334 948 196 137 100 330 154 379 761 160 790 605 948 960 398 148 88 112 187 713 172 506 106 534 159 566 566 485 401 107 306 799
4040 20 5354 334 948 401 107 790 605 88 112 948 960 172 506 539 899 95 948 159 566 142 802 566 485 306 799 398 148 196 137 251 431 154 379 187 713 761 160 100 330 106 534
5040 20 5354 334 948 100 330 142 802 159 566 196 137 106 534 172 506 761 160 566 485 154 379 187 713 398 148 95 948 401 107 948 960 251 431 539 899 306 799 790 605 88 112
1041 20 3480 27 274 155 220 130 872 936 662 118 962 369 189 252 801 62 324 39 235 191 973 23 116 268 472 59 545 287 731 591 151 71 4 576 570 92 273 31 442 73 699
2041 20 3480 591 151 155 220 71 4 130 872 252 801 92 273 369 189 23 116 62 324 73 699 118 962 268 472 576 570 191 973 27 274 31 442 39 235 287 731 59 545 936 662
3041 20 3480 191 973 92 273 62 324 118 962 268 472 287 731 31 442 59 545 71 4 936 662 23 116 39 235 130 872 591 151 155 220 369 189 27 274 252 801 576 570 73 699
4041 20 3480 118 962 252 801 576 570 591 151 936 662 130 872 369 189 23 116 71 4 39 235 268 472 191 973 73 699 59 545 31 442 92 273 62 324 287 731 27 274 155 220
5041 20 3480 27 274 369 189 62 324 191 973 591 151 31 442 39 235 252 801 92 273 576 570 118 962 71 4 936 662 287 731 59 545 73 699 155 220 130 872 23 116 268 472
1042 20 6080 35 434 513 600 312 52 393 511 163 229 776 621 490 635 414 747 217 220 336 769 817 156 87 322 203 533 580 158 554 803 102 611 737 286 3 412 768 282 101 799
2042 20 6080 102 611 35 434 776 621 513 600 87 322 580 158 101 799 817 156 203 533 3 412 490 635 768 282 554 803 737 286 336 769 312 52 414 747 217 220 393 511 163 229
3042 20 6080 414 747 102 611 3 412 393 511 737 286 312 52 203 533 101 799 336 769 87 322 163 229 35 434 217 220 490 635 554 803 817 156 776 621 580 158 768 282 513 600
4042 20 6080 490 635 817 156 3 412 414 747 776 621 101 799 87 322 580 158 35 434 217 220 102 611 312 52 554 803 513 600 203 533 768 282 393 511 163 229 737 286 336 769
5042 20 6080 580 158 203 533 414 747 217 220 101 799 163 229 513 600 336 769 312 52 3 412 87 322 776 621 35 434 102 611 737 286 490 635 393 511 768 282 817 156 554 803
1043 20 4704 156 861 413 894 703 342 82 766 205 273 106 660 345 359 746 876 196 401 874 476 829 526 28 254 120 477 72 734 4 346 184 493 112 712 270 421 229 278 207 474
2043 20 4704 106 660 82 766 413 894 28 254 746 876 229 278 4 346 270 421 184 493 112 712 72 734 156 861 207 474 874 476 703 342 345 359 120 477 196 401 829 526 205 273
3043 20 4704 82 766 156 861 703 342 196 401 829 526 413 894 345 359 120 477 112 712 874 476 207 474 746 876 270 421 28 254 184 493 229 278 72 734 4 346 205 273 106 660
4043 20 4704 82 766 829 526 156 861 4 346 229 278 196 401 207 474 120 477 205 273 112 712 270 421 72 734 703 342 184 493 746 876 874 476 28 254 345 359 413 894 106 660
5043 20 4704 703 342 205 273 874 476 270 421 156 861 120 477 746 876 106 660 345 359 72 734 229 278 196 401 829 526 207 474 112 712 28 254 413 894 4 346 82 766 184 493
1044 20 7473 107 834 149 614 553 644 54 267 381 500 235 979 656 806 307 1000 922 111 545 924 190 631 622 395 389 42 515 556 767 148 710 911 472 873 627 395 321 835 820 494
2044 20 7473 307 1000 767 148 656 806 622 395 149 614 381 500 627 395 389 42 820 494 54 267 107 834 190 631 235 979 710 911 472 873 553 644 545 924 321 835 922 111 515 556
3044 20 7473 545 924 820 494 553 644 622 395 922 111 627 395 389 42 767 148 149 614 235 979 381 500 656 806 54 267 515 556 472 873 710 911 190 631 321 835 307 1000 107 834
4044 20 7473 515 556 321 835 107 834 149 614 622 395 767 148 545 924 656 806 235 979 553 644 922 111 627 395 54 267 381 500 190 631 307 1000 710 911 472 873 820 494 389 42
5044 20 7473 553 644 389 42 622 395 107 834 54 267 515 556 235 979 472 873 767 148 381 500 149 614 820 494 545 924 190 631 656 806 710 911 922 111 321 835 627 395 307 1000
1045 20 6566 683 928 363 267 704 896 175 872 188 81 442 917 446 611 834 394 90 366 98 178 717 300 36 305 64 49 847 503 118 732 158 444 822 656 214 686 705 832 504 583
2045 20 6566 446 611 705 832 188 81 847 503 64 49 683 928 118 732 90 366 175 872 214 686 834 394 98 178 363 267 158 444 822 656 717 300 504 583 36 305 704 896 442 917
3045 20 6566 683 928 822 656 717 300 446 611 704 896 64 49 214 686 363 267 118 732 705 832 158 444 834 394 188 81 90 366 504 583 175 872 442 917 847 503 36 305 98 178
4045 20 6566 717 300 363 267 90 366 504 583 704 896 158 444 442 917 188 81 705 832 118 732 847 503 98 178 834 394 822 656 446 611 175 872 214 686 36 305 683 928 64 49
5045 20 6566 90 366 98 178 363 267 118 732 822 656 442 917 704 896 683 928 188 81 214 686 158 444 36 305 705 832 504 583 847 503 64 49 446 611 175 872 717 300 834 394
1046 20 4534 342 48 233 903 353 821 147 68 603 68 74 140 54 288 365 570 201 361 258 110 660 425 643 939 496 622 60 580 131 451 84 650 765 799 114 978 49 52 36 365
2046 20 4534 49 52 84 650 496 622 353 821 233 903 201 361 60 580 131 451 114 978 258 110 54 288 36 365 765 799 603 68 147 68 342 48 74 140 643 939 365 570 660 425
3046 20 4534 131 451 36 365 201 361 49 52 84 650 765 799 74 140 342 48 365 570 496 622 233 903 258 110 60 580 643 939 114 978 660 425 147 68 353 821 54 288 603 68
4046 20 4534 36 365 643 939 233 903 60 580 765 799 74 140 201 361 365 570 84 650 342 48 114 978 147 68 54 288 353 821 603 68 49 52 660 425 496 622 258 110 131 451
5046 20 4534 660 425 233 903 74 140 765 799 365 570 114 978 84 650 353 821 258 110 643 939 201 361 54 288 131 451 60 580 603 68 147 68 36 365 342 48 496 622 49 52
1047 20 6324 912 296 247 689 5 459 873 850 362 536 82 298 576 87 187 177 441 423 25 264 169 682 652 477 385 377 195 408 744 117 229 80 663 132 143 849 215 556 800 215
2047 20 6324 744 117 652 477 800 215 385 377 441 423 143 849 187 177 229 80 25 264 82 298 663 132 247 689 576 87 215 556 195 408 5 459 362 536 912 296 873 850 169 682
3047 20 6324 652 477 82 298 143 849 229 80 385 377 215 556 912 296 873 850 441 423 195 408 362 536 576 87 25 264 5 459 247 689 744 117 800 215 187 177 169 682 663 132
4047 20 6324 25 264 143 849 195 408 229 80 215 556 912 296 652 477 82 298 873 850 187 177 800 215 744 117 663 132 5 459 385 377 362 536 576 87 169 682 247 689 441 423
5047 20 6324 663 132 215 556 169 682 5 459 576 87 652 477 385 377 229 80 912 296 441 423 143 849 744 117 25 264 873 850 800 215 82 298 187 177 247 689 195 408 362 536
1048 20 5987 311 69 44 745 70 464 379 433 833 801 395 170 164 37 398 887 38 765 99 858 792 426 767 815 657 360 430 726 2 838 123 762 62 642 911 732 482 945 527 581
2048 20 5987 44 745 62 642 527 581 2 838 123 762 911 732 99 858 398 887 430 726 833 801 379 433 792 426 311 69 38 765 164 37 70 464 395 170 482 945 767 815 657 360
3048 20 5987 911 732 395 170 99 858 657 360 44 745 527 581 62 642 2 838 767 815 482 945 70 464 123 762 379 433 833 801 792 426 164 37 398 887 430 726 38 765 311 69
4048 20 5987 482 945 833 801 38 765 395 170 70 464 44 745 792 426 99 858 430 726 398 887 911 732 767 815 657 360 123 762 379 433 164 37 62 642 311 69 2 838 527 581
5048 20 5987 44 745 527 581 482 945 911 732 38 765 398 887 657 360 430 726 792 426 395 170 123 762 62 642 2 838 164 37 99 858 379 433 833 801 311 69 767 815 70 464
1049 20 6656 723 177 297 263 523 400 644 344 357 346 392 613 325 698 17 461 580 805 349 37 182 690 711 921 901 95 455 337 34 579 254 943 150 262 495 75 320 395 611 461
2049 20 6656 150 262 392 613 34 579 320 395 325 698 901 95 182 690 580 805 611 461 495 75 357 346 17 461 297 263 455 337 523 400 349 37 711 921 644 344 723 177 254 943
3049 20 6656 150 262 325 698 580 805 495 75 901 95 357 346 17 461 723 177 644 344 297 263 254 943 392 613 349 37 455 337 711 921 611 461 320 395 182 690 34 579 523 400
4049 20 6656 325 698 723 177 580 805 357 346 495 75 297 263 455 337 349 37 392 613 254 943 320 395 182 690 644 344 901 95 17 461 150 262 523 400 611 461 711 921 34 579
5049 20 6656 495 75 349 37 325 698 392 613 357 346 34 579 723 177 17 461 711 921 182 690 611 461 580 805 644 344 254 943 901 95 320 395 150 262 455 337 523 400 297 263
1050 20 5679 123 540 342 31 85 311 156 846 23 385 595 727 447 299 657 235 113 787 390 446 271 267 631 571 231 476 641 714 889 331 87 566 44 682 562 176 219 831 593 511
2050 20 5679 87 566 113 787 595 727 631 571 889 331 23 385 447 299 219 831 342 31 123 540 593 511 271 267 641 714 44 682 231 476 562 176 85 311 156 846 390 446 657 235
3050 20 5679 156 846 23 385 593 511 641 714 447 299 657 235 889 331 631 571 595 727 123 540 87 566 44 682 231 476 390 446 562 176 342 31 113 787 271 267 219 831 85 311
4050 20 5679 342 31 271 267 595 727 85 311 231 476 23 385 593 511 641 714 123 540 562 176 447 299 657 235 156 846 219 831 113 787 87 566 44 682 631 571 889 331 390 446
5050 20 5679 631 571 123 540 219 831 44 682 657 235 231 476 271 267 85 311 87 566 390 446 156 846 595 727 562 176 447 299 23 385 342 31 641 714 593 511 889 331 113 787
1051 20 6539 757 747 738 841 234 879 546 403 231 313 976 314 941 169 532 820 311 644 610 463 11 878 185 434 31 327 418 915 20 252 28 412 952 684 115 532 24 146 514 177
2051 20 6539 610 463 31 327 941 169 738 841 11 878 532 820 546 403 20 252 311 644 514 177 952 684 976 314 115 532 185 434 28 412 418 915 231 313 234 879 24 146 757 747
3051 20 6539 418 915 610 463 28 412 234 879 231 313 11 878 757 747 311 644 514 177 115 532 31 327 532 820 546 403 738 841 941 169 24 146 976 314 952 684 185 434 20 252
4051 20 6539 20 252 738 841 11 878 532 820 31 327 28 412 952 684 757 747 514 177 311 644 24 146 610 463 941 169 231 313 234 879 115 532 185 434 418 915 546 403 976 314
5051 20 6539 28 412 11 878 546 403 610 463 231 313 976 314 757 747 514 177 311 644 185 434 418 915 532 820 20 252 952 684 24 146 738 841 941 169 234 879 115 532 31 327
1052 20 5762 239 965 352 505 56 258 421 279 370 798 512 27 602 792 164 54 666 485 69 581 603 656 220 84 507 666 486 702 286 456 652 400 43 118 369 617 159 801 427 799
2052 20 5762 239 965 352 505 369 617 43 118 370 798 69 581 507 666 220 84 602 792 486 702 512 27 603 656 56 258 159 801 286 456 666 485 164 54 652 400 427 799 421 279
3052 20 5762 666 485 352 505 43 118 56 258 427 799 369 617 507 666 486 702 421 279 286 456 239 965 602 792 512 27 652 400 69 581 370 798 159 801 164 54 603 656 220 84
4052 20 5762 603 656 507 666 369 617 220 84 69 581 427 799 512 27 486 702 666 485 421 279 164 54 602 792 652 400 159 801 239 965 43 118 352 505 56 258 370 798 286 456
5052 20 5762 159 801 666 485 239 965 69 581 352 505 56 258 512 27 421 279 427 799 507 666 603 656 164 54 486 702 369 617 602 792 220 84 370 798 652 400 286 456 43 118
1053 20 5694 336 323 895 924 410 544 24 617 827 237 417 378 512 711 480 202 26 684 82 197 135 40 749 654 147 202 52 677 382 551 568 872 227 366 480 114 15 593 354 194
2053 20 5694 568 872 24 617 749 654 480 202 15 593 382 551 82 197 512 711 52 677 895 924 480 114 827 237 336 323 410 544 227 366 354 194 417 378 26 684 135 40 147 202
3053 20 5694 417 378 26 684 147 202 354 194 52 677 827 237 410 544 895 924 227 366 382 551 480 114 749 654 480 202 82 197 512 711 135 40 336 323 15 593 24 617 568 872
4053 20 5694 52 677 336 323 24 617 417 378 82 197 227 366 749 654 895 924 568 872 827 237 15 593 382 551 512 711 480 114 26 684 354 194 410 544 147 202 480 202 135 40
5053 20 5694 410 544 15 593 82 197 24 617 512 711 827 237 26 684 147 202 135 40 568 872 382 551 480 114 749 654 336 323 227 366 895 924 417 378 52 677 354 194 480 202
1054 20 4621 343 968 8 323 99 595 89 602 776 961 131 239 425 397 478 759 530 44 294 408 473 516 169 134 581 889 78 832 44 705 141 680 678 959 43 919 87 438 310 653
2054 20 4621 8 323 581 889 343 968 294 408 473 516 43 919 99 595 141 680 44 705 678 959 310 653 478 759 89 602 776 961 425 397 131 239 530 44 87 438 78 832 169 134
3054 20 4621 99 595 776 961 478 759 343 968 169 134 473 516 78 832 43 919 87 438 141 680 89 602 678 959 294 408 310 653 131 239 425 397 530 44 8 323 44 705 581 889
4054 20 4621 89 602 87 438 478 759 141 680 169 134 44 705 131 239 473 516 581 889 99 595 530 44 294 408 425 397 310 653 78 832 678 959 43 919 8 323 343 968 776 961
5054 20 4621 89 602 87 438 776 961 43 919 169 134 478 759 530 44 678 959 131 239 581 889 78 832 425 397 310 653 99 595 44 705 294 408 343 968 8 323 473 516 141 680
1055 20 5380 795 260 339 510 597 402 6 668 457 936 82 965 50 954 597 76 110 420 413 112 16 296 779 479 855 47 38 809 4 601 110 461 233 984 370 286 66 617 808 163
2055 20 5380 6 668 855 47 66 617 457 936 16 296 597 402 110 461 339 510 808 163 779 479 82 965 50 954 413 112 110 420 795 260 4 601 597 76 38 809 233 984 370 286
3055 20 5380 233 984 6 668 66 617 370 286 413 112 16 296 38 809 50 954 110 461 855 47 110 420 82 965 795 260 779 479 597 402 339 510 808 163 4 601 457 936 597 76
4055 20 5380 16 296 6 668 779 479 413 112 110 420 808 163 370 286 457 936 597 402 597 76 110 461 795 260 4 601 233 984 38 809 82 965 339 510 66 617 50 954 855 47
5055 20 5380 233 984 6 668 855 47 795 260 457 936 110 461 16 296 50 954 779 479 4 601 339 510 110 420 66 617 82 965 370 286 597 402 597 76 808 163 413 112 38 809
1056 20 6133 243 860 892 695 949 389 73 682 172 482 340 987 729 653 512 741 51 906 180 993 203 315 298 304 514 18 594 505 59 612 511 342 230 626 109 266 524 450 484 398
2056 20 6133 340 987 230 626 484 398 51 906 524 450 729 653 892 695 512 741 594 505 514 18 511 342 298 304 73 682 109 266 172 482 243 860 180 993 949 389 203 315 59 612
3056 20 6133 59 612 51 906 230 626 172 482 524 450 729 653 298 304 594 505 892 695 949 389 180 993 511 342 340 987 514 18 484 398 109 266 73 682 243 860 512 741 203 315
4056 20 6133 59 612 51 906 514 18 511 342 949 389 230 626 73 682 109 266 180 993 172 482 203 315 340 987 484 398 892 695 512 741 243 860 729 653 594 505 524 450 298 304
5056 20 6133 340 987 73 682 594 505 511 342 172 482 59 612 949 389 51 906 203 315 512 741 892 695 230 626 180 993 298 304 484 398 729 653 514 18 109 266 524 450 243 860
1057 20 6578 798 292 165 968 460 74 426 852 31 630 55 202 477 580 96 115 853 691 978 643 452 264 588 328 268 240 599 164 309 595 631 229 26 842 739 707 106 540 166 975
2057 20 6578 165 968 309 595 166 975 978 643 739 707 460 74 268 240 631 229 106 540 452 264 55 202 477 580 599 164 96 115 26 842 426 852 31 630 798 292 853 691 588 328
3057 20 6578 166 975 26 842 460 74 631 229 31 630 477 580 165 968 452 264 55 202 588 328 96 115 426 852 798 292 309 595 978 643 599 164 853 691 106 540 739 707 268 240
4057 20 6578 96 115 426 852 165 968 739 707 31 630 798 292 599 164 452 264 978 643 631 229 166 975 460 74 26 842 477 580 588 328 55 202 309 595 853 691 106 540 268 240
5057 20 6578 309 595 588 328 166 975 268 240 798 292 31 630 452 264 853 691 631 229 477 580 978 643 599 164 739 707 55 202 460 74 96 115 426 852 106 540 26 842 165 968
1058 20 5447 284 773 342 565 289 531 284 273 237 391 228 272 423 932 106 626 890 143 65 509 623 753 379 327 819 992 212 453 278 901 311 957 338 186 107 532 357 795 237 396
2058 20 5447 212 453 342 565 228 272 237 391 819 992 284 773 278 901 65 509 623 753 289 531 379 327 357 795 107 532 106 626 311 957 237 396 284 273 423 932 338 186 890 143
3058 20 5447 106 626 237 391 212 453 237 396 278 901 819 992 379 327 338 186 107 532 289 531 284 273 357 795 284 773 65 509 228 272 890 143 423 932 311 957 623 753 342 565
4058 20 5447 237 396 890 143 311 957 423 932 342 565 338 186 106 626 237 391 107 532 284 773 819 992 379 327 357 795 65 509 228 272 278 901 289 531 212 453 623 753 284 273
5058 20 5447 106 626 237 391 379 327 284 273 338 186 819 992 237 396 107 532 284 773 228 272 65 509 342 565 212 453 890 143 311 957 623 753 357 795 423 932 278 901 289 531
1059 20 6258 725 766 318 172 31 331 381 336 99 70 148 991 51 380 851 705 381 529 830 295 476 923 10 121 513 370 258 883 55 821 469 589 320 979 485 522 620 729 802 369
2059 20 6258 851 705 320 979 10 121 381 529 51 380 485 522 802 369 469 589 55 821 513 370 258 883 725 766 31 331 620 729 830 295 148 991 476 923 99 70 381 336 318 172
3059 20 6258 51 380 320 979 10 121 476 923 620 729 830 295 469 589 381 529 851 705 513 370 725 766 99 70 381 336 318 172 802 369 55 821 31 331 258 883 148 991 485 522
4059 20 6258 258 883 476 923 620 729 513 370 469 589 381 529 99 70 851 705 381 336 55 821 148 991 485 522 31 331 10 121 830 295 725 766 802 369 318 172 51 380 320 979
5059 20 6258 485 522 802 369 99 70 31 331 258 883 476 923 381 336 10 121 725 766 381 529 318 172 830 295 851 705 148 991 320 979 513 370 469 589 55 821 620 729 51 380
1060 20 6544 932 57 252 533 31 811 252 1 614 355 641 180 380 86 164 525 500 524 72 920 860 731 468 129 710 394 374 35 200 492 133 144 349 302 245 374 801 577 202 137
2060 20 6544 200 492 614 355 349 302 252 533 710 394 72 920 245 374 164 525 500 524 641 180 468 129 380 86 801 577 133 144 31 811 932 57 860 731 252 1 202 137 374 35
3060 20 6544 468 129 500 524 380 86 164 525 374 35 641 180 72 920 801 577 710 394 133 144 252 533 202 137 614 355 860 731 200 492 932 57 252 1 31 811 349 302 245 374
4060 20 6544 710 394 374 35 932 57 31 811 614 355 202 137 252 533 133 144 380 86 252 1 641 180 500 524 200 492 801 577 349 302 468 129 164 525 72 920 860 731 245 374
5060 20 6544 72 920 641 180 468 129 374 35 380 86 614 355 860 731 133 144 202 137 500 524 245 374 710 394 349 302 164 525 31 811 252 1 801 577 200 492 252 533 932 57
1061 20 5752 120 456 801 237 165 587 105 163 33 44 571 994 41 415 523 807 315 450 644 613 484 25 563 231 611 367 62 871 87 20 226 435 282 186 316 140 632 825 609 891
2061 20 5752 62 871 165 587 33 44 644 613 523 807 484 25 120 456 315 450 801 237 226 435 563 231 316 140 282 186 105 163 611 367 87 20 571 994 632 825 609 891 41 415
3061 20 5752 33 44 523 807 632 825 315 450 644 613 105 163 226 435 801 237 87 20 165 587 316 140 282 186 611 367 571 994 484 25 609 891 563 231 62 871 41 415 120 456
4061 20 5752 62 871 165 587 87 20 571 994 523 807 609 891 644 613 282 186 563 231 801 237 632 825 484 25 33 44 120 456 105 163 41 415 315 450 316 140 611 367 226 435
5061 20 5752 120 456 523 807 801 237 33 44 609 891 41 415 282 186 315 450 62 871 571 994 105 163 611 367 87 20 226 435 632 825 316 140 644 613 165 587 563 231 484 25
1062 20 5755 161 538 122 365 330 402 218 973 872 639 405 110 154 235 437 419 867 982 131 703 411 703 60 634 42 975 755 738 459 732 548 662 453 134 507 459 43 795 219 999
2062 20 5755 60 634 872 639 453 134 755 738 330 402 548 662 867 982 131 703 437 419 42 975 161 538 411 703 507 459 43 795 219 999 154 235 459 732 122 365 218 973 405 110
3062 20 5755 154 235 43 795 122 365 453 134 437 419 507 459 459 732 411 703 60 634 872 639 219 999 405 110 755 738 218 973 161 538 867 982 548 662 42 975 330 402 131 703
4062 20 5755 219 999 459 732 411 703 405 110 122 365 42 975 330 402 507 459 131 703 755 738 43 795 867 982 872 639 154 235 161 538 218 973 453 134 60 634 437 419 548 662
5062 20 5755 219 999 330 402 42 975 459 732 437 419 411 703 161 538 507 459 131 703 218 973 548 662 154 235 755 738 453 134 122 365 872 639 60 634 43 795 867 982 405 110
1063 20 5994 780 922 74 990 232 608 313 163 816 701 659 672 472 733 981 575 568 941 2 409 381 626 689 486 114 625 424 184 81 559 158 500 446 310 55 974 174 772 74 161
2063 20 5994 313 163 114 625 472 733 424 184 689 486 174 772 780 922 74 161 816 701 158 500 981 575 2 409 381 626 568 941 659 672 232 608 74 990 55 974 81 559 446 310
3063 20 5994 74 990 174 772 981 575 158 500 2 409 381 626 81 559 313 163 659 672 816 701 446 310 232 608 424 184 689 486 74 161 568 941 472 733 55 974 780 922 114 625
4063 20 5994 232 608 81 559 313 163 74 161 659 672 981 575 158 500 74 990 55 974 114 625 568 941 381 626 424 184 2 409 174 772 689 486 780 922 816 701 472 733 446 310
5063 20 5994 174 772 2 409 74 990 446 310 81 559 424 184 981 575 114 625 780 922 74 161 659 672 816 701 568 941 232 608 158 500 472 733 689 486 55 974 313 163 381 626
1064 20 5116 67 5 166 460 513 296 133 530 22 735 315 173 422 599 433 473 609 507 461 817 105 380 302 161 562 799 356 784 344 986 401 809 430 326 75 192 505 138 174 848
2064 20 5116 433 473 513 296 22 735 344 986 315 173 67 5 505 138 430 326 105 380 174 848 302 161 166 460 356 784 133 530 609 507 75 192 401 809 461 817 562 799 422 599
3064 20 5116 302 161 315 173 344 986 513 296 562 799 461 817 174 848 430 326 105 380 75 192 505 138 133 530 433 473 166 460 356 784 422 599 609 507 67 5 22 735 401 809
4064 20 5116 302 161 513 296 356 784 133 530 562 799 166 460 505 138 344 986 105 380 315 173 67 5 422 599 433 473 401 809 430 326 75 192 174 848 609 507 461 817 22 735
5064 20 5116 562 799 75 192 302 161 609 507 422 599 315 173 174 848 22 735 133 530 461 817 105 380 430 326 513 296 67 5 505 138 401 809 344 986 356 784 166 460 433 473
1065 20 6075 829 63 215 456 20 63 70 285 2 533 951 576 504 762 415 583 43 115 237 120 582 573 534 313 396 420 424 69 486 648 737 593 342 693 432 428 318 35 57 869
2065 20 6075 737 593 582 573 504 762 2 533 432 428 215 456 20 63 237 120 318 35 43 115 534 313 342 693 829 63 415 583 486 648 424 69 396 420 70 285 951 576 57 869
3065 20 6075 737 593 396 420 2 533 20 63 318 35 57 869 43 115 415 583 829 63 342 693 215 456 534 313 486 648 432 428 951 576 504 762 70 285 424 69 237 120 582 573
4065 20 6075 396 420 70 285 237 120 424 69 432 428 504 762 415 583 20 63 342 693 534 313 951 576 215 456 57 869 582 573 318 35 737 593 43 115 829 63 2 533 486 648
5065 20 6075 432 428 737 593 951 576 215 456 415 583 534 313 318 35 504 762 582 573 342 693 20 63 486 648 829 63 237 120 2 533 57 869 70 285 424 69 396 420 43 115
1066 20 6004 361 458 127 534 143 147 245 498 382 811 680 891 268 819 614 202 110 579 789 805 188 772 565 422 225 248 433 949 483 238 550 894 643 943 344 765 25 177 331 93
2066 20 6004 550 894 143 147 789 805 25 177 361 458 245 498 382 811 225 248 110 579 127 534 344 765 331 93 614 202 680 891 188 772 565 422 483 238 268 819 643 943 433 949
3066 20 6004 344 765 614 202 268 819 331 93 188 772 225 248 550 894 361 458 680 891 565 422 25 177 143 147 382 811 127 534 483 238 643 943 433 949 789 805 110 579 245 498
4066 20 6004 361 458 25 177 433 949 245 498 344 765 382 811 225 248 789 805 550 894 143 147 483 238 643 943 680 891 268 819 565 422 614 202 110 579 331 93 127 534 188 772
5066 20 6004 382 811 268 819 344 765 127 534 643 943 225 248 565 422 110 579 188 772 680 891 143 147 331 93 361 458 789 805 245 498 433 949 25 177 483 238 614 202 550 894
1067 20 6164 97 541 705 696 352 80 31 846 158 633 624 449 479 497 441 580 333 269 208 912 512 578 600 660 801 5 649 674 247 41 433 611 363 903 68 892 121 15 483 751
2067 20 6164 352 80 705 696 649 674 121 15 801 5 600 660 333 269 363 903 483 751 624 449 31 846 512 578 158 633 68 892 433 611 441 580 479 497 208 912 97 541 247 41
3067 20 6164 158 633 483 751 68 892 600 660 333 269 208 912 624 449 363 903 649 674 97 541 121 15 441 580 433 611 352 80 479 497 247 41 705 696 801 5 31 846 512 578
4067 20 6164 624 449 705 696 433 611 363 903 158 633 479 497 600 660 333 269 352 80 801 5 31 846 247 41 208 912 512 578 68 892 97 541 483 751 441 580 121 15 649 674
5067 20 6164 31 846 352 80 441 580 158 633 121 15 512 578 68 892 363 903 600 660 97 541 479 497 705 696 208 912 624 449 333 269 801 5 433 611 247 41 483 751 649 674
1068 20 7497 199 280 39 186 161 386 546 630 657 478 370 727 456 1000 763 961 501 102 112 543 237 828 875 636 837 802 69 438 11 833 881 446 865 204 193 634 781 449 819 687
2068 20 7497 193 634 837 802 39 186 819 687 112 543 237 828 501 102 781 449 456 1000 657 478 370 727 875 636 161 386 546 630 865 204 881 446 763 961 199 280 69 438 11 833
3068 20 7497 112 543 193 634 875 636 39 186 781 449 865 204 657 478 237 828 501 102 546 630 370 727 763 961 456 1000 881 446 11 833 837 802 69 438 161 386 819 687 199 280
4068 20 7497 199 280 657 478 11 833 161 386 193 634 865 204 370 727 881 446 456 1000 837 802 501 102 781 449 819 687 763 961 112 543 237 828 69 438 875 636 546 630 39 186
5068 20 7497 199 280 546 630 881 446 370 727 39 186 781 449 819 687 456 1000 161 386 501 102 875 636 237 828 69 438 112 543 11 833 865 204 837 802 763 961 657 478 193 634
1069 20 6916 430 916 336 869 333 853 148 556 899 892 239 31 964 60 31 695 438 370 776 815 500 603 210 973 639 62 789 514 8 343 511 641 169 14 489 929 291 441 446 166
2069 20 6916 430 916 899 892 639 62 31 695 291 441 964 60 169 14 500 603 333 853 210 973 239 31 336 869 8 343 446 166 511 641 489 929 148 556 789 514 438 370 776 815
3069 20 6916 210 973 239 31 446 166 438 370 430 916 31 695 899 892 964 60 639 62 511 641 336 869 169 14 789 514 489 929 8 343 776 815 333 853 500 603 291 441 148 556
4069 20 6916 148 556 291 441 899 892 210 973 430 916 239 31 8 343 31 695 336 869 169 14 776 815 789 514 964 60 438 370 500 603 511 641 446 166 489 929 639 62 333 853
5069 20 6916 438 370 789 514 489 929 239 31 169 14 430 916 964 60 210 973 333 853 291 441 500 603 31 695 899 892 639 62 446 166 336 869 776 815 511 641 148 556 8 343
1070 20 5532 59 996 21 739 57 650 182 965 178 526 775 173 868 528 404 896 25 488 803 522 123 636 445 490 50 373 562 97 663 760 104 349 139 576 522 132 719 941 216 900
2070 20 5532 663 760 123 636 21 739 50 373 803 522 182 965 562 97 775 173 139 576 719 941 522 132 445 490 216 900 57 650 104 349 59 996 868 528 25 488 178 526 404 896
3070 20 5532 178 526 104 349 123 636 663 760 216 900 21 739 445 490 139 576 775 173 57 650 182 965 50 373 562 97 868 528 25 488 719 941 803 522 404 896 522 132 59 996
4070 20 5532 57 650 21 739 562 97 522 132 139 576 50 373 25 488 123 636 59 996 803 522 404 896 663 760 178 526 868 528 775 173 104 349 216 900 182 965 445 490 719 941
5070 20 5532 445 490 775 173 216 900 59 996 562 97 25 488 50 373 868 528 719 941 522 132 182 965 139 576 57 650 21 739 803 522 663 760 123 636 178 526 104 349 404 896
1071 20 5146 105 406 808 815 591 822 101 606 217 780 587 29 77 710 24 304 914 468 98 35 622 844 406 967 286 478 158 101 478 722 209 501 107 479 436 481 128 97 81 791
2071 20 5146 622 844 406 967 217 780 105 406 914 468 587 29 81 791 158 101 107 479 77 710 98 35 436 481 209 501 808 815 478 722 286 478 24 304 591 822 128 97 101 606
3071 20 5146 622 844 587 29 478 722 217 780 808 815 77 710 105 406 24 304 406 967 286 478 591 822 158 101 209 501 914 468 107 479 101 606 98 35 81 791 436 481 128 97
4071 20 5146 587 29 286 478 478 722 591 822 101 606 98 35 622 844 158 101 77 710 128 97 436 481 209 501 914 468 107 479 81 791 406 967 808 815 217 780 105 406 24 304
5071 20 5146 98 35 286 478 591 822 808 815 24 304 81 791 406 967 209 501 105 406 217 780 107 479 158 101 436 481 587 29 622 844 101 606 478 722 77 710 128 97 914 468
1072 20 6262 281 578 185 1 780 396 921 429 1 147 536 628 770 306 866 275 301 612 809 533 731 996 253 266 27 841 201 466 118 522 296 21 212 5 427 430 43 662 70 768
2072 20 6262 780 396 921 429 770 306 296 21 1 147 70 768 536 628 185 1 809 533 201 466 27 841 866 275 43 662 427 430 118 522 301 612 731 996 281 578 212 5 253 266
3072 20 6262 780 396 809 533 866 275 1 147 281 578 301 612 43 662 731 996 27 841 212 5 427 430 253 266 770 306 185 1 118 522 201 466 536 628 70 768 296 21 921 429
4072 20 6262 296 21 770 306 185 1 27 841 809 533 1 147 253 266 118 522 201 466 427 430 70 768 301 612 281 578 866 275 536 628 212 5 921 429 731 996 780 396 43 662
5072 20 6262 185 1 427 430 1 147 770 306 866 275 212 5 921 429 201 466 301 612 731 996 43 662 70 768 296 21 118 522 27 841 780 396 536 628 281 578 253 266 809 533
1073 20 6233 281 141 385 328 803 266 59 14 206 220 551 119 121 96 272 302 21 136 190 60 559 451 538 878 592 925 331 756 185 5 570 379 870 231 497 395 525 200 236 964
2073 20 6233 559 451 185 5 236 964 206 220 497 395 592 925 538 878 870 231 570 379 281 141 525 200 803 266 551 119 121 96 190 60 59 14 385 328 331 756 272 302 21 136
3073 20 6233 870 231 236 964 497 395 59 14 559 451 21 136 592 925 185 5 121 96 331 756 281 141 525 200 538 878 190 60 570 379 272 302 803 266 385 328 206 220 551 119
4073 20 6233 272 302 538 878 592 925 559 451 803 266 385 328 190 60 331 756 497 395 281 141 185 5 121 96 206 220 21 136 525 200 59 14 570 379 870 231 551 119 236 964
5073 20 6233 559 451 525 200 236 964 570 379 190 60 497 395 281 141 59 14 206 220 185 5 551 119 592 925 385 328 121 96 803 266 272 302 21 136 870 231 331 756 538 878
1074 20 4259 332 163 286 989 465 458 74 227 82 866 182 510 7 715 82 71 366 843 45 12 833 275 521 710 130 387 372 62 25 829 41 466 173 379 747 928 331 612 230 671
2074 20 4259 465 458 74 227 130 387 82 866 521 710 25 829 182 510 331 612 7 715 747 928 41 466 372 62 173 379 45 12 833 275 332 163 230 671 286 989 82 71 366 843
3074 20 4259 230 671 286 989 25 829 372 62 465 458 45 12 82 71 747 928 182 510 833 275 173 379 366 843 74 227 521 710 41 466 331 612 82 866 332 163 130 387 7 715
4074 20 4259 372 62 366 843 25 829 173 379 74 227 747 928 182 510 7 715 230 671 41 466 331 612 130 387 833 275 45 12 465 458 82 866 521 710 82 71 332 163 286 989
5074 20 4259 25 829 173 379 372 62 833 275 74 227 465 458 130 387 332 163 230 671 331 612 286 989 45 12 182 510 747 928 41 466 7 715 82 71 82 866 521 710 366 843
1075 20 5396 313 774 100 359 492 554 178 917 556 701 315 330 156 215 756 631 433 444 375 323 231 133 334 589 1 151 733 954 32 410 639 841 364 890 213 70 467 898 57 865
2075 20 5396 639 841 556 701 313 774 156 215 433 444 100 359 213 70 57 865 32 410 178 917 375 323 364 890 1 151 315 330 231 133 492 554 334 589 756 631 467 898 733 954
3075 20 5396 433 444 467 898 315 330 639 841 178 917 375 323 556 701 1 151 231 133 100 359 32 410 364 890 213 70 313 774 334 589 57 865 492 554 756 631 733 954 156 215
4075 20 5396 433 444 733 954 334 589 315 330 231 133 156 215 467 898 556 701 57 865 32 410 375 323 1 151 492 554 213 70 756 631 639 841 364 890 313 774 100 359 178 917
5075 20 5396 733 954 756 631 1 151 57 865 32 410 178 917 467 898 334 589 492 554 639 841 364 890 313 774 156 215 315 330 231 133 213 70 375 323 556 701 100 359 433 444
1076 20 5614 661 388 237 196 670 906 19 919 875 17 742 658 35 232 211 218 417 661 777 247 191 164 66 515 329 414 88 114 151 760 256 547 197 890 205 70 400 901 491 175
2076 20 5614 742 658 661 388 35 232 237 196 88 114 211 218 19 919 670 906 417 661 491 175 205 70 256 547 329 414 777 247 151 760 875 17 191 164 66 515 400 901 197 890
3076 20 5614 88 114 151 760 777 247 875 17 19 919 742 658 197 890 491 175 670 906 417 661 205 70 400 901 35 232 256 547 211 218 66 515 237 196 661 388 329 414 191 164
4076 20 5614 66 515 329 414 35 232 256 547 211 218 19 919 661 388 875 17 237 196 88 114 417 661 777 247 742 658 491 175 205 70 400 901 151 760 670 906 191 164 197 890
5076 20 5614 670 906 191 164 88 114 742 658 211 218 875 17 19 919 205 70 777 247 197 890 237 196 491 175 400 901 35 232 151 760 329 414 661 388 256 547 417 661 66 515
1077 20 6074 804 72 57 882 870 946 667 207 219 121 78 641 146 560 441 185 228 781 352 976 446 326 1 340 713 253 806 75 96 330 70 16 406 638 273 561 107 608 813 698
2077 20 6074 273 561 219 121 870 946 107 608 70 16 446 326 352 976 804 72 57 882 78 641 146 560 713 253 813 698 1 340 667 207 228 781 441 185 406 638 806 75 96 330
3077 20 6074 70 16 273 561 667 207 78 641 441 185 96 330 446 326 713 253 813 698 1 340 228 781 804 72 219 121 57 882 806 75 352 976 870 946 146 560 406 638 107 608
4077 20 6074 806 75 713 253 813 698 78 641 107 608 96 330 1 340 219 121 273 561 667 207 804 72 146 560 352 976 441 185 446 326 228 781 870 946 70 16 406 638 57 882
5077 20 6074 219 121 713 253 273 561 806 75 1 340 441 185 352 976 57 882 96 330 78 641 813 698 446 326 406 638 667 207 804 72 228 781 146 560 70 16 870 946 107 608
1078 20 5941 591 326 379 17 17 229 699 192 42 990 43 112 758 693 167 216 4 356 718 615 649 965 116 342 817 349 260 342 342 68 386 199 589 599 110 11 133 753 607 339
2078 20 5941 379 17 589 599 260 342 607 339 4 356 718 615 817 349 133 753 591 326 342 68 649 965 116 342 758 693 386 199 167 216 110 11 43 112 17 229 699 192 42 990
3078 20 5941 386 199 649 965 4 356 260 342 718 615 591 326 116 342 110 11 699 192 379 17 607 339 817 349 589 599 342 68 133 753 43 112 758 693 17 229 42 990 167 216
4078 20 5941 42 990 116 342 817 349 167 216 758 693 17 229 110 11 699 192 379 17 4 356 591 326 43 112 718 615 342 68 589 599 649 965 260 342 607 339 386 199 133 753
5078 20 5941 718 615 591 326 342 68 649 965 386 199 43 112 167 216 758 693 42 990 17 229 260 342 379 17 699 192 607 339 817 349 133 753 589 599 116 342 4 356 110 11
1079 20 8144 851 635 867 120 386 874 858 130 724 480 926 843 117 246 11 840 63 520 909 22 55 527 501 148 519 141 83 486 372 815 667 795 824 291 150 6 697 349 601 374
2079 20 8144 519 141 909 22 601 374 824 291 386 874 501 148 117 246 926 843 858 130 55 527 83 486 372 815 724 480 63 520 150 6 851 635 867 120 697 349 11 840 667 795
3079 20 8144 858 130 150 6 909 22 501 148 11 840 63 520 117 246 867 120 519 141 372 815 697 349 601 374 926 843 83 486 824 291 386 874 55 527 667 795 851 635 724 480
4079 20 8144 150 6 697 349 55 527 11 840 372 815 117 246 601 374 858 130 83 486 501 148 63 520 824 291 909 22 724 480 667 795 867 120 519 141 851 635 926 843 386 874
5079 20 8144 63 520 386 874 372 815 117 246 824 291 909 22 55 527 501 148 11 840 83 486 667 795 867 120 601 374 150 6 851 635 858 130 519 141 724 480 926 843 697 349
1080 20 5937 392 998 302 372 188 354 847 473 589 437 703 517 294 126 367 99 392 777 268 273 508 177 241 735 227 624 333 42 488 893 88 45 140 461 249 254 590 324 216 218
2080 20 5937 508 177 227 624 216 218 188 354 88 45 294 126 268 273 589 437 333 42 249 254 302 372 847 473 367 99 392 777 488 893 392 998 140 461 703 517 590 324 241 735
3080 20 5937 590 324 294 126 302 372 508 177 703 517 216 218 88 45 367 99 333 42 227 624 249 254 392 777 140 461 392 998 589 437 188 354 488 893 241 735 268 273 847 473
4080 20 5937 367 99 88 45 227 624 188 354 488 893 140 461 302 372 268 273 847 473 216 218 241 735 589 437 294 126 508 177 333 42 590 324 703 517 249 254 392 777 392 998
5080 20 5937 367 99 188 354 302 372 294 126 488 893 216 218 227 624 508 177 847 473 249 254 589 437 590 324 268 273 392 998 333 42 140 461 88 45 703 517 241 735 392 777
1081 20 6904 877 331 319 302 425 581 149 70 47 63 468 971 608 412 624 894 475 774 561 652 357 976 79 377 504 74 338 690 36 79 219 275 886 249 338 578 859 209 461 420
2081 20 6904 468 971 624 894 461 420 425 581 877 331 36 79 219 275 504 74 859 209 47 63 319 302 357 976 79 377 886 249 475 774 338 578 149 70 338 690 561 652 608 412
3081 20 6904 338 578 877 331 357 976 504 74 79 377 338 690 219 275 319 302 608 412 149 70 561 652 475 774 461 420 425 581 624 894 859 209 886 249 36 79 47 63 468 971
4081 20 6904 219 275 79 377 608 412 149 70 425 581 357 976 886 249 338 690 859 209 475 774 461 420 319 302 47 63 561 652 468 971 624 894 36 79 877 331 504 74 338 578
5081 20 6904 357 976 461 420 319 302 47 63 36 79 886 249 877 331 338 690 608 412 561 652 468 971 338 578 149 70 219 275 504 74 79 377 475 774 624 894 425 581 859 209
1082 20 5778 687 367 67 830 298 498 814 235 300 374 82 824 310 904 584 777 139 900 366 412 465 802 331 905 237 978 473 140 625 908 181 755 144 278 184 460 188 526 748 501
2082 20 5778 67 830 300 374 184 460 465 802 144 278 473 140 687 367 814 235 625 908 139 900 82 824 181 755 331 905 748 501 298 498 237 978 584 777 310 904 188 526 366 412
3082 20 5778 584 777 300 374 625 908 298 498 473 140 331 905 139 900 82 824 748 501 687 367 188 526 366 412 144 278 310 904 237 978 181 755 465 802 814 235 67 830 184 460
4082 20 5778 184 460 298 498 310 904 237 978 331 905 82 824 188 526 139 900 473 140 144 278 814 235 181 755 625 908 687 367 465 802 67 830 300 374 366 412 584 777 748 501
5082 20 5778 181 755 300 374 298 498 82 824 331 905 687 367 625 908 188 526 584 777 748 501 237 978 184 460 366 412 310 904 144 278 139 900 814 235 465 802 473 140 67 830
1083 20 6122 481 72 10 596 391 787 139 799 651 185 747 468 509 455 682 657 412 835 304 846 825 170 68 581 335 873 168 706 218 42 328 493 565 798 466 449 353 143 1 622
2083 20 6122 651 185 747 468 825 170 168 706 466 449 139 799 412 835 10 596 565 798 304 846 353 143 481 72 218 42 682 657 335 873 391 787 509 455 1 622 328 493 68 581
3083 20 6122 466 449 412 835 168 706 651 185 335 873 304 846 1 622 10 596 565 798 682 657 139 799 391 787 747 468 825 170 328 493 353 143 481 72 218 42 68 581 509 455
4083 20 6122 412 835 565 798 168 706 68 581 391 787 328 493 481 72 335 873 139 799 825 170 651 185 353 143 218 42 10 596 1 622 304 846 747 468 509 455 682 657 466 449
5083 20 6122 139 799 747 468 565 798 825 170 168 706 304 846 218 42 68 581 509 455 391 787 412 835 10 596 1 622 335 873 682 657 651 185 328 493 466 449 353 143 481 72
1084 20 6062 273 121 458 358 968 389 260 758 167 362 266 265 700 74 223 437 165 778 769 482 240 245 781 495 188 449 281 15 424 494 388 428 335 788 34 40 386 413 272 845
2084 20 6062 240 245 968 389 188 449 388 428 781 495 281 15 260 758 223 437 458 358 424 494 386 413 273 121 165 778 272 845 335 788 700 74 167 362 34 40 266 265 769 482
3084 20 6062 424 494 165 778 700 74 781 495 223 437 386 413 260 758 167 362 458 358 281 15 769 482 266 265 34 40 240 245 188 449 388 428 273 121 968 389 272 845 335 788
4084 20 6062 223 437 458 358 34 40 240 245 700 74 266 265 165 778 386 413 281 15 167 362 769 482 388 428 188 449 424 494 781 495 273 121 335 788 968 389 272 845 260 758
5084 20 6062 188 449 700 74 240 245 260 758 223 437 388 428 34 40 167 362 424 494 281 15 781 495 458 358 272 845 273 121 968 389 386 413 335 788 769 482 266 265 165 778
1085 20 4799 83 61 43 138 41 278 666 37 33 828 508 704 19 434 70 628 554 774 157 862 642 644 307 898 14 457 130 374 400 108 624 725 250 197 505 842 539 339 414 552
2085 20 4799 43 138 14 457 307 898 83 61 554 774 130 374 539 339 624 725 33 828 400 108 505 842 666 37 70 628 508 704 250 197 19 434 414 552 41 278 642 644 157 862
3085 20 4799 43 138 19 434 554 774 505 842 70 628 41 278 624 725 400 108 33 828 666 37 307 898 250 197 14 457 83 61 642 644 539 339 130 374 157 862 414 552 508 704
4085 20 4799 554 774 508 704 400 108 624 725 307 898 83 61 250 197 157 862 414 552 505 842 130 374 642 644 41 278 43 138 70 628 14 457 666 37 539 339 19 434 33 828
5085 20 4799 400 108 157 862 33 828 83 61 19 434 307 898 43 138 539 339 250 197 666 37 414 552 508 704 505 842 41 278 624 725 70 628 130 374 642 644 14 457 554 774
1086 20 6980 543 48 143 642 605 714 313 997 430 821 625 609 579 618 226 444 698 396 921 268 206 425 586 827 326 920 97 723 585 251 14 935 357 468 530 207 461 902 480 309
2086 20 6980 313 997 586 827 461 902 206 425 605 714 530 207 579 618 143 642 585 251 543 48 97 723 430 821 226 444 921 268 326 920 625 609 698 396 480 309 14 935 357 468
3086 20 6980 921 268 143 642 97 723 206 425 543 48 326 920 579 618 698 396 585 251 357 468 480 309 586 827 605 714 313 997 430 821 14 935 625 609 226 444 461 902 530 207
4086 20 6980 625 609 357 468 97 723 14 935 543 48 586 827 226 444 326 920 206 425 605 714 480 309 585 251 579 618 461 902 530 207 921 268 313 997 698 396 143 642 430 821
5086 20 6980 313 997 480 309 605 714 530 207 461 902 543 48 143 642 585 251 921 268 97 723 326 920 579 618 698 396 625 609 357 468 586 827 226 444 430 821 206 425 14 935
1087 20 5272 316 626 353 732 184 694 389 258 194 611 488 815 221 558 268 928 194 584 488 697 433 923 436 305 200 384 167 619 14 749 629 807 720 452 532 761 294 777 70 887
2087 20 5272 316 626 629 807 200 384 14 749 268 928 720 452 532 761 184 694 389 258 194 611 167 619 353 732 194 584 433 923 221 558 70 887 488 697 294 777 488 815 436 305
3087 20 5272 194 611 14 749 389 258 268 928 488 697 720 452 194 584 294 777 316 626 70 887 353 732 221 558 433 923 200 384 488 815 184 694 436 305 629 807 167 619 532 761
4087 20 5272 433 923 488 815 488 697 184 694 167 619 200 384 194 611 221 558 194 584 436 305 353 732 316 626 268 928 70 887 294 777 629 807 532 761 720 452 14 749 389 258
5087 20 5272 184 694 14 749 194 584 167 619 353 732 488 697 268 928 389 258 720 452 221 558 436 305 532 761 294 777 629 807 433 923 316 626 70 887 488 815 194 611 200 384
1088 20 6111 85 500 710 518 646 428 286 708 509 309 502 465 196 948 633 876 224 617 330 229 57 898 180 541 201 632 372 111 108 739 698 549 537 164 657 667 648 222 60 422
2088 20 6111 180 541 330 229 509 309 710 518 372 111 698 549 502 465 196 948 85 500 657 667 60 422 286 708 648 222 537 164 224 617 633 876 646 428 201 632 108 739 57 898
3088 20 6111 646 428 330 229 502 465 224 617 196 948 710 518 201 632 108 739 698 549 180 541 633 876 648 222 85 500 657 667 372 111 537 164 286 708 60 422 509 309 57 898
4088 20 6111 224 617 85 500 330 229 180 541 648 222 201 632 286 708 196 948 710 518 646 428 372 111 57 898 108 739 657 667 60 422 502 465 509 309 698 549 633 876 537 164
5088 20 6111 698 549 57 898 633 876 372 111 710 518 646 428 108 739 330 229 85 500 648 222 286 708 196 948 657 667 201 632 60 422 537 164 224 617 509 309 502 465 180 541
1089 20 6447 300 279 181 338 433 174 615 953 147 840 43 949 649 480 369 454 345 664 891 428 17 853 398 385 536 802 192 253 544 324 447 261 535 737 60 305 679 224 678 557
2089 20 6447 345 664 300 279 181 338 679 224 535 737 649 480 192 253 43 949 433 174 678 557 369 454 398 385 17 853 615 953 447 261 536 802 544 324 891 428 147 840 60 305
3089 20 6447 147 840 615 953 345 664 544 324 300 279 60 305 43 949 891 428 536 802 433 174 678 557 535 737 679 224 181 338 447 261 369 454 192 253 17 853 649 480 398 385
4089 20 6447 447 261 300 279 544 324 535 737 433 174 147 840 60 305 181 338 192 253 398 385 369 454 345 664 43 949 615 953 891 428 678 557 649 480 679 224 536 802 17 853
5089 20 6447 544 324 649 480 536 802 43 949 300 279 60 305 192 253 398 385 369 454 17 853 679 224 147 840 433 174 615 953 181 338 535 737 447 261 891 428 345 664 678 557
1090 20 4815 112 692 254 102 236 789 205 507 63 45 366 690 650 966 98 116 643 238 277 610 253 143 31 517 890 175 472 615 407 544 164 48 200 400 182 968 20 1 496 968
2090 20 4815 200 400 205 507 20 1 164 48 366 690 112 692 182 968 643 238 31 517 496 968 650 966 98 116 277 610 472 615 236 789 253 143 407 544 63 45 890 175 254 102
3090 20 4815 200 400 472 615 254 102 643 238 98 116 205 507 496 968 277 610 253 143 182 968 650 966 20 1 890 175 236 789 164 48 366 690 407 544 112 692 31 517 63 45
4090 20 4815 643 238 254 102 407 544 20 1 253 143 277 610 164 48 205 507 650 966 200 400 112 692 496 968 366 690 472 615 890 175 182 968 63 45 98 116 236 789 31 517
5090 20 4815 20 1 890 175 236 789 407 544 496 968 472 615 277 610 650 966 31 517 63 45 112 692 253 143 200 400 205 507 643 238 254 102 366 690 164 48 182 968 98 116
1091 20 3736 361 26 57 682 201 276 138 853 102 832 188 779 108 458 299 84 6 726 272 747 411 88 167 918 68 49 324 33 171 268 453 446 24 213 563 196 504 36 253 401
2091 20 3736 108 458 299 84 167 918 324 33 138 853 188 779 201 276 57 682 563 196 171 268 411 88 68 49 272 747 504 36 361 26 253 401 6 726 453 446 24 213 102 832
3091 20 3736 138 853 102 832 411 88 361 26 453 446 201 276 253 401 188 779 108 458 68 49 57 682 167 918 272 747 504 36 324 33 6 726 299 84 563 196 24 213 171 268
4091 20 3736 324 33 504 36 299 84 563 196 171 268 24 213 361 26 188 779 108 458 201 276 411 88 167 918 57 682 138 853 102 832 253 401 272 747 453 446 6 726 68 49
5091 20 3736 6 726 138 853 167 918 188 779 272 747 324 33 453 446 411 88 563 196 171 268 361 26 68 49 253 401 299 84 102 832 24 213 57 682 201 276 504 36 108 458
1092 20 5936 389 238 502 128 323 30 364 29 588 817 129 6 348 951 283 786 175 675 163 211 501 172 68 22 657 545 363 244 448 930 463 172 314 561 27 459 767 458 548 16
2092 20 5936 363 244 323 30 389 238 767 458 502 128 588 817 175 675 548 16 463 172 27 459 501 172 283 786 129 6 348 951 68 22 448 930 364 29 163 211 314 561 657 545
3092 20 5936 27 459 323 30 363 244 588 817 175 675 767 458 548 16 283 786 364 29 463 172 314 561 129 6 348 951 68 22 389 238 448 930 657 545 502 128 163 211 501 172
4092 20 5936 548 16 283 786 588 817 314 561 163 211 463 172 448 930 348 951 501 172 389 238 27 459 363 244 502 128 364 29 175 675 657 545 323 30 68 22 767 458 129 6
5092 20 5936 175 675 129 6 314 561 348 951 283 786 448 930 657 545 463 172 163 211 364 29 363 244 501 172 548 16 27 459 323 30 767 458 588 817 389 238 68 22 502 128
1093 20 6122 160 684 625 888 432 897 22 243 514 506 878 2 17 66 12 731 144 332 397 192 325 357 883 253 110 691 743 536 311 869 794 7 538 418 660 433 68 712 20 663
2093 20 6122 110 691 325 357 17 66 144 332 743 536 625 888 878 2 160 684 883 253 660 433 68 712 514 506 794 7 538 418 397 192 12 731 20 663 311 869 22 243 432 897
3093 20 6122 160 684 625 888 514 506 325 357 660 433 110 691 878 2 22 243 397 192 17 66 743 536 68 712 794 7 538 418 144 332 432 897 20 663 883 253 311 869 12 731
4093 20 6122 625 888 660 433 12 731 878 2 20 663 397 192 144 332 68 712 538 418 514 506 17 66 325 357 22 243 794 7 311 869 160 684 883 253 743 536 110 691 432 897
5093 20 6122 22 243 538 418 160 684 794 7 17 66 68 712 110 691 397 192 20 663 878 2 311 869 325 357 660 433 432 897 883 253 144 332 514 506 12 731 743 536 625 888
1094 20 6298 338 647 80 173 264 903 164 394 684 28 11 927 42 767 562 780 384 803 34 661 375 529 410 305 907 13 542 140 598 162 483 346 498 188 26 388 644 515 827 909
2094 20 6298 498 188 384 803 644 515 34 661 164 394 907 13 338 647 11 927 42 767 80 173 483 346 264 903 684 28 410 305 562 780 598 162 827 909 542 140 26 388 375 529
3094 20 6298 542 140 338 647 384 803 34 661 598 162 907 13 562 780 410 305 26 388 80 173 264 903 684 28 827 909 498 188 644 515 11 927 42 767 164 394 375 529 483 346
4094 20 6298 375 529 542 140 384 803 684 28 827 909 26 388 264 903 562 780 11 927 80 173 164 394 34 661 907 13 410 305 498 188 644 515 338 647 483 346 598 162 42 767
5094 20 6298 410 305 26 388 338 647 827 909 42 767 562 780 598 162 907 13 542 140 384 803 644 515 164 394 80 173 11 927 483 346 498 188 684 28 34 661 375 529 264 903
1095 20 6611 689 849 590 502 682 72 288 614 313 874 250 746 624 106 421 179 378 150 551 108 254 832 546 856 263 628 122 216 632 907 101 840 436 747 6 187 733 10 385 412
2095 20 6611 733 10 288 614 421 179 436 747 546 856 263 628 624 106 101 840 632 907 590 502 313 874 551 108 122 216 254 832 682 72 689 849 250 746 6 187 385 412 378 150
3095 20 6611 421 179 313 874 6 187 263 628 122 216 436 747 590 502 250 746 254 832 288 614 682 72 632 907 385 412 624 106 689 849 733 10 378 150 546 856 101 840 551 108
4095 20 6611 385 412 682 72 378 150 624 106 263 628 551 108 288 614 6 187 250 746 689 849 122 216 546 856 436 747 421 179 254 832 101 840 733 10 632 907 590 502 313 874
5095 20 6611 546 856 122 216 689 849 101 840 682 72 624 106 551 108 6 187 733 10 254 832 263 628 250 746 313 874 590 502 378 150 288 614 632 907 436 747 421 179 385 412
1096 20 5240 509 68 49 770 472 619 92 279 272 146 344 522 407 958 190 963 196 511 184 522 384 792 85 476 796 748 505 819 447 289 134 517 402 829 278 377 571 715 233 251
2096 20 5240 233 251 344 522 472 619 196 511 190 963 571 715 92 279 278 377 509 68 49 770 505 819 407 958 272 146 402 829 447 289 134 517 384 792 184 522 85 476 796 748
3096 20 5240 233 251 272 146 134 517 85 476 447 289 49 770 796 748 190 963 384 792 407 958 196 511 92 279 509 68 402 829 505 819 472 619 184 522 344 522 278 377 571 715
4096 20 5240 402 829 233 251 92 279 134 517 190 963 509 68 49 770 447 289 344 522 407 958 184 522 571 715 278 377 472 619 384 792 272 146 505 819 85 476 196 511 796 748
5096 20 5240 196 511 447 289 272 146 384 792 92 279 407 958 278 377 49 770 402 829 472 619 796 748 233 251 85 476 344 522 509 68 505 819 134 517 190 963 184 522 571 715
1097 20 5605 448 329 754 348 97 52 328 287 84 452 51 317 12 422 317 678 696 584 483 660 488 474 330 505 356 792 360 986 423 999 19 55 320 11 856 116 100 512 485 758
2097 20 5605 360 986 696 584 356 792 317 678 100 512 84 452 485 758 97 52 320 11 488 474 51 317 448 329 423 999 483 660 12 422 330 505 19 55 328 287 754 348 856 116
3097 20 5605 483 660 19 55 423 999 488 474 97 52 328 287 696 584 754 348 12 422 356 792 448 329 330 505 485 758 100 512 317 678 320 11 360 986 84 452 51 317 856 116
4097 20 5605 448 329 423 999 485 758 856 116 317 678 328 287 483 660 754 348 360 986 12 422 97 52 356 792 488 474 84 452 51 317 320 11 100 512 330 505 19 55 696 584
5097 20 5605 360 986 448 329 485 758 330 505 320 11 51 317 356 792 317 678 423 999 328 287 483 660 488 474 84 452 97 52 856 116 12 422 19 55 754 348 100 512 696 584
1098 20 5741 18 28 485 756 499 153 496 758 189 115 69 771 46 373 636 574 653 683 724 942 6 502 358 566 360 397 171 355 277 832 395 924 799 546 161 415 310 295 525 916
2098 20 5741 496 758 46 373 499 153 525 916 395 924 360 397 69 771 653 683 724 942 636 574 161 415 358 566 189 115 6 502 799 546 310 295 277 832 171 355 18 28 485 756
3098 20 5741 6 502 360 397 277 832 69 771 189 115 496 758 485 756 525 916 799 546 358 566 171 355 46 373 636 574 310 295 161 415 653 683 499 153 18 28 395 924 724 942
4098 20 5741 189 115 69 771 46 373 161 415 310 295 799 546 18 28 360 397 653 683 485 756 395 924 277 832 724 942 358 566 496 758 171 355 499 153 636 574 525 916 6 502
5098 20 5741 724 942 360 397 653 683 277 832 18 28 189 115 161 415 46 373 395 924 171 355 485 756 69 771 499 153 358 566 496 758 310 295 799 546 525 916 636 574 6 502
1099 20 6521 859 180 578 46 658 849 689 855 384 803 159 626 301 204 144 909 196 842 283 492 247 151 426 779 643 167 956 523 411 781 38 524 131 138 341 832 703 994 5 215
2099 20 6521 859 180 144 909 38 524 643 167 159 626 5 215 341 832 283 492 578 46 426 779 658 849 956 523 247 151 384 803 131 138 411 781 301 204 703 994 196 842 689 855
3099 20 6521 341 832 5 215 38 524 426 779 283 492 658 849 196 842 689 855 859 180 131 138 578 46 411 781 144 909 384 803 301 204 643 167 703 994 247 151 159 626 956 523
4099 20 6521 426 779 859 180 196 842 956 523 301 204 578 46 384 803 411 781 247 151 341 832 283 492 703 994 643 167 131 138 144 909 658 849 5 215 159 626 38 524 689 855
5099 20 6521 159 626 658 849 341 832 859 180 196 842 5 215 384 803 426 779 689 855 131 138 301 204 283 492 578 46 703 994 643 167 956 523 411 781 144 909 247 151 38 524
1100 20 6337 4 207 370 569 658 501 283 260 870 318 398 476 126 435 397 169 652 492 408 425 253 77 14 620 621 193 316 606 439 153 509 114 586 958 102 876 816 363 100 260
2100 20 6337 126 435 253 77 439 153 14 620 621 193 509 114 316 606 398 476 652 492 102 876 370 569 586 958 408 425 4 207 816 363 658 501 397 169 870 318 283 260 100 260
3100 20 6337 102 876 870 318 652 492 509 114 283 260 816 363 586 958 408 425 316 606 398 476 4 207 100 260 397 169 126 435 253 77 439 153 621 193 14 620 658 501 370 569
4100 20 6337 283 260 253 77 586 958 658 501 100 260 397 169 370 569 398 476 4 207 102 876 816 363 870 318 509 114 408 425 652 492 621 193 316 606 126 435 14 620 439 153
5100 20 6337 398 476 316 606 439 153 126 435 14 620 253 77 100 260 283 260 102 876 4 207 870 318 658 501 816 363 586 958 397 169 370 569 621 193 509 114 652 492 408 425
