1 20 4458 144 2 172 452 808 38 595 834 109 259 216 295 586 120 602 242 61 568 856 457 269 901 951 617 977 566 29 89 28 776 547 514 660 470 731 200 486 610 89 401
2 20 4103 89 800 702 506 297 690 32 657 936 520 334 130 30 852 671 170 572 548 350 189 602 978 640 790 166 937 59 833 829 70 354 294 654 741 162 877 530 235 197 675
3 20 5390 298 854 549 943 629 954 956 213 588 862 535 833 199 216 951 427 592 67 345 72 270 650 634 708 701 248 86 962 477 607 743 454 782 751 691 307 708 813 46 448
4 20 4514 152 138 543 693 780 466 867 722 539 332 198 620 350 905 316 175 768 108 330 137 471 571 305 682 818 740 102 950 666 48 322 982 379 795 219 100 643 392 261 933
5 20 4698 313 928 927 516 437 672 638 944 966 208 202 575 801 770 774 731 68 839 228 617 484 102 776 773 138 886 773 906 96 866 639 409 553 184 260 412 161 628 162 754
6 20 4731 382 887 791 796 605 65 99 476 188 904 558 784 634 692 475 872 399 769 132 733 770 586 63 383 948 266 125 637 454 264 796 283 435 676 44 890 645 528 919 232
7 20 5356 646 877 324 56 660 171 575 577 809 657 242 343 114 599 502 863 980 751 642 853 586 309 698 826 471 375 430 341 281 849 167 579 933 194 990 705 265 518 398 503
8 20 5339 980 457 992 185 911 875 553 423 185 232 226 300 463 223 434 944 218 777 408 245 943 75 909 319 663 917 859 166 80 301 387 701 97 183 710 511 281 825 379 631
9 20 4647 841 459 925 354 10 67 807 104 559 332 361 534 223 448 631 157 295 529 203 981 288 450 789 84 124 785 167 490 801 823 71 480 52 810 822 402 468 454 857 845
10 20 4957 990 711 403 813 615 444 256 237 366 297 406 243 927 890 947 670 498 312 173 62 225 384 150 119 509 806 870 326 498 423 789 440 701 801 385 719 88 274 119 443
11 20 4803 300 573 110 263 604 401 234 879 378 940 386 962 622 462 500 42 659 8 928 243 269 330 348 677 910 296 258 994 340 317 98 4 945 568 642 320 933 170 142 283
12 20 5442 918 852 54 289 817 93 58 34 253 976 313 392 599 15 276 192 746 801 895 1000 324 6 788 429 898 379 260 209 632 98 963 356 660 7 332 429 774 316 324 982
13 20 5491 1 207 928 537 489 71 150 533 706 781 839 557 348 67 963 602 120 773 557 151 632 896 875 472 386 278 836 472 501 221 321 765 730 194 141 646 867 973 592 882
14 20 5547 591 448 151 884 653 904 473 302 955 376 999 595 635 481 658 83 673 767 590 164 957 188 228 249 524 172 494 961 473 153 420 165 440 119 505 594 291 210 385 912
15 20 5511 421 768 120 815 362 780 921 697 633 896 799 169 898 51 851 789 415 407 100 376 695 439 898 724 393 150 736 826 536 877 163 959 116 904 798 3 751 798 416 865
16 20 4494 75 915 318 238 711 55 413 940 935 840 595 39 200 334 820 316 688 867 11 860 4 376 233 297 297 161 779 200 903 787 168 198 657 450 782 926 165 394 235 411
17 20 5078 412 297 59 790 409 415 955 192 564 16 798 979 280 754 141 135 430 273 626 869 794 909 514 465 751 299 738 358 543 967 349 613 33 460 863 316 861 576 37 133
18 20 5306 933 401 857 871 688 462 894 617 202 182 452 19 716 527 630 494 675 451 91 619 522 411 273 925 530 118 768 241 33 724 105 525 187 779 568 43 977 567 512 908
19 20 4761 141 621 144 505 365 512 931 317 75 593 176 129 749 356 284 216 526 134 39 869 470 849 661 925 820 457 737 833 913 142 783 694 506 261 230 320 458 307 515 883
20 20 3775 36 527 913 364 230 65 757 570 946 812 720 236 262 436 130 665 371 906 228 558 57 381 4 472 43 876 376 364 506 465 606 429 185 771 502 267 19 159 659 879
21 20 4865 67 248 117 838 973 261 419 868 816 948 572 898 612 122 123 464 246 540 485 332 57 674 309 166 280 570 996 687 237 157 873 743 990 655 950 599 78 652 530 693
22 20 5735 428 494 734 72 846 259 715 916 812 882 372 294 967 229 965 530 899 595 462 81 344 652 687 80 676 56 637 3 323 431 551 24 256 519 757 358 20 775 19 819
23 20 4642 568 708 640 968 7 653 970 249 118 268 607 94 754 991 82 368 573 991 375 939 648 496 9 516 100 899 288 735 457 925 75 32 620 484 944 281 735 869 714 489
24 20 5047 24 409 722 587 300 408 577 892 768 134 530 315 713 979 131 776 112 630 623 386 632 931 676 741 134 469 875 907 525 122 495 326 771 130 815 976 537 494 135 406
25 20 5206 37 99 747 311 793 119 858 237 391 531 320 924 828 753 682 552 426 933 297 167 966 398 369 201 997 14 381 839 450 329 480 561 542 969 540 552 288 140 20 540
26 20 4711 792 241 992 134 304 448 866 972 115 837 81 465 642 336 84 820 512 909 389 934 155 999 828 784 789 884 978 451 364 370 89 864 762 123 447 390 15 798 218 37
27 20 4509 766 871 165 256 158 932 457 24 535 500 673 756 18 393 289 635 387 720 459 348 398 213 857 13 766 983 411 457 900 991 580 474 179 784 716 924 141 909 164 657
28 20 4401 63 848 338 889 674 217 420 293 156 496 197 504 790 720 325 299 658 638 90 900 84 349 341 406 439 430 81 705 851 130 678 951 56 53 914 467 738 199 909 484
29 20 5426 946 530 871 78 928 654 301 916 895 111 840 384 402 839 850 665 454 140 507 836 920 965 125 355 174 520 7 673 578 101 222 736 302 864 84 957 533 138 913 703
30 20 5016 345 157 222 481 425 75 149 428 453 921 128 503 334 771 548 357 522 604 574 298 539 695 316 706 625 948 989 390 931 108 856 458 728 271 502 487 482 508 365 787
31 20 5197 976 117 677 643 181 736 803 500 556 584 381 359 469 639 476 968 300 422 597 751 188 21 700 334 946 615 114 992 389 840 142 274 856 226 113 116 724 110 806 646
32 20 4705 371 994 439 676 516 562 754 606 31 1 157 593 36 555 790 826 658 695 346 322 580 597 1000 767 5 382 927 752 583 780 224 52 401 11 636 155 705 919 252 783
33 20 4373 895 538 217 244 633 919 586 490 25 645 648 187 912 123 180 755 432 46 303 548 976 670 96 513 100 979 397 168 90 838 272 784 248 263 199 759 730 705 808 749
34 20 4423 181 179 254 371 483 968 392 993 998 465 315 879 591 558 221 110 153 188 38 681 895 516 51 352 727 906 346 543 686 472 720 850 480 474 515 82 196 758 604 949
35 20 3589 315 53 772 880 315 395 80 510 538 794 8 459 369 598 366 667 346 834 426 125 257 989 567 724 463 180 796 709 84 209 246 978 675 54 187 532 244 638 125 393
36 20 5479 824 364 574 40 547 4 448 643 260 585 306 247 800 65 756 713 555 326 677 792 978 969 164 918 916 146 360 467 209 208 278 737 974 22 376 670 579 947 378 369
37 20 4164 187 447 79 197 461 636 943 823 219 704 299 133 526 628 645 741 369 240 107 256 548 737 16 604 654 55 490 245 384 230 874 658 703 494 170 749 187 906 468 945
38 20 6361 842 567 532 879 606 18 303 170 901 996 799 163 416 103 9 355 973 175 976 958 614 155 964 703 490 812 372 69 938 16 630 749 549 232 540 813 422 54 846 642
39 20 4183 411 801 326 625 961 350 41 147 276 960 721 632 269 643 913 427 545 952 366 38 59 411 780 523 400 301 292 256 118 706 180 368 868 33 41 493 205 157 594 849
40 20 4928 872 879 465 692 367 227 940 392 419 918 511 542 500 790 840 38 183 662 397 487 737 85 197 412 337 884 348 275 933 917 1 553 484 328 51 639 726 22 548 809
41 20 5070 407 553 453 213 132 193 50 260 323 675 180 569 518 615 916 982 886 374 152 632 688 217 801 435 983 140 800 379 434 638 138 497 711 334 624 631 733 140 211 718
42 20 5438 982 457 806 57 804 721 662 255 650 229 251 415 9 557 398 310 15 266 618 880 951 813 201 636 685 304 101 886 979 375 386 560 683 215 201 229 569 605 926 545
43 20 5732 427 154 941 745 998 463 961 775 20 369 865 407 50 491 753 379 584 824 11 382 726 45 473 32 116 404 500 581 914 744 478 449 742 212 350 509 935 342 621 179
44 20 6569 372 813 907 563 941 314 841 217 699 771 703 32 898 394 760 616 854 83 537 490 596 662 131 201 400 180 840 410 385 470 978 62 765 151 69 717 538 253 924 452
45 20 4775 332 921 939 214 24 800 256 142 998 705 769 875 828 159 367 199 44 863 162 430 331 465 601 608 5 851 803 928 600 648 49 50 427 884 763 190 849 426 403 367
46 20 4489 272 7 653 45 341 69 586 824 605 651 315 516 340 290 321 633 816 10 447 396 475 797 540 245 589 603 374 281 259 279 398 898 124 22 377 791 506 609 640 433
47 20 5966 906 155 370 98 789 713 262 778 825 40 326 443 619 338 325 99 971 419 824 663 370 65 554 615 701 726 904 121 747 826 387 268 865 461 62 964 845 6 280 564
48 20 4328 501 511 100 927 741 320 45 94 991 436 209 637 113 895 577 270 51 615 160 578 697 972 194 840 558 216 843 191 728 10 345 666 628 159 150 989 652 760 373 129
49 20 4189 294 701 184 107 216 844 662 766 95 958 343 541 11 474 869 507 894 597 522 186 365 780 84 81 456 322 625 139 449 179 7 516 174 715 915 632 302 557 911 529
50 20 3905 182 474 713 72 717 463 218 534 433 51 685 447 801 534 651 550 10 544 162 505 407 664 407 711 55 12 146 285 863 429 746 880 248 59 125 849 75 347 167 697
51 20 5614 390 890 806 983 538 74 959 648 653 674 199 32 866 809 294 212 992 218 647 587 359 762 811 302 95 257 397 736 936 743 962 738 937 120 258 607 37 840 92 710
52 20 4958 688 707 606 626 71 671 415 803 345 407 700 953 563 474 833 810 489 233 336 844 242 414 482 852 642 293 78 806 798 225 930 200 106 199 640 359 556 733 397 342
53 20 4803 174 462 662 668 824 844 280 441 668 667 430 586 577 259 3 933 981 889 329 842 816 566 768 34 564 862 361 123 549 830 10 456 357 579 382 566 751 583 121 541
54 20 4975 880 560 934 711 840 815 10 202 143 545 319 775 585 402 315 426 386 813 17 1000 676 698 141 206 569 161 709 312 771 878 724 274 743 671 681 466 149 504 359 813
55 20 5003 209 746 393 706 795 118 1 857 545 518 756 493 944 479 288 150 131 597 719 696 350 57 890 127 37 676 407 88 729 546 945 528 140 177 558 515 620 391 549 952
56 20 5108 864 249 569 19 364 338 374 423 332 624 859 597 694 689 126 49 795 311 150 718 185 337 884 63 973 251 887 93 158 618 145 105 296 247 513 985 848 387 201 4
57 20 4118 93 112 65 315 178 652 405 860 329 305 622 397 744 176 173 442 877 155 512 286 334 1 667 670 478 505 445 953 150 340 501 276 483 387 495 360 151 361 534 858
58 20 4747 220 996 389 828 529 741 493 359 918 20 447 811 37 844 764 649 376 709 695 586 714 572 217 298 378 2 156 793 364 569 853 710 855 378 182 919 364 280 543 974
59 20 4691 176 647 441 906 935 937 499 137 84 221 456 430 343 122 124 318 996 622 715 419 612 291 628 670 497 888 251 751 580 850 163 324 472 674 896 493 101 121 414 903
60 20 4703 996 991 298 521 23 249 358 232 346 245 461 238 518 773 844 302 655 478 361 903 858 604 215 764 794 431 70 821 308 894 205 157 487 141 436 964 433 214 741 700
61 20 5118 469 469 246 184 309 585 888 73 599 7 434 637 304 650 544 888 404 336 717 249 905 638 237 321 923 983 425 289 535 40 304 644 758 277 1 89 253 826 982 738
62 20 4031 160 430 55 179 975 755 690 769 380 711 478 426 823 858 262 396 735 643 653 374 266 571 859 163 350 946 395 231 82 780 31 931 354 889 30 121 125 122 359 345
63 20 5389 288 990 807 233 445 997 908 239 536 726 708 642 17 77 665 109 42 958 163 182 522 231 880 587 665 851 283 994 980 230 861 762 650 257 818 423 177 222 363 246
64 20 4705 133 445 11 569 559 475 266 420 484 647 606 116 561 514 935 275 28 891 631 580 772 20 268 486 742 392 422 694 330 905 659 773 650 382 552 183 617 736 184 145
65 20 4151 675 507 924 902 311 682 356 463 389 955 125 458 597 200 543 359 878 780 224 471 444 893 535 927 591 693 12 547 220 157 475 577 545 337 183 289 122 74 154 591
66 20 4930 101 360 758 123 832 312 231 502 100 333 435 214 155 306 453 810 847 685 838 226 850 487 824 123 98 409 433 52 783 661 629 275 423 618 34 676 134 916 902 149
67 20 5685 729 84 817 943 791 641 815 928 70 431 147 277 883 30 378 95 123 592 234 677 186 934 802 382 973 918 737 164 370 630 796 634 459 914 629 9 747 772 685 65
68 20 4777 648 766 449 824 675 594 176 265 858 100 138 757 491 943 990 374 142 401 498 351 98 836 615 83 469 994 804 900 480 353 330 391 724 721 155 709 55 945 759 831
69 20 4233 502 233 101 801 74 131 971 436 295 425 595 336 865 261 203 960 484 179 271 476 353 907 483 58 624 409 961 165 315 99 808 815 150 620 104 798 297 798 11 756
70 20 5278 995 62 866 133 295 874 91 441 265 212 636 997 909 949 66 58 103 826 876 89 850 510 951 921 977 83 69 899 319 762 371 747 114 45 661 558 956 815 187 267
71 20 4229 255 891 625 666 196 558 287 540 521 636 5 718 147 487 343 890 60 763 352 328 411 394 820 237 690 134 646 47 388 934 340 106 231 251 695 667 863 338 583 375
72 20 5642 348 576 422 979 801 50 743 501 969 961 832 703 409 537 199 512 316 136 55 280 234 281 742 7 971 601 791 953 768 424 300 277 719 670 853 834 657 886 155 379
73 20 5665 950 670 582 146 289 162 508 906 281 637 74 136 453 39 770 943 873 648 774 965 856 501 451 485 550 596 366 18 536 771 976 104 979 941 592 671 76 658 394 242
74 20 4679 216 814 962 470 186 241 393 31 275 149 70 40 284 210 116 547 711 158 597 965 863 642 502 242 6 405 486 131 977 754 694 857 234 235 786 810 790 209 210 338
75 20 4135 14 540 213 296 453 876 520 933 96 890 368 620 935 420 134 941 706 903 39 596 188 708 628 913 178 382 403 145 775 788 155 134 824 295 616 799 539 537 487 128
76 20 5352 133 569 489 905 328 708 394 181 67 349 564 904 620 124 698 185 617 287 156 947 648 699 996 674 628 808 606 578 759 480 889 96 363 693 723 930 460 809 567 592
77 20 6614 418 80 629 447 360 569 884 637 779 409 785 613 810 565 691 124 906 208 512 815 909 408 797 131 903 545 701 247 520 565 432 15 506 347 717 954 527 23 443 892
78 20 3294 118 735 337 781 969 483 279 550 360 710 524 299 299 164 41 932 382 939 505 809 769 969 3 557 663 165 101 696 148 760 431 786 226 43 147 383 207 442 79 647
79 20 4554 884 726 14 399 401 816 559 545 311 881 402 98 260 466 563 477 615 780 134 459 387 233 310 458 601 653 400 231 700 430 116 197 611 424 558 271 459 558 824 153
80 20 4767 353 955 1 622 960 451 80 83 874 258 585 67 906 401 676 570 802 461 128 790 284 302 401 95 140 951 24 83 648 191 519 691 902 866 768 723 324 317 160 113
81 20 5080 32 460 697 872 730 217 342 490 409 644 231 277 663 685 473 635 681 711 747 172 328 425 656 252 486 383 353 956 245 278 958 286 471 319 788 640 69 395 801 475
82 20 5425 694 248 3 600 760 123 786 505 309 615 231 950 728 532 368 120 669 610 190 979 974 866 41 839 571 905 991 695 285 773 795 800 911 311 144 469 663 129 738 636
83 20 4018 142 796 760 730 113 177 792 86 1000 81 114 263 43 307 359 829 274 59 658 669 607 956 777 8 494 180 239 985 789 411 224 459 367 113 238 349 3 125 44 748
84 20 5294 259 37 63 784 604 939 578 283 1000 50 397 865 306 578 434 665 485 425 593 238 766 964 710 308 48 122 288 797 805 928 698 608 678 822 748 156 810 779 319 217
85 20 5147 517 550 162 205 503 44 650 690 251 550 270 248 33 571 204 164 778 316 754 400 952 996 439 975 694 89 915 765 325 384 859 916 858 729 193 50 660 954 278 319
86 20 5737 197 10 765 343 80 204 565 728 824 448 567 308 514 351 757 760 191 622 370 614 336 176 779 406 901 902 699 974 289 820 757 726 445 714 984 93 929 236 525 802
87 20 5804 203 840 673 329 919 781 635 912 110 146 680 110 465 808 281 966 798 57 713 873 522 815 584 880 967 696 957 635 103 455 676 215 857 75 159 893 325 85 982 920
88 20 5556 937 433 702 597 83 658 638 643 537 505 109 510 861 719 498 873 431 106 571 866 507 867 944 589 291 377 529 817 535 177 763 556 578 731 804 455 736 155 59 766
89 20 4262 247 509 4 683 767 169 677 48 31 831 910 951 256 47 168 6 827 83 462 420 626 738 158 838 26 747 899 588 199 258 644 278 456 421 77 534 370 104 720 852
90 20 4499 256 414 403 375 203 475 544 645 752 624 354 201 166 316 805 618 137 435 68 485 913 261 112 829 239 506 53 54 960 240 239 160 667 321 948 93 473 183 706 217
91 20 5549 211 136 605 847 297 379 906 828 948 603 292 148 859 154 802 462 299 899 600 662 107 814 826 713 901 711 330 59 230 632 937 695 365 799 154 788 895 876 534 85
92 20 5431 483 785 842 146 566 750 653 431 441 883 204 962 410 186 151 799 869 459 848 733 595 472 673 748 970 80 442 425 192 570 139 221 942 407 545 393 610 928 288 699
93 20 5842 706 974 884 274 871 431 872 930 9 4 939 399 324 615 949 962 846 235 632 622 189 667 771 810 743 973 148 394 377 996 378 719 200 510 909 257 273 389 664 65
94 20 5524 662 978 570 116 915 980 714 23 731 749 186 801 846 236 220 953 798 9 533 899 151 611 272 809 517 700 237 372 447 455 803 652 882 20 941 900 561 799 63 613
95 20 5199 318 184 47 156 870 934 608 328 511 689 303 52 264 136 286 914 86 322 587 598 747 464 941 271 799 511 445 635 225 180 621 706 836 488 471 600 665 49 769 74
96 20 5063 838 595 229 168 669 421 316 158 966 424 434 998 531 412 34 263 233 99 282 784 772 220 757 457 578 997 303 346 781 933 817 369 493 588 271 894 18 878 805 815
97 20 4868 929 606 734 172 85 526 377 904 559 684 881 534 477 919 103 766 700 781 46 598 796 182 273 772 262 278 518 747 251 902 88 610 889 404 712 360 702 78 354 124
98 20 3960 544 988 298 75 342 684 739 52 687 845 60 861 101 613 101 535 255 298 876 794 464 474 648 817 446 668 106 635 78 633 973 227 254 127 77 476 247 906 624 822
99 20 5339 693 359 848 954 462 826 709 807 402 986 53 544 720 880 895 661 660 731 167 421 229 811 502 631 612 550 42 125 949 2 190 131 870 733 802 291 21 911 852 294
100 20 4920 379 155 395 620 12 500 434 610 371 749 437 724 183 627 947 819 267 572 975 694 251 1000 373 533 456 48 924 122 503 181 100 494 345 54 806 781 824 119 859 448
101 20 4597 644 766 619 979 400 726 276 471 680 617 835 392 938 234 230 148 374 326 395 486 47 556 540 801 372 758 33 920 79 80 111 894 317 834 529 66 873 99 903 759
102 20 4453 826 684 872 965 332 305 172 567 318 102 928 937 22 49 883 361 732 638 651 267 488 960 154 76 503 296 168 832 143 368 227 850 179 245 656 297 369 896 284 195
103 20 4490 497 188 583 791 847 569 648 813 186 81 167 197 394 911 288 366 559 321 917 116 613 555 88 611 97 497 787 341 686 843 353 444 131 854 95 68 277 707 768 125
104 20 4369 870 258 451 89 518 341 285 425 299 408 321 840 372 491 115 331 659 694 48 356 771 398 130 68 773 900 927 903 140 66 168 616 855 140 558 505 359 622 119 565
105 20 5186 860 650 365 758 800 513 361 887 84 978 952 217 52 743 69 110 95 553 947 112 288 358 407 939 648 254 821 236 75 799 941 753 580 549 713 218 537 551 778 47
106 20 4813 965 624 365 360 630 389 943 636 375 570 179 265 438 472 766 651 887 338 112 132 551 633 758 820 577 933 9 86 639 449 536 89 89 296 95 205 150 432 562 836
107 20 4062 995 754 524 689 178 843 85 210 67 189 349 214 477 858 144 849 160 918 128 159 850 174 524 257 146 117 814 216 177 425 273 87 806 379 408 237 386 253 634 919
108 20 4584 298 786 707 556 976 580 264 832 141 682 117 809 616 89 377 715 783 996 379 459 560 61 423 201 257 215 581 810 864 901 476 604 187 778 311 782 772 642 80 568
109 20 4164 92 433 5 64 79 473 168 123 801 603 446 887 68 866 209 30 426 606 635 170 878 619 762 104 581 519 526 945 690 10 69 207 345 216 828 344 70 360 651 817
110 20 5043 595 571 574 726 939 230 642 192 929 902 531 858 185 530 234 85 815 957 691 745 837 219 37 420 574 474 349 581 133 210 931 375 464 999 263 838 274 986 90 78
111 20 5395 963 855 765 552 609 449 613 421 273 805 390 121 461 663 926 644 386 346 643 894 819 648 690 676 210 698 546 101 337 704 250 263 984 208 461 96 329 478 135 400
112 20 5279 374 584 754 361 785 645 933 308 863 681 366 395 967 971 579 506 130 75 855 967 451 629 114 241 278 6 177 851 846 262 685 919 139 468 290 98 921 747 51 943
113 20 3927 134 95 527 987 652 656 37 179 325 357 83 344 404 916 792 311 978 926 385 14 480 406 353 727 112 81 331 5 171 106 287 554 392 299 165 609 770 669 476 467
114 20 5555 957 295 682 236 345 119 313 286 999 116 588 888 213 787 782 101 831 730 454 267 370 188 571 878 540 540 845 423 846 611 554 446 344 296 235 360 258 714 384 948
115 20 4796 756 408 218 511 659 666 31 914 33 566 935 987 183 497 439 429 176 758 981 894 252 487 553 177 973 43 412 244 66 747 263 324 841 247 522 970 510 327 790 873
116 20 5635 992 516 816 169 986 103 536 209 704 407 729 455 130 403 990 990 878 417 628 816 443 434 151 697 610 943 201 303 945 983 977 518 146 60 16 169 188 973 204 532
117 20 5085 324 532 770 574 313 672 763 469 345 820 49 46 684 476 617 268 548 391 140 463 583 14 915 690 392 644 144 281 25 6 314 36 800 767 689 879 806 762 949 84
118 20 5111 319 578 566 909 631 70 798 75 539 142 978 649 171 505 399 24 792 842 19 801 580 319 279 335 283 485 724 892 781 295 84 932 488 581 958 135 118 150 715 762
119 20 4861 965 437 666 687 873 98 226 494 33 666 102 340 632 554 617 574 621 799 234 732 945 799 258 597 758 489 38 27 837 810 54 305 458 349 351 400 398 302 656 715
120 20 4660 456 515 95 702 797 51 111 571 916 521 60 202 986 529 593 949 377 677 272 789 252 82 654 919 315 197 977 681 617 433 11 872 866 721 40 238 451 521 475 114
121 20 4568 856 684 394 670 96 809 854 52 202 774 802 366 245 732 174 68 237 591 317 544 760 855 619 138 551 736 965 665 111 323 584 648 378 106 160 924 212 721 619 751
122 20 5118 551 245 911 647 266 194 489 47 711 858 470 834 428 898 86 610 145 834 892 971 707 289 408 528 179 516 225 83 961 420 64 889 658 653 968 923 206 832 912 97
123 20 5558 218 415 65 961 958 750 919 284 612 485 599 957 442 705 832 492 134 63 513 284 591 833 992 993 125 323 323 97 959 447 816 870 837 239 482 866 220 842 479 683
124 20 5495 552 759 24 755 471 306 44 219 456 201 481 92 614 576 356 397 860 446 680 505 641 902 499 595 914 466 438 131 557 691 324 653 503 517 951 951 867 954 758 993
125 20 4869 931 964 989 193 62 163 662 51 510 404 30 402 36 928 606 882 995 143 668 210 409 76 153 108 743 146 134 47 43 953 768 47 984 298 646 222 163 479 206 247
126 20 5215 935 864 617 129 744 404 104 76 80 918 985 157 296 588 322 112 75 923 631 55 286 85 230 997 182 601 891 62 420 891 676 461 963 239 809 544 498 936 687 766
127 20 4763 823 290 914 919 47 965 510 496 846 327 781 892 390 266 366 811 141 773 407 357 505 272 18 653 95 381 758 357 860 564 965 489 161 741 477 94 450 487 13 18
128 20 5640 41 987 517 236 398 545 851 942 277 612 798 650 315 269 958 490 119 342 158 886 928 542 682 153 901 549 628 703 85 304 829 679 482 424 978 371 530 269 806 950
129 20 4710 906 109 766 52 431 302 553 27 156 707 769 397 489 821 740 993 109 57 695 52 10 389 85 333 771 620 626 909 692 160 595 836 46 968 23 23 643 524 315 580
130 20 3868 682 240 203 967 144 363 895 759 540 905 277 115 575 295 852 40 321 402 268 164 183 476 370 108 229 861 952 262 340 707 1 938 11 514 278 785 541 122 74 549
131 20 4331 264 946 524 202 696 902 799 940 148 82 691 975 385 842 970 482 630 835 154 975 203 157 292 385 820 413 30 328 111 717 177 273 764 445 391 182 229 992 384 531
132 20 4966 248 901 402 673 936 242 509 578 239 932 49 468 659 45 565 894 22 532 378 401 753 712 644 531 416 815 690 468 957 111 45 143 789 146 453 367 754 895 424 626
133 20 5361 468 591 842 764 264 396 717 153 773 773 503 272 644 170 795 622 511 327 728 841 804 966 663 30 186 78 532 555 589 199 205 369 145 873 683 110 172 946 499 821
134 20 4811 684 121 632 711 171 101 295 902 412 70 620 110 529 743 743 883 394 593 276 176 766 853 768 991 139 775 620 31 336 516 560 522 52 159 970 180 331 235 324 334
135 20 5390 950 113 380 22 83 143 510 381 291 729 150 144 705 452 917 69 491 105 624 488 150 370 591 766 681 107 979 362 659 525 80 923 563 241 822 395 835 533 320 129
136 20 5123 995 652 528 302 377 499 442 857 237 588 509 911 627 201 35 41 767 621 646 86 749 470 1 114 756 824 999 491 993 749 8 533 868 139 144 360 178 180 387 129
137 20 5455 579 830 929 596 920 489 678 249 992 970 570 811 229 577 485 755 157 528 594 721 799 339 137 652 909 432 823 884 951 801 263 492 74 302 200 207 577 837 45 525
138 20 4894 888 372 890 634 878 141 192 731 179 784 64 513 271 847 69 15 57 184 674 756 363 374 388 491 500 616 501 383 524 270 979 291 221 394 963 369 248 825 939 496
139 20 4455 133 463 960 326 415 194 727 881 520 456 357 217 613 719 144 186 333 440 686 156 450 392 287 891 515 763 438 312 231 914 62 20 253 956 775 255 435 968 577 44
140 20 4570 284 163 836 646 587 498 619 551 672 430 251 994 251 773 478 347 807 200 238 237 685 76 140 390 188 367 517 146 25 636 175 777 564 291 419 342 498 489 907 104
141 20 5008 847 237 235 548 226 134 596 560 110 204 334 453 422 662 134 71 982 879 466 365 590 328 703 246 325 738 253 629 349 741 870 209 703 958 798 795 671 167 402 542
142 20 5789 732 79 717 494 355 459 782 50 999 117 441 129 92 639 840 276 538 959 706 975 54 726 941 16 634 783 681 973 572 93 643 920 378 559 184 832 602 777 688 169
143 20 5739 101 355 185 59 701 802 844 598 965 827 306 772 653 868 843 284 500 769 313 608 433 404 941 720 808 25 254 468 637 295 543 312 312 486 223 804 927 844 990 324
144 20 5304 529 50 733 124 654 562 827 555 22 310 221 206 922 64 598 20 33 575 999 317 409 461 824 169 467 926 967 577 383 184 342 66 672 280 450 92 437 887 120 625
145 20 5594 341 15 750 927 308 161 620 262 626 494 919 507 950 271 565 946 548 974 406 827 169 848 138 347 835 226 460 392 454 507 868 713 530 535 946 488 317 296 439 100
146 20 4813 95 203 571 264 326 699 271 161 600 374 809 934 557 5 29 594 39 592 689 989 112 732 657 293 986 568 500 473 157 708 979 323 735 153 279 55 666 579 570 599
147 20 4133 23 138 54 535 896 549 380 378 708 540 87 817 645 180 784 351 949 119 366 90 167 686 76 173 926 717 192 928 165 613 143 214 467 450 313 999 753 533 172 69
148 20 4239 931 817 285 50 82 576 569 236 428 53 324 801 999 263 365 40 122 683 483 35 586 338 583 3 238 764 476 120 981 68 63 264 102 593 210 740 154 868 497 294
149 20 5210 944 780 869 786 403 456 605 489 420 958 792 115 141 684 419 28 573 577 390 69 659 631 693 515 282 648 942 356 619 300 484 776 500 248 97 854 387 47 202 858
150 20 4404 147 619 381 811 42 721 670 156 93 38 790 97 178 254 947 268 479 358 185 943 976 304 177 772 828 264 710 212 94 805 891 840 579 733 91 819 115 227 436 402
151 20 5569 891 949 321 385 891 70 204 756 477 498 142 268 640 225 458 451 333 894 657 38 765 568 423 949 39 655 874 55 534 518 459 238 813 43 772 913 904 207 541 793
152 20 5721 912 518 223 751 82 415 933 694 892 649 414 80 74 757 970 55 846 501 871 462 900 568 548 611 843 506 633 173 350 560 432 580 200 162 5 401 435 660 880 215
153 20 4430 390 481 833 985 193 516 500 804 377 208 449 522 110 497 296 77 696 668 161 269 638 139 903 489 124 578 700 919 352 239 674 268 432 754 572 41 459 182 2 687
154 20 4848 154 204 500 571 102 631 502 727 764 322 828 962 669 186 759 984 126 37 636 932 541 438 171 711 990 244 833 808 100 634 238 232 961 455 257 630 401 661 164 176
155 20 5030 220 33 449 889 729 543 344 272 478 840 22 386 157 322 802 599 280 132 647 120 2 446 769 879 545 279 1000 14 555 35 166 289 517 376 877 63 897 571 604 916
156 20 5278 602 370 362 83 62 710 189 441 665 85 869 250 796 495 717 447 944 241 745 512 519 929 8 347 455 690 762 678 31 853 586 556 993 375 343 169 865 37 44 60
157 20 5271 1 892 490 179 641 12 895 212 159 514 501 194 603 217 556 156 438 70 576 238 357 970 966 695 791 342 973 302 695 832 150 14 348 519 362 635 225 170 815 836
158 20 4855 668 49 853 9 31 940 282 177 941 439 491 97 338 117 760 460 547 199 348 42 475 102 269 76 228 976 297 488 135 313 619 976 862 431 576 980 39 739 951 284
159 20 4485 226 30 173 597 268 896 74 778 277 410 197 609 819 279 965 175 415 11 841 556 482 490 612 898 370 883 353 875 479 525 132 68 748 319 663 823 810 526 66 993
160 20 4665 275 996 31 902 615 865 198 256 522 174 865 944 504 650 468 781 460 683 568 867 143 365 306 461 225 971 260 493 4 748 785 356 900 140 761 326 678 247 762 371
161 20 5363 155 848 133 155 528 878 821 636 153 264 897 380 349 967 715 507 478 565 358 481 523 417 722 903 755 35 977 701 304 142 265 111 380 924 707 710 900 534 606 414
162 20 5698 29 410 463 822 792 562 501 310 663 894 844 479 236 560 896 203 406 595 393 967 707 764 873 515 97 843 782 101 252 831 920 687 791 333 756 87 59 468 937 961
163 20 4701 588 780 204 931 234 888 359 729 568 997 379 195 844 193 140 815 687 805 850 135 13 275 465 502 628 883 211 522 574 136 430 270 37 996 492 711 931 932 768 400
164 20 4568 80 97 429 104 229 47 242 700 688 612 283 634 720 118 578 705 572 21 120 310 974 344 841 800 91 466 35 470 748 789 266 355 715 1000 801 147 192 208 533 221
165 20 3933 396 816 275 1 77 820 958 636 662 323 917 789 335 5 231 271 306 858 53 379 235 405 795 735 220 574 795 942 151 14 476 347 200 198 60 266 21 658 703 923
166 20 5395 140 231 765 22 964 980 644 136 442 297 451 811 689 60 508 711 816 278 5 413 527 99 851 670 438 756 232 867 383 996 880 468 96 652 922 409 422 925 616 639
167 20 5493 504 224 395 597 664 170 718 450 6 119 463 447 878 720 44 141 431 211 379 567 690 729 102 302 775 938 984 497 986 614 684 306 471 70 899 670 85 612 828 722
168 20 5538 927 268 227 956 626 12 994 450 715 254 111 928 536 727 976 74 829 480 389 710 635 180 843 919 15 866 819 485 510 871 87 387 60 117 715 202 989 960 74 466
169 20 4353 800 671 919 265 71 669 312 163 400 774 629 247 62 772 831 536 161 458 168 22 275 806 626 584 323 268 304 954 200 712 1000 818 151 245 272 631 362 98 841 944
170 20 5215 865 688 344 774 157 958 823 592 917 901 343 359 234 663 53 893 969 486 410 616 721 445 307 701 770 139 133 568 60 444 637 629 890 518 797 509 314 554 686 249
171 20 4281 788 319 70 845 871 215 517 771 548 900 183 847 534 240 898 667 544 589 495 850 130 760 161 566 27 452 510 148 175 935 226 515 524 854 323 886 57 395 982 671
172 20 4175 126 107 17 584 26 661 384 883 18 108 966 314 232 190 911 745 282 547 340 350 388 672 246 414 732 820 57 365 804 154 890 259 169 658 810 423 164 98 789 200
173 20 5562 224 277 247 853 934 561 790 796 604 70 258 629 23 224 790 377 218 913 622 114 331 373 906 415 570 169 452 4 849 83 446 764 709 196 601 35 901 701 649 298
174 20 6089 894 887 608 171 978 855 608 560 595 566 638 527 674 70 698 555 351 326 1000 30 340 397 553 601 712 919 958 205 849 199 318 243 435 931 838 16 62 410 69 635
175 20 3361 367 207 728 211 561 560 158 185 162 714 288 248 253 171 565 195 142 75 21 930 782 538 121 944 138 882 429 762 188 206 698 618 745 131 108 946 197 119 72 100
176 20 4107 142 838 905 546 330 773 317 781 923 571 641 644 614 850 532 708 615 564 199 302 24 192 183 537 415 915 886 945 433 564 62 151 114 558 325 996 153 330 401 986
177 20 5143 749 153 540 552 827 660 728 278 530 984 655 229 834 659 216 959 20 990 622 126 17 606 898 891 203 11 885 724 342 282 798 659 167 68 185 925 958 679 112 283
178 20 4518 615 243 204 693 386 778 997 940 356 412 372 599 81 516 436 751 868 702 753 741 716 342 352 3 965 19 248 410 413 326 112 766 410 861 219 451 184 88 349 394
179 20 4148 339 273 129 538 443 939 476 977 334 364 795 860 989 43 798 84 584 851 221 6 177 9 291 400 220 374 131 692 578 801 429 823 500 255 148 75 74 843 640 1000
180 20 5051 279 480 918 673 486 92 65 22 370 747 482 547 141 938 699 520 134 63 120 241 376 638 886 380 831 85 837 16 179 311 623 90 544 946 302 527 990 788 840 143
181 20 5184 130 203 761 503 591 125 483 85 899 150 199 635 484 626 751 899 459 684 884 345 246 615 205 874 629 604 815 304 21 349 780 572 843 668 185 42 785 472 218 139
182 20 4745 634 8 99 752 129 254 280 895 609 443 998 766 947 411 28 324 699 178 372 390 958 513 510 893 211 607 196 437 707 694 126 913 537 45 733 58 273 774 445 624
183 20 3887 525 777 326 922 298 67 517 813 78 354 76 389 308 470 73 157 413 619 861 557 461 760 377 735 521 977 154 164 473 493 373 177 412 362 437 467 440 187 652 42
184 20 4998 142 148 209 275 672 858 975 576 212 581 377 99 894 644 508 976 130 609 663 41 578 533 595 971 965 749 79 258 658 454 805 247 985 497 95 74 124 69 331 288
185 20 4941 233 445 922 863 377 852 462 70 115 94 249 540 417 420 663 103 690 682 390 302 440 763 782 505 275 893 973 292 745 393 75 412 954 601 63 100 902 50 155 232
186 20 3128 27 328 26 479 33 808 162 528 195 986 45 501 836 949 526 457 774 53 492 903 127 822 366 936 19 889 787 977 271 724 264 919 17 699 252 366 961 983 76 632
187 20 4456 424 904 528 264 140 13 443 764 453 978 820 215 755 209 553 274 548 857 61 278 934 711 830 417 342 777 146 854 701 208 374 314 201 367 361 598 218 768 80 594
188 20 4913 254 501 862 724 900 817 362 460 813 272 526 536 558 802 101 855 69 278 376 442 908 86 713 703 647 498 635 215 412 216 761 919 205 824 187 127 235 670 302 905
189 20 5354 610 12 787 316 711 176 79 170 862 448 799 568 766 263 552 492 335 455 407 918 666 75 873 697 299 846 8 339 673 89 493 254 259 468 15 818 933 121 581 176
190 20 4763 833 600 706 1000 156 622 648 119 143 350 258 185 318 774 520 132 72 343 644 142 396 589 558 835 783 145 42 535 439 449 894 924 319 76 657 521 931 436 210 798
191 20 4811 670 991 615 596 555 145 537 836 518 778 967 440 40 613 175 428 543 598 358 220 246 495 598 833 577 188 494 729 83 845 728 270 121 139 659 204 934 95 204 301
192 20 3961 74 666 296 788 33 36 389 319 510 741 175 758 720 584 15 615 66 413 52 939 447 636 761 381 245 434 859 512 745 313 402 230 402 813 536 449 834 816 362 778
193 20 6021 437 219 825 649 710 232 283 482 735 528 265 771 958 383 138 447 479 774 968 205 828 757 831 492 636 496 366 842 871 590 374 918 547 61 594 734 493 567 704 76
194 20 4679 504 831 844 95 862 359 154 644 37 960 495 608 751 116 197 377 26 725 51 122 931 791 628 960 262 278 694 206 898 221 377 587 603 552 462 182 339 142 244 15
195 20 4922 335 202 37 304 920 136 371 601 174 108 982 522 434 987 225 457 399 415 214 827 411 576 80 73 268 416 276 251 592 784 540 67 902 380 908 250 858 251 919 904
196 20 5085 723 880 962 422 71 618 521 583 309 583 888 644 75 468 795 175 425 143 467 613 962 458 128 48 775 166 444 534 848 135 224 2 205 286 373 396 300 714 675 366
197 20 5061 688 117 997 303 229 396 571 366 821 858 225 642 376 167 609 471 470 207 284 966 145 363 987 161 935 883 508 823 470 703 354 747 513 455 815 612 118 258 7 487
198 20 5102 507 611 691 809 807 240 584 685 425 626 118 310 487 834 93 345 780 159 558 931 422 887 801 64 384 565 171 305 819 866 65 762 506 741 817 731 694 316 476 35
199 20 5792 648 72 732 27 980 733 563 928 140 418 707 618 777 702 814 469 33 761 22 425 834 352 619 281 90 452 647 788 987 250 749 372 442 807 513 399 697 568 591 923
200 20 4661 629 63 111 198 679 541 633 279 716 671 115 229 499 424 465 353 308 222 368 212 876 944 926 898 210 492 464 476 164 893 24 739 558 652 216 757 821 446 541 291
