1001 20 14258 1616 75 343 903 432 590 538 1802 1319 939 288 3 56 1552 1461 400 1712 914 1901 1233 1954 1131 58 177 218 517 121 1136 1203 484 1189 1667 1094 1028 971 1220 178 802 1171 240
2001 20 14258 1901 1233 56 1552 178 802 1171 240 121 1136 538 1802 1319 939 1461 400 1616 75 1712 914 971 1220 1189 1667 1094 1028 1954 1131 218 517 432 590 1203 484 58 177 288 3 343 903
1002 20 13122 1404 1012 1143 1096 1280 1580 1871 1039 1308 1481 707 587 118 1665 1203 1955 64 1313 700 378 177 1600 394 1349 1341 339 667 259 1658 139 60 1704 593 1380 332 1873 1059 469 324 1754
2002 20 13122 394 1349 1404 1012 64 1313 118 1665 667 259 324 1754 1658 139 332 1873 700 378 707 587 177 1600 1059 469 1143 1096 1308 1481 593 1380 1871 1039 1341 339 1280 1580 60 1704 1203 1955
1003 20 17240 1382 613 1268 1416 397 431 1257 1907 954 1213 540 1299 1070 1665 1415 1625 1175 1724 92 895 1564 1501 690 143 1098 1886 1183 134 595 1708 1401 496 1902 854 1485 908 1911 426 172 1924
2003 20 17240 954 1213 172 1924 92 895 1183 134 540 1299 1564 1501 1070 1665 1382 613 1401 496 1175 1724 1485 908 1415 1625 1257 1907 1098 1886 1268 1416 690 143 1911 426 595 1708 1902 854 397 431
1004 20 14439 643 1963 304 276 1332 95 1536 215 1085 1385 438 200 700 1809 1636 1480 758 1590 942 1142 609 1364 1077 664 396 1240 1285 783 1734 1444 521 1865 203 1899 1560 932 631 350 659 274
2004 20 14439 1536 215 396 1240 758 1590 631 350 942 1142 1636 1480 203 1899 1332 95 1077 664 609 1364 1734 1444 700 1809 1085 1385 1560 932 643 1963 304 276 438 200 659 274 1285 783 521 1865
1005 20 15027 626 1855 1548 1461 324 1508 455 1234 1106 368 136 1678 1853 1032 1277 818 275 1772 1552 1545 874 1344 1601 1539 192 1732 968 203 1545 1811 520 824 1276 1887 403 1150 1932 415 321 1256
2005 20 15027 1932 415 321 1256 136 1678 1853 1032 968 203 403 1150 1276 1887 324 1508 455 1234 1552 1545 626 1855 1106 368 275 1772 192 1732 1545 1811 874 1344 1548 1461 1277 818 1601 1539 520 824
1006 20 15132 1592 566 1290 1056 198 952 87 1779 907 528 126 766 249 1274 263 1466 1115 1567 1268 1384 798 1537 869 1351 950 1743 1582 1592 763 1774 1540 1172 1837 464 376 1808 1210 129 1896 531
2006 20 15132 950 1743 198 952 87 1779 869 1351 263 1466 1210 129 1582 1592 376 1808 1540 1172 1837 464 763 1774 126 766 1115 1567 1290 1056 798 1537 249 1274 1896 531 1592 566 907 528 1268 1384
1007 20 17136 1003 1726 795 1006 228 1197 484 686 561 1698 1396 1651 1283 1706 1980 1409 1150 1153 860 682 1866 388 1960 1502 648 112 1292 1754 1319 341 942 750 1172 617 530 1035 334 1157 1617 1314
2007 20 17136 530 1035 1980 1409 484 686 1319 341 1283 1706 1292 1754 228 1197 1003 1726 942 750 1960 1502 1396 1651 648 112 1172 617 860 682 1617 1314 561 1698 1150 1153 334 1157 1866 388 795 1006
1008 20 17076 1817 637 926 445 160 601 1419 1021 1960 914 1885 149 1326 1834 369 464 867 1888 561 1650 436 1553 194 366 757 1262 1822 1750 1984 370 815 489 1106 845 773 1401 452 599 1717 331
2008 20 17076 436 1553 1717 331 926 445 1817 637 160 601 369 464 452 599 1326 1834 1984 370 1822 1750 194 366 561 1650 1419 1021 815 489 1106 845 867 1888 773 1401 1960 914 1885 149 757 1262
1009 20 14862 141 960 589 1057 445 896 1714 1689 721 1067 935 907 575 900 1682 918 1118 664 1850 707 1578 168 20 134 1601 1645 1262 314 406 1962 334 980 103 1619 1614 207 1643 803 247 1569
2009 20 14862 935 907 103 1619 1118 664 1262 314 1601 1645 1614 207 721 1067 247 1569 575 900 1850 707 1578 168 1643 803 445 896 589 1057 334 980 1714 1689 20 134 141 960 406 1962 1682 918
1010 20 15856 1017 1612 512 474 1893 1339 300 238 1229 888 238 886 450 767 1980 1421 769 1437 346 124 805 1626 176 548 1739 651 1401 1602 1854 1779 812 486 731 593 995 845 996 624 1577 880
2010 20 15856 731 593 1017 1612 346 124 805 1626 176 548 995 845 238 886 769 1437 1577 880 512 474 1854 1779 996 624 1893 1339 1739 651 812 486 1401 1602 450 767 300 238 1229 888 1980 1421
1011 20 15365 755 1880 1865 340 219 526 284 566 680 633 1820 591 537 659 1856 485 1317 15 696 1353 516 1987 772 1923 1000 84 1890 1135 1208 802 468 1758 1284 639 600 1145 1244 923 196 8
2011 20 15365 468 1758 696 1353 1208 802 1284 639 516 1987 755 1880 1856 485 680 633 1865 340 1890 1135 196 8 1317 15 284 566 772 1923 1820 591 1244 923 600 1145 1000 84 537 659 219 526
1012 20 17409 552 383 1547 631 1492 1601 647 1963 520 418 1575 858 1795 757 1836 1703 1926 712 1790 2000 116 68 506 1951 1264 196 1633 185 1320 13 108 577 648 11 664 857 626 783 1197 30
2012 20 17409 1197 30 1836 1703 1547 631 520 418 647 1963 552 383 1633 185 108 577 506 1951 1575 858 1926 712 1264 196 1320 13 664 857 1790 2000 116 68 648 11 1795 757 1492 1601 626 783
1013 20 17563 1856 1073 978 142 1 414 1926 1204 1184 1763 1114 302 1750 944 1002 442 239 1546 771 555 696 133 281 1291 1733 1945 1411 1562 1672 944 1459 387 641 1530 299 1065 1677 1114 1264 1791
2013 20 17563 299 1065 239 1546 1750 944 1 414 1672 944 1926 1204 1264 1791 281 1291 1459 387 771 555 1411 1562 1184 1763 1677 1114 978 142 696 133 1114 302 1002 442 1856 1073 1733 1945 641 1530
1014 20 17748 582 420 455 497 1913 375 1910 752 1269 962 1048 344 840 330 1010 1188 1182 895 946 603 988 1921 301 1767 770 1824 1316 165 946 305 1346 1533 1180 328 1306 1808 1998 1190 880 238
2014 20 17748 1306 1808 582 420 988 1921 946 603 1182 895 455 497 770 1824 1316 165 1913 375 840 330 1048 344 1269 962 1010 1188 1910 752 301 1767 880 238 1346 1533 1998 1190 1180 328 946 305
1015 20 17626 1841 1394 785 300 1389 877 1598 337 1501 1595 1072 1754 1266 1792 1472 1652 1796 1447 832 1730 1701 1577 200 751 231 1807 1595 5 239 1630 1796 101 841 1535 830 814 723 1559 325 1917
2015 20 17626 200 751 1501 1595 325 1917 1266 1792 1472 1652 1796 1447 1595 5 832 1730 1598 337 1389 877 239 1630 231 1807 1796 101 1701 1577 841 1535 1841 1394 723 1559 1072 1754 830 814 785 300
1016 20 14373 1869 1680 1376 1733 330 788 7 752 825 1879 1313 899 1639 632 1564 1851 593 321 400 668 470 822 21 1720 466 594 150 1830 1421 110 336 395 1557 399 636 475 1189 78 1805 1574
2016 20 14373 336 395 593 321 400 668 825 1879 470 822 1869 1680 466 594 1189 78 1557 399 150 1830 21 1720 636 475 1564 1851 1376 1733 1805 1574 1313 899 1421 110 7 752 330 788 1639 632
1017 20 16242 697 1226 118 1579 823 594 65 919 1587 1818 1726 631 73 266 281 270 1721 1152 1502 597 1252 1738 1595 1957 1128 32 817 829 560 1508 1086 1934 1475 715 860 546 1027 930 1910 384
2017 20 16242 65 919 281 270 1475 715 1721 1152 1086 1934 860 546 73 266 1027 930 697 1226 817 829 1128 32 1502 597 560 1508 1252 1738 118 1579 1587 1818 1910 384 823 594 1595 1957 1726 631
1018 20 16974 1787 1233 1536 482 1044 822 374 1558 1954 1133 1259 988 546 1849 1376 923 1060 236 903 38 66 1448 1714 1741 1349 901 404 364 1866 801 1135 85 1023 1816 209 1049 182 1238 1431 1053
2018 20 16974 1787 1233 1023 1816 1431 1053 1376 923 1536 482 374 1558 1259 988 1349 901 1714 1741 1135 85 182 1238 66 1448 1044 822 1954 1133 404 364 1060 236 209 1049 546 1849 903 38 1866 801
1019 20 15227 940 1698 1030 1766 1051 268 1473 1666 149 1185 1321 1850 916 614 351 257 1497 711 1566 1388 282 1242 1639 913 1011 522 287 1009 568 432 1862 633 77 1737 1825 283 729 1023 460 639
2019 20 15227 1825 283 1011 522 1321 1850 916 614 1639 913 1051 268 77 1737 287 1009 1862 633 568 432 1473 1666 1497 711 1030 1766 940 1698 351 257 1566 1388 149 1185 460 639 282 1242 729 1023
1020 20 12076 460 129 1212 857 524 872 1513 1139 1826 727 72 1054 751 728 456 1115 1004 534 1892 1624 113 761 1317 1757 370 1541 85 1751 8 943 1012 929 1440 471 38 318 742 1812 260 1330
2020 20 12076 113 761 456 1115 1317 1757 742 1812 1892 1624 751 728 8 943 1826 727 1212 857 38 318 85 1751 460 129 524 872 1440 471 72 1054 1012 929 260 1330 1513 1139 370 1541 1004 534
1021 20 15556 1991 1374 155 1304 1979 1310 114 1347 1746 1485 1899 1198 233 1675 491 1079 1143 1796 1946 521 1631 1895 133 495 617 331 838 1736 969 663 473 314 1224 244 1059 1386 246 928 559 1139
2021 20 15556 1991 1374 133 495 246 928 1946 521 491 1079 1899 1198 1224 244 969 663 559 1139 1059 1386 114 1347 838 1736 1746 1485 233 1675 617 331 1979 1310 1631 1895 1143 1796 473 314 155 1304
1022 20 18344 1374 159 1692 517 1798 1190 1429 1831 856 988 743 587 39 1549 1623 1763 1351 112 645 862 923 161 511 1037 1102 48 688 1304 1934 457 1514 715 1467 143 1930 1060 1274 6 37 1638
2022 20 18344 688 1304 1930 1060 1692 517 856 988 1623 1763 39 1549 1798 1190 37 1638 511 1037 1374 159 1274 6 923 161 1429 1831 743 587 1102 48 1351 112 1467 143 645 862 1514 715 1934 457
1023 20 14848 236 536 17 1031 1296 992 1146 1982 1136 1416 149 64 13 1305 749 1878 1280 1935 1214 187 1428 978 1887 561 576 1470 913 1850 1507 1982 1470 1738 200 1798 164 735 1240 968 1939 497
2023 20 14848 1887 561 1296 992 913 1850 236 536 1470 1738 749 1878 1146 1982 17 1031 200 1798 1214 187 1240 968 149 64 164 735 1939 497 1428 978 13 1305 576 1470 1280 1935 1136 1416 1507 1982
1024 20 16145 1536 267 269 811 1351 1482 1074 987 1749 1814 600 815 262 1552 1060 629 990 651 1542 259 1263 1861 1629 1952 267 937 1426 1958 1049 243 1246 772 48 817 1154 1784 224 1260 1443 1174
2024 20 16145 600 815 1263 1861 1246 772 1542 259 1749 1814 48 817 262 1552 1154 1784 1536 267 1351 1482 1060 629 990 651 1443 1174 1426 1958 269 811 267 937 1629 1952 1049 243 224 1260 1074 987
1025 20 16648 1993 27 1585 237 960 1121 40 1079 639 1848 1931 795 899 657 1716 473 73 198 1363 1103 1084 1937 1494 622 851 1865 781 1061 1656 1506 593 334 1080 1103 737 401 575 280 761 1678
2025 20 16648 575 280 960 1121 1585 237 781 1061 1494 622 761 1678 1363 1103 1080 1103 1993 27 1716 473 1656 1506 737 401 851 1865 593 334 73 198 639 1848 40 1079 1084 1937 1931 795 899 657
1026 20 15069 893 780 177 1728 230 1673 1578 1767 778 1867 1984 267 436 74 1024 1817 1583 482 309 1997 1524 246 607 895 162 930 168 1640 1283 672 30 1596 1731 1943 1956 901 1656 1567 728 739
2026 20 15069 1956 901 1656 1567 607 895 1984 267 230 1673 309 1997 1731 1943 1583 482 893 780 728 739 30 1596 1524 246 168 1640 778 1867 1024 1817 162 930 436 74 1578 1767 177 1728 1283 672
1027 20 14420 1160 947 913 47 1432 1848 577 1270 796 426 1531 1966 1069 1000 327 1314 316 1864 773 1439 357 1568 1532 1741 1714 26 330 511 1345 1511 1799 1982 821 913 281 1818 918 695 35 786
2027 20 14420 796 426 35 786 1432 1848 773 1439 281 1818 1532 1741 357 1568 330 511 1345 1511 316 1864 913 47 1799 1982 821 913 1531 1966 577 1270 327 1314 918 695 1069 1000 1160 947 1714 26
1028 20 14076 312 991 1817 967 126 1696 1315 1275 681 812 1828 933 675 1777 839 585 1475 397 180 1799 1702 260 112 105 167 698 162 1410 649 598 394 1008 1580 1440 878 860 1348 434 1356 1901
2028 20 14076 1315 1275 1356 1901 1580 1440 126 1696 312 991 1348 434 1817 967 167 698 839 585 162 1410 1702 260 1828 933 112 105 180 1799 681 812 649 598 394 1008 675 1777 1475 397 878 860
1029 20 17352 1891 1060 1066 276 443 1472 167 1913 804 1677 908 280 1679 767 1826 1406 13 1345 1014 1671 1856 1308 1839 1930 601 1832 1741 156 1155 202 603 1727 347 1039 1789 222 249 709 1700 1330
2029 20 17352 1155 202 1014 1671 13 1345 1066 276 1826 1406 1789 222 1679 767 347 1039 1700 1330 1741 156 1891 1060 443 1472 1839 1930 908 280 804 1677 603 1727 601 1832 1856 1308 167 1913 249 709
1030 20 16045 850 150 964 1016 905 1841 1861 215 1004 973 256 1005 689 313 631 1411 443 962 1456 542 1250 1896 298 856 1095 714 1078 1389 1148 596 1711 916 1043 1207 730 1574 668 1542 1977 779
2030 20 16045 689 313 850 150 1078 1389 905 1841 256 1005 668 1542 631 1411 298 856 1095 714 1861 215 1148 596 1250 1896 443 962 730 1574 1977 779 1711 916 1004 973 964 1016 1043 1207 1456 542
1031 20 16627 1354 1285 1448 220 375 41 284 547 952 1936 1952 233 1892 1229 600 844 1611 1291 778 1680 762 718 1400 667 1112 1167 225 231 1605 999 938 1278 1194 1501 228 1983 1712 451 362 1471
2031 20 16627 600 844 1611 1291 228 1983 375 41 1605 999 1400 667 1354 1285 225 231 1712 451 362 1471 778 1680 1112 1167 952 1936 1952 233 284 547 938 1278 1448 220 1194 1501 1892 1229 762 718
1032 20 15048 62 1 1166 1560 1579 1652 1272 309 313 1185 503 1566 1853 1503 1315 1389 1410 1838 801 22 878 1351 1159 1193 72 1109 1999 1533 691 644 1508 1211 9 763 448 104 1031 1123 742 1987
2032 20 15048 801 22 1031 1123 313 1185 1159 1193 62 1 9 763 1999 1533 1272 309 691 644 1508 1211 1579 1652 1853 1503 503 1566 448 104 878 1351 1166 1560 1410 1838 742 1987 1315 1389 72 1109
1033 20 13986 359 1509 1459 1410 1172 979 397 1518 191 1025 544 1568 605 1096 794 336 1790 1076 180 1676 1296 373 1823 246 433 487 864 92 1615 1497 1952 1340 199 1957 495 525 1266 1838 49 1289
2033 20 13986 1615 1497 199 1957 1296 373 433 487 864 92 1172 979 1823 246 191 1025 1952 1340 359 1509 49 1289 794 336 1790 1076 495 525 1266 1838 397 1518 1459 1410 544 1568 180 1676 605 1096
1034 20 14143 392 1515 1453 1812 1995 929 1207 1897 1789 1032 1030 163 441 219 966 1935 362 358 102 704 75 1361 508 742 629 1757 691 1085 305 376 1371 944 783 1986 1440 1700 959 947 1181 1115
2034 20 14143 362 358 691 1085 508 742 629 1757 783 1986 305 376 441 219 966 1935 102 704 1371 944 75 1361 392 1515 959 947 1207 1897 1440 1700 1453 1812 1030 163 1789 1032 1181 1115 1995 929
1035 20 11478 1133 1448 250 786 491 1955 159 1020 513 1978 488 1275 1350 107 168 417 373 1064 630 106 1075 1587 732 1333 925 360 691 1667 852 250 16 918 1543 1760 1591 1418 738 1196 630 789
2035 20 11478 925 360 738 1196 732 1333 1350 107 168 417 852 250 250 786 488 1275 691 1667 630 106 1543 1760 1075 1587 373 1064 630 789 513 1978 16 918 1133 1448 159 1020 1591 1418 491 1955
1036 20 17525 1600 130 327 1836 756 737 417 415 611 493 1831 291 1512 1426 1094 7 519 1169 1956 1938 1353 1583 1157 1894 895 1286 1147 80 556 1473 1948 43 1110 651 1647 727 751 1339 720 934
2036 20 17525 556 1473 1110 651 1948 43 1147 80 1512 1426 1094 7 1956 1938 1157 1894 417 415 720 934 519 1169 611 493 1831 291 327 1836 756 737 895 1286 751 1339 1353 1583 1647 727 1600 130
1037 20 13317 922 1271 1886 1645 598 265 157 394 768 459 374 1812 980 489 1289 1481 1307 109 1405 987 936 1890 438 1408 213 511 339 1497 737 479 373 894 1095 1474 1747 1316 1051 1256 32 1207
2037 20 13317 936 1890 598 265 374 1812 373 894 339 1497 32 1207 1095 1474 438 1408 1307 109 1747 1316 1051 1256 768 459 157 394 1289 1481 1405 987 737 479 1886 1645 213 511 922 1271 980 489
1038 20 20348 18 710 979 1623 1945 349 1876 32 1951 1916 1079 1625 1927 1405 1211 36 832 205 1691 1283 1259 1497 1598 326 1228 310 606 339 843 107 744 138 1098 464 1684 1133 1064 1758 1802 1991
2038 20 20348 1802 1991 606 339 1945 349 1927 1405 1228 310 832 205 843 107 1079 1625 1951 1916 1876 32 1064 1758 1691 1283 1098 464 979 1623 1684 1133 744 138 1598 326 1259 1497 1211 36 18 710
1039 20 13376 1559 1046 538 1285 652 1249 1736 66 1442 1263 82 294 360 735 235 1412 821 1601 551 1919 81 985 1188 1698 1090 1903 1825 853 799 602 583 512 731 75 409 313 117 821 1922 699
2039 20 13376 1442 1263 1559 1046 235 1412 583 512 1922 699 82 294 1188 1698 1736 66 799 602 538 1285 1825 853 821 1601 652 1249 360 735 731 75 1090 1903 81 985 117 821 551 1919 409 313
1040 20 15758 1452 44 968 656 1021 1083 1865 1834 365 1323 999 1579 696 550 1 1105 1679 76 101 1278 733 454 1473 169 673 1767 1879 784 794 973 1743 1758 930 1383 838 1836 1095 1617 393 823
2040 20 15758 968 656 733 454 696 550 101 1278 1 1105 1095 1617 1743 1758 930 1383 1879 784 1452 44 838 1836 673 1767 393 823 365 1323 1473 169 794 973 1021 1083 999 1579 1679 76 1865 1834
1041 20 16216 1247 1262 1966 280 264 385 1772 747 1036 1230 1465 279 421 1436 813 1105 304 1263 1599 757 1601 870 1376 434 868 1276 645 1350 275 994 99 520 906 426 360 1138 1832 1964 1421 667
2041 20 16216 1421 667 275 994 1601 870 906 426 1599 757 421 1436 1247 1262 813 1105 99 520 360 1138 304 1263 645 1350 1772 747 1832 1964 868 1276 264 385 1465 279 1376 434 1966 280 1036 1230
1042 20 17395 29 532 1366 429 796 620 201 1772 1852 1090 1901 1626 17 1114 1963 914 402 1272 1300 458 402 458 1612 113 1957 749 501 829 1236 1759 1323 509 1138 1209 1370 607 1607 1441 771 1120
2042 20 17395 29 532 796 620 1300 458 1138 1209 1957 749 402 458 1901 1626 17 1114 1612 113 1963 914 1370 607 1852 1090 1236 1759 771 1120 402 1272 1323 509 1366 429 201 1772 1607 1441 501 829
1043 20 18335 945 64 699 1017 99 981 1882 1490 1869 684 854 307 955 897 1730 813 1452 89 1241 357 1000 1162 1827 1488 22 763 1483 423 1922 1550 1506 757 231 807 1167 1648 40 737 1995 925
2043 20 18335 1882 1490 1483 423 1241 357 1827 1488 1506 757 955 897 1452 89 22 763 1730 813 40 737 699 1017 1000 1162 1995 925 854 307 1922 1550 1167 1648 1869 684 231 807 99 981 945 64
1044 20 21014 800 359 769 939 1882 628 744 1626 1530 301 1519 1232 261 402 1813 1125 1679 819 1796 788 1074 979 1682 433 1192 1323 1406 64 1956 124 1075 505 1398 1541 1708 165 1847 903 137 1434
2044 20 21014 1192 1323 1847 903 137 1434 769 939 1796 788 1813 1125 1956 124 1075 505 1074 979 1708 165 261 402 1882 628 1406 64 744 1626 1398 1541 1530 301 800 359 1519 1232 1679 819 1682 433
1045 20 15271 1199 1295 734 397 1605 1855 47 1600 98 100 1877 427 87 1725 853 1767 1525 380 806 734 664 1842 1697 851 10 1701 1202 1215 512 283 662 929 1655 317 1995 1409 1537 1749 324 860
2045 20 15271 1877 427 1525 380 1605 1855 10 1701 664 1842 806 734 87 1725 98 100 662 929 1537 1749 324 860 1199 1295 1202 1215 1995 1409 1697 851 1655 317 734 397 853 1767 47 1600 512 283
1046 20 14357 642 1265 1632 19 1178 1206 518 558 544 13 1306 89 894 792 1171 1647 795 1796 1280 866 629 1031 747 561 949 1593 1210 1301 680 580 1011 1218 1079 489 682 138 247 44 753 1581
2046 20 14357 1011 1218 1632 19 795 1796 682 138 629 1031 1306 89 949 1593 1079 489 894 792 642 1265 247 44 747 561 1280 866 544 13 680 580 518 558 1171 1647 1178 1206 1210 1301 753 1581
1047 20 19081 1648 1325 1401 1452 1690 12 773 536 1107 1230 1649 79 1729 921 1812 309 739 195 1494 1651 559 1127 650 198 1237 675 651 886 1942 838 1807 242 739 130 524 1556 124 1927 1577 1425
2047 20 19081 124 1927 1729 921 524 1556 1401 1452 1807 242 739 130 1107 1230 1812 309 1648 1325 651 886 1690 12 1649 79 739 195 1494 1651 559 1127 1942 838 1237 675 650 198 773 536 1577 1425
1048 20 13840 1981 872 101 1230 417 1274 299 1977 1394 1943 1001 1022 1115 431 746 257 199 1854 90 187 388 1679 1481 640 319 1156 1256 318 689 1331 1153 539 226 1789 1456 20 1303 1520 1686 382
2048 20 13840 1303 1520 1981 872 1001 1022 299 1977 226 1789 199 1854 746 257 1686 382 1394 1943 1456 20 101 1230 388 1679 1256 318 1153 539 319 1156 689 1331 1115 431 90 187 1481 640 417 1274
1049 20 13397 21 947 1044 372 911 643 1249 277 190 1916 1830 1264 686 1081 1822 1057 13 1032 347 1429 730 1559 168 162 1788 1194 1737 1013 604 1114 432 1688 1323 1531 897 357 587 1402 368 214
2049 20 13397 1822 1057 21 947 686 1081 1249 277 604 1114 1830 1264 730 1559 1044 372 432 1688 587 1402 1323 1531 911 643 190 1916 168 162 1737 1013 1788 1194 897 357 347 1429 368 214 13 1032
1050 20 12491 364 948 323 1010 1426 143 814 1421 495 117 292 569 1433 926 1726 857 1492 1760 1370 894 109 23 1602 1068 1302 1100 19 1088 333 1393 435 1067 866 101 150 694 814 1327 249 1698
2050 20 12491 109 23 1302 1100 19 1088 364 948 1602 1068 814 1327 1492 1760 495 117 1370 894 150 694 1433 926 1426 143 292 569 323 1010 333 1393 866 101 814 1421 1726 857 435 1067 249 1698
1051 20 17957 1731 1618 1075 148 183 1419 718 1524 515 1213 1872 1486 1621 603 588 423 398 64 1924 1475 1306 1348 1917 1295 1611 1966 793 1471 74 1679 189 513 780 1780 1874 239 1294 1173 1984 435
2051 20 17957 1924 1475 183 1419 1984 435 1874 239 515 1213 1731 1618 793 1471 1294 1173 74 1679 398 64 1306 1348 1075 148 718 1524 189 513 1872 1486 1621 603 1917 1295 588 423 1611 1966 780 1780
1052 20 15858 1284 586 829 1606 1112 1465 1376 1414 978 465 1399 1906 1595 450 671 1688 1125 947 211 398 793 683 1211 1251 142 1342 1666 1619 1860 400 484 827 156 1611 689 813 963 1704 1279 718
2052 20 15858 1595 450 1666 1619 829 1606 1399 1906 1284 586 1279 718 484 827 156 1611 142 1342 793 683 1376 1414 1112 1465 689 813 1860 400 1211 1251 671 1688 211 398 963 1704 978 465 1125 947
1053 20 15366 1324 1335 241 1082 1962 1777 1128 1723 1336 1334 560 881 1501 1166 721 246 1153 518 20 911 658 1683 860 1172 1098 1659 1648 1687 1536 67 1631 1131 764 1131 713 1158 348 924 6 1866
2053 20 15366 1962 1777 20 911 560 881 1128 1723 1098 1659 721 246 764 1131 348 924 1631 1131 1336 1334 1153 518 6 1866 1501 1166 658 1683 1648 1687 713 1158 1324 1335 1536 67 860 1172 241 1082
1054 20 15912 33 2000 637 1549 282 412 1352 1395 285 1090 1447 548 1138 321 1361 931 1542 1755 1485 1342 1868 1421 1680 1629 1759 1119 772 1626 630 852 1417 624 297 1008 1169 804 718 1626 19 404
2054 20 15912 637 1549 33 2000 285 1090 1361 931 1169 804 1680 1629 297 1008 718 1626 1868 1421 1485 1342 1447 548 1352 1395 1759 1119 1417 624 630 852 1542 1755 19 404 772 1626 1138 321 282 412
1055 20 16001 280 354 1097 1903 1780 253 1089 1036 785 1411 1457 1091 1890 1056 1887 957 700 113 1438 1391 1239 781 261 1194 1512 985 74 1352 2 1714 417 1492 1589 236 576 300 1115 1030 814 175
2055 20 16001 417 1492 1589 236 1887 957 785 1411 700 113 1239 781 1097 1903 814 175 1890 1056 1780 253 576 300 1438 1391 1512 985 2 1714 1457 1091 280 354 261 1194 74 1352 1089 1036 1115 1030
1056 20 16340 727 675 315 1236 1137 38 1774 186 1728 498 1387 1377 289 210 1946 501 1026 1969 252 97 663 1247 1590 622 402 7 592 493 748 845 299 1436 1717 1194 1696 773 1768 125 369 673
2056 20 16340 289 210 1696 773 727 675 663 1247 1590 622 315 1236 748 845 1774 186 1026 1969 1387 1377 252 97 592 493 369 673 1137 38 1728 498 299 1436 1768 125 1717 1194 402 7 1946 501
1057 20 13168 299 680 1753 310 129 629 345 883 1488 352 1333 1339 1002 552 657 609 989 720 302 721 955 1010 185 224 356 1304 668 1 966 773 890 1905 1023 571 809 1719 1244 794 1068 1715
2057 20 13168 1244 794 1068 1715 809 1719 989 720 129 629 1488 352 668 1 1023 571 345 883 890 1905 299 680 966 773 356 1304 657 609 955 1010 302 721 1333 1339 185 224 1753 310 1002 552
1058 20 15182 1527 1297 434 595 1706 1420 755 3 894 1621 311 1586 727 560 73 1687 727 1138 1085 1948 364 1838 439 1992 778 1656 1836 39 1057 1481 752 1418 986 718 1428 1143 1390 1171 1709 755
2058 20 15182 439 1992 727 1138 73 1687 364 1838 755 3 1428 1143 727 560 1709 755 986 718 434 595 1527 1297 778 1656 1085 1948 1057 1481 1390 1171 894 1621 1706 1420 752 1418 311 1586 1836 39
1059 20 15004 912 859 326 647 1159 1699 1870 1874 1255 1340 247 636 501 1502 167 442 1791 985 685 244 993 1776 1992 1244 882 1811 352 1293 201 242 1223 582 944 1348 828 1806 1430 837 997 274
2059 20 15004 993 1776 1223 582 912 859 997 274 1992 1244 685 244 1791 985 501 1502 326 647 944 1348 247 636 201 242 882 1811 1870 1874 1255 1340 167 442 1430 837 1159 1699 828 1806 352 1293
1060 20 15043 615 1788 430 1528 1481 1399 596 1041 1035 1546 1688 603 139 1642 691 490 410 314 921 476 1309 956 46 498 872 1927 715 463 1716 1208 1587 861 974 282 866 428 1991 1981 722 1805
2060 20 15043 691 490 921 476 615 1788 715 463 866 428 596 1041 1587 861 139 1642 430 1528 410 314 1035 1546 1688 603 46 498 1991 1981 1481 1399 974 282 722 1805 1309 956 1716 1208 872 1927
1061 20 16370 867 1273 1 177 1775 146 938 938 850 577 1088 1775 618 1169 1809 1275 607 1300 1070 79 1963 1475 505 1652 607 1288 1434 498 1198 14 807 672 1515 553 492 367 473 641 1846 1966
2061 20 16370 618 1169 850 577 1434 498 1070 79 492 367 938 938 1963 1475 807 672 607 1288 1 177 505 1652 607 1300 1809 1275 1846 1966 1198 14 1088 1775 867 1273 473 641 1515 553 1775 146
1062 20 12892 790 462 320 860 532 1142 1717 325 1379 1537 718 690 1470 1285 760 1422 164 1560 700 1892 1646 1716 1950 1509 61 1861 1305 748 523 792 707 1778 249 243 955 852 109 357 60 242
2062 20 12892 1379 1537 60 242 164 1560 955 852 61 1861 249 243 790 462 1950 1509 320 860 700 1892 523 792 109 357 1470 1285 760 1422 1305 748 1646 1716 1717 325 532 1142 718 690 707 1778
1063 20 17237 1760 1174 1960 460 1330 1702 34 153 83 1915 1044 462 1816 478 326 363 1635 845 889 1994 1721 1523 353 443 1072 1452 575 1980 1300 514 1416 1284 726 491 565 1988 1329 218 1613 466
2063 20 17237 1721 1523 1613 466 1300 514 1044 462 1330 1702 353 443 1329 218 1960 460 326 363 83 1915 34 153 1760 1174 575 1980 726 491 1072 1452 889 1994 1416 1284 565 1988 1816 478 1635 845
1064 20 15043 367 289 1483 783 659 1809 1544 39 843 1387 1261 1159 1117 950 1317 1546 967 1294 1233 1471 21 1138 1104 366 1300 763 1211 232 1121 1028 531 840 535 972 266 889 1869 550 55 1781
2064 20 15043 1233 1471 659 1809 843 1387 21 1138 1869 550 1483 783 55 1781 1117 950 1104 366 1121 1028 1544 39 1211 232 367 289 1300 763 535 972 967 1294 266 889 531 840 1317 1546 1261 1159
1065 20 13277 949 1153 366 577 1085 718 439 314 1069 1853 887 1786 243 148 1193 399 1350 1013 778 1910 1848 1804 622 1364 1756 1559 24 1093 448 942 1090 673 307 1182 250 915 712 925 1181 1386
2065 20 13277 778 1910 439 314 949 1153 1181 1386 1848 1804 1350 1013 307 1182 243 148 250 915 448 942 1085 718 24 1093 622 1364 1090 673 887 1786 366 577 1193 399 712 925 1069 1853 1756 1559
1066 20 15771 1694 1369 865 103 905 1619 1566 1321 196 817 268 1832 1648 246 309 611 846 1236 1664 623 1804 298 202 720 1515 245 1257 550 1700 973 462 1004 68 1351 1676 451 200 665 869 427
2066 20 15771 1694 1369 1648 246 1257 550 462 1004 846 1236 268 1832 309 611 1804 298 1676 451 869 427 196 817 200 665 905 1619 68 1351 1700 973 1566 1321 1664 623 1515 245 865 103 202 720
1067 20 18186 1592 1268 245 1183 739 1260 1604 763 371 1868 1257 18 1494 1544 140 861 1946 1836 293 553 918 1828 755 190 1581 1281 1634 1886 467 1353 1370 130 1630 1855 1765 59 1458 168 1474 328
2067 20 18186 140 861 1257 18 1604 763 1630 1855 371 1868 1458 168 918 1828 245 1183 1946 1836 1494 1544 755 190 1581 1281 467 1353 1370 130 1474 328 739 1260 293 553 1634 1886 1592 1268 1765 59
1068 20 15276 284 801 1517 1662 109 1889 1979 748 937 1988 660 782 275 1513 982 1886 1296 1531 995 702 1447 1442 1230 166 1716 199 898 1647 959 706 351 530 1350 1187 309 1417 1607 1799 195 1671
2068 20 15276 1230 166 898 1647 309 1417 982 1886 195 1671 937 1988 995 702 1607 1799 109 1889 1350 1187 1716 199 1979 748 351 530 959 706 1447 1442 275 1513 1517 1662 284 801 1296 1531 660 782
1069 20 13540 967 358 202 1601 1248 818 147 262 966 116 1004 465 589 850 1921 330 1616 1629 1190 671 1729 521 300 1239 706 1814 21 1512 542 952 629 198 406 1919 594 1595 1942 871 207 1595
2069 20 13540 629 198 202 1601 589 850 300 1239 967 358 1729 521 147 262 406 1919 1248 818 1942 871 1921 330 594 1595 1616 1629 966 116 706 1814 21 1512 1190 671 207 1595 1004 465 542 952
1070 20 16879 589 1748 1752 177 637 1523 1901 1841 1911 1629 529 423 1699 1020 741 1494 1953 166 1990 124 137 1798 373 533 205 1651 228 90 1321 1115 132 115 1271 1994 1817 1898 182 881 1731 266
2070 20 16879 132 115 529 423 137 1798 637 1523 182 881 228 90 1911 1629 1321 1115 1271 1994 1990 124 589 1748 205 1651 1752 177 1953 166 1817 1898 741 1494 1901 1841 373 533 1699 1020 1731 266
1071 20 13523 391 1115 509 1781 1041 1272 1292 94 703 656 293 974 1639 474 462 501 1250 1332 1726 675 573 1079 822 787 685 1779 9 1436 679 212 1390 1334 1380 268 775 1867 119 1525 1166 749
2071 20 13523 1726 675 1380 268 775 1867 679 212 1041 1272 1250 1332 703 656 9 1436 1639 474 573 1079 391 1115 1292 94 1390 1334 462 501 119 1525 822 787 685 1779 293 974 509 1781 1166 749
1072 20 18046 1942 1202 844 1957 1536 848 1664 1406 1313 1772 1938 1921 632 271 1483 14 1437 1339 109 559 1486 1001 309 758 467 561 1705 1667 696 1151 398 1024 817 1073 1601 100 1582 1906 599 554
2072 20 18046 1938 1921 1601 100 1536 848 109 559 1942 1202 632 271 696 1151 1486 1001 817 1073 309 758 599 554 1582 1906 398 1024 1483 14 1705 1667 1664 1406 1437 1339 467 561 1313 1772 844 1957
1073 20 18120 1952 208 731 35 1712 1001 151 1316 1072 1541 148 271 1957 1881 1184 1341 906 77 1547 1929 788 484 1745 1296 1015 1812 902 970 1099 1192 562 1274 1899 1340 1539 1886 1163 292 578 324
2073 20 18120 1539 1886 1712 1001 1072 1541 562 1274 1745 1296 578 324 148 271 731 35 1547 1929 902 970 1099 1192 788 484 1015 1812 1163 292 1952 208 151 1316 1184 1341 1957 1881 1899 1340 906 77
1074 20 14965 1572 1620 1726 1283 1422 315 371 482 1924 940 1387 1713 468 470 1193 1929 567 420 232 1093 419 675 431 1627 1579 418 12 809 1004 484 786 62 140 79 549 297 972 261 1953 1507
2074 20 14965 1422 315 1953 1507 232 1093 1193 1929 419 675 12 809 1924 940 972 261 431 1627 567 420 1726 1283 786 62 1387 1713 1004 484 140 79 1579 418 468 470 371 482 549 297 1572 1620
1075 20 13226 355 763 1412 1806 973 255 736 1240 77 1192 1869 839 1232 1598 1040 1865 191 1779 310 268 1256 1825 1077 1073 1550 1576 376 1416 27 1079 806 289 425 591 905 1751 1648 590 268 1881
2075 20 13226 905 1751 736 1240 1040 1865 355 763 1869 839 1077 1073 310 268 1232 1598 806 289 268 1881 973 255 1256 1825 1550 1576 376 1416 27 1079 77 1192 191 1779 1412 1806 425 591 1648 590
1076 20 17122 1296 1397 1133 1184 919 1618 977 1810 1128 1808 1239 247 655 1415 1992 1348 1446 1859 1212 1156 1234 574 1256 1615 1396 370 266 1137 312 1893 788 362 1777 192 1518 960 133 698 726 1385
2076 20 17122 1296 1397 1239 247 133 698 266 1137 312 1893 1992 1348 977 1810 1234 574 1128 1808 1446 1859 1777 192 1256 1615 1518 960 1212 1156 1133 1184 655 1415 726 1385 1396 370 788 362 919 1618
1077 20 21156 1381 248 836 159 1023 1629 719 1137 1434 1907 1811 415 863 30 1569 1226 1619 1130 1768 1273 1401 493 885 1783 1039 1130 1817 816 1257 893 1012 693 1054 45 1594 262 1557 817 1806 1089
2077 20 21156 863 30 1039 1130 1619 1130 1594 262 1768 1273 1817 816 885 1783 1806 1089 719 1137 1434 1907 1023 1629 1012 693 1569 1226 836 159 1557 817 1257 893 1401 493 1381 248 1054 45 1811 415
1078 20 10533 1537 1938 597 328 720 1420 557 1100 763 1877 1938 966 1010 1618 452 86 1047 597 158 1293 82 1864 414 883 674 1562 6 1113 235 1470 296 1520 293 766 1326 329 861 1571 201 1391
2078 20 10533 1326 329 293 766 6 1113 861 1571 1010 1618 82 1864 720 1420 201 1391 597 328 296 1520 414 883 763 1877 1938 966 1047 597 452 86 674 1562 557 1100 1537 1938 158 1293 235 1470
1079 20 14567 268 917 28 797 231 393 1647 306 1115 542 1400 860 1222 848 1117 1090 918 1115 804 195 1767 1452 801 1631 520 931 621 1762 1201 1305 619 915 1230 1560 1126 954 800 461 774 466
2079 20 14567 231 393 774 466 800 461 621 1762 1201 1305 1222 848 619 915 520 931 1767 1452 1126 954 1117 1090 268 917 28 797 1230 1560 1400 860 1647 306 804 195 1115 542 801 1631 918 1115
1080 20 15248 1920 902 705 1910 1 1244 1351 1139 160 165 1811 802 48 166 1804 1731 255 1580 1037 1381 320 225 648 633 1536 1445 1748 515 1603 921 1296 381 279 1901 802 190 1169 134 567 603
2080 20 15248 567 603 1296 381 1603 921 802 190 1804 1731 255 1580 1351 1139 48 166 160 165 648 633 1536 1445 1 1244 1169 134 1748 515 1811 802 279 1901 1037 1381 320 225 1920 902 705 1910
1081 20 16249 656 849 137 790 683 980 1394 1744 1493 344 489 555 1602 949 972 765 818 1288 1326 1369 1576 1280 1362 1421 945 1269 64 919 1916 571 1459 433 461 554 1311 503 942 637 706 1912
2081 20 16249 972 765 818 1288 1493 344 461 554 1394 1744 656 849 489 555 1311 503 1362 1421 1459 433 1602 949 1326 1369 683 980 945 1269 1916 571 137 790 64 919 942 637 1576 1280 706 1912
1082 20 17353 1326 257 735 239 569 1546 379 1957 1456 1064 462 1900 1947 1731 1520 246 1387 496 1589 1600 81 1678 288 937 1982 1389 618 1230 1571 1010 5 1199 1476 1272 1337 1219 1822 621 1142 1809
2082 20 17353 1142 1809 618 1230 735 239 1476 1272 569 1546 1456 1064 379 1957 462 1900 1822 621 81 1678 1520 246 1337 1219 288 937 1326 257 1947 1731 1589 1600 1387 496 1571 1010 5 1199 1982 1389
1083 20 12852 547 117 226 353 477 1970 1214 1911 1316 1338 1519 1460 5 250 447 918 476 698 227 525 283 1591 734 225 85 613 1554 15 988 360 718 1657 88 1495 1584 172 1999 162 1578 821
2083 20 12852 88 1495 1999 162 227 525 547 117 5 250 226 353 1554 15 1214 1911 283 1591 988 360 718 1657 477 1970 85 613 447 918 1316 1338 1519 1460 1578 821 476 698 1584 172 734 225
1084 20 16934 970 850 1495 312 1355 1644 1999 99 1395 1216 1532 1927 1207 1877 638 434 575 1593 96 243 1155 566 1610 1856 126 1567 611 1156 794 1730 518 73 1420 616 1186 476 867 1330 1619 1558
2084 20 16934 638 434 867 1330 1610 1856 1420 616 1999 99 1619 1558 1207 1877 794 1730 518 73 1155 566 1355 1644 1186 476 611 1156 1495 312 1395 1216 126 1567 970 850 96 243 575 1593 1532 1927
1085 20 16463 408 327 502 1100 1508 800 323 409 649 768 66 1141 1320 1908 1715 1457 1555 631 1830 1529 1299 1380 539 496 1033 1100 1387 177 1717 1831 555 638 386 100 1006 88 877 1949 1904 1992
2085 20 16463 1830 1529 539 496 1299 1380 1387 177 386 100 1715 1457 1033 1100 1320 1908 1508 800 66 1141 1717 1831 649 768 1006 88 555 638 323 409 877 1949 408 327 502 1100 1555 631 1904 1992
1086 20 18349 1802 1804 740 1227 393 20 1514 1520 1558 811 1397 1947 1968 186 381 1244 1858 471 159 407 1049 1603 1647 896 890 1427 671 352 1529 685 1514 1451 577 1640 1133 615 1130 1456 1027 702
2086 20 18349 1647 896 393 20 1130 1456 159 407 1529 685 671 352 1133 615 890 1427 1514 1520 1968 186 381 1244 1397 1947 1514 1451 1802 1804 1558 811 1027 702 577 1640 1858 471 1049 1603 740 1227
1087 20 18568 1270 1823 1044 1630 206 910 649 169 317 1785 1713 150 1359 220 1168 1759 562 1932 1345 658 1596 114 1964 1840 1934 1392 929 1616 406 1680 1426 1746 1837 1561 220 292 1914 1269 1351 429
2087 20 18568 1345 658 562 1932 929 1616 1359 220 1044 1630 406 1680 1426 1746 206 910 649 169 1837 1561 220 292 1596 114 1168 1759 317 1785 1270 1823 1914 1269 1964 1840 1934 1392 1713 150 1351 429
1088 20 17772 996 1745 117 1531 1722 1437 1874 866 1403 1194 1141 1731 581 753 1887 1177 1608 909 1156 1461 1013 1734 1070 354 1471 310 218 1020 165 1315 1275 1285 1058 1633 862 212 1074 1009 1525 1112
2088 20 17772 1275 1285 1874 866 1058 1633 1070 354 1608 909 165 1315 1156 1461 1525 1112 1722 1437 1141 1731 218 1020 1471 310 862 212 117 1531 996 1745 1887 1177 581 753 1403 1194 1074 1009 1013 1734
1089 20 13630 912 842 315 1676 740 208 1440 1703 1287 555 923 839 493 1018 154 1068 335 12 1354 95 1797 1176 52 1494 62 1662 1654 165 398 516 1533 337 8 1366 1251 1475 511 93 1819 1901
2089 20 13630 1533 337 912 842 315 1676 1287 555 493 1018 8 1366 154 1068 1819 1901 335 12 1797 1176 62 1662 52 1494 398 516 740 208 511 93 923 839 1654 165 1354 95 1440 1703 1251 1475
1090 20 14389 478 1011 1412 433 478 320 1088 1290 224 1658 1610 1236 135 969 806 750 1895 186 105 107 512 828 405 949 1920 479 331 632 1503 1248 1333 641 1825 522 274 869 945 366 708 401
2090 20 14389 1503 1248 1412 433 135 969 1088 1290 1610 1236 1825 522 478 1011 708 401 478 320 1920 479 806 750 405 949 1333 641 512 828 105 107 274 869 1895 186 945 366 224 1658 331 632
1091 20 17748 597 1798 1801 1422 1717 307 729 1597 1067 169 1874 1390 214 1627 1603 924 1199 1323 1210 1694 308 1576 1789 1752 1895 1205 593 758 659 118 1652 1425 422 271 1812 1656 584 295 460 1264
2091 20 17748 422 271 1652 1425 1603 924 214 1627 1717 307 1895 1205 593 758 1210 1694 308 1576 659 118 1199 1323 597 1798 1812 1656 1067 169 1874 1390 1789 1752 1801 1422 729 1597 460 1264 584 295
1092 20 17372 881 1766 966 1570 277 441 1738 917 1884 814 1189 943 575 1397 820 372 883 849 301 1597 1683 292 1346 1496 1696 1466 1219 1856 1131 1500 408 1923 1939 160 384 1140 1090 786 1305 862
2092 20 17372 1131 1500 1884 814 277 441 881 1766 1305 862 301 1597 1683 292 384 1140 575 1397 1189 943 820 372 1738 917 1696 1466 1346 1496 883 849 1090 786 966 1570 408 1923 1939 160 1219 1856
1093 20 18685 647 1229 377 1334 1691 469 755 1438 399 1020 1898 1923 753 1992 1542 1619 1744 1859 1485 1945 1877 797 546 778 1741 862 1328 129 295 788 1768 548 1411 1948 1818 514 18 8 1264 1243
2093 20 18685 1768 548 295 788 1877 797 647 1229 1264 1243 753 1992 399 1020 1691 469 377 1334 1818 514 755 1438 1741 862 18 8 1485 1945 1542 1619 1898 1923 1744 1859 546 778 1411 1948 1328 129
1094 20 17672 1829 1959 1427 46 894 910 1462 1497 544 1618 1881 1800 1065 1797 125 1226 371 1601 1692 471 1596 18 1122 1598 1764 40 1139 232 302 1221 440 1905 1606 1304 1033 1399 1324 1956 474 744
2094 20 17672 1764 40 894 910 1596 18 302 1221 125 1226 1033 1399 544 1618 1692 471 1324 1956 1829 1959 1427 46 474 744 1122 1598 1139 232 1065 1797 1881 1800 371 1601 1606 1304 440 1905 1462 1497
1095 20 16630 889 1270 636 368 94 312 1598 1022 1216 656 528 271 1740 1867 1329 97 1671 976 450 359 571 1828 1173 1195 1021 1378 171 644 1537 147 942 1199 1881 542 606 103 1241 1411 1494 928
2095 20 16630 528 271 1671 976 1173 1195 1881 542 1021 1378 1329 97 1598 1022 1537 147 889 1270 606 103 1241 1411 942 1199 450 359 636 368 171 644 571 1828 1494 928 1216 656 1740 1867 94 312
1096 20 16195 1675 1190 605 691 1633 737 867 1995 1561 1865 632 316 1062 823 542 1787 35 1755 1610 1629 1155 1994 1513 914 458 335 1544 440 466 198 1338 841 67 526 1932 847 563 1567 986 1175
2096 20 16195 466 198 867 1995 1932 847 605 691 1338 841 563 1567 1675 1190 1610 1629 1513 914 67 526 458 335 1561 1865 35 1755 1544 440 1633 737 542 1787 1155 1994 986 1175 1062 823 632 316
1097 20 15569 1117 1367 1762 1068 91 1196 169 1051 754 1808 1399 1561 524 556 502 1804 176 1220 1423 719 1777 808 206 1532 1035 1493 546 1543 1467 344 707 247 1403 155 1858 1212 1592 363 954 1837
2097 20 15569 1762 1068 1777 808 1592 363 502 1804 1399 1561 1858 1212 1423 719 546 1543 176 1220 524 556 954 1837 169 1051 206 1532 1467 344 754 1808 1403 155 1117 1367 1035 1493 91 1196 707 247
1098 20 12665 1477 104 156 1266 120 1722 493 1812 201 1070 1374 1689 596 150 1088 1976 1296 1634 211 1269 1248 1644 684 1368 928 947 154 952 1945 453 201 1226 892 1335 1752 1587 507 253 509 596
2098 20 12665 211 1269 596 150 507 253 154 952 1945 453 156 1266 1752 1587 1374 1689 892 1335 120 1722 1088 1976 493 1812 928 947 201 1070 1248 1644 509 596 1477 104 1296 1634 201 1226 684 1368
1099 20 17076 1417 1613 379 261 42 1822 1604 581 1223 1099 1439 1759 1897 4 83 249 1385 718 924 1651 1003 1261 1740 1465 1320 1462 804 1971 457 1621 1790 1321 1704 587 1696 1907 106 1088 333 842
2099 20 17076 1385 718 1223 1099 379 261 1704 587 1696 1907 1740 1465 42 1822 1604 581 1790 1321 457 1621 83 249 1897 4 333 842 804 1971 1003 1261 1439 1759 924 1651 106 1088 1417 1613 1320 1462
1100 20 15738 742 1498 1647 237 1949 1387 911 95 501 2000 1005 361 790 1240 758 309 690 107 868 1219 1612 1561 1718 896 745 1066 874 1448 24 999 1893 1638 1848 243 533 1144 365 1254 200 987
2100 20 15738 742 1498 365 1254 868 1219 690 107 874 1448 200 987 1005 361 533 1144 1612 1561 1893 1638 1848 243 745 1066 758 309 1647 237 501 2000 24 999 790 1240 1718 896 1949 1387 911 95
1101 20 14703 460 296 1805 1518 748 651 221 1788 1288 1532 743 1516 1745 198 94 1111 1080 1602 66 1840 633 1668 800 1451 1669 783 1057 131 1237 1958 789 972 1360 1233 158 159 551 942 1875 467
2101 20 14703 1237 1958 1805 1518 789 972 748 651 1745 198 158 159 743 1516 633 1668 94 1111 1875 467 1288 1532 800 1451 1360 1233 66 1840 460 296 551 942 1080 1602 1057 131 1669 783 221 1788
1102 20 14245 336 1664 1856 1874 1463 1276 976 1919 308 152 1312 593 454 1700 738 1791 663 609 568 389 1766 722 357 490 344 1133 1651 1367 1743 1930 44 98 286 735 635 204 1005 592 1302 534
2102 20 14245 976 1919 635 204 1005 592 1651 1367 568 389 344 1133 44 98 1766 722 663 609 357 490 308 152 336 1664 1302 534 738 1791 454 1700 1856 1874 1463 1276 1312 593 286 735 1743 1930
1103 20 14365 554 1413 788 1821 261 1708 176 1222 1296 1626 1372 1685 1834 231 1165 1581 706 888 1694 1138 994 375 1118 641 371 161 190 136 1574 681 193 994 1536 250 334 394 576 731 1225 1109
2103 20 14365 1536 250 371 161 1834 231 1372 1685 1574 681 1118 641 994 375 1694 1138 1225 1109 190 136 1296 1626 706 888 554 1413 193 994 261 1708 788 1821 1165 1581 334 394 576 731 176 1222
1104 20 13968 336 1231 1740 516 641 1679 901 177 260 135 1853 1806 237 1130 1541 795 1545 1800 1115 1010 743 981 717 1243 279 132 1709 280 95 711 1036 682 229 661 1318 1387 569 849 597 816
2104 20 13968 229 661 336 1231 1115 1010 569 849 1709 280 1036 682 1545 1800 237 1130 95 711 260 135 597 816 1740 516 1318 1387 743 981 279 132 1541 795 641 1679 1853 1806 717 1243 901 177
1105 20 16590 1641 472 1882 1505 1600 1025 1720 1300 1160 1097 138 219 1893 223 1426 435 813 1877 1295 507 729 1515 1904 433 150 1598 1555 94 103 1485 1073 1101 722 1774 576 715 168 1955 190 1105
2105 20 16590 1426 435 103 1485 1720 1300 1295 507 138 219 576 715 1555 94 190 1105 1904 433 1600 1025 1893 223 1160 1097 813 1877 729 1515 168 1955 1641 472 722 1774 1073 1101 1882 1505 150 1598
1106 20 15395 1153 1866 1260 778 1515 1640 1532 1302 1773 675 299 863 189 409 18 172 1886 1272 178 591 358 529 1071 178 876 943 750 1139 1930 1247 729 720 1102 1266 1124 1671 223 264 1278 898
2106 20 15395 299 863 1532 1302 1260 778 1071 178 18 172 223 264 1930 1247 1124 1671 729 720 1102 1266 750 1139 1153 1866 1278 898 178 591 1515 1640 189 409 876 943 1886 1272 358 529 1773 675
1107 20 12995 1047 1378 1048 513 354 849 815 473 772 506 355 1686 546 173 1612 757 256 318 1628 432 291 234 134 377 288 1698 169 419 320 1835 697 427 1700 348 954 1716 1268 1837 1990 1508
2107 20 12995 1047 1378 772 506 1048 513 954 1716 697 427 815 473 291 234 1612 757 1268 1837 256 318 288 1698 1700 348 354 849 320 1835 134 377 1628 432 169 419 546 173 355 1686 1990 1508
1108 20 14664 514 430 1566 1992 951 1207 1120 121 1952 1159 753 1430 1728 1802 160 1135 621 1564 846 401 282 1364 233 1617 1414 1111 1231 177 757 917 374 1555 1544 1283 528 1663 596 1572 1161 1619
2108 20 14664 596 1572 1120 121 233 1617 1728 1802 753 1430 1414 1111 282 1364 160 1135 528 1663 621 1564 514 430 1952 1159 1566 1992 1544 1283 757 917 951 1207 1161 1619 374 1555 1231 177 846 401
1109 20 13320 418 60 1380 20 136 1731 1523 207 9 127 1602 1206 1656 688 1162 1037 1301 1633 335 245 183 865 1756 1237 891 1774 138 414 690 432 158 946 1269 340 140 719 852 1211 1052 1890
2109 20 13320 1269 340 1301 1633 158 946 1523 207 852 1211 1656 688 1162 1037 1380 20 9 127 891 1774 1602 1206 136 1731 335 245 1052 1890 690 432 138 414 1756 1237 140 719 418 60 183 865
1110 20 16133 698 1162 526 1676 180 155 1629 1913 1284 383 468 169 1189 1142 74 840 1382 1490 1877 459 1858 1803 1062 1716 1148 948 1673 437 928 1997 547 1971 1861 750 266 420 1148 1451 369 1059
2110 20 16133 1877 459 369 1059 1284 383 180 155 1148 948 698 1162 1382 1490 266 420 468 169 1673 437 1629 1913 1148 1451 1189 1142 928 1997 74 840 1861 750 1858 1803 526 1676 1062 1716 547 1971
1111 20 17253 1225 842 921 1325 1638 1296 1529 1103 1091 201 1967 415 922 191 674 1408 499 525 1926 1709 1379 1351 1217 897 546 1609 1852 1287 779 242 269 799 1285 1788 657 956 771 692 420 1396
2111 20 17253 922 191 771 692 1091 201 1852 1287 546 1609 1225 842 779 242 499 525 1529 1103 657 956 674 1408 1926 1709 921 1325 269 799 1285 1788 1379 1351 420 1396 1217 897 1638 1296 1967 415
1112 20 16884 732 790 1692 523 1369 1837 748 1168 1841 1494 1725 1361 1709 1934 555 11 1934 1941 1508 722 354 1702 902 1258 1569 1290 1157 1012 278 935 260 149 101 1885 1866 615 579 196 227 482
2112 20 16884 1369 1837 555 11 1157 1012 278 935 1841 1494 354 1702 101 1885 1569 1290 1508 722 1934 1941 1866 615 227 482 902 1258 1692 523 748 1168 260 149 1709 1934 579 196 732 790 1725 1361
1113 20 12558 1303 1312 706 1453 1054 1973 770 27 661 9 807 1832 649 713 1539 1338 1584 621 783 597 166 687 329 1217 1956 1852 74 358 960 812 952 933 341 212 574 1107 267 190 223 161
2113 20 12558 661 9 706 1453 952 933 1303 1312 807 1832 649 713 74 358 223 161 783 597 1956 1852 770 27 960 812 1539 1338 574 1107 1054 1973 1584 621 341 212 166 687 329 1217 267 190
1114 20 17769 516 1427 1107 892 1080 1079 689 238 1363 472 1661 1459 1690 845 1692 1221 470 719 907 534 425 1573 768 1895 687 591 1997 231 625 571 1914 589 1175 1775 1142 1755 1564 201 740 376
2114 20 17769 1692 1221 768 1895 1661 1459 516 1427 1107 892 687 591 1175 1775 1914 589 1564 201 1080 1079 1363 472 907 534 1690 845 1142 1755 470 719 740 376 625 571 689 238 425 1573 1997 231
1115 20 15340 436 1021 824 488 504 973 1945 86 1869 1974 365 993 1318 1331 351 1516 65 1132 878 858 132 1493 1681 494 1019 653 1044 1939 1580 1746 62 1827 526 648 1961 1788 1105 353 1511 816
2115 20 15340 526 648 504 973 365 993 1869 1974 351 1516 132 1493 65 1132 1044 1939 1105 353 824 488 1318 1331 1019 653 1511 816 1945 86 1580 1746 1681 494 436 1021 878 858 1961 1788 62 1827
1116 20 18022 1972 205 1071 418 292 120 259 805 1631 338 301 1393 1256 1631 1755 834 32 337 401 606 1889 1966 1407 814 1953 1035 885 867 1980 1979 407 1064 1983 1031 1458 910 1220 1885 376 1945
2116 20 18022 1980 1979 1407 814 376 1945 1953 1035 32 337 1458 910 1755 834 407 1064 401 606 301 1393 1983 1031 1071 418 1256 1631 1220 1885 885 867 292 120 1631 338 1972 205 259 805 1889 1966
1117 20 16266 1540 1147 280 925 98 91 1234 536 1525 938 287 561 1378 1757 1611 1523 690 1640 49 12 1600 1534 784 1287 1096 782 628 72 1829 1380 648 1064 626 1344 1367 951 1898 167 1165 28
2117 20 16266 1096 782 98 91 49 12 1234 536 287 561 1378 1757 1540 1147 280 925 1611 1523 1367 951 626 1344 648 1064 1165 28 628 72 1525 938 1600 1534 784 1287 1898 167 1829 1380 690 1640
1118 20 16348 566 969 1078 283 1916 269 1448 1783 976 1161 341 1010 1561 589 1595 149 1956 1298 1429 1523 1131 1818 558 669 637 1155 1584 1684 1159 637 797 47 38 1602 236 299 1262 140 167 1864
2118 20 16348 1595 149 1584 1684 38 1602 566 969 1078 283 976 1161 1159 637 1916 269 167 1864 558 669 1448 1783 637 1155 1956 1298 1429 1523 236 299 341 1010 1131 1818 1262 140 1561 589 797 47
1119 20 15547 1332 1374 916 698 1312 1430 1674 1619 107 609 701 800 468 1463 1234 1148 75 53 65 1331 451 988 1889 1597 1930 873 1242 1598 1264 1108 1746 195 203 679 795 604 515 1193 1515 977
2119 20 15547 701 800 203 679 468 1463 1515 977 1332 1374 1312 1430 916 698 1674 1619 515 1193 795 604 1746 195 107 609 451 988 65 1331 1889 1597 1264 1108 1234 1148 75 53 1242 1598 1930 873
1120 20 14909 544 1577 1954 1362 902 1041 189 1404 504 164 1832 1042 1234 866 1594 101 80 476 1732 1442 912 1029 753 1354 222 1141 1307 1837 629 393 22 1743 1972 1057 949 227 1186 1897 120 403
2120 20 14909 1832 1042 120 403 544 1577 912 1029 902 1041 1732 1442 222 1141 80 476 1234 866 189 1404 1307 1837 1972 1057 1186 1897 22 1743 1594 101 629 393 1954 1362 949 227 753 1354 504 164
1121 20 14608 1929 1330 347 136 633 1088 1238 1502 1708 103 1712 1367 1603 731 473 1182 788 1340 423 1442 403 1548 1168 1296 320 1848 489 1464 1237 275 756 212 221 646 1101 1472 1519 1710 192 1617
2121 20 14608 221 646 1712 1367 1237 275 1519 1710 1603 731 320 1848 403 1548 788 1340 192 1617 1101 1472 1708 103 473 1182 347 136 489 1464 633 1088 423 1442 1168 1296 1238 1502 1929 1330 756 212
1122 20 16371 1101 490 1421 1715 171 1219 1783 1941 939 1668 1414 578 815 1056 412 1664 1935 1845 357 1031 1824 193 1822 1293 127 1778 450 165 1316 1305 289 1668 978 93 856 1796 532 388 1922 839
2122 20 16371 1421 1715 412 1664 171 1219 1414 578 1783 1941 357 1031 450 165 127 1778 1822 1293 1824 193 978 93 856 1796 1935 1845 939 1668 815 1056 1101 490 1922 839 289 1668 1316 1305 532 388
1123 20 17777 1224 969 1664 983 436 829 268 125 1837 568 958 1365 129 1922 1917 893 439 1683 1983 1986 963 1732 1915 1500 249 646 1026 568 646 193 1182 1665 1632 1740 883 1410 1674 477 1197 1914
2123 20 17777 1915 1500 883 1410 1224 969 249 646 1664 983 436 829 1837 568 646 193 1917 893 1026 568 1983 1986 963 1732 958 1365 1182 1665 268 125 1674 477 129 1922 1197 1914 439 1683 1632 1740
1124 20 17575 648 1306 1720 891 961 183 998 1190 1113 1381 911 401 1227 1152 1733 1907 48 1509 1103 1518 1515 1986 1281 1803 876 262 1006 1033 1828 932 1902 1901 941 612 88 437 1359 1009 711 794
2124 20 17575 88 437 911 401 1515 1986 876 262 1227 1152 711 794 1113 1381 998 1190 961 183 1103 1518 648 1306 1006 1033 1828 932 1359 1009 1902 1901 48 1509 1720 891 1281 1803 1733 1907 941 612
1125 20 15574 1536 94 1291 443 1989 285 412 494 1486 292 1977 386 124 326 1324 101 1336 419 85 1906 1020 808 60 803 1861 1928 326 957 1967 595 818 152 305 216 1212 1763 71 1856 268 94
2125 20 15574 1212 1763 1336 419 326 957 305 216 60 803 1486 292 1291 443 412 494 818 152 268 94 1861 1928 1989 285 85 1906 1020 808 1977 386 1536 94 1324 101 124 326 71 1856 1967 595
1126 20 16680 208 152 160 1835 1374 1531 591 1176 364 1201 995 1872 571 170 1781 124 1617 1087 1351 922 643 223 149 1846 1970 313 1925 478 1870 1728 1487 808 840 1781 459 1993 1262 110 1234 258
2126 20 16680 1351 922 1970 313 571 170 160 1835 643 223 1781 124 591 1176 1870 1728 1617 1087 1234 258 840 1781 995 1872 459 1993 149 1846 1487 808 1925 478 364 1201 1374 1531 1262 110 208 152
1127 20 15234 1930 978 1645 579 1720 1127 954 188 321 1482 1692 654 25 36 281 1546 814 713 190 762 1828 1837 1561 1784 779 532 1020 991 94 1929 899 974 35 1305 1009 544 1515 713 731 1621
2127 20 15234 731 1621 1020 991 1692 654 1561 1784 1828 1837 1720 1127 1009 544 25 36 814 713 281 1546 899 974 1645 579 94 1929 321 1482 954 188 190 762 1515 713 1930 978 779 532 35 1305
1128 20 18038 1595 1300 795 1089 1059 538 1363 306 1256 1406 1612 1899 1916 979 237 683 316 1772 963 847 1955 742 1701 1884 81 1974 629 537 1856 1084 1033 472 1801 1098 169 608 1657 1358 554 1224
2128 20 18038 963 847 795 1089 629 537 1256 1406 1595 1300 1856 1084 1059 538 1033 472 1612 1899 237 683 169 608 1916 979 1955 742 554 1224 1657 1358 1801 1098 316 1772 1701 1884 1363 306 81 1974
1129 20 15062 1812 217 1532 103 45 45 91 1935 312 1413 1389 104 1541 1240 170 665 978 1642 1251 1818 1538 793 19 777 861 604 1286 1047 1383 319 217 113 1480 1985 1189 1671 629 1159 1105 53
2129 20 15062 217 113 1532 103 91 1935 861 604 629 1159 45 45 1541 1240 1251 1818 1105 53 1383 319 1812 217 978 1642 1538 793 1189 1671 1389 104 312 1413 1286 1047 1480 1985 19 777 170 665
1130 20 12370 1081 243 1150 590 554 229 147 1098 680 1414 1080 1809 458 1721 1703 80 1364 479 642 804 556 1569 740 215 1903 524 21 1027 366 952 287 725 405 1933 1790 1518 1 1875 535 328
2130 20 12370 21 1027 1364 479 366 952 680 1414 405 1933 1790 1518 458 1721 642 804 1080 1809 1150 590 1081 243 556 1569 1703 80 554 229 740 215 147 1098 1 1875 1903 524 535 328 287 725
1131 20 13851 354 546 781 364 60 656 1382 1949 1640 825 1527 889 768 1061 527 1892 308 1949 295 163 1940 964 1597 1879 405 314 1392 1804 221 1434 769 1684 583 769 1259 1670 1048 404 458 1983
2131 20 13851 769 1684 1382 1949 1597 1879 527 1892 1048 404 221 1434 295 163 768 1061 1392 1804 781 364 1259 1670 1640 825 354 546 60 656 583 769 458 1983 1527 889 308 1949 1940 964 405 314
1132 20 15880 1577 291 905 734 847 1251 90 285 43 1064 1287 1061 1379 936 755 801 1914 222 97 936 1505 1424 1871 483 1018 1155 1318 89 1129 1787 1507 1789 831 1629 478 1863 804 1345 495 1801
2132 20 15880 43 1064 831 1629 804 1345 1577 291 1318 89 1914 222 1871 483 755 801 495 1801 1287 1061 478 1863 97 936 1129 1787 1505 1424 905 734 90 285 1379 936 847 1251 1018 1155 1507 1789
1133 20 17148 289 1745 1607 1932 1546 1545 528 791 371 156 1455 1682 1178 398 1365 219 998 1642 1021 654 1326 59 1064 1109 1287 340 1683 1528 1005 543 1590 1244 1433 306 935 1182 410 737 344 1891
2133 20 17148 371 156 1326 59 935 1182 1178 398 1546 1545 1287 340 1590 1244 1683 1528 1005 543 289 1745 1607 1932 1021 654 528 791 1455 1682 998 1642 1433 306 1064 1109 1365 219 410 737 344 1891
1134 20 15386 1264 1422 278 1550 1367 241 552 351 1531 1705 1940 359 341 202 1120 1044 671 1031 103 317 648 667 1486 1765 589 1804 823 140 1057 1486 1240 220 787 1185 661 469 1239 61 1536 1981
2134 20 15386 341 202 823 140 1486 1765 1367 241 1536 1981 1531 1705 1239 61 1940 359 661 469 1120 1044 589 1804 103 317 552 351 648 667 1240 220 1057 1486 787 1185 1264 1422 671 1031 278 1550
1135 20 17241 299 739 982 210 165 285 1247 976 582 1457 1669 1065 1318 1050 299 287 639 258 1900 225 1126 481 1362 214 160 1845 1958 723 1409 903 1182 1531 1833 137 1644 789 1019 761 759 43
2135 20 17241 299 739 982 210 759 43 1833 137 582 1457 165 285 1126 481 1182 1531 1318 1050 639 258 1409 903 160 1845 1958 723 1900 225 1669 1065 1362 214 1019 761 1644 789 299 287 1247 976
1136 20 16387 1534 1242 753 997 884 1714 474 1176 356 359 774 257 1990 1304 1497 939 15 1065 1512 1647 1 227 70 82 1017 1821 288 720 1986 1498 1736 278 1253 402 1997 981 1292 171 1055 603
2136 20 16387 474 1176 1017 1821 1292 171 356 359 1 227 884 1714 1736 278 753 997 1055 603 70 82 774 257 1990 1304 1512 1647 15 1065 1534 1242 1986 1498 1497 939 288 720 1253 402 1997 981
1137 20 17452 1154 1673 1157 1659 1839 977 90 1050 1817 864 1984 1939 400 414 274 1304 458 1154 1858 1192 1646 1767 1598 677 1902 1601 1188 1441 1140 1621 969 1510 313 1055 526 983 1355 498 147 603
2137 20 17452 1984 1939 1157 1659 1188 1441 1817 864 1646 1767 313 1055 90 1050 1355 498 1140 1621 147 603 458 1154 1902 1601 526 983 1154 1673 400 414 1598 677 969 1510 1839 977 274 1304 1858 1192
1138 20 15652 1001 765 1779 1268 1878 992 776 981 137 30 726 747 1775 744 495 1649 1755 282 1000 1231 442 787 358 1568 1926 738 1958 581 541 1693 113 367 1347 1511 127 1026 383 1462 1048 540
2138 20 15652 776 981 127 1026 383 1462 1926 738 541 1693 495 1649 1878 992 137 30 113 367 1347 1511 442 787 1958 581 1775 744 1779 1268 1000 1231 358 1568 1048 540 1001 765 726 747 1755 282
1139 20 14249 714 434 506 1911 1153 87 665 879 870 1936 1226 1438 1920 652 287 371 876 623 1029 1525 123 40 574 1781 1454 1761 1549 509 1039 911 266 925 1372 312 829 388 899 783 461 1828
2139 20 14249 461 1828 665 879 506 1911 1039 911 870 1936 1226 1438 574 1781 876 623 1920 652 829 388 1372 312 123 40 714 434 1029 1525 1153 87 1549 509 1454 1761 266 925 287 371 899 783
1140 20 14620 568 325 1672 1292 1034 292 280 779 475 473 1174 996 1128 582 350 1554 1369 152 1237 1102 1814 207 376 734 50 1271 1614 399 996 978 837 684 501 1988 956 694 1344 860 501 1546
2140 20 14620 376 734 1128 582 956 694 280 779 1237 1102 568 325 475 473 1672 1292 1814 207 996 978 1614 399 1174 996 1369 152 501 1546 50 1271 501 1988 1034 292 350 1554 1344 860 837 684
1141 20 16014 1341 333 470 1096 1406 491 267 141 1405 1915 505 1257 1191 1120 844 1324 698 1482 451 267 649 1476 804 1083 219 408 1964 1757 1693 474 931 729 1739 417 1179 656 667 906 1595 1589
2141 20 16014 470 1096 1693 474 1595 1589 451 267 1179 656 1406 491 219 408 931 729 667 906 649 1476 505 1257 1191 1120 1964 1757 844 1324 1739 417 267 141 1405 1915 1341 333 698 1482 804 1083
1142 20 18517 710 917 1144 185 881 257 1680 551 756 1117 1882 32 1463 157 1411 1950 108 1452 1375 338 1361 1945 1285 1840 367 1663 1433 988 1563 99 1267 1566 1204 1554 1075 1918 1998 234 184 1277
2142 20 18517 1361 1945 1285 1840 1463 157 1998 234 756 1117 367 1663 1267 1566 1411 1950 1563 99 1680 551 710 917 881 257 1144 185 1882 32 1375 338 108 1452 1433 988 1204 1554 1075 1918 184 1277
1143 20 18358 623 971 1274 589 866 808 1980 648 611 1544 1930 1653 1686 568 445 1608 625 1215 507 935 999 1537 1306 1736 1688 1195 1085 623 1882 1439 201 710 370 118 1853 1688 1616 50 1401 1603
2143 20 18358 201 710 1686 568 507 935 623 971 1274 589 370 118 1930 1653 1085 623 1306 1736 611 1544 625 1215 1616 50 866 808 1688 1195 1980 648 999 1537 1401 1603 445 1608 1853 1688 1882 1439
1144 20 16966 1934 1153 1466 247 441 412 43 620 933 1851 1057 100 765 367 1998 634 818 921 1307 1123 1648 338 874 1773 900 184 1195 40 683 132 239 1250 1654 1110 1844 128 1344 559 65 1150
2144 20 16966 1195 40 43 620 1934 1153 239 1250 765 367 933 1851 1648 338 1344 559 900 184 1307 1123 1654 1110 874 1773 1057 100 1998 634 441 412 65 1150 1844 128 683 132 818 921 1466 247
1145 20 17893 1240 524 1736 1425 1892 976 1060 1069 878 199 1129 1891 681 30 1500 1853 1095 1948 1669 451 1837 1014 1900 541 275 694 919 784 907 1013 1251 988 812 1654 615 321 634 591 337 1696
2145 20 17893 681 30 1500 1853 1900 541 337 1696 1129 1891 1837 1014 1240 524 1095 1948 1669 451 907 1013 919 784 878 199 615 321 1736 1425 1892 976 634 591 275 694 1060 1069 1251 988 812 1654
1146 20 15396 1378 1978 652 1397 999 945 1314 586 1113 9 223 1463 313 1415 1469 306 58 1188 1617 1868 1139 1198 1200 748 558 110 78 1183 542 321 190 405 1332 1157 1971 1136 1958 646 1141 528
2146 20 15396 1469 306 1332 1157 1200 748 58 1188 313 1415 1971 1136 1141 528 190 405 542 321 558 110 78 1183 1378 1978 999 945 1958 646 1617 1868 223 1463 1139 1198 1113 9 1314 586 652 1397
1147 20 13216 1415 1079 107 1069 1792 1098 934 899 384 1856 330 1226 1568 702 760 755 45 276 731 180 152 345 625 1998 1505 1066 343 138 1290 360 1897 238 1852 1433 333 1371 285 427 173 1634
2147 20 13216 333 1371 934 899 384 1856 731 180 1568 702 760 755 625 1998 45 276 1505 1066 1897 238 285 427 173 1634 1852 1433 1792 1098 330 1226 152 345 1290 360 343 138 1415 1079 107 1069
1148 20 13552 1166 5 204 1185 1997 526 475 1528 1861 1633 570 100 243 1366 952 240 125 528 647 1602 419 1480 1962 136 729 79 1171 676 993 588 1137 472 855 105 965 69 163 1152 307 1736
2148 20 13552 855 105 570 100 419 1480 1861 1633 125 528 952 240 475 1528 993 588 163 1152 647 1602 1137 472 1166 5 307 1736 1997 526 729 79 243 1366 204 1185 965 69 1171 676 1962 136
1149 20 16668 1238 600 840 1915 1000 496 1737 1571 564 1296 780 138 194 1708 838 56 1146 1154 1584 229 1385 1029 281 1368 773 93 967 1552 806 912 1888 1559 1318 1261 1210 977 403 1715 1883 711
2149 20 16668 1385 1029 1146 1154 281 1368 838 56 1883 711 1584 229 780 138 773 93 564 1296 967 1552 1737 1571 403 1715 840 1915 1318 1261 1238 600 1888 1559 1210 977 806 912 1000 496 194 1708
1150 20 14084 957 716 185 76 1781 1679 181 1638 1655 528 354 1543 1951 608 370 1885 84 1441 1157 1465 1579 193 761 1621 188 1610 1894 535 230 453 293 1237 1340 312 355 508 1419 424 872 803
2150 20 14084 355 508 1579 193 293 1237 185 76 84 1441 1655 528 1419 424 370 1885 354 1543 761 1621 872 803 957 716 230 453 1340 312 181 1638 1157 1465 1894 535 188 1610 1951 608 1781 1679
1151 20 17813 408 1512 1626 86 1748 109 77 1310 846 1897 1068 1035 1781 140 918 476 1280 449 953 995 1082 1585 666 1787 1807 414 642 770 1313 75 1529 1136 283 536 1543 1826 1782 1897 915 902
2151 20 17813 642 770 1748 109 846 1897 953 995 918 476 1082 1585 408 1512 1280 449 1626 86 1529 1136 666 1787 1543 1826 283 536 77 1310 1807 414 1313 75 1068 1035 1782 1897 915 902 1781 140
1152 20 18300 164 829 1783 1298 9 801 1940 109 1866 1388 1265 345 1742 924 1691 1002 863 1159 445 1502 1095 1222 1685 1012 699 1119 400 324 828 160 870 1319 1799 1136 1824 1036 1759 429 148 1514
2152 20 18300 1824 1036 445 1502 863 1159 400 324 1783 1298 870 1319 1866 1388 1685 1012 1799 1136 1691 1002 9 801 828 160 164 829 148 1514 1265 345 1759 429 1940 109 1095 1222 699 1119 1742 924
1153 20 14170 1399 1838 754 416 321 538 248 1155 898 1044 1347 536 592 153 864 1508 779 962 1000 1607 704 478 917 363 385 1032 3 1373 1276 277 1144 82 219 994 1665 1970 1392 1336 1806 977
2153 20 14170 219 994 592 153 917 363 1806 977 1144 82 248 1155 754 416 1399 1838 1347 536 1000 1607 864 1508 1392 1336 1665 1970 779 962 385 1032 898 1044 321 538 3 1373 704 478 1276 277
1154 20 15504 342 1422 1527 643 1921 910 1665 1615 204 1262 476 463 252 73 1272 1864 1517 1967 1979 488 307 407 1081 876 513 1259 801 1322 327 352 1337 372 200 1267 999 1141 1004 1453 1656 1924
2154 20 15504 1337 372 801 1322 999 1141 1921 910 1517 1967 513 1259 200 1267 1081 876 342 1422 1527 643 327 352 1656 1924 1665 1615 1004 1453 307 407 252 73 476 463 1979 488 204 1262 1272 1864
1155 20 16088 3 891 314 644 1604 1198 1538 1757 1457 1085 1753 125 1793 1142 44 772 1207 1832 1090 558 897 1778 332 578 1294 240 439 65 1110 70 1999 27 688 544 559 263 956 1680 1033 752
2155 20 16088 3 891 1793 1142 1753 125 314 644 956 1680 1604 1198 1110 70 44 772 1207 1832 1999 27 1033 752 439 65 1090 558 688 544 1457 1085 1294 240 559 263 897 1778 332 578 1538 1757
1156 20 16882 16 694 1887 482 1737 499 724 166 124 1420 1171 1112 1489 1024 909 1379 1591 989 1524 1355 1730 74 1434 893 1985 749 61 1705 1203 740 1330 170 1037 1857 88 120 378 882 685 337
2156 20 16882 724 166 1985 749 1489 1024 61 1705 1434 893 378 882 16 694 685 337 124 1420 1330 170 909 1379 1524 1355 1730 74 1591 989 1171 1112 1737 499 1887 482 88 120 1203 740 1037 1857
1157 20 16862 696 1038 1002 388 714 1940 1151 475 1932 1389 1581 683 449 339 2 1784 1389 1664 876 140 1630 1671 300 28 1790 424 317 1028 1112 311 1946 603 1282 23 723 1270 1206 434 980 358
2157 20 16862 300 28 449 339 2 1784 1112 311 1389 1664 714 1940 1151 475 696 1038 723 1270 980 358 1946 603 1581 683 1790 424 1932 1389 1002 388 317 1028 1206 434 876 140 1282 23 1630 1671
1158 20 15528 269 625 593 976 1520 919 1902 567 1705 18 456 1952 981 194 696 84 1723 862 564 354 1881 878 1152 1960 949 204 1336 98 676 234 78 1478 1238 1951 1093 397 62 1880 537 151
2158 20 15528 564 354 593 976 1705 18 1902 567 949 204 62 1880 1336 98 1152 1960 1520 919 1238 1951 78 1478 696 84 456 1952 1093 397 1881 878 1723 862 981 194 537 151 676 234 269 625
1159 20 14343 1930 349 535 1791 554 819 957 1049 393 1217 451 60 1620 1052 1495 637 964 980 132 1986 1223 1796 346 1193 705 1750 148 1555 830 21 1325 1645 263 135 1682 1112 739 1766 1637 558
2159 20 14343 1223 1796 393 1217 957 1049 535 1791 739 1766 1682 1112 132 1986 1495 637 964 980 1325 1645 1620 1052 148 1555 1930 349 346 1193 705 1750 1637 558 830 21 451 60 554 819 263 135
1160 20 14920 549 1992 396 511 8 1495 612 922 1044 348 520 986 286 730 1229 1730 919 1366 61 1803 1522 652 1570 711 449 1942 1523 741 935 1562 1136 1733 1007 1300 1800 279 1730 1888 1355 494
2160 20 14920 1044 348 1136 1733 549 1992 1800 279 1570 711 61 1803 1007 1300 1355 494 612 922 1730 1888 919 1366 935 1562 396 511 1522 652 286 730 1523 741 1229 1730 8 1495 520 986 449 1942
1161 20 17155 1056 1755 1953 1401 715 962 1642 1271 265 309 306 528 1444 1805 1429 1014 529 222 956 1129 760 1847 310 1695 607 283 1414 1420 1212 827 1045 833 1799 1068 1794 759 698 1934 1510 69
2161 20 17155 1045 833 760 1847 1444 1805 265 309 1794 759 1953 1401 715 962 956 1129 698 1934 529 222 310 1695 1799 1068 1056 1755 1429 1014 1212 827 1414 1420 607 283 1642 1271 306 528 1510 69
1162 20 18226 58 820 1581 666 1001 619 472 1119 811 1189 1873 1922 786 1934 1563 202 194 1686 1745 1030 1688 958 1413 1528 504 1661 1325 1788 117 936 1583 1124 1512 173 1839 1374 1792 406 926 1643
2162 20 18226 1581 666 1512 173 1792 406 1839 1374 1325 1788 1583 1124 1563 202 472 1119 1745 1030 1413 1528 117 936 1688 958 1873 1922 926 1643 811 1189 58 820 786 1934 194 1686 1001 619 504 1661
1163 20 15034 1135 1993 860 540 25 550 929 1003 1688 386 1699 269 1148 272 757 390 422 1043 1374 1609 279 1630 1535 800 984 1421 467 1776 1862 1864 1255 1765 408 1861 717 1457 1176 1559 73 1992
2163 20 15034 467 1776 717 1457 25 550 984 1421 929 1003 1535 800 1374 1609 860 540 422 1043 757 390 73 1992 279 1630 1135 1993 408 1861 1176 1559 1862 1864 1699 269 1255 1765 1148 272 1688 386
1164 20 14610 531 709 457 94 240 619 384 415 160 193 483 1400 1375 1224 182 931 1143 42 858 207 1602 293 1066 441 1156 1410 565 1268 1948 688 1681 1599 1495 1578 1439 236 1429 2000 69 939
2164 20 14610 1602 293 1156 1410 1439 236 1066 441 1948 688 182 931 531 709 160 193 565 1268 1681 1599 384 415 457 94 1375 1224 858 207 1495 1578 1429 2000 69 939 240 619 1143 42 483 1400
1165 20 12576 461 541 469 810 399 396 1405 1846 791 1631 440 1147 1833 1577 119 531 670 9 1589 1470 302 28 952 693 612 1715 154 1639 105 758 549 2 42 1315 1916 1272 1590 1883 1323 646
2165 20 12576 440 1147 154 1639 791 1631 1590 1883 952 693 1833 1577 105 758 42 1315 1323 646 612 1715 1589 1470 1916 1272 461 541 119 531 1405 1846 399 396 469 810 302 28 549 2 670 9
1166 20 17260 280 461 766 1991 884 594 901 1621 1015 1421 875 1511 463 1734 1631 556 1760 935 1530 44 1843 818 1054 197 10 826 844 1849 1232 1277 1378 119 192 1303 1288 271 1702 1340 1928 1960
2166 20 17260 884 594 766 1991 844 1849 1702 1340 10 826 1054 197 1760 935 192 1303 1928 1960 875 1511 901 1621 1843 818 1015 1421 1288 271 1378 119 1631 556 463 1734 1530 44 280 461 1232 1277
1167 20 17568 1550 1875 862 421 1968 994 926 893 1756 1440 1797 1339 758 1134 88 282 1327 340 169 1224 1435 899 1367 612 1971 1227 1007 448 941 139 1656 1443 789 1194 11 238 1379 1458 204 604
2167 20 17568 758 1134 789 1194 1971 1227 88 282 1550 1875 941 139 926 893 1756 1440 1007 448 11 238 1379 1458 1656 1443 1797 1339 204 604 1968 994 169 1224 862 421 1367 612 1435 899 1327 340
1168 20 17712 1269 359 1658 959 1429 404 1430 507 1978 1919 1637 970 1019 1741 1987 899 1071 1453 173 773 222 1855 454 1911 29 1732 1854 535 1951 148 777 1420 1251 23 1685 1838 120 233 147 932
2168 20 17712 1685 1838 1637 970 1251 23 454 1911 777 1420 1430 507 147 932 222 1855 1429 404 1951 148 1978 1919 1019 1741 29 1732 1987 899 1071 1453 120 233 1658 959 173 773 1854 535 1269 359
1169 20 13924 544 1262 645 535 1837 530 1682 1887 335 43 550 1612 322 916 724 195 123 1543 800 1548 1257 494 1251 1167 142 1337 623 326 301 490 1999 1635 1662 1072 1600 1342 608 1908 400 1423
2169 20 13924 335 43 544 1262 1251 1167 1837 530 724 195 301 490 800 1548 550 1612 322 916 623 326 1257 494 1662 1072 123 1543 1999 1635 400 1423 645 535 608 1908 142 1337 1682 1887 1600 1342
1170 20 16683 1372 497 468 1326 119 888 1594 1017 688 1547 686 717 1442 890 265 1136 1540 278 1273 1257 1938 971 1834 1802 628 1108 614 1402 1730 1376 105 1785 1779 1035 314 1915 820 1232 1645 1183
2170 20 16683 1372 497 820 1232 265 1136 1442 890 1645 1183 1834 1802 628 1108 1540 278 1594 1017 1938 971 314 1915 105 1785 1779 1035 1730 1376 119 888 686 717 1273 1257 614 1402 468 1326 688 1547
1171 20 13696 140 1690 366 1693 1964 1342 1088 1177 322 1131 1796 1334 260 1519 451 1030 1741 430 114 790 349 1870 1047 1708 1034 1541 1020 296 990 1699 54 903 645 1771 1067 480 1096 1799 1576 637
2171 20 13696 140 1690 322 1131 1034 1541 451 1030 1096 1799 260 1519 645 1771 349 1870 1964 1342 1047 1708 1796 1334 366 1693 990 1699 1576 637 54 903 1067 480 1088 1177 1020 296 1741 430 114 790
1172 20 13353 680 700 775 1343 114 730 327 195 251 214 767 1765 33 1168 1931 627 51 1322 1608 308 492 827 464 380 1619 845 1780 517 1463 1639 1578 400 564 1094 1822 1489 35 215 338 1316
2172 20 13353 338 1316 35 215 33 1168 680 700 251 214 775 1343 1463 1639 767 1765 492 827 464 380 1578 400 1619 845 1931 627 327 195 1822 1489 1608 308 114 730 1780 517 51 1322 564 1094
1173 20 17790 904 7 1812 830 1201 70 516 1257 1243 228 1208 140 1139 337 1579 1591 1297 595 493 1705 1698 165 1579 754 1868 1122 1801 1402 1417 392 436 1825 662 745 891 1528 448 553 46 447
2173 20 17790 1801 1402 1208 140 436 1825 493 1705 1868 1122 1579 1591 891 1528 1297 595 516 1257 1417 392 448 553 1698 165 1139 337 1812 830 1201 70 46 447 1243 228 1579 754 904 7 662 745
1174 20 19475 1698 398 679 794 1215 342 1423 1837 1999 59 1215 1119 1915 410 1276 1054 870 1861 124 819 1675 32 1105 1201 137 1269 1956 1710 635 486 1788 1774 1347 140 702 652 1190 1132 1395 1109
2174 20 19475 1190 1132 635 486 679 794 1698 398 137 1269 1215 342 1105 1201 870 1861 1276 1054 1956 1710 1215 1119 1423 1837 1915 410 1347 140 702 652 124 819 1999 59 1395 1109 1675 32 1788 1774
1175 20 10748 42 1860 575 496 275 1763 393 238 1130 390 242 1888 375 412 1122 1120 144 199 1489 261 215 1891 316 370 733 414 857 1524 284 149 1456 422 324 1428 1564 1076 505 341 1395 1236
2175 20 10748 505 341 284 149 324 1428 144 199 275 1763 375 412 242 1888 857 1524 1395 1236 393 238 1564 1076 1130 390 42 1860 575 496 1489 261 316 370 1122 1120 733 414 1456 422 215 1891
1176 20 13134 366 1073 801 1971 1230 1128 1228 1700 650 1991 1063 1415 1281 1288 1846 1141 227 1115 633 1562 305 660 830 1829 284 1675 866 1128 660 1545 397 603 47 384 1810 1091 1771 1890 123 301
2176 20 13134 305 660 830 1829 650 1991 366 1073 227 1115 1063 1415 123 301 866 1128 47 384 1281 1288 633 1562 1810 1091 397 603 801 1971 660 1545 284 1675 1846 1141 1230 1128 1771 1890 1228 1700
1177 20 16451 1497 305 1309 458 684 564 1654 1319 1770 1447 1244 251 1456 555 333 135 1079 1104 1596 1317 370 1850 432 1918 405 21 1060 1967 39 1979 224 565 34 1211 1668 1317 1795 1781 1915 1358
2177 20 16451 1309 458 1596 1317 684 564 370 1850 224 565 34 1211 1497 305 432 1918 1244 251 1915 1358 1795 1781 405 21 1060 1967 39 1979 1668 1317 1079 1104 1770 1447 1654 1319 1456 555 333 135
1178 20 14445 743 1197 407 1385 1993 1879 819 1722 697 788 825 652 224 1531 703 6 367 175 437 901 495 820 872 1502 1431 683 1229 485 161 1032 712 824 772 1555 1735 1404 1506 1481 1929 38
2178 20 14445 367 175 772 1555 712 824 224 1531 1229 485 407 1385 1929 38 743 1197 703 6 161 1032 697 788 1431 683 495 820 872 1502 1993 1879 437 901 1506 1481 819 1722 1735 1404 825 652
1179 20 13264 886 1877 951 1954 1978 85 857 1645 668 728 1279 2000 1590 1720 257 1076 441 12 261 1383 439 747 1595 168 148 1685 296 150 1155 1601 1167 1702 353 17 678 545 1000 510 582 800
2179 20 13264 886 1877 441 12 1595 168 668 728 678 545 1167 1702 148 1685 353 17 439 747 1000 510 296 150 582 800 1978 85 257 1076 1155 1601 261 1383 1590 1720 1279 2000 857 1645 951 1954
1180 20 16153 1980 1576 1661 170 1673 31 268 125 1835 1345 129 43 1771 760 357 621 1246 180 752 1276 604 1053 964 1093 739 1493 971 184 1087 1892 240 481 1679 286 1397 1039 557 960 282 1876
2180 20 16153 1673 31 752 1276 129 43 1661 170 971 184 240 481 1679 286 1246 180 964 1093 1397 1039 282 1876 604 1053 1980 1576 357 621 268 125 557 960 1087 1892 739 1493 1771 760 1835 1345
1181 20 16580 369 83 1630 607 965 170 1521 1006 260 405 1559 1144 410 1748 435 277 968 1251 917 1367 1502 1797 1686 1336 1257 1207 491 1229 1767 690 1569 943 1798 299 41 698 1182 249 398 1270
2181 20 16580 1502 1797 1767 690 398 1270 260 405 41 698 1257 1207 1686 1336 1798 299 1569 943 369 83 1182 249 965 170 1559 1144 410 1748 917 1367 1521 1006 1630 607 491 1229 435 277 968 1251
1182 20 15177 55 647 258 507 1218 885 251 1826 1267 16 889 1248 1995 1532 197 1504 392 874 1466 116 743 780 1915 1026 1894 821 1414 1388 1397 355 546 1548 1020 1785 1074 90 560 1789 421 1214
2182 20 15177 546 1548 1894 821 1995 1532 1267 16 1020 1785 1074 90 1414 1388 1466 116 1218 885 743 780 197 1504 392 874 560 1789 889 1248 1915 1026 251 1826 1397 355 55 647 421 1214 258 507
1183 20 12432 1033 1625 945 986 1304 83 824 723 616 940 826 1237 1721 1113 746 354 1041 1954 921 1519 879 373 595 133 152 777 754 1470 156 707 1049 1553 307 327 874 933 145 314 652 1843
2183 20 12432 307 327 152 777 145 314 1304 83 921 1519 879 373 616 940 1049 1553 1041 1954 824 723 652 1843 746 354 595 133 874 933 1721 1113 754 1470 945 986 826 1237 1033 1625 156 707
1184 20 15986 1344 1715 1949 1152 1929 1498 424 1162 1189 1942 1316 907 754 197 247 138 1787 1287 190 148 1609 494 157 516 1970 994 1325 81 1156 1065 284 295 661 575 417 550 1016 1952 259 1217
2184 20 15986 661 575 417 550 1316 907 157 516 1344 1715 1325 81 1016 1952 190 148 754 197 1156 1065 1970 994 259 1217 1949 1152 1189 1942 1609 494 247 138 424 1162 284 295 1929 1498 1787 1287
1185 20 15802 923 140 1563 1010 753 1703 879 1526 549 1786 1326 206 1380 1363 310 464 465 890 1489 786 150 824 1804 99 780 604 497 1079 229 187 1907 1202 1946 584 834 840 125 200 1844 1725
2185 20 15802 753 1703 879 1526 923 140 780 604 549 1786 229 187 1804 99 125 200 465 890 150 824 1844 1725 497 1079 1380 1363 1326 206 1489 786 310 464 834 840 1907 1202 1946 584 1563 1010
1186 20 10004 1672 1897 1548 106 542 1448 1052 913 253 1644 527 1837 504 732 323 1055 37 1777 53 656 732 1872 151 1264 66 1615 52 958 984 1806 390 1971 1574 1953 33 1397 1922 1966 90 1002
2186 20 10004 390 1971 253 1644 1672 1897 504 732 37 1777 1548 106 33 1397 90 1002 984 1806 1052 913 53 656 1574 1953 66 1615 527 1837 732 1872 542 1448 151 1264 323 1055 1922 1966 52 958
1187 20 14251 905 1956 436 1536 292 1707 847 1807 122 555 1867 1421 1055 527 683 1553 1402 415 1639 430 1095 1713 1659 834 1510 417 279 25 402 734 1106 548 748 628 722 1196 159 1187 886 1528
2187 20 14251 905 1956 159 1187 402 734 292 1707 1402 415 886 1528 436 1536 1055 527 1106 548 1095 1713 1867 1421 683 1553 748 628 1510 417 722 1196 847 1807 1659 834 279 25 1639 430 122 555
1188 20 15714 1723 1447 823 431 1426 1406 137 555 751 883 604 1810 1116 1603 1799 1634 1294 996 1521 1838 410 1648 374 253 1052 1072 724 920 1626 543 1269 430 1815 172 202 1709 469 1339 508 1002
2188 20 15714 1294 996 469 1339 202 1709 137 555 751 883 374 253 1116 1603 1269 430 604 1810 724 920 1052 1072 1426 1406 1521 1838 1815 172 1723 1447 1799 1634 410 1648 1626 543 508 1002 823 431
1189 20 17124 1597 1136 1220 24 1532 525 1574 632 15 678 1104 983 157 339 1421 352 669 910 1162 352 29 1636 985 508 598 1692 813 1835 1346 177 1724 895 1331 150 1745 1394 1866 242 518 935
2189 20 17124 15 678 1346 177 813 1835 1724 895 157 339 1597 1136 518 935 1162 352 1421 352 669 910 29 1636 1866 242 1532 525 985 508 1104 983 1745 1394 1574 632 1220 24 598 1692 1331 150
1190 20 15232 1787 1847 1862 872 1565 290 84 1069 877 898 285 700 1313 1042 1295 238 637 152 1666 1199 1287 284 311 1243 515 370 1040 263 791 1178 1116 1670 1411 2000 143 686 420 1596 636 1547
2190 20 15232 143 686 420 1596 1666 1199 515 370 877 898 1295 238 285 700 791 1178 311 1243 636 1547 637 152 1040 263 1116 1670 1565 290 1411 2000 1862 872 1313 1042 84 1069 1287 284 1787 1847
1191 20 15388 241 278 987 1458 1456 539 350 856 1154 375 408 602 1109 290 715 439 1867 189 1339 1982 1036 1555 1934 879 491 990 1196 1665 1318 407 80 1226 1074 1672 1086 1196 1229 1191 166 1689
2191 20 15388 1086 1196 1154 375 1456 539 1229 1191 80 1226 1036 1555 1339 1982 241 278 987 1458 408 602 1109 290 491 990 166 1689 1934 879 350 856 1867 189 715 439 1074 1672 1196 1665 1318 407
1192 20 12668 1019 1482 147 1332 1490 626 104 1878 803 1626 723 1555 349 1515 1521 761 489 868 1717 1023 803 459 30 1229 592 1576 132 826 1668 1631 1440 1168 66 72 894 1272 1071 897 777 637
2192 20 12668 1668 1631 1521 761 489 868 104 1878 777 637 723 1555 1717 1023 592 1576 147 1332 1490 626 30 1229 894 1272 1440 1168 803 1626 349 1515 803 459 66 72 1019 1482 1071 897 132 826
1193 20 19260 276 893 1649 1297 958 1548 874 438 1916 765 732 1683 1271 991 1407 152 529 1542 566 964 1419 464 1741 1180 985 1134 1935 410 1656 1513 748 1835 1662 984 1188 1468 1094 122 1469 1055
2193 20 19260 1188 1468 732 1683 958 1548 1649 1297 1916 765 566 964 1741 1180 874 438 985 1134 1419 464 1662 984 1407 152 1094 122 748 1835 529 1542 276 893 1935 410 1271 991 1656 1513 1469 1055
1194 20 14964 1687 189 1205 1104 1388 412 487 29 51 1450 101 244 524 556 677 283 1007 1662 1795 441 1862 1581 1255 1919 1502 232 754 1174 393 754 924 363 989 1215 1723 717 308 1287 74 1919
2194 20 14964 754 1174 1862 1581 51 1450 1388 412 101 244 1007 1662 1255 1919 924 363 308 1287 1687 189 487 29 524 556 1205 1104 1795 441 677 283 989 1215 1502 232 1723 717 74 1919 393 754
1195 20 15742 1715 501 867 1973 160 146 1837 1808 1803 759 1815 499 449 914 797 829 427 1654 1840 272 1964 1044 1079 134 347 215 552 501 535 831 74 607 742 1201 822 1151 669 404 1184 1568
2195 20 15742 347 215 1964 1044 552 501 74 607 669 404 1079 134 1837 1808 1803 759 1715 501 1815 499 742 1201 427 1654 797 829 822 1151 160 146 1184 1568 535 831 867 1973 1840 272 449 914
1196 20 16263 447 3 255 95 746 791 1696 269 149 936 1776 1287 410 571 888 1068 1923 915 849 286 1550 331 618 1166 933 1225 1589 349 600 1428 1446 1759 141 1236 1923 843 1349 732 1041 1166
2196 20 16263 933 1225 849 286 1041 1166 141 1236 746 791 618 1166 410 571 1776 1287 1696 269 1550 331 1589 349 600 1428 149 936 1923 915 1923 843 447 3 255 95 1349 732 888 1068 1446 1759
1197 20 16184 939 413 940 1406 1993 606 449 1283 235 516 1016 1646 752 334 1025 909 1376 234 1973 321 1629 1223 457 791 1218 942 290 726 1141 731 1641 1716 567 1932 13 974 708 1493 1869 1766
2197 20 16184 940 1406 1629 1223 567 1932 235 516 1973 321 752 334 457 791 939 413 290 726 449 1283 1016 1646 1141 731 1993 606 1869 1766 13 974 1025 909 1376 234 708 1493 1218 942 1641 1716
1198 20 16322 843 1773 952 69 849 1252 236 620 1602 128 768 1129 1614 480 1115 1862 1167 1369 1560 318 1638 1732 129 1524 974 1667 1014 1221 1633 1462 186 690 1012 1482 341 609 1388 632 1382 1618
2198 20 16322 1602 128 1614 480 1633 1462 341 609 1382 1618 1014 1221 1167 1369 849 1252 974 1667 1638 1732 1388 632 1012 1482 129 1524 843 1773 1115 1862 1560 318 186 690 236 620 768 1129 952 69
1199 20 18532 1667 703 180 904 1182 1845 1960 1466 1498 743 1553 1403 44 849 280 835 1294 1575 1026 797 1464 53 1126 1856 1628 938 65 1522 1974 499 1295 143 884 1613 1414 1235 1393 1135 1238 561
2199 20 18532 1393 1135 1553 1403 1464 53 1667 703 1414 1235 1182 1845 1498 743 1628 938 1294 1575 180 904 1026 797 65 1522 884 1613 1295 143 280 835 1960 1466 1974 499 1238 561 44 849 1126 1856
1200 20 14908 930 706 998 848 735 424 47 1478 1116 1303 419 983 1358 1081 1641 892 1082 581 229 458 432 1514 327 1786 222 396 1265 558 616 444 1258 126 1431 1342 1751 1887 1851 1795 927 951
2200 20 14908 930 706 47 1478 1358 1081 222 396 1116 1303 229 458 735 424 1265 558 1082 581 1751 1887 327 1786 1258 126 1641 892 927 951 616 444 419 983 998 848 1431 1342 432 1514 1851 1795
