1 20 9491 144 172 834 259 216 586 242 568 856 269 566 89 547 660 610 401 543 800 702 297 690 657 936 334 130 852 671 572 548 189 829 354 741 877 530 197 675 298 854 943
2 20 10832 954 213 199 951 650 708 701 86 962 607 743 782 751 307 744 138 780 867 722 332 316 768 571 682 818 102 950 48 219 643 392 933 503 928 927 437 672 944 966 202
3 20 9493 801 774 731 839 484 776 773 886 639 553 184 412 268 887 791 605 65 476 634 475 872 769 770 63 266 637 454 796 676 890 645 919 324 660 657 343 980 642 853 309
4 20 10000 826 375 430 281 849 579 933 990 705 518 398 970 980 992 875 423 185 226 944 777 408 943 917 166 97 710 511 825 354 67 807 559 332 534 631 295 529 981 789 124
5 20 10910 801 71 480 810 822 468 845 990 711 813 615 256 297 243 927 947 670 312 173 225 384 119 870 498 801 719 990 573 604 234 879 940 622 500 243 330 910 258 994 317
6 20 10296 568 320 933 142 918 54 93 34 313 599 1000 6 788 898 379 209 632 963 316 982 855 207 928 489 71 533 706 839 557 67 963 120 773 151 875 386 472 221 730 141
7 20 11256 448 884 473 955 595 481 658 673 767 164 957 228 961 153 420 440 594 210 429 768 921 633 896 169 898 851 789 407 695 898 724 150 798 751 798 865 932 915 318 711
8 20 10884 935 595 867 860 233 297 787 198 657 782 926 394 297 790 409 955 979 754 141 430 869 909 514 751 967 613 863 861 576 133 871 462 894 202 527 494 675 91 619 411
9 20 10224 925 118 768 33 724 525 568 977 567 908 955 621 931 75 593 129 749 284 134 869 820 737 694 261 230 458 883 36 364 65 757 946 812 236 376 506 429 771 502 19
10 20 11484 849 248 973 419 868 948 612 123 464 540 485 57 674 166 996 237 599 652 916 882 372 967 595 81 687 676 431 24 757 20 775 819 693 708 970 118 991 368 648 9
11 20 11216 75 620 869 489 764 409 722 300 892 134 530 713 979 776 623 632 931 741 875 525 976 494 595 99 747 793 531 924 828 682 552 933 297 966 398 201 997 381 839 329
12 20 10074 561 969 540 288 140 540 867 241 992 304 972 837 642 84 820 909 828 789 451 370 762 447 390 798 218 942 165 158 932 24 535 673 756 393 459 398 983 457 580 179
13 20 10798 834 848 674 420 293 496 790 325 638 900 341 439 430 705 851 678 951 53 914 738 484 946 654 916 895 840 384 839 850 454 965 355 578 222 736 864 533 913 703 345
14 20 10149 425 149 428 921 548 522 604 298 989 931 487 508 643 736 803 556 584 359 300 597 751 21 700 946 615 992 856 113 516 754 606 1 790 658 695 322 580 1000 767 382
15 20 10016 752 780 224 401 919 783 538 244 586 25 645 187 912 180 755 46 976 96 513 979 397 90 838 784 248 199 759 705 808 623 181 254 371 968 998 315 879 558 221 153
16 20 10813 895 51 906 543 686 720 850 474 515 196 758 949 730 53 315 80 510 794 426 257 989 724 463 796 709 209 675 187 532 638 643 585 306 800 713 326 978 164 918 146
17 20 11605 467 208 974 376 670 947 378 455 943 219 704 133 526 645 741 240 654 490 658 494 931 567 606 303 996 163 416 9 958 155 964 490 812 69 938 630 749 232 422 846
18 20 10592 877 801 961 41 960 632 913 545 952 38 780 400 301 256 868 41 493 157 879 692 367 940 392 918 511 500 790 38 397 737 412 884 348 933 917 553 484 51 639 22
19 20 8985 809 407 553 213 132 50 260 675 518 916 982 374 688 801 379 638 711 624 140 718 721 255 650 251 415 557 398 15 813 636 685 101 375 560 683 201 545 427 775 369
20 20 10624 407 491 753 584 824 382 726 473 404 581 914 478 907 941 771 32 898 760 490 662 131 400 410 470 978 765 151 717 538 924 939 24 800 142 998 769 875 159 367 44
21 20 9968 601 5 851 928 600 49 884 190 849 403 367 272 824 651 340 321 396 797 540 589 603 281 259 398 898 22 506 640 433 906 713 778 825 326 338 99 971 824 663 65
22 20 10172 615 726 904 747 826 268 865 62 964 6 904 511 741 45 436 637 577 51 615 578 558 843 666 159 373 961 184 216 844 766 869 894 597 186 84 456 179 516 915 302
23 20 10266 911 428 713 717 463 534 433 685 550 544 55 146 880 59 799 890 538 959 648 674 199 866 809 212 992 647 587 762 811 95 607 840 707 626 345 700 953 474 833 489
24 20 11691 642 78 806 225 930 106 733 342 279 462 662 824 844 441 668 430 586 259 981 329 842 566 768 564 862 123 751 121 880 934 815 202 585 315 426 813 676 141 878 274
25 20 9405 671 466 387 746 795 1 857 518 756 944 479 150 719 350 127 676 407 729 528 177 558 620 952 864 338 423 859 694 689 49 795 150 718 337 884 973 93 618 145 296
26 20 8269 848 201 93 65 315 652 329 622 176 442 877 512 286 1 667 478 505 953 501 483 387 360 333 996 493 918 811 844 764 376 709 586 714 217 298 2 853 855 378 919
27 20 10560 974 176 647 906 935 499 137 221 456 343 122 318 996 715 670 888 896 101 903 996 991 521 358 346 478 903 858 215 764 431 205 487 964 214 741 818 469 246 637 650
28 20 10264 888 336 717 905 638 321 425 535 277 89 982 780 975 690 769 711 478 823 858 396 735 653 374 571 859 350 946 231 125 359 807 445 997 239 708 17 109 958 163 522
29 20 10357 880 665 851 994 980 861 762 257 818 177 559 266 420 647 606 561 275 891 631 772 392 694 650 552 736 145 902 682 356 389 955 458 597 543 780 471 220 475 577 337
30 20 10180 289 74 337 360 758 832 312 502 435 155 810 685 838 850 123 409 433 783 661 275 902 359 729 817 943 641 883 378 95 592 802 973 918 164 796 459 914 9 747 685
31 20 9216 998 766 675 176 100 757 990 142 401 351 615 469 994 900 480 330 721 709 783 233 74 971 436 425 595 865 261 960 484 271 476 907 483 624 815 620 874 441 265 636
32 20 8489 66 103 83 899 114 661 815 267 891 666 352 411 934 106 231 695 801 743 961 703 316 55 280 281 742 971 953 424 300 719 834 886 670 146 289 508 906 637 74 453
33 20 10555 873 774 965 501 451 550 596 18 976 979 941 671 394 763 962 186 149 40 284 116 965 642 502 6 405 131 977 694 857 235 786 790 209 338 813 540 213 453 876 933
34 20 10629 890 620 935 134 941 903 403 775 788 134 824 616 799 537 487 39 394 67 904 124 698 617 287 947 648 996 674 808 606 759 693 930 567 837 418 629 447 569 884 779
35 20 9856 785 810 565 15 506 717 954 23 786 735 969 279 550 710 524 299 164 932 663 101 696 760 226 147 383 442 726 399 559 311 881 98 563 615 780 459 387 310 653 231
36 20 8611 430 197 611 558 960 80 461 790 284 401 95 951 648 519 866 723 324 160 730 342 490 644 231 663 685 635 681 747 383 956 245 958 640 395 801 743 694 3 505 615
37 20 9242 950 532 368 669 610 979 974 41 839 905 991 285 773 800 911 144 636 142 796 730 113 792 81 263 274 658 669 956 777 494 180 985 789 224 459 113 238 3 125 748
38 20 10525 259 63 784 939 578 1000 865 578 485 593 964 308 698 678 822 156 810 319 217 517 550 205 503 650 690 550 270 33 571 164 778 754 996 975 694 915 765 384 858 193
39 20 10705 278 838 197 765 343 204 824 567 760 622 336 779 902 974 757 445 802 203 840 329 919 635 912 146 680 465 808 966 798 713 873 815 967 957 635 455 676 857 75 893
40 20 10113 920 937 597 658 638 537 505 510 861 498 873 106 944 291 817 177 763 578 155 766 804 509 767 677 48 831 256 168 738 838 899 199 421 534 370 720 852 256 414 375
41 20 9814 475 645 752 354 201 316 805 137 435 485 913 112 829 506 53 960 240 160 667 948 211 605 847 379 906 948 603 148 859 802 462 899 600 107 814 713 901 330 695 799
42 20 11555 876 85 598 785 842 566 750 431 410 151 733 472 673 970 425 570 139 942 928 699 974 274 871 872 930 4 939 324 962 235 632 189 810 973 909 273 65 662 978 116
43 20 10332 980 23 731 186 801 236 798 533 899 611 447 803 900 799 184 156 608 511 689 52 264 286 914 322 587 747 511 635 225 621 488 600 665 769 838 229 421 158 966 434
44 20 10272 531 34 263 99 772 757 457 997 303 781 933 369 493 271 894 878 805 401 929 734 172 526 881 477 919 766 796 273 772 278 889 712 298 342 684 52 255 876 794 474
45 20 10057 817 668 973 254 127 476 656 359 895 660 731 421 612 42 733 291 852 614 379 395 620 500 947 267 694 1000 456 924 181 494 345 806 781 119 859 164 680 835 234 148
46 20 8385 326 486 79 111 894 834 529 873 759 826 965 305 318 928 937 49 883 732 638 267 154 503 296 832 179 656 297 896 284 300 497 583 791 569 186 167 911 366 559 917
47 20 10622 613 88 611 497 787 686 843 444 95 277 707 125 903 258 451 518 341 425 299 321 840 491 659 48 398 68 927 140 505 622 917 650 800 361 887 978 952 52 743 110
48 20 8632 358 939 648 821 236 799 941 580 965 365 636 570 179 438 338 132 551 758 820 933 639 536 89 296 754 689 349 477 858 849 128 850 257 117 814 177 425 87 806 408
49 20 9627 386 634 919 298 786 556 976 264 832 682 616 377 715 996 379 560 201 215 864 476 604 778 772 80 568 92 433 64 168 801 603 887 209 426 606 170 878 762 519 945
50 20 9797 344 360 571 726 939 642 902 858 234 815 957 745 837 37 474 581 133 931 375 999 90 732 963 765 552 449 613 273 805 121 926 386 894 648 690 210 698 101 250 984
51 20 9524 461 329 478 400 681 395 967 579 506 75 278 177 851 262 290 921 747 943 100 95 652 37 357 344 792 978 926 14 480 353 727 81 331 171 554 299 770 476 957 682
52 20 9561 345 313 888 787 782 831 730 267 370 571 878 540 845 846 611 446 344 235 360 714 408 511 659 31 914 566 439 176 894 487 553 973 244 747 263 841 970 327 455 403
53 20 8286 990 417 443 151 697 943 201 945 983 518 146 16 169 973 886 532 770 313 469 820 49 684 391 463 583 915 690 644 25 314 767 879 806 949 84 319 578 909 631 798
54 20 10180 539 978 649 505 399 792 842 801 580 279 335 485 781 84 932 581 958 118 762 965 494 666 632 617 574 799 945 258 489 27 837 54 349 400 398 656 715 456 515 702
55 20 9553 51 571 916 60 529 949 252 654 919 197 977 617 433 872 866 40 521 114 975 684 854 202 774 366 174 237 591 544 619 551 665 323 584 378 106 924 647 194 489 711
56 20 11016 707 408 528 516 225 961 420 889 658 968 923 832 912 602 958 919 485 957 832 134 993 323 323 959 870 239 523 759 471 44 576 397 860 680 902 595 914 438 691 653
57 20 10041 951 954 193 163 662 510 404 402 995 668 76 108 743 134 47 953 768 984 222 479 206 260 935 617 404 76 985 296 588 112 631 286 997 601 891 420 891 461 963 809
58 20 10708 687 719 823 914 919 965 510 846 892 266 407 505 272 653 758 860 489 741 477 450 487 18 661 987 517 398 942 612 798 315 490 342 928 682 549 703 829 482 950 906
59 20 8929 766 431 707 397 109 695 52 389 771 626 909 160 23 643 524 580 733 240 895 540 905 115 575 852 402 164 370 229 262 707 541 74 549 264 946 202 148 691 975 842
60 20 9868 835 975 203 292 413 328 177 764 445 182 723 901 936 509 578 932 659 565 894 532 378 753 712 531 690 957 111 143 789 453 895 626 764 396 717 773 773 272 644 795
61 20 10060 511 728 841 966 663 186 555 199 683 172 946 821 991 121 632 171 902 70 620 529 743 883 276 766 853 991 620 336 516 522 970 331 235 334 381 729 150 705 488 370
62 20 10649 766 107 979 659 525 923 563 822 533 129 652 302 377 442 857 588 627 35 621 86 749 1 749 533 868 144 360 180 387 355 929 920 970 811 799 137 801 492 200 577
63 20 9773 141 731 69 57 756 374 388 500 616 383 524 979 291 394 963 248 960 415 881 456 357 613 719 186 333 686 392 891 438 231 914 20 775 435 968 44 896 163 836 587
64 20 8295 619 672 430 994 478 807 200 237 685 140 390 367 517 25 636 777 564 419 104 847 237 548 226 596 560 204 334 422 662 71 982 466 246 738 870 703 958 795 671 402
65 20 10916 494 459 782 999 129 639 840 538 959 975 941 634 783 973 572 643 920 559 688 163 185 701 802 598 965 306 772 868 843 500 769 608 433 941 312 486 927 990 529 733
66 20 10059 654 827 555 310 221 922 20 575 999 409 577 184 342 672 887 625 927 161 620 626 946 974 835 460 392 507 868 530 488 296 439 799 571 326 699 161 600 809 934 5
67 20 9156 594 592 657 986 568 473 979 735 579 599 496 138 896 380 540 817 645 784 90 686 926 192 928 613 143 467 450 999 753 172 69 931 817 50 569 428 263 40 483 586
68 20 10320 583 238 764 120 981 63 264 593 497 762 944 869 786 456 605 420 958 115 419 573 577 69 659 693 515 648 942 619 776 248 387 202 858 147 619 811 670 93 97 254
69 20 10938 358 943 976 177 772 264 710 94 840 733 436 422 321 891 756 498 640 458 451 894 657 765 568 949 874 534 518 238 813 772 913 207 518 751 933 892 649 80 970 846
70 20 9208 871 900 568 611 843 633 560 580 200 5 401 660 880 15 390 833 985 516 377 449 522 497 296 696 668 269 638 903 489 578 352 674 754 41 459 2 687 154 571 631
71 20 8973 727 322 669 759 984 37 541 171 808 634 238 961 455 630 164 802 220 449 889 543 344 478 840 386 802 280 120 446 545 1000 571 916 563 370 362 62 710 441 665 869
72 20 7772 796 717 512 929 762 31 853 556 993 343 37 60 102 892 490 641 212 514 501 603 238 970 966 791 832 14 225 815 668 853 9 940 282 941 439 97 338 760 460 199
73 20 10369 976 488 862 576 980 739 951 373 226 173 597 896 819 965 556 490 479 132 823 526 942 996 198 522 944 650 785 900 133 528 878 636 153 897 380 967 715 478 565 481
74 20 10767 903 35 977 304 924 710 900 606 414 29 410 822 792 501 894 479 896 406 595 967 707 873 515 843 782 252 87 468 784 780 379 844 193 815 850 13 883 522 574 430
75 20 10507 931 768 80 429 700 612 720 578 705 21 974 841 800 466 748 266 1000 147 192 533 221 396 816 1 958 662 789 5 231 306 858 379 795 220 942 14 476 200 198 266
76 20 10568 658 923 131 231 765 964 980 136 442 451 811 60 816 5 413 99 851 438 756 867 880 96 409 925 616 328 504 395 597 170 718 6 720 141 431 379 729 302 984 986
77 20 11834 684 471 670 612 828 379 927 227 956 12 994 715 254 928 976 829 480 710 635 843 919 866 819 510 871 387 60 715 960 466 771 671 919 71 669 163 629 62 772 536
78 20 10452 458 22 626 323 268 954 1000 151 245 631 362 841 944 865 688 774 823 917 901 359 969 410 445 701 770 133 568 444 637 890 509 554 686 330 788 70 845 215 534 898
79 20 10356 544 495 850 760 510 175 935 515 982 919 126 17 584 661 966 232 745 547 340 388 672 414 804 890 259 658 810 164 224 247 796 70 790 218 913 114 331 906 764 196
80 20 8867 701 298 976 887 608 978 855 560 595 638 555 326 1000 340 199 243 838 62 410 635 334 207 728 561 560 185 288 253 195 75 782 121 944 882 188 698 131 946 197 72
81 20 11038 844 838 905 330 773 781 923 641 644 850 615 199 302 192 660 278 655 834 659 959 622 17 891 11 885 342 659 68 958 112 283 615 243 693 997 356 412 599 868 753
82 20 7387 716 352 410 326 184 349 394 339 273 538 334 795 851 6 177 291 400 374 500 148 75 843 277 480 918 486 92 22 482 141 938 520 134 120 946 527 990 840 143 130
83 20 10344 761 591 150 635 884 246 615 874 629 815 304 349 780 843 668 42 785 218 634 99 752 254 609 998 411 324 699 372 513 893 707 126 913 45 733 273 774 624 609 777
84 20 8112 922 67 73 413 557 760 154 473 493 177 412 437 467 187 652 234 142 209 576 581 377 894 644 976 663 578 533 971 965 79 497 74 124 331 922 377 852 70 115 249
85 20 10426 417 663 682 302 782 275 393 412 954 63 526 774 903 822 252 961 983 632 691 904 528 140 764 978 820 755 857 278 934 830 417 777 701 374 314 367 253 501 862 900
86 20 9807 362 813 536 802 376 908 703 498 635 412 919 824 187 235 670 905 498 12 787 711 176 170 862 799 492 455 666 873 697 846 673 493 254 468 933 581 833 706 1000 622
87 20 9673 119 350 258 318 774 132 644 396 589 835 783 42 535 449 894 319 436 798 991 596 555 537 836 778 967 40 613 428 543 358 220 495 577 494 729 845 728 121 301 74
88 20 9883 33 389 741 758 720 15 615 413 761 245 313 230 536 834 816 778 695 219 825 710 232 482 735 265 383 447 968 828 496 842 871 374 918 61 493 704 844 862 359 644
89 20 9200 960 608 751 197 377 725 51 931 791 960 262 694 587 552 462 339 142 15 461 202 920 371 601 108 982 434 987 457 399 214 827 576 80 268 416 251 540 902 904 723
90 20 9744 962 71 618 583 888 75 458 48 775 444 135 2 205 373 396 714 675 920 688 997 303 396 571 821 858 642 376 609 471 207 987 935 883 823 513 815 612 258 807 611
91 20 10884 809 240 584 425 626 310 780 558 931 887 801 384 565 305 819 65 762 741 817 694 648 732 733 928 707 777 469 761 834 619 281 452 987 749 372 807 513 697 568 923
92 20 10073 629 111 541 279 716 115 424 353 308 368 944 898 464 164 893 739 558 216 757 446 541 353 518 107 484 339 458 334 777 617 805 948 800 632 715 708 916 500 344 667
93 20 9523 484 510 941 987 355 428 962 923 941 305 352 480 984 853 386 953 220 533 632 454 701 279 500 110 656 664 554 261 568 174 603 385 466 737 820 338 457 324 322 224
94 20 10317 323 557 465 802 958 949 100 837 444 970 654 801 442 380 883 69 507 40 968 53 819 968 594 544 748 143 351 966 747 102 529 615 635 690 938 45 889 692 903 116
95 20 11462 920 813 111 175 724 610 899 832 590 88 748 401 834 918 863 853 677 33 729 747 800 276 933 49 944 682 497 36 548 446 640 26 977 213 702 84 830 268 362 438
96 20 10544 893 458 549 84 930 33 915 792 499 128 974 459 612 238 500 172 344 545 637 29 413 817 538 172 653 951 826 675 453 16 872 6 718 786 933 22 687 561 234 458
97 20 9528 922 942 638 244 838 211 714 986 569 897 207 7 258 536 984 66 604 192 989 731 841 684 463 418 123 2 690 869 118 253 376 888 857 332 341 433 891 691 487 506
98 20 9293 971 309 979 243 981 663 407 990 626 529 737 903 594 617 317 28 663 647 518 346 591 305 439 780 837 394 459 140 967 661 357 515 174 909 503 188 94 13 403 162
99 20 9189 384 975 909 318 357 738 623 150 879 216 377 106 995 187 319 72 450 108 900 840 312 849 580 179 747 832 411 502 751 746 688 874 369 907 455 856 268 10 713 614
100 20 10394 886 102 616 412 565 747 933 36 476 252 289 633 657 522 768 251 811 963 430 715 529 619 523 436 816 533 599 829 205 748 492 68 909 279 805 511 817 522 867 517
101 20 11020 431 496 447 617 594 958 723 377 952 770 642 264 584 398 758 714 684 678 518 660 982 55 917 452 989 422 645 792 553 329 681 11 578 999 247 348 950 317 901 512
102 20 10696 188 513 728 624 641 986 904 52 673 287 671 505 513 474 431 766 955 373 641 397 932 771 691 295 476 916 753 202 744 740 812 115 505 758 995 502 277 942 840 415
103 20 9540 238 743 868 667 832 682 830 355 502 153 516 756 365 574 202 546 983 28 348 683 643 566 974 793 423 46 842 626 142 180 513 312 700 204 805 842 857 909 343 849
104 20 9209 345 298 718 492 83 41 795 426 575 779 45 523 660 832 996 215 754 151 963 524 870 138 617 803 590 781 804 981 685 606 343 501 380 193 603 476 562 153 124 492
105 20 10400 114 322 861 170 533 828 349 492 131 318 748 77 997 207 593 425 901 260 718 260 899 876 365 604 643 415 631 569 987 620 185 363 875 435 732 741 945 369 793 243
106 20 10289 957 998 753 879 490 499 695 536 688 626 665 714 640 196 861 174 909 395 410 292 623 563 864 150 643 705 451 936 208 244 258 796 971 913 756 924 750 44 270 689
107 20 10616 997 749 976 527 110 193 517 413 375 309 991 98 885 736 761 609 232 394 663 961 765 738 626 564 823 378 597 127 856 376 965 131 578 610 709 529 711 418 134 617
108 20 10582 675 156 860 434 501 518 955 488 814 45 255 723 642 881 868 621 974 422 257 972 922 520 525 721 957 568 781 512 892 58 74 691 763 915 82 530 817 159 614 254
109 20 9740 721 930 633 42 76 153 349 12 463 274 640 905 550 823 708 56 830 593 937 514 651 444 320 225 485 802 485 554 521 27 772 675 993 191 626 593 663 795 753 305
110 20 11533 456 587 826 815 840 939 938 491 392 483 944 592 647 10 803 856 840 786 220 362 797 597 985 425 892 627 411 69 994 676 607 463 898 216 195 907 995 376 737 647
111 20 9673 876 581 412 330 909 567 719 176 770 329 861 314 394 323 746 144 277 188 669 389 474 783 746 720 779 864 390 72 573 28 493 698 298 732 655 2 609 19 442 670
112 20 10035 613 735 912 995 409 35 189 910 808 507 782 470 971 576 610 170 130 282 343 284 416 990 727 738 960 982 351 884 788 935 852 564 687 518 821 328 691 482 484 788
113 20 11349 655 566 778 569 950 809 984 473 975 73 707 230 196 436 419 40 954 848 539 394 629 638 610 728 882 995 994 27 569 852 906 20 505 644 812 830 505 925 618 423
114 20 10318 765 702 280 304 398 217 656 534 741 429 942 581 959 947 563 137 848 735 278 16 978 334 179 280 333 455 947 181 357 205 943 723 721 592 659 952 875 345 476 476
115 20 11664 878 259 824 774 343 842 896 563 981 241 230 804 977 241 868 81 822 102 806 912 452 52 963 656 880 157 243 396 868 665 712 976 237 444 932 307 971 822 697 41
116 20 11112 835 200 667 817 935 219 216 433 725 517 696 69 922 40 673 339 655 323 580 309 509 892 776 868 840 716 870 863 774 69 903 552 588 340 841 810 819 967 67 818
117 20 11824 772 224 902 124 604 4 834 772 731 341 986 541 725 329 774 785 900 814 975 309 382 167 506 571 512 415 900 40 845 428 612 313 721 983 878 366 926 378 296 353
118 20 7773 970 103 812 567 276 486 988 1 604 986 342 920 374 228 357 797 156 126 663 447 506 86 144 749 666 479 613 583 653 343 543 113 38 518 347 356 485 954 180 90
119 20 9956 896 27 188 451 827 827 512 676 269 219 84 706 899 459 765 240 538 29 744 966 281 687 336 215 540 544 988 784 777 522 953 741 674 392 676 783 615 594 884 561
120 20 9780 505 626 939 489 760 161 620 501 653 525 105 739 807 391 658 647 438 890 783 145 678 920 108 175 340 126 902 24 531 854 737 253 814 190 617 294 971 966 260 668
121 20 9918 755 736 528 394 285 600 964 246 687 92 979 259 734 153 347 492 661 659 290 898 696 187 963 818 471 110 655 224 774 571 311 80 249 611 705 938 512 114 832 121
122 20 10966 317 346 196 495 882 124 907 748 834 85 979 408 830 59 552 740 865 692 828 578 869 526 193 665 267 111 711 677 898 972 633 36 573 347 893 264 815 593 666 819
123 20 10916 676 202 924 172 310 598 547 983 217 539 785 873 725 661 539 867 312 888 544 179 962 219 613 499 997 639 998 563 800 910 640 614 481 801 763 669 891 817 922 233
124 20 10308 140 103 568 832 546 619 452 419 773 892 706 326 726 23 576 228 724 72 531 839 892 204 731 710 908 355 764 876 101 557 936 569 541 839 891 188 690 792 690 78
125 20 10102 931 817 610 655 600 53 556 629 522 962 729 666 873 319 986 571 529 265 684 352 105 657 454 275 801 986 853 668 853 801 302 165 932 583 945 273 295 768 68 982
126 20 11218 773 111 432 845 877 67 729 477 248 723 768 6 792 796 719 653 691 416 655 546 644 684 823 25 574 576 986 865 823 250 701 990 515 525 521 545 992 663 760 317
127 20 11483 944 925 669 833 697 144 216 101 733 980 308 75 752 722 700 480 445 936 919 209 708 257 635 447 766 671 796 670 909 495 743 411 908 845 692 60 894 416 920 136
128 20 9596 958 844 423 508 850 169 932 228 430 99 840 339 150 675 461 870 880 113 412 211 919 647 594 539 64 941 205 140 460 840 885 573 378 805 462 185 794 483 898 454
129 20 12216 851 454 761 699 797 182 977 116 905 71 909 669 817 958 934 543 817 106 972 200 650 324 881 797 958 532 971 250 397 200 328 270 842 347 28 129 661 758 814 236
130 20 9673 524 361 892 529 730 827 769 429 226 346 785 361 228 355 795 563 572 8 967 990 762 483 926 735 902 344 212 977 380 378 727 668 124 489 390 380 657 862 524 19
131 20 10310 95 84 755 938 822 827 759 164 468 991 114 166 755 847 977 955 715 792 603 669 760 200 909 791 160 691 651 654 588 662 921 20 631 209 892 600 795 83 518 118
132 20 9241 26 184 303 21 684 32 927 101 390 582 827 811 925 412 425 686 449 998 415 9 895 872 862 969 286 592 257 164 763 482 523 176 576 237 433 36 641 825 945 739
133 20 8626 485 408 670 456 379 570 144 167 582 504 309 578 600 814 705 573 184 790 227 44 272 111 999 99 421 249 924 727 289 146 663 426 430 650 773 80 912 591 815 477
134 20 9220 855 897 481 506 964 699 944 311 442 753 795 270 282 881 408 59 936 23 218 691 485 381 911 715 748 209 423 966 715 660 168 740 206 156 477 689 235 839 833 591
135 20 9700 866 450 544 536 201 477 266 613 481 778 360 991 682 574 936 355 414 445 556 552 743 676 313 322 631 115 964 618 142 159 940 197 966 4 311 3 987 812 822 443
136 20 10811 595 384 173 269 774 734 880 476 331 260 675 902 548 185 447 459 942 850 849 76 733 610 870 425 919 935 959 238 826 914 338 790 765 589 901 766 390 187 599 198
137 20 10036 564 370 582 448 268 967 538 795 801 677 952 642 333 508 811 637 763 279 478 160 606 986 671 143 734 37 382 639 795 477 755 339 681 562 861 489 93 309 877 37
138 20 8776 685 97 166 973 381 195 115 131 310 506 334 495 593 73 882 593 942 380 997 532 508 725 430 620 598 958 993 224 458 619 412 68 254 780 719 702 399 346 795 613
139 20 10152 873 17 555 89 614 867 698 141 551 929 501 415 348 87 122 483 1000 146 943 580 793 565 721 835 535 858 695 667 467 109 355 977 841 930 780 431 443 432 855 328
140 20 10017 559 547 647 763 516 307 231 943 954 208 590 618 958 274 859 675 200 598 727 134 971 654 210 297 304 933 987 514 702 643 924 736 937 957 324 139 779 631 143 326
141 20 11336 993 298 639 354 896 458 877 650 996 984 571 315 793 472 765 688 741 698 958 612 496 854 836 122 946 252 148 106 544 243 483 998 735 221 347 338 985 42 422 370
142 20 9189 519 841 843 996 191 225 926 593 798 468 282 512 357 248 422 982 521 586 329 309 789 644 408 19 720 530 566 246 330 284 508 977 676 951 620 2 960 487 722 463
143 20 10953 991 133 259 285 472 300 599 466 980 307 936 84 742 734 327 518 586 305 599 720 895 58 186 42 855 881 888 528 733 73 935 669 839 478 656 559 598 962 616 587
144 20 8776 355 537 753 702 231 131 667 310 337 960 667 870 534 666 475 304 227 706 705 89 666 725 479 230 510 739 724 705 167 67 461 328 589 239 953 895 797 833 674 212
145 20 10236 756 94 395 138 910 922 818 550 981 32 241 156 513 14 453 77 876 547 814 167 946 241 312 952 510 991 478 8 652 559 837 649 570 956 834 361 271 404 628 735
146 20 10275 436 591 402 34 846 790 462 573 956 586 926 775 674 558 819 72 432 834 799 452 700 449 893 447 717 132 328 445 605 467 925 777 211 201 994 98 483 573 236 818
147 20 9068 622 535 806 705 889 799 337 282 429 532 749 713 315 321 638 810 259 775 404 941 185 372 895 808 872 450 261 524 914 127 791 301 241 970 422 938 333 431 974 985
148 20 8456 236 692 473 974 381 272 553 845 800 914 498 407 302 978 385 903 417 331 650 349 133 772 416 585 961 586 562 920 837 625 287 139 415 959 886 696 695 283 684 616
149 20 10064 139 169 518 201 200 242 617 849 341 536 829 328 828 457 871 389 699 32 756 64 908 681 452 351 348 483 778 875 835 630 740 327 919 682 756 291 583 823 464 416
150 20 10760 181 173 346 501 934 410 725 460 931 239 299 529 874 760 995 240 285 53 817 149 846 994 909 941 64 313 770 35 796 531 823 323 735 246 784 278 765 503 572 83
151 20 10602 790 15 817 281 826 13 720 600 1000 42 996 264 255 312 439 555 871 467 533 61 645 825 962 282 868 919 602 617 261 994 845 79 54 168 932 443 310 509 527 109
152 20 10336 944 378 698 541 891 9 866 153 714 414 886 974 469 227 618 979 799 412 951 244 65 751 437 223 897 601 634 349 585 816 712 374 284 153 118 960 728 738 625 400
153 20 10584 139 481 412 945 536 101 428 941 480 456 828 453 786 568 606 586 944 40 519 263 972 340 986 667 909 822 870 578 974 925 254 712 358 426 661 985 582 143 987 919
154 20 8613 160 704 432 133 231 489 875 851 135 547 716 988 653 833 845 280 670 975 148 957 625 570 702 995 275 543 600 987 929 306 917 534 773 799 461 189 213 950 407 820
155 20 10341 712 484 357 235 800 280 763 831 586 551 300 859 792 170 682 155 401 537 763 724 612 881 551 711 685 168 881 630 625 170 362 305 765 91 976 705 627 121 687 29
156 20 10484 873 280 510 554 344 917 407 754 535 630 865 872 960 480 868 532 946 920 718 959 468 846 694 672 622 993 294 855 518 44 780 971 762 115 732 820 923 989 286 346
157 20 9880 974 847 352 680 652 971 996 727 769 977 302 433 894 646 750 348 164 436 648 333 232 238 969 299 640 670 257 686 777 633 622 643 534 768 792 734 572 542 454 669
158 20 10012 873 721 911 24 901 218 928 575 908 147 301 131 947 183 773 91 927 963 707 556 369 3 353 178 192 115 628 154 169 283 334 494 709 240 350 705 473 199 762 855
159 20 11130 787 207 975 695 489 495 789 584 898 830 723 816 876 893 961 696 701 5 518 228 923 518 467 376 419 416 595 343 640 696 257 13 1000 993 472 872 532 788 891 165
160 20 9396 868 477 985 296 416 736 988 115 549 809 754 28 593 494 638 505 358 613 134 503 723 264 968 858 419 498 389 475 892 379 257 482 693 916 828 486 173 233 121 824
161 20 10207 619 328 860 235 602 496 319 549 745 225 203 796 420 955 679 819 980 924 991 365 793 503 339 143 463 481 754 136 660 567 910 458 270 569 897 791 490 349 765 302
162 20 11126 751 286 268 539 842 515 708 116 661 310 268 391 824 272 936 981 494 647 993 28 510 295 542 581 943 627 680 16 977 191 739 725 871 952 790 59 194 741 917 713
163 20 10150 698 177 443 829 810 338 727 829 798 330 730 72 488 771 371 939 432 280 478 160 583 594 896 957 743 221 900 261 598 402 628 525 828 808 376 537 991 98 170 787
164 20 10409 422 561 434 458 391 195 682 541 946 789 992 473 160 665 769 307 644 963 963 294 995 267 454 827 755 717 748 812 148 51 786 478 535 523 801 361 518 394 869 635
165 20 9572 557 823 851 744 537 30 773 752 610 580 963 787 897 95 760 410 373 51 849 935 576 256 53 119 437 721 771 584 526 80 655 127 416 613 491 260 541 943 330 982
166 20 10229 656 18 930 838 540 369 710 782 463 15 260 608 636 827 679 442 103 370 852 133 331 415 765 76 748 35 984 746 852 520 161 854 711 648 563 159 851 646 992 224
167 20 10004 449 507 926 778 440 536 993 196 163 588 980 660 958 262 854 555 634 337 724 919 806 229 824 465 853 72 226 511 389 496 437 210 336 736 297 836 483 267 733 336
168 20 10785 803 335 380 220 820 398 970 780 483 814 799 554 581 168 862 673 894 359 877 1000 874 308 281 301 674 62 637 809 219 738 543 788 999 607 529 630 663 313 594 219
169 20 8118 387 994 991 303 445 451 752 643 433 538 467 719 456 558 297 535 111 559 550 555 607 90 801 966 453 468 628 27 619 444 304 569 214 846 660 485 394 529 579 247
170 20 9040 194 804 383 862 810 334 240 499 953 897 822 255 236 202 635 69 358 460 934 615 572 846 442 14 847 404 146 153 916 996 495 375 452 33 776 106 687 940 403 583
171 20 8933 860 208 332 47 456 918 672 409 989 190 740 741 569 331 477 536 367 591 963 547 309 714 483 302 942 489 200 448 311 308 535 277 555 16 789 997 181 810 437 467
172 20 10064 261 608 678 947 973 914 517 201 921 3 314 169 977 200 571 263 497 770 820 541 625 873 482 403 863 950 757 697 838 551 977 792 667 205 265 988 376 570 201 36
173 20 9643 823 839 518 487 529 465 631 64 299 841 920 546 699 892 916 778 257 514 813 545 277 649 194 555 828 778 101 893 751 657 709 136 673 408 622 817 950 12 544 951
174 20 9738 339 561 910 367 508 387 521 957 507 518 608 917 957 854 979 918 999 233 540 822 574 288 155 275 576 372 387 391 638 677 951 890 784 179 528 798 255 994 457 847
175 20 8964 453 86 287 820 576 512 799 289 191 187 230 555 467 454 832 671 760 409 517 922 929 451 676 181 638 46 821 977 367 794 799 71 357 74 504 78 548 936 455 717
176 20 8583 875 976 577 323 39 714 159 410 526 847 352 814 819 185 337 708 528 603 533 424 281 64 620 183 811 619 67 493 758 848 612 297 464 673 673 541 894 975 804 869
177 20 9812 892 424 703 94 697 230 261 701 774 58 980 592 181 477 261 569 711 564 368 102 566 675 802 647 680 355 593 611 519 467 522 160 496 646 426 672 877 938 956 213
178 20 10266 962 345 893 572 960 679 102 914 334 652 447 82 955 165 665 507 840 432 450 583 707 337 448 482 862 719 749 963 376 572 510 297 378 29 669 860 934 697 592 836
179 20 9818 875 941 312 353 579 152 981 142 377 300 688 732 312 865 883 630 390 843 871 760 731 318 986 805 222 984 897 683 355 463 363 870 687 731 338 129 714 998 712 686
180 20 11885 333 173 963 599 478 96 987 434 629 816 973 929 912 364 716 333 315 145 904 727 568 796 663 888 538 834 900 282 996 144 640 142 986 755 973 777 411 341 972 192
181 20 10256 794 571 275 932 446 683 860 874 528 726 479 500 808 970 751 302 426 214 892 820 961 403 542 137 653 533 721 690 789 218 369 688 604 11 708 693 257 193 958 305
182 20 10866 931 191 911 578 742 855 433 831 572 24 457 651 868 930 497 589 495 329 486 704 820 872 791 28 976 453 167 407 767 70 991 676 753 825 333 211 715 860 878 321
183 20 9064 594 253 186 143 814 254 382 896 324 777 666 370 859 124 856 326 498 360 372 334 602 24 986 735 658 582 386 478 858 898 685 519 113 883 543 703 435 47 514 886
184 20 11632 790 559 737 143 84 443 637 597 486 88 637 552 983 570 977 267 673 763 754 75 920 903 994 924 445 464 829 75 444 693 802 73 960 588 481 79 924 118 984 238
185 20 10363 709 686 739 920 777 805 783 709 701 100 117 985 886 139 393 870 906 607 693 905 972 573 570 852 791 604 564 151 205 264 685 672 493 750 869 792 719 953 382 713
186 20 10824 229 461 911 527 702 112 877 921 715 836 713 979 856 972 906 803 952 503 818 93 337 698 925 859 869 474 647 51 704 592 297 924 345 733 346 502 730 261 652 198
187 20 10063 832 540 294 711 534 551 662 674 467 877 950 197 249 972 519 968 951 782 324 290 969 441 194 383 479 135 892 652 642 534 846 56 948 386 842 488 430 49 555 638
188 20 10225 803 465 576 468 319 659 261 311 665 708 281 9 777 224 919 36 300 55 133 22 814 122 706 686 901 902 548 351 458 676 996 843 928 982 469 787 964 393 964 414
189 20 9600 755 176 718 461 275 423 828 377 665 356 936 938 875 797 198 309 31 186 271 983 162 696 574 62 414 484 917 940 590 50 380 826 856 700 840 982 925 530 791 600
190 20 10496 211 19 618 854 434 727 851 150 553 77 767 753 466 974 807 87 955 493 564 645 239 11 834 243 894 292 479 867 677 733 830 390 938 217 613 701 982 162 408 448
191 20 10490 696 749 315 506 961 869 936 576 574 674 531 708 277 73 959 692 466 96 827 633 540 349 909 689 974 212 752 262 430 394 707 589 626 259 541 400 237 172 855 44
192 20 11315 608 769 583 180 934 298 935 226 670 532 661 367 131 23 388 747 623 828 429 437 547 973 903 262 362 908 948 433 917 525 961 713 896 1 974 4 763 154 911 571
193 20 10031 497 603 786 161 243 724 479 923 682 392 882 485 612 934 910 617 159 589 568 898 595 531 954 451 815 837 594 532 915 363 959 924 345 92 411 622 626 456 507 327
194 20 9641 417 280 256 297 572 27 617 391 682 601 346 13 630 801 944 426 138 218 687 237 450 190 922 653 877 135 824 932 371 396 644 274 150 470 718 276 912 250 895 495
195 20 9899 507 171 384 589 795 783 66 174 457 389 977 917 803 197 925 323 747 180 907 793 914 250 657 684 81 193 315 759 964 385 339 754 782 476 955 258 709 4 90 274
196 20 9923 291 898 768 286 528 231 568 226 864 7 864 124 964 477 702 380 507 416 796 670 165 353 135 635 665 301 548 120 575 740 827 113 950 41 313 88 736 303 638 637
197 20 10871 336 628 695 394 709 451 667 18 1000 770 926 245 693 263 995 474 645 484 631 153 998 147 401 223 819 865 277 41 560 39 608 659 639 48 707 384 533 683 750 22
198 20 11447 943 528 636 894 234 266 858 102 987 348 979 384 655 861 654 123 917 238 521 85 610 20 475 895 641 366 650 914 800 26 986 654 824 46 564 620 979 211 396 524
199 20 8600 312 210 675 948 221 22 605 366 862 990 818 269 748 868 956 420 923 584 523 673 341 893 73 531 513 728 351 240 190 977 306 401 665 874 350 510 572 810 746 559
200 20 9945 344 769 182 610 660 583 745 350 438 27 823 690 412 780 624 134 901 771 722 171 504 934 132 29 637 171 882 764 763 72 859 648 881 126 561 890 670 928 692 997
201 20 9410 613 354 672 554 253 145 551 183 609 649 709 10 980 357 736 771 929 784 252 712 547 521 972 629 286 621 120 81 579 718 396 292 665 740 420 352 944 187 530 425
202 20 8600 669 931 975 630 100 790 191 68 730 209 644 324 728 42 605 843 228 35 791 621 298 427 642 15 453 688 465 816 123 2 599 346 545 765 646 961 784 376 535 387
203 20 10876 352 948 785 261 945 815 153 658 961 45 884 474 824 359 648 561 537 488 845 634 535 15 846 383 804 162 733 875 321 997 662 427 372 90 943 95 686 84 760 993
204 20 8447 479 508 120 398 810 178 373 616 730 151 786 744 183 28 342 729 896 437 199 526 541 975 241 381 963 31 521 224 376 916 548 222 258 692 659 183 819 844 715 746
205 20 10648 483 763 866 928 174 649 395 779 938 452 328 798 349 336 702 694 641 359 682 26 918 181 981 812 287 972 943 965 642 122 900 971 706 450 857 784 656 209 863 104
206 20 10189 898 404 796 390 319 66 629 975 692 729 907 460 428 696 596 837 564 277 637 676 611 993 408 146 279 419 764 908 796 91 638 93 399 783 656 166 751 292 969 179
207 20 10200 414 754 840 354 943 527 145 236 698 581 581 200 683 757 271 939 530 680 632 915 744 267 744 258 641 803 876 124 377 846 733 75 959 78 234 614 797 919 908 116
208 20 10923 630 856 726 931 462 408 491 422 622 70 745 206 435 860 833 938 782 452 778 240 685 240 812 903 551 975 395 374 550 789 495 743 862 482 962 154 930 329 908 440
209 20 10899 854 386 669 581 809 343 858 191 427 271 477 824 944 164 200 809 983 984 791 155 770 69 438 999 370 37 910 815 141 337 985 623 683 273 913 609 877 869 525 188
210 20 10339 594 869 387 122 132 130 956 893 826 653 693 624 793 102 583 892 549 792 375 16 784 828 387 146 85 656 906 985 954 323 531 267 762 964 824 117 922 125 881 125
211 20 9617 517 69 684 324 415 783 396 718 689 837 904 125 890 496 403 796 679 132 955 296 973 516 725 115 659 121 943 766 112 756 280 581 291 387 381 97 375 959 751 596
212 20 10523 728 495 937 289 797 77 548 419 999 894 203 818 937 394 518 375 535 786 279 828 467 211 932 37 620 584 787 195 967 797 257 763 159 269 964 408 875 103 645 921
213 20 11628 855 485 1000 534 793 753 470 93 868 650 779 557 489 872 940 708 735 160 750 911 831 524 986 1000 423 238 578 817 281 46 268 840 896 703 903 968 914 592 777 798
214 20 9670 702 375 881 149 987 90 378 384 258 117 847 849 662 869 299 777 657 859 158 535 901 780 134 899 229 209 992 575 997 778 807 373 609 494 654 356 863 770 73 520
215 20 11132 718 785 725 928 985 672 160 639 620 980 925 917 877 645 242 102 932 305 606 453 568 937 968 624 370 166 284 457 922 377 884 770 364 26 940 775 845 209 980 8
216 20 11332 996 487 974 316 803 272 919 194 281 429 946 791 478 490 356 413 939 487 789 57 934 654 420 811 803 413 772 276 779 15 565 639 691 401 458 838 522 974 741 42
217 20 10340 771 533 562 269 958 365 921 983 532 454 652 72 819 281 356 786 617 585 674 595 428 824 466 81 769 100 392 428 757 793 990 94 466 567 224 360 689 34 882 279
218 20 10440 188 836 750 643 300 784 650 24 974 839 255 221 475 822 734 186 667 279 908 811 979 135 548 82 903 318 796 779 401 440 666 851 768 5 337 239 808 903 943 579
219 20 10955 810 816 782 536 852 631 982 64 654 849 689 161 837 761 924 907 257 380 634 749 679 226 925 749 634 490 537 134 91 559 521 468 979 388 806 927 812 768 289 92
220 20 11014 327 215 834 814 691 347 930 393 780 626 969 419 844 252 819 181 731 151 834 881 792 232 433 694 785 156 883 969 507 570 361 303 696 849 528 166 368 583 656 902
221 20 8786 349 304 347 505 558 349 522 96 270 302 812 689 640 603 435 122 731 770 854 980 461 819 854 765 875 872 721 844 584 91 666 33 96 893 482 606 234 68 492 214
222 20 10588 479 257 200 238 932 256 240 899 983 104 351 469 343 965 914 622 308 289 414 798 939 590 732 72 914 338 991 792 780 947 792 684 881 598 757 894 407 552 879 785
223 20 8416 67 258 809 831 388 969 387 718 633 851 154 640 899 875 537 2 211 777 412 962 459 793 215 173 962 151 767 97 604 187 655 930 910 944 376 715 515 332 561 319
224 20 10001 460 139 760 158 327 846 320 652 800 210 893 84 918 100 610 848 762 461 576 695 508 675 447 625 953 782 296 115 796 872 848 747 458 301 687 413 710 306 373 787
225 20 10405 400 419 679 320 954 139 238 599 421 539 148 128 936 536 639 272 994 435 557 420 932 398 693 847 240 846 647 152 872 691 39 968 870 405 920 445 899 47 929 668
226 20 9776 229 871 848 883 541 573 999 475 366 483 960 895 614 410 974 820 688 432 763 7 120 669 426 252 583 972 697 731 971 731 718 773 86 240 912 422 205 798 521 54
227 20 8701 241 770 264 736 193 239 996 732 594 392 248 963 804 657 762 525 281 906 182 637 450 791 756 957 810 921 852 214 499 31 985 539 239 593 893 793 291 61 537 981
228 20 10633 421 771 559 389 490 784 958 985 871 423 307 558 766 722 629 815 599 398 624 517 587 236 936 911 977 665 527 374 739 383 761 487 367 555 556 900 761 699 857 905
229 20 11562 712 857 994 760 548 205 499 707 795 296 179 782 859 734 670 615 461 185 988 632 537 291 521 573 849 665 692 26 705 411 902 98 790 292 918 299 870 841 964 453
230 20 9758 979 52 807 864 950 876 323 140 759 742 787 70 575 894 392 686 828 638 555 404 246 16 701 552 675 733 171 717 761 209 992 95 690 572 104 865 557 190 346 227
231 20 10057 960 1 847 659 281 609 702 394 794 790 725 218 955 456 408 246 465 302 124 702 195 872 454 171 643 291 819 621 896 399 522 496 837 680 275 810 897 521 773 537
232 20 10477 791 109 347 814 931 897 583 302 848 834 664 750 825 544 315 944 676 404 712 261 709 769 790 476 220 394 917 576 394 807 784 895 623 317 966 955 216 920 786 273
233 20 10177 489 984 624 466 955 896 497 861 777 64 809 44 876 818 954 230 791 273 328 521 696 238 455 783 812 100 785 936 268 623 469 274 850 775 670 95 143 646 474 893
234 20 8402 851 107 439 48 514 475 799 559 188 77 110 602 357 33 525 651 386 372 383 803 880 102 832 312 545 740 651 455 168 44 203 848 388 970 951 610 946 339 387 965
235 20 9300 249 291 777 709 805 762 712 567 540 768 556 734 342 440 391 562 566 527 650 106 953 729 473 899 915 108 526 631 755 853 296 828 172 724 741 910 642 512 565 231
236 20 10716 748 268 885 353 915 844 755 903 721 977 944 379 253 282 531 159 561 82 803 320 707 412 707 835 177 17 926 144 615 106 608 719 429 281 996 942 680 652 434 455
237 20 10197 841 987 633 437 297 961 950 581 969 628 529 535 813 595 983 621 97 873 538 131 725 92 858 531 382 874 451 225 194 270 968 915 461 468 906 510 306 682 846 62
238 20 9288 909 416 974 116 728 280 443 306 946 786 939 222 660 935 175 106 700 319 97 89 761 242 663 539 848 323 397 657 187 415 549 677 175 41 460 277 457 554 543 566
239 20 10312 453 723 996 652 967 843 835 61 183 625 802 794 854 697 791 535 623 404 274 609 346 301 976 801 962 642 700 279 724 19 546 121 481 196 593 531 22 731 762 128
240 20 10213 485 578 505 546 763 91 487 64 925 371 612 55 528 859 734 634 356 932 265 23 924 249 839 687 784 837 969 941 375 911 769 841 561 347 670 959 401 698 815 985
241 20 12168 981 263 974 462 787 189 723 58 999 903 410 568 970 157 550 382 777 474 904 764 962 366 895 96 883 712 110 221 745 662 358 645 798 4 771 703 872 153 742 975
242 20 9320 910 748 904 561 442 316 402 50 117 31 51 10 769 673 182 374 910 272 503 562 579 363 779 474 744 810 775 92 281 939 814 278 785 245 527 43 220 809 957 311
243 20 10868 906 229 947 627 875 603 988 393 664 545 933 706 777 536 284 347 561 402 700 938 697 51 126 114 555 795 494 454 920 300 349 45 360 481 707 85 998 572 745 884
244 20 10809 890 253 826 688 351 633 938 863 272 293 383 58 782 567 411 157 966 707 352 459 678 300 762 786 947 641 427 207 684 599 898 914 668 740 654 626 966 380 657 756
245 20 9173 768 889 982 874 567 580 642 514 332 41 467 965 789 594 851 514 984 402 564 351 174 350 417 709 910 432 712 733 596 986 435 96 374 581 281 259 503 675 119 536
246 20 9319 894 437 88 504 850 430 129 839 787 481 665 728 421 297 660 873 760 933 416 379 434 186 611 97 626 788 151 980 624 298 819 93 596 62 568 480 577 510 973 910
247 20 10909 919 359 891 991 428 221 712 806 880 962 733 312 487 682 314 701 775 770 671 759 302 232 813 727 860 781 425 780 857 732 296 56 967 736 675 202 999 50 633 527
248 20 9928 408 742 63 689 726 50 900 718 846 719 394 364 571 697 910 742 453 444 760 542 951 375 339 100 610 153 478 769 685 389 817 505 916 132 771 81 393 408 420 436
249 20 10026 706 130 821 1 806 136 925 528 408 933 592 246 692 608 530 638 458 503 466 562 242 579 195 117 869 633 991 833 899 20 606 175 483 378 216 476 930 175 698 449
250 20 9723 182 719 801 818 660 811 999 338 733 563 149 919 764 369 842 953 511 385 454 36 299 986 991 989 278 621 921 635 946 89 375 127 424 118 669 999 579 911 577 596
251 20 10001 897 432 602 29 666 189 726 726 593 215 954 55 982 171 66 961 508 457 725 96 668 477 382 815 326 315 832 189 888 270 260 836 550 622 311 313 672 354 894 18
252 20 8244 473 116 37 849 393 7 345 650 579 875 521 406 755 79 656 659 654 7 701 23 209 618 352 70 225 90 136 41 233 68 761 397 610 430 788 638 939 891 938 936
253 20 10407 680 762 808 399 152 622 823 934 516 771 532 142 934 953 908 250 508 746 852 567 149 76 994 830 826 684 697 219 215 685 843 647 551 779 915 418 472 973 634 279
254 20 10951 753 456 703 229 950 348 889 609 691 639 918 948 378 362 926 787 842 933 625 951 752 946 996 597 425 582 492 38 674 369 419 199 980 185 375 256 280 847 621 61
255 20 9886 213 125 893 26 560 982 454 671 293 924 968 295 333 862 504 748 750 462 509 176 979 763 602 555 759 664 161 461 915 405 584 463 986 142 722 937 550 183 623 964
256 20 9361 954 33 163 393 974 248 707 67 187 679 973 492 568 96 420 294 996 512 666 397 99 923 657 110 300 66 700 986 703 249 479 20 627 33 781 38 515 709 233 394
257 20 10069 727 503 709 753 322 163 571 853 312 492 841 621 749 146 768 702 317 109 845 190 707 67 818 32 765 735 662 8 570 329 232 113 101 970 894 440 802 61 875 769
258 20 10650 755 802 980 187 982 99 517 459 344 456 903 814 978 502 959 536 136 674 167 617 619 543 124 606 790 76 481 138 478 830 633 337 859 24 918 877 840 581 850 534
259 20 8528 488 871 214 861 551 925 813 433 471 544 859 898 647 910 500 316 747 898 854 392 310 24 486 824 751 310 503 628 585 450 385 994 399 169 35 718 672 721 391 594
260 20 10768 295 134 937 580 987 991 874 57 66 634 731 754 975 104 764 807 270 474 259 460 312 184 930 669 835 274 814 300 786 21 940 622 656 164 946 461 893 229 190 462
261 20 10820 295 209 872 829 872 294 48 738 732 387 902 93 928 308 552 177 271 345 700 463 380 891 510 466 857 465 687 744 492 456 821 18 972 138 932 42 974 732 728 18
262 20 9834 784 257 581 148 371 748 985 341 543 596 475 924 239 830 211 228 664 989 988 516 684 192 591 463 92 345 977 65 304 858 885 503 619 42 897 195 577 101 826 507
263 20 9083 335 942 567 150 627 888 902 96 222 567 854 822 788 394 122 693 64 514 627 980 646 327 780 210 555 730 762 303 97 752 942 828 525 142 932 366 580 198 427 518
264 20 10210 805 650 923 978 664 460 847 65 436 833 49 835 820 974 867 976 291 53 882 974 143 913 738 42 982 678 267 694 192 110 790 319 301 800 951 507 933 648 882 909
265 20 9519 926 151 835 586 965 416 291 114 467 63 517 357 341 559 362 640 327 287 404 138 651 390 729 293 740 830 442 500 675 347 616 954 723 312 981 808 695 813 212 695
266 20 10573 714 249 643 754 120 645 205 39 477 823 947 937 777 565 782 824 420 594 625 64 841 425 634 933 532 630 533 765 852 910 973 730 771 993 690 458 935 865 746 967
267 20 10886 927 741 992 968 851 98 111 511 136 4 717 351 906 5 954 122 841 706 960 95 660 851 687 447 842 843 625 498 989 764 869 302 211 576 441 504 492 66 397 789
268 20 9478 604 477 441 614 191 42 670 201 274 254 476 252 438 348 409 596 555 421 221 462 969 626 739 12 876 105 837 560 910 892 739 697 499 393 420 706 897 347 683 515
269 20 11383 391 474 978 976 746 980 863 855 666 197 935 706 928 598 567 367 593 162 54 489 758 830 243 711 930 879 966 267 820 313 765 482 539 536 931 49 600 234 956 437
270 20 9405 392 293 891 318 99 753 927 836 918 662 911 859 472 549 499 901 482 229 334 139 670 537 371 253 304 384 284 85 649 108 500 338 838 115 544 359 824 663 848 463
271 20 9688 826 317 763 864 245 520 789 535 410 981 778 621 220 144 783 763 362 674 545 691 911 957 809 375 634 493 63 653 825 25 199 306 657 226 705 54 992 701 595 161
272 20 8245 256 770 284 281 422 844 469 925 44 506 365 734 261 20 565 634 618 319 335 729 853 849 998 441 781 891 288 313 637 261 349 916 846 459 650 354 347 18 939 31
273 20 10864 597 529 364 416 889 208 733 594 972 38 888 459 891 17 628 86 802 955 164 909 571 241 577 448 832 576 507 383 719 423 914 319 969 749 318 160 458 564 787 574
274 20 9988 673 986 659 340 970 298 491 244 490 743 389 317 755 667 661 173 489 391 767 705 986 910 670 210 601 627 654 940 615 560 475 526 104 858 209 729 843 481 985 974
275 20 9340 16 814 370 622 593 570 566 843 918 306 403 22 759 395 579 671 267 231 350 571 647 392 829 398 818 542 466 797 621 521 851 573 169 263 613 557 858 970 983 824
276 20 11404 146 165 568 624 816 207 751 832 558 187 902 317 917 797 901 273 713 952 281 857 340 193 835 591 764 721 661 553 924 712 996 902 769 550 878 867 561 251 975 429
277 20 11104 807 206 340 348 638 98 537 481 685 42 908 319 388 890 532 556 977 954 918 681 830 187 862 155 984 880 483 814 819 637 206 484 922 712 970 130 530 612 545 556
278 20 10047 937 194 872 294 30 645 905 848 615 452 380 137 254 240 628 602 898 352 756 288 875 305 380 235 632 223 685 915 450 342 478 165 829 353 604 545 762 41 589 681
279 20 9082 851 420 758 597 714 943 812 821 411 527 306 705 472 995 263 864 716 169 747 87 237 487 437 761 549 14 956 539 455 124 958 379 235 727 510 670 226 446 740 64
280 20 7379 606 239 879 888 60 885 331 466 171 551 562 642 313 437 726 118 153 591 452 795 942 676 301 559 132 279 264 864 619 447 748 740 414 704 393 546 868 762 290 146
281 20 9805 694 438 745 380 655 6 245 325 255 316 153 873 314 637 658 404 509 793 731 974 659 211 438 760 763 656 887 671 549 559 942 288 584 790 782 683 750 932 944 911
282 20 9867 454 391 571 271 557 624 800 626 741 523 120 713 520 382 246 503 691 40 841 170 901 164 889 137 912 177 448 508 663 97 917 404 612 989 472 408 172 243 807 342
283 20 10158 817 266 769 771 896 609 417 907 852 623 898 305 868 213 198 453 529 633 837 279 964 174 511 577 383 207 265 298 775 198 328 764 903 148 528 29 393 68 567 910
284 20 9869 912 650 943 573 458 152 184 594 241 651 985 1000 417 226 556 923 332 915 268 688 425 333 198 354 704 928 639 804 606 406 996 761 759 817 888 848 898 539 928 692
285 20 10932 761 50 718 829 476 208 655 288 628 306 917 314 664 814 549 363 741 289 922 26 871 18 775 175 450 849 144 544 900 506 401 310 489 902 1000 265 980 17 625 402
286 20 9905 314 358 484 385 855 21 147 402 909 119 110 362 817 833 618 420 985 902 178 936 625 307 538 781 887 584 928 690 780 308 628 69 666 546 158 492 893 347 862 536
287 20 9756 65 352 536 940 753 46 802 559 272 85 105 512 501 500 698 507 988 687 904 141 673 86 786 770 784 566 561 797 730 496 560 347 821 188 682 142 194 887 781 878
288 20 11284 676 409 988 776 871 196 734 19 617 996 948 64 751 718 934 731 533 988 1000 132 287 62 719 496 259 812 985 651 689 458 334 52 601 262 382 613 967 672 830 520
289 20 9504 786 556 985 76 209 931 218 712 204 320 854 437 525 877 349 556 851 815 258 429 868 14 402 564 747 809 688 739 843 324 666 9 830 96 139 277 948 849 510 394
290 20 9064 644 888 638 148 522 107 293 466 98 224 451 805 278 356 463 842 809 677 298 690 550 540 674 763 741 616 887 189 720 33 632 877 928 90 267 611 701 34 736 819
291 20 9580 332 527 844 56 885 502 692 68 884 537 122 652 448 706 582 172 406 296 288 299 782 220 499 309 877 69 948 379 836 687 736 337 178 416 201 512 960 582 476 923
292 20 9579 291 69 727 650 723 318 176 667 451 566 509 247 727 135 362 128 895 305 680 778 657 776 492 453 435 221 518 113 560 824 603 118 641 547 898 859 838 304 791 709
293 20 7632 164 943 716 427 545 24 535 989 335 417 107 593 616 324 53 363 711 541 390 930 742 877 877 345 119 629 265 664 928 77 548 707 921 727 699 653 165 948 105 953
294 20 9896 588 989 808 654 949 298 707 664 592 942 740 347 460 123 674 893 549 193 215 569 873 955 205 523 842 348 222 233 615 986 781 43 412 515 817 303 453 579 868 226
295 20 10057 847 667 864 602 988 943 614 615 278 166 407 429 761 604 654 166 141 59 713 641 582 760 842 457 562 815 436 580 319 539 783 528 842 866 785 144 216 930 938 879
296 20 10500 656 519 308 683 767 78 929 263 922 320 488 941 216 977 734 31 694 306 794 270 601 852 808 429 660 632 799 894 962 955 803 784 998 220 125 902 529 390 332 280
297 20 10017 941 405 370 489 624 248 681 50 943 136 859 637 416 588 813 981 266 977 676 547 423 756 722 992 258 610 517 505 704 179 294 188 809 500 706 62 816 374 684 136
298 20 9945 328 832 872 500 704 500 669 140 918 326 991 108 378 298 432 946 261 100 777 381 478 982 64 53 554 37 724 657 841 986 855 937 865 255 362 378 823 231 536 857
299 20 9549 316 581 538 389 178 659 986 205 833 917 48 904 920 849 594 143 586 240 883 857 400 360 736 581 196 216 464 70 639 645 848 115 363 271 944 738 931 880 534 754
300 20 8956 958 816 534 382 68 126 508 894 831 846 626 678 350 185 582 847 886 95 722 848 678 101 322 489 565 246 853 987 582 823 507 873 187 378 413 302 870 385 154 388
