1 20 9787 144 172 834 259 586 602 242 568 856 269 566 89 547 660 610 401 543 800 702 297 690 657 936 334 130 852 671 572 548 189 829 354 741 877 530 197 675 298 854 943
2 20 11360 862 833 951 592 650 708 701 86 962 607 743 782 751 307 744 138 780 867 722 332 316 768 571 682 818 102 950 48 219 643 392 933 503 928 927 437 672 944 966 202
3 20 9796 801 774 731 839 484 776 773 886 639 553 412 628 887 796 605 99 476 904 770 63 266 637 454 796 676 890 645 919 324 660 657 343 980 642 853 309 471 430 341 849
4 20 11151 705 518 875 423 463 434 944 777 408 943 917 166 710 281 825 631 354 67 807 559 534 448 631 295 529 981 789 124 785 490 822 468 845 990 711 813 615 256 670 312
5 20 10814 384 119 870 498 801 719 990 573 604 234 879 940 622 500 296 994 340 98 170 283 852 289 817 58 976 392 599 276 1000 6 788 898 379 209 632 963 982 1 537 71
6 20 11762 557 67 963 120 773 151 875 386 765 194 448 884 473 955 767 164 957 228 961 153 420 440 594 210 429 768 921 633 896 169 898 851 789 407 695 898 724 150 798 751
7 20 11396 932 915 318 711 940 840 595 200 867 860 297 779 787 198 657 782 926 394 297 790 955 564 979 754 141 430 869 909 514 751 967 613 863 861 576 133 871 462 894 202
8 20 10272 452 716 451 619 522 273 925 118 768 33 724 525 568 977 567 908 955 621 931 75 593 129 749 284 134 869 820 737 694 261 458 515 913 230 812 236 376 506 429 771
9 20 10826 267 159 849 248 973 419 868 948 612 123 464 540 485 57 674 166 996 237 599 652 916 882 372 967 595 81 687 676 358 775 693 708 970 118 991 368 648 9 516 899
10 20 10852 735 925 75 620 869 489 764 409 722 300 892 134 530 713 979 776 623 632 931 741 525 495 976 494 595 99 747 793 531 924 828 682 552 933 297 966 398 201 997 381
11 20 10160 450 480 561 969 288 20 792 992 972 837 642 84 820 909 828 789 451 370 762 447 390 798 218 942 457 535 756 393 459 398 983 457 580 179 784 924 834 848 674 420
12 20 10828 790 325 638 900 439 81 951 53 914 738 484 946 654 916 895 840 665 140 578 222 736 864 533 913 703 345 481 75 548 522 604 298 989 931 487 508 643 736 803 556
13 20 10215 381 469 639 968 188 700 615 992 856 113 754 31 593 555 346 580 767 382 927 583 780 52 401 636 919 783 538 244 586 25 755 46 976 96 513 979 397 90 838 784
14 20 10878 263 759 730 808 749 181 968 993 998 315 879 558 221 153 188 681 895 51 906 543 686 720 850 474 515 196 758 949 730 53 426 257 989 724 463 796 709 209 675 187
15 20 10869 643 585 306 800 713 326 978 164 918 146 209 278 670 947 378 455 943 219 704 133 369 107 737 604 654 490 494 749 931 567 606 303 996 163 416 9 958 155 964 490
16 20 11080 372 938 749 232 422 846 961 41 960 632 913 545 952 38 780 400 301 256 868 41 493 157 879 692 367 940 918 542 840 183 662 487 737 197 412 884 348 933 917 553
17 20 10677 328 639 726 548 809 407 553 213 886 152 638 497 711 624 982 806 721 255 650 251 415 557 398 15 813 636 685 101 215 229 926 284 427 941 775 369 865 50 824 382
18 20 10849 744 449 742 350 907 941 771 32 898 760 662 201 400 840 410 470 978 765 151 717 538 924 939 24 800 142 998 769 875 159 367 44 863 430 763 849 426 367 330 7
19 20 11604 824 651 340 321 797 245 374 259 898 22 640 495 906 370 713 778 825 326 338 99 971 824 663 65 904 747 826 268 865 62 964 6 904 511 741 45 436 637 577 51
20 20 8844 558 843 666 159 373 961 184 216 844 766 869 894 597 186 84 456 179 516 915 302 529 182 463 534 433 685 550 544 55 146 880 59 799 890 538 959 674 32 866 294
21 20 11844 992 647 587 762 811 95 607 840 707 626 563 833 810 233 642 78 806 225 930 106 733 342 279 462 668 430 586 259 981 329 842 566 768 564 862 123 751 121 880 934
22 20 9357 840 10 202 545 585 315 426 813 569 709 878 274 743 681 466 504 387 746 795 1 857 518 756 944 479 150 719 350 127 676 407 729 528 177 558 620 952 864 423 624
23 20 9538 689 49 795 150 718 337 884 973 618 105 296 513 985 387 201 985 329 622 176 442 877 512 670 505 501 483 360 361 333 996 493 918 811 844 764 376 709 586 714 217
24 20 10452 378 156 793 569 853 855 378 919 364 543 974 176 647 906 499 84 430 122 996 715 670 888 896 101 903 996 991 521 358 346 478 903 858 215 431 821 205 487 964 214
25 20 10057 469 246 637 650 404 717 638 321 425 535 277 89 982 780 975 690 769 711 478 823 858 396 735 653 374 571 859 350 946 231 125 359 807 445 997 239 708 17 109 958
26 20 9812 851 994 980 861 762 257 818 177 559 266 647 116 561 935 275 891 631 772 694 905 650 552 736 145 902 682 597 543 780 471 220 475 577 337 122 154 591 101 312 502
27 20 11064 214 306 847 838 123 409 433 783 661 275 902 359 729 817 943 641 883 378 592 677 802 973 918 164 796 459 914 9 685 998 675 176 757 943 990 142 351 836 615 469
28 20 9248 480 330 721 709 783 233 971 295 261 960 484 271 476 907 483 624 815 620 874 441 265 636 997 949 66 103 83 899 114 661 815 267 891 666 352 411 934 106 695 863
29 20 11004 583 865 801 743 961 703 316 55 280 281 742 971 953 424 300 719 834 886 670 146 289 508 906 637 453 770 943 648 856 451 596 18 976 979 941 671 394 763 962 186
30 20 10480 393 275 149 40 284 116 965 642 502 6 754 857 790 210 935 134 941 903 403 775 788 134 824 616 799 537 487 39 394 67 904 124 698 617 287 947 996 628 808 578
31 20 10312 930 809 837 80 629 360 565 15 506 717 954 23 786 735 969 279 550 710 524 299 164 932 663 101 696 760 226 147 383 442 726 399 559 311 881 98 563 615 780 459
32 20 10600 653 231 700 116 960 80 461 790 401 140 951 83 648 519 866 723 324 160 730 342 490 644 747 328 383 956 958 471 640 395 801 743 694 3 505 615 728 368 610 979
33 20 10490 866 839 991 285 311 469 663 738 636 142 796 730 792 1000 263 307 274 658 669 956 777 494 985 411 367 238 349 125 784 939 578 1000 865 578 485 593 964 308 698 678
34 20 11452 748 810 779 217 550 205 503 650 690 550 270 33 571 164 778 754 996 975 694 915 765 384 858 193 954 319 838 10 765 80 760 622 336 779 902 974 757 445 802 203
35 20 12301 673 919 781 912 680 465 808 966 798 713 873 815 967 957 635 455 676 857 893 85 982 75 937 702 597 658 537 109 719 873 431 571 866 867 944 291 817 177 763 578
36 20 9307 804 736 155 766 804 509 767 677 48 831 256 168 738 838 899 199 421 534 370 720 852 256 414 375 752 354 201 316 805 137 435 485 913 112 829 506 960 239 211 605
37 20 12618 906 948 603 148 859 802 462 899 826 901 711 59 937 365 799 788 895 534 842 566 750 431 410 151 733 472 970 442 425 570 942 545 928 699 974 274 871 872 930 4
38 20 10498 399 615 846 632 622 667 909 273 570 915 980 23 846 220 953 9 803 882 900 799 184 156 608 511 689 52 264 286 914 322 747 941 511 635 225 621 488 600 665 769
39 20 11356 958 595 229 669 421 158 966 434 998 412 233 282 784 220 757 578 997 346 817 493 588 894 172 526 881 477 919 766 796 273 772 278 889 712 298 342 845 861 876 464
40 20 9247 973 254 127 476 954 826 895 660 731 421 612 42 291 911 852 614 379 395 620 500 947 267 694 1000 456 924 181 494 345 806 448 644 766 979 680 835 234 148 374 395
41 20 11097 529 873 759 826 965 305 318 928 937 49 883 732 960 76 503 168 832 368 656 369 896 195 813 81 559 917 555 611 787 686 843 444 95 277 870 451 341 425 771 130
42 20 11552 927 140 505 622 917 650 800 361 887 978 952 52 743 110 947 288 939 254 821 75 753 549 713 537 965 365 636 570 766 887 338 132 639 536 89 296 754 689 349 477
43 20 10499 850 524 257 117 814 177 425 87 806 408 919 298 786 556 976 264 832 682 616 377 996 459 560 423 901 604 772 80 168 801 603 887 209 426 945 10 345 828 344 360
44 20 10837 817 595 902 858 234 815 957 745 837 37 474 581 931 464 999 838 90 732 963 765 421 805 390 461 644 346 819 690 676 698 546 337 704 263 984 461 478 400 681 395
45 20 10822 971 506 130 855 967 629 278 177 851 262 290 921 747 943 987 656 792 978 926 14 480 353 727 81 331 171 554 299 770 476 957 682 888 787 782 831 730 267 370 571
46 20 9340 540 845 611 446 344 235 360 714 408 511 439 176 894 487 553 973 244 747 841 522 970 327 455 403 990 878 816 434 977 146 60 169 886 532 770 313 469 820 49 684
47 20 10138 617 548 391 463 583 915 690 644 25 314 767 879 806 949 631 798 649 505 399 792 842 801 580 279 335 485 781 84 932 581 958 118 762 965 494 666 632 617 799 732
48 20 10664 799 597 758 38 810 305 458 351 400 302 515 702 797 111 521 202 986 593 949 677 252 654 919 197 977 617 433 872 866 40 521 114 975 684 854 202 366 732 174 237
49 20 11108 619 551 665 323 378 160 924 721 647 194 489 711 858 834 707 408 528 516 225 961 420 889 658 968 923 832 912 602 958 919 957 705 832 134 993 323 323 959 870 239
50 20 10824 866 842 759 755 471 44 576 397 860 680 902 595 914 438 691 653 951 867 954 993 193 163 662 510 404 402 995 668 146 47 768 984 222 479 864 129 744 104 588 112
51 20 10899 923 55 286 230 997 601 891 420 891 461 963 809 544 936 919 965 510 846 892 266 407 505 272 653 758 860 489 741 477 450 487 18 661 987 517 398 942 612 798 315
52 20 10814 958 119 342 886 928 682 703 304 829 482 950 906 821 993 109 695 52 389 771 626 909 160 643 315 682 203 967 363 895 540 905 115 575 852 402 164 370 229 707 938
53 20 10891 514 785 541 74 549 264 946 202 148 691 975 842 970 630 835 975 203 292 413 328 764 391 992 531 723 901 936 509 578 932 659 565 894 532 753 644 531 815 690 957
54 20 10962 789 453 895 626 764 396 717 773 773 272 644 795 622 327 663 186 369 873 683 172 946 821 991 121 171 295 902 70 620 529 883 593 276 766 853 991 620 336 522 159
55 20 10305 950 380 381 729 150 705 488 370 681 979 525 923 563 822 533 129 652 302 627 35 470 114 999 993 749 533 868 144 360 180 387 355 929 920 970 811 799 137 801 492
56 20 10292 302 207 731 784 69 57 756 374 501 524 291 394 963 248 960 415 881 456 357 613 719 186 686 450 392 891 438 231 914 20 775 435 968 44 896 163 836 587 430 994
57 20 10231 773 347 807 238 390 367 517 25 636 777 564 419 847 235 548 134 596 110 453 662 134 982 879 365 590 703 738 629 870 703 958 795 671 402 542 732 494 459 782 999
58 20 10308 441 92 959 975 941 634 783 973 572 643 920 559 688 163 185 701 827 772 843 500 769 608 433 941 486 804 927 990 529 733 555 310 221 922 577 184 342 672 887 625
59 20 11342 341 750 927 161 620 626 946 974 835 460 713 535 946 317 571 326 699 161 600 809 934 5 657 986 568 473 979 735 579 599 496 138 896 380 540 817 645 784 686 173
60 20 10410 717 928 467 313 999 533 172 63 931 285 576 236 428 324 683 35 586 583 764 120 981 63 264 593 497 762 944 869 786 456 605 420 958 115 419 573 577 69 659 693
61 20 10769 942 619 776 248 387 202 670 93 358 943 976 177 212 805 891 579 733 819 436 422 891 204 756 498 640 458 451 894 657 765 568 949 874 534 518 238 813 772 913 207
62 20 9431 793 912 518 751 933 892 649 80 970 846 568 611 843 633 560 580 200 5 215 390 985 516 377 449 522 497 296 696 668 269 638 903 489 578 352 674 754 41 459 2
63 20 10660 571 631 764 828 962 186 126 636 932 438 990 833 808 634 238 961 455 630 802 33 729 344 840 386 802 280 120 446 545 1000 916 602 370 83 665 869 929 347 762 31
64 20 11045 586 993 375 169 865 44 490 641 212 514 501 603 970 695 791 973 832 14 225 815 668 853 940 177 941 491 976 488 862 576 980 739 951 373 226 173 597 896 819 965
65 20 10851 415 841 556 490 132 748 823 526 942 996 522 865 944 650 785 900 821 153 380 967 715 478 565 481 523 722 903 35 977 304 924 710 900 606 414 29 822 562 501 663
66 20 10552 844 236 595 967 873 97 843 101 920 791 87 468 784 780 379 844 193 815 850 13 883 522 574 430 270 996 768 652 429 229 700 612 720 578 705 21 974 841 800 466
67 20 11153 789 355 801 192 221 396 816 1 958 662 789 5 795 220 942 14 476 200 198 266 980 136 442 451 811 60 816 5 670 756 880 96 925 639 450 119 463 878 720 141
68 20 11919 729 302 984 986 670 612 828 379 927 227 956 12 994 715 254 928 976 829 480 710 635 843 919 866 819 510 871 387 715 989 960 466 265 669 312 400 774 247 831 161
69 20 10910 168 275 806 584 323 304 954 712 1000 151 631 98 688 774 823 917 901 359 969 410 445 701 770 133 568 444 637 890 509 554 686 330 788 70 771 900 534 898 667 589
70 20 11961 850 760 510 175 935 515 982 919 126 17 584 661 966 232 745 547 804 890 259 658 810 164 934 790 796 70 790 218 913 114 906 570 764 196 601 901 701 298 976 887
71 20 10301 855 560 595 638 555 326 1000 340 931 16 560 185 288 253 195 75 782 121 944 882 698 745 131 946 197 72 905 330 773 781 923 641 644 850 615 199 302 192 984 229
72 20 9411 659 959 622 17 891 11 885 342 659 68 958 112 283 615 243 693 997 356 412 599 868 753 741 342 352 965 326 766 184 349 394 339 273 538 989 798 851 6 177 291
73 20 9706 500 148 75 843 673 92 65 370 747 547 699 134 946 527 990 840 143 130 635 626 884 246 615 874 629 815 304 349 780 843 668 42 785 218 634 99 752 254 609 998
74 20 11584 947 28 513 893 707 126 913 45 733 273 774 624 609 777 298 517 813 354 861 461 760 735 373 412 467 187 652 234 975 212 581 99 894 508 976 609 663 578 971 749
75 20 10371 497 74 124 331 922 377 852 70 115 249 540 420 663 690 682 302 782 275 393 412 954 63 526 774 903 822 691 904 528 140 764 978 820 755 857 278 934 830 417 777
76 20 10412 854 208 374 201 367 598 817 460 813 526 802 855 908 713 703 498 635 412 919 824 187 235 670 905 176 170 862 799 492 455 666 873 697 846 673 493 468 818 933 581
77 20 9833 875 600 648 143 350 185 520 72 589 835 783 42 535 449 319 657 436 798 991 596 555 537 836 778 967 40 613 428 358 246 833 188 728 121 301 74 666 788 389 510
78 20 11571 720 15 615 413 761 245 813 449 834 362 778 437 528 771 958 138 496 842 871 374 918 61 704 405 844 862 359 644 751 197 377 725 931 628 960 278 694 898 552 182
79 20 9380 335 37 601 108 982 434 987 457 80 268 416 251 540 902 904 723 422 618 888 75 458 48 775 444 396 714 675 920 688 997 303 396 571 821 858 642 376 609 471 207
80 20 11850 966 363 987 935 883 823 513 815 612 258 807 611 807 584 685 626 780 558 931 887 801 384 565 305 817 694 648 732 733 928 707 777 469 761 834 619 281 452 987 749
81 20 10432 513 697 923 629 671 229 499 465 353 222 368 876 944 898 821 541 518 107 484 339 458 334 777 617 805 948 800 632 715 708 916 500 667 200 492 309 355 428 962 923
82 20 9889 623 335 885 225 826 996 984 853 386 953 809 253 632 454 701 279 428 827 656 664 554 261 568 174 603 385 466 737 820 338 457 324 322 224 854 840 323 557 465 802
83 20 10872 100 837 444 970 654 801 442 380 883 69 507 40 968 53 819 968 594 544 748 143 351 966 747 102 529 615 635 690 938 45 889 692 903 116 931 680 610 995 899 832
84 20 11640 327 748 655 834 863 853 677 33 729 747 800 276 933 49 944 682 970 440 548 446 640 26 977 213 702 84 830 268 438 196 813 779 553 930 678 30 499 128 974 459
85 20 10644 395 429 939 105 714 342 586 413 538 172 653 951 826 675 453 16 872 6 718 786 933 22 687 561 234 458 638 244 838 211 986 994 569 897 207 7 536 594 984 66
86 20 10414 888 548 841 684 463 418 857 332 341 433 891 691 971 309 979 243 981 663 407 990 626 529 737 903 617 803 518 346 591 305 439 780 837 394 357 515 174 909 503 188
87 20 10276 29 686 811 590 403 162 959 767 975 388 318 780 738 628 623 150 879 216 958 743 995 187 319 72 450 108 900 840 312 849 580 179 747 832 411 502 751 746 688 874
88 20 11453 783 320 907 205 856 252 616 412 565 747 933 36 657 522 768 251 811 963 430 715 529 619 599 829 748 460 492 68 909 279 805 511 817 522 867 517 729 146 496 819
89 20 11848 931 537 617 792 958 739 723 377 952 770 642 264 584 398 758 714 684 678 518 660 982 55 917 452 989 422 645 792 553 329 681 11 578 999 247 348 950 317 901 512
90 20 10704 188 513 728 624 641 986 904 52 673 287 671 505 513 474 431 766 955 373 641 397 932 771 995 502 277 942 840 415 606 924 724 832 830 355 502 153 756 391 574 73
91 20 9420 983 28 348 683 643 566 974 793 423 46 842 626 142 180 312 855 700 204 805 842 857 909 343 849 358 167 298 994 718 492 575 779 45 523 660 832 996 215 754 151
92 20 10770 870 138 617 803 685 606 501 500 380 193 603 476 562 153 492 114 492 8 548 997 840 119 901 260 718 260 899 876 631 569 987 620 185 363 875 435 732 741 945 369
93 20 10500 542 431 793 243 753 879 490 499 695 536 688 626 665 714 383 909 635 410 325 365 911 562 540 643 936 172 971 913 756 924 750 44 689 997 976 527 110 193 517 413
94 20 11592 991 98 885 736 761 609 232 394 961 790 765 738 626 564 823 378 597 127 856 376 965 131 578 610 709 529 711 418 617 675 420 357 501 518 955 488 814 45 723 96
95 20 10248 868 621 974 422 257 972 922 520 525 721 957 568 781 512 892 58 74 691 763 915 82 530 817 159 614 254 892 766 721 930 349 12 463 274 640 905 550 823 670 937
96 20 11192 514 789 651 444 485 554 521 27 772 675 993 191 626 593 663 795 753 305 834 468 587 302 826 815 840 939 938 491 392 483 944 592 647 10 803 856 840 786 362 502
97 20 10810 985 425 892 627 411 69 994 676 607 463 898 216 195 907 995 376 737 647 719 176 770 329 861 314 394 323 746 144 277 188 669 389 474 783 720 267 779 864 390 72
98 20 10698 772 312 298 732 655 2 609 19 442 670 638 127 735 602 912 995 808 507 782 470 971 576 610 170 130 282 343 284 990 374 727 738 960 982 351 884 788 935 852 564
99 20 10872 821 328 482 509 484 788 984 473 975 73 707 230 196 436 419 40 954 848 539 394 629 638 610 728 882 995 994 27 569 852 906 20 505 644 812 830 505 925 618 423
100 20 11494 765 702 975 622 741 429 942 581 959 947 563 137 848 735 828 799 978 334 179 280 333 455 947 181 357 205 943 723 721 592 659 952 875 345 476 476 401 722 878 259
101 20 12088 343 842 896 563 981 241 804 590 977 241 868 81 822 102 806 912 452 52 963 656 880 157 712 976 971 822 697 41 409 280 908 376 667 817 935 219 594 406 425 922
102 20 10454 676 339 906 668 655 323 580 309 509 892 776 868 716 474 870 863 774 69 903 552 588 340 841 810 819 967 67 818 475 902 324 604 147 182 731 341 986 541 725 329
103 20 11941 869 508 785 319 900 814 975 309 52 703 963 842 845 428 612 313 721 983 878 366 926 378 970 103 812 567 276 486 988 1 604 986 920 408 374 228 797 98 660 506
104 20 9264 666 479 613 583 375 38 347 356 485 954 896 27 188 451 827 827 512 676 219 39 750 765 720 538 434 744 281 687 336 215 540 544 988 784 777 522 953 741 674 392
105 20 11072 615 594 884 561 762 290 693 760 519 51 979 326 834 189 525 103 658 647 890 627 783 145 678 920 108 175 340 126 902 24 531 854 737 253 814 190 617 294 971 966
106 20 11173 971 68 755 736 528 394 285 600 964 246 687 92 979 259 734 153 347 492 661 659 898 588 471 110 655 224 774 571 705 938 512 114 832 121 375 993 927 261 907 748
107 20 10278 860 228 659 830 87 552 865 692 828 578 869 526 193 665 267 111 711 677 898 972 633 36 573 347 893 264 815 593 819 676 547 983 725 661 539 867 888 168 179 934
108 20 11174 666 564 962 219 613 499 997 639 998 563 910 461 614 571 481 801 763 669 891 817 922 233 701 50 103 581 568 832 546 619 452 419 773 892 706 326 726 23 576 228
109 20 11354 851 757 724 72 531 839 892 204 731 710 908 355 764 876 557 806 936 569 541 839 891 188 690 792 690 78 610 655 600 53 556 629 522 962 986 571 529 265 684 352
110 20 10775 454 275 801 986 853 668 853 801 827 795 932 583 945 273 295 768 982 773 642 432 866 227 477 812 248 723 768 6 792 796 719 653 691 416 655 546 644 684 25 267
111 20 11537 986 865 823 250 701 990 515 525 521 545 992 663 760 317 669 833 697 144 996 706 733 980 308 75 752 722 700 480 445 936 919 209 708 257 635 447 766 671 796 670
112 20 11832 765 735 909 495 743 411 845 709 835 649 961 602 958 844 423 508 850 169 932 228 430 99 840 339 675 106 870 846 880 113 412 211 919 647 594 539 64 941 885 573
113 20 12827 462 185 794 483 898 454 955 668 851 454 761 699 797 182 977 116 905 71 909 669 817 958 934 543 817 106 972 200 650 324 881 797 958 532 971 250 397 200 328 270
114 20 10670 920 790 347 21 762 617 444 231 911 98 973 685 730 827 769 429 226 346 785 361 228 355 795 563 572 8 967 990 762 483 926 735 902 344 212 977 380 378 727 668
115 20 9992 390 380 657 862 524 19 311 22 822 827 759 164 468 991 977 955 715 792 603 669 200 639 909 791 160 691 651 654 588 662 921 20 631 209 892 600 795 83 518 118
116 20 10357 26 184 303 21 255 425 958 502 932 520 811 579 925 412 686 470 449 998 862 969 592 784 523 176 576 237 869 366 825 805 945 739 953 126 408 460 670 456 379 570
117 20 9768 155 185 167 722 582 504 309 578 600 814 705 573 790 13 225 999 958 421 261 924 824 289 663 426 430 650 773 80 912 591 855 897 481 506 964 699 944 311 612 282
118 20 8986 881 19 366 181 321 52 691 800 485 381 911 715 748 209 423 966 715 660 740 548 235 839 833 591 544 536 201 477 266 613 481 778 360 991 682 574 936 355 414 445
119 20 12470 813 350 556 552 743 676 497 964 896 142 940 197 966 4 891 717 987 812 822 443 845 405 774 734 880 476 331 260 902 473 942 850 849 76 610 518 425 727 919 935
120 20 10384 718 63 327 785 826 914 338 790 765 589 901 766 390 187 599 198 842 410 963 215 448 235 967 532 952 642 279 714 478 160 606 986 671 143 734 37 382 639 795 477
121 20 10672 806 681 738 173 309 365 877 37 616 757 1000 981 166 973 381 195 631 394 506 351 909 302 593 73 882 593 942 380 997 532 508 725 430 620 598 958 993 224 458 619
122 20 9672 616 717 412 68 254 780 719 702 399 346 795 613 891 555 248 614 698 141 551 929 501 415 348 87 453 82 868 793 721 835 858 921 695 667 841 930 780 431 443 432
123 20 10828 647 763 516 307 313 590 958 274 859 675 312 971 210 297 304 933 987 514 702 643 924 736 937 957 143 326 752 999 993 298 639 354 896 458 877 650 996 984 571 315
124 20 10289 765 688 741 698 958 612 496 854 836 122 946 252 148 106 544 243 483 998 735 221 347 338 985 42 422 370 842 392 841 917 843 996 798 468 282 512 521 586 329 309
125 20 11648 408 19 720 530 566 246 284 804 977 854 676 951 620 2 960 487 722 463 957 82 984 291 599 466 980 307 936 84 742 734 605 599 895 58 186 42 855 881 888 528
126 20 11209 925 836 733 73 935 669 839 478 656 559 962 945 616 587 719 209 537 594 753 702 231 131 982 610 337 960 870 82 666 699 304 199 706 158 792 368 725 197 724 705
127 20 12285 819 74 529 375 888 812 589 239 953 895 797 833 674 212 739 395 910 922 818 550 981 32 500 817 889 909 814 167 946 241 952 705 510 991 645 837 570 956 834 361
128 20 10944 735 436 462 573 956 586 926 775 674 558 819 72 432 834 799 452 700 449 893 447 717 132 328 445 605 467 925 777 211 201 994 98 573 969 236 818 806 705 889 799
129 20 10041 315 321 810 216 775 883 404 941 185 372 895 808 872 450 261 524 914 127 301 125 970 340 938 619 473 974 381 272 553 845 800 914 407 276 978 363 903 635 417 331
130 20 9510 553 940 650 349 133 772 416 585 961 586 920 210 625 256 886 696 939 404 169 706 518 201 200 242 617 849 816 166 318 652 828 457 871 389 183 908 351 134 934 613
131 20 11091 835 630 740 327 919 682 756 291 583 823 464 416 534 222 853 50 501 774 934 410 725 460 931 239 299 529 874 760 995 240 285 53 817 149 846 994 909 941 64 313
132 20 10970 837 660 498 298 765 503 572 83 811 795 1000 42 996 264 929 127 533 61 645 825 282 386 868 919 617 806 994 611 845 79 54 168 932 443 310 509 527 109 698 541
133 20 10264 368 568 933 772 886 974 469 227 618 979 799 412 951 244 65 751 437 223 897 601 634 349 585 816 712 374 284 153 960 662 738 585 625 400 444 184 481 209 945 254
134 20 11081 428 941 480 456 828 453 786 568 606 586 944 40 519 263 972 340 986 667 909 822 870 578 974 925 254 712 358 426 661 985 582 143 987 919 572 104 704 556 432 133
135 20 9912 875 851 135 547 716 988 670 975 148 957 625 570 702 995 275 543 600 987 929 306 917 534 799 63 407 820 581 328 681 479 357 235 800 280 763 831 551 297 859 540
136 20 11319 674 682 748 570 894 475 612 881 551 711 685 168 881 630 625 170 362 305 765 91 976 705 627 121 687 29 510 554 917 708 407 754 535 630 865 872 960 480 868 532
137 20 10610 718 959 468 846 694 672 622 993 855 999 518 44 780 971 762 115 732 820 923 989 974 847 352 680 652 971 996 727 769 977 750 348 164 436 333 970 232 238 969 299
138 20 11137 686 684 777 633 622 643 534 768 792 734 572 542 454 669 671 635 873 721 911 24 901 218 928 575 908 147 301 131 947 183 773 91 927 963 707 556 369 3 269 628
139 20 10688 994 705 169 283 712 350 473 199 762 855 510 904 787 207 975 695 489 495 789 584 898 830 723 816 876 893 961 696 701 5 228 297 923 518 376 626 419 416 595 343
140 20 9516 472 872 994 473 868 477 985 296 281 549 754 28 494 596 638 505 358 613 599 191 712 724 968 858 419 498 389 475 892 379 257 482 693 916 828 486 173 233 121 824
141 20 10207 619 328 860 235 602 496 319 549 745 225 203 796 420 955 679 819 980 924 991 365 793 503 339 143 463 481 754 136 660 567 910 458 270 569 897 791 490 349 765 302
142 20 11626 751 286 268 539 842 515 708 116 661 310 302 331 947 286 981 467 734 510 305 542 943 627 680 16 977 191 739 725 871 952 790 59 699 181 810 338 727 829 798 330
143 20 9949 724 651 730 72 488 771 371 939 432 280 478 160 583 594 896 957 743 221 900 261 598 402 628 525 828 808 376 537 991 98 170 787 675 976 422 561 458 422 946 789
144 20 11530 160 665 769 307 644 963 963 294 995 267 454 827 755 717 748 812 535 523 801 361 518 394 869 635 748 417 823 530 851 744 537 30 773 752 610 580 963 787 897 95
145 20 8147 617 610 796 499 576 256 53 119 437 721 771 584 526 80 655 127 416 613 491 260 541 943 330 982 317 930 540 369 710 782 463 15 260 608 636 827 679 442 370 773
146 20 11508 331 415 765 76 748 35 984 746 852 520 161 854 711 648 563 159 851 646 992 224 934 699 449 507 926 778 536 612 993 196 163 588 980 660 958 262 854 555 634 337
147 20 10824 795 626 919 333 753 853 256 226 496 249 210 453 736 64 836 666 483 267 733 336 853 380 460 820 630 15 483 814 799 554 581 168 862 673 894 359 877 1000 874 308
148 20 9854 674 62 637 809 738 907 543 788 999 607 529 630 663 313 594 219 733 277 994 527 991 303 445 451 752 643 538 767 467 719 456 558 297 535 111 559 550 555 607 90
149 20 9381 504 819 801 966 453 468 628 27 619 444 304 569 846 43 485 692 394 529 579 247 503 334 194 804 862 605 810 334 240 499 953 897 822 255 224 358 934 615 572 846
150 20 9553 182 522 763 39 644 171 153 390 916 996 279 776 589 687 403 583 650 861 860 208 332 47 456 918 672 409 989 190 740 741 569 331 477 536 591 558 963 547 714 1000
151 20 10915 317 942 701 247 679 317 448 177 574 643 960 626 810 300 973 914 517 201 921 3 314 169 977 200 571 263 497 770 820 541 625 873 482 403 863 950 757 697 838 551
152 20 9094 205 310 265 988 570 306 201 36 175 922 823 839 518 487 529 465 631 64 299 841 920 546 257 514 993 350 649 65 893 782 751 657 709 136 408 592 622 817 950 12
153 20 11289 954 442 561 774 910 367 508 387 521 957 507 518 608 917 957 854 979 918 999 233 540 822 288 158 866 348 467 638 951 890 784 179 528 798 994 248 847 453 343 687
154 20 9340 287 820 570 658 555 202 760 409 517 922 929 451 509 71 367 794 799 71 357 74 504 78 548 936 455 717 959 580 976 453 907 886 39 714 410 472 526 847 701 337
155 20 10083 708 238 603 754 533 424 281 64 67 493 758 848 612 297 673 619 673 541 894 975 804 869 902 372 589 876 703 94 697 230 660 667 849 256 514 50 477 845 607 352
156 20 12376 368 102 566 675 802 647 612 519 947 33 646 829 426 672 877 938 956 213 842 763 962 345 893 572 960 679 914 130 979 185 810 730 955 165 665 507 840 432 450 583
157 20 8596 551 448 566 331 749 963 376 572 510 297 378 29 669 860 934 697 592 836 312 353 312 865 883 630 390 843 871 760 222 984 897 683 355 463 363 870 687 731 129 757
158 20 11964 712 686 427 963 713 251 850 390 629 816 973 929 912 364 716 333 315 145 904 727 796 773 663 888 538 834 900 282 996 144 640 142 986 755 973 777 341 552 972 192
159 20 10805 794 571 932 438 528 726 479 500 970 278 302 630 426 214 892 820 961 403 542 137 653 533 690 994 789 218 369 688 604 11 708 693 257 193 958 305 911 578 742 855
160 20 9904 572 24 457 651 868 930 497 589 495 329 486 704 820 872 791 28 976 453 167 407 767 70 991 676 753 825 929 647 511 847 594 253 186 143 814 254 382 896 324 777
161 20 10660 402 635 666 370 859 124 856 326 498 360 372 334 602 24 986 735 658 582 386 478 858 898 685 519 883 972 543 703 435 47 790 559 737 143 663 486 463 637 983 570
162 20 12038 427 673 754 75 920 903 994 924 445 464 829 75 780 306 481 79 924 118 984 238 739 920 777 805 783 709 886 139 393 870 906 607 693 905 972 573 570 852 791 604
163 20 11140 703 45 685 672 493 750 869 792 719 953 382 713 693 994 722 702 731 877 715 836 713 979 856 972 906 803 952 503 925 859 869 474 647 51 704 592 297 924 345 733
164 20 10796 902 831 346 502 730 261 652 198 948 80 540 263 711 258 268 249 519 968 951 782 852 194 479 135 892 652 642 534 846 56 948 386 842 488 49 504 803 465 576 468
165 20 10532 261 311 665 708 281 9 777 224 919 36 300 55 133 22 814 122 548 351 458 676 996 843 928 982 469 787 964 393 964 414 985 109 275 423 828 377 665 356 936 938
166 20 9208 198 309 186 660 271 983 162 696 574 62 414 484 917 940 590 50 380 826 856 700 840 982 925 530 791 600 528 152 434 727 851 150 553 77 767 753 466 974 807 87
167 20 11188 982 340 330 74 993 311 866 233 479 867 677 733 830 390 938 217 613 701 982 162 408 448 639 782 696 749 315 506 961 869 936 576 574 674 531 708 277 73 959 692
168 20 11159 406 86 816 870 827 633 540 349 909 689 974 212 752 262 626 259 541 400 237 172 855 44 549 453 608 769 583 180 934 298 935 226 670 532 661 367 623 828 903 262
169 20 12299 948 433 917 525 961 713 896 1 974 4 763 154 911 571 786 161 243 724 479 923 682 392 882 485 934 332 617 512 589 530 898 584 531 415 954 451 815 837 594 532
170 20 9412 909 959 345 92 411 622 626 456 507 327 960 875 417 280 256 297 682 601 346 13 630 801 944 426 464 83 685 497 877 135 824 932 371 396 644 274 150 470 718 276
171 20 10908 895 495 684 211 989 301 384 589 795 783 66 174 457 389 977 917 803 197 925 323 747 180 907 793 914 250 657 684 81 193 315 759 964 385 339 754 782 476 955 258
172 20 9656 207 90 992 802 291 898 768 286 528 231 568 226 864 7 864 124 964 477 702 380 507 416 796 670 165 353 135 635 665 301 548 120 795 950 665 591 734 242 313 88
173 20 11721 720 638 551 688 628 918 695 394 451 641 667 18 1000 770 926 245 693 263 995 474 645 484 631 153 998 147 879 896 819 865 911 676 560 39 659 395 400 681 824 21
174 20 11920 750 22 830 624 943 528 636 894 763 582 988 935 348 520 979 384 655 861 654 123 917 238 888 784 610 20 475 895 641 366 650 914 800 26 986 654 824 46 564 620
175 20 10544 957 384 755 554 396 524 955 476 312 210 675 948 862 990 818 269 544 923 604 523 893 157 531 927 728 931 351 240 977 352 891 772 665 874 350 510 572 810 344 769
176 20 11088 660 583 745 350 438 27 823 690 412 780 624 134 901 771 215 882 763 72 859 648 881 126 561 890 670 928 692 997 672 554 638 797 969 659 649 968 709 10 980 357
177 20 9471 443 801 736 771 784 310 712 875 547 521 972 629 286 621 396 292 665 740 420 352 944 187 425 669 975 630 100 790 191 68 730 209 644 324 728 42 843 289 298 427
178 20 10588 614 467 935 204 688 963 465 816 394 426 745 600 765 386 961 180 200 264 352 948 785 261 945 815 153 658 961 45 884 474 824 359 648 561 537 488 845 634 535 15
179 20 9704 798 804 476 603 801 229 875 591 997 964 662 427 681 686 590 760 569 120 810 178 373 616 730 151 744 843 183 28 199 526 541 975 241 381 963 31 521 224 376 916
180 20 10739 659 474 548 222 692 94 183 318 819 844 715 746 819 464 649 417 395 779 938 452 798 220 349 336 702 694 641 359 682 26 918 181 981 812 287 972 943 965 706 450
181 20 11014 792 656 660 179 630 591 898 404 796 390 319 66 629 975 692 729 907 460 428 696 596 837 564 277 637 676 993 625 764 908 796 91 861 660 399 783 656 166 751 292
182 20 11480 796 824 414 754 354 835 943 527 581 200 683 757 271 939 530 680 632 915 744 267 744 258 641 803 876 124 846 571 839 234 797 919 908 116 964 115 856 592 931 745
183 20 11141 491 422 622 70 745 206 435 860 833 938 782 452 778 240 685 240 812 903 551 975 395 374 550 789 962 154 930 329 908 440 877 6 809 343 858 191 427 271 477 824
184 20 10946 711 200 983 984 791 155 770 69 438 999 370 37 910 815 141 337 985 623 683 273 913 609 877 869 525 188 828 283 594 869 387 122 826 653 693 624 675 889 583 892
185 20 10365 565 498 792 313 387 146 85 656 906 985 954 323 531 267 762 964 824 117 922 125 881 125 505 1 462 578 684 324 415 783 396 718 689 837 904 125 890 496 403 796
186 20 11271 525 955 973 516 725 115 659 121 943 766 756 902 581 744 291 387 381 97 959 395 751 596 878 772 728 495 937 289 797 77 548 419 999 894 203 818 937 394 518 375
187 20 10836 279 828 467 211 932 37 620 584 787 195 967 797 257 763 159 269 964 408 875 103 645 921 283 848 855 485 1000 534 793 753 749 779 489 872 940 708 735 160 750 911
188 20 10228 617 986 423 238 578 817 896 703 903 968 914 592 777 798 814 494 702 375 881 149 987 90 378 384 258 117 847 849 662 869 299 777 657 859 158 535 901 780 134 899
189 20 10525 247 418 997 778 807 373 609 494 654 356 863 770 718 785 725 928 985 672 160 639 620 980 925 917 877 645 242 102 932 305 606 453 568 937 968 624 370 166 284 457
190 20 12041 884 770 364 26 940 775 845 209 980 8 727 162 905 207 766 967 803 272 946 791 478 490 413 934 939 487 789 57 934 654 420 811 803 413 772 276 779 15 565 639
191 20 10266 458 838 974 956 741 42 725 550 771 533 921 983 532 454 652 72 819 281 356 786 617 585 674 595 428 824 466 81 769 100 392 428 757 793 990 94 567 685 224 360
192 20 10473 672 882 288 987 836 633 750 643 300 784 650 24 974 839 255 221 475 822 734 186 667 279 908 811 979 135 548 82 903 318 796 779 401 440 851 747 768 5 337 239
193 20 11107 434 746 808 903 943 579 768 916 810 816 782 536 852 631 982 64 654 849 689 161 837 761 924 907 380 669 634 749 679 226 925 749 634 490 537 134 91 559 521 468
194 20 10808 436 806 812 768 289 92 390 63 691 347 930 393 780 626 969 419 844 252 819 181 731 151 834 881 792 232 433 694 785 156 883 969 507 570 361 303 696 849 528 166
195 20 9882 923 983 583 967 656 902 973 238 304 382 568 522 439 242 640 144 843 640 122 690 770 938 854 980 461 819 854 765 872 633 844 295 439 96 482 606 234 68 492 214
196 20 10730 479 257 200 238 932 256 424 943 995 945 351 469 343 965 914 622 289 236 414 798 939 590 732 72 914 338 991 792 780 947 792 684 881 598 757 894 407 552 879 785
197 20 8500 67 258 809 831 388 969 387 718 633 851 154 640 899 875 537 2 211 777 412 962 459 793 215 173 962 151 767 97 604 187 655 930 910 944 376 715 635 454 546 327
198 20 10613 846 587 320 652 800 210 893 84 918 100 610 848 762 461 576 695 508 675 447 625 953 782 296 115 872 3 747 540 458 301 687 413 710 306 373 787 537 69 954 276
199 20 12174 844 703 898 238 421 539 639 272 994 435 557 420 932 398 847 912 240 846 647 152 872 691 968 979 870 405 920 445 899 47 668 229 848 883 541 573 999 475 614 410
200 20 10801 688 432 763 7 120 669 426 252 583 972 731 229 971 731 718 773 427 205 521 54 977 3 770 244 736 502 193 239 996 732 594 392 963 127 657 813 762 525 906 754
201 20 11673 960 496 637 381 791 628 756 957 810 921 985 539 593 577 893 793 603 55 771 135 985 645 423 430 307 558 766 722 815 378 398 571 624 517 587 236 911 914 977 665
202 20 11261 798 939 527 374 739 383 761 487 761 699 857 905 877 496 857 562 994 760 548 205 499 707 795 296 179 782 859 734 670 615 461 185 988 632 537 291 521 573 849 665
203 20 11402 758 705 902 98 790 292 918 299 870 841 964 453 260 807 950 876 323 140 759 742 555 404 246 16 701 552 675 733 717 630 761 209 992 95 690 572 865 997 557 190
204 20 12124 906 119 960 1 847 659 609 737 702 394 790 171 896 408 971 977 702 65 872 455 819 621 896 399 522 496 837 680 275 810 897 521 773 537 368 347 931 897 583 302
205 20 10582 664 750 825 544 944 522 676 404 261 674 709 769 790 476 220 394 917 576 394 807 784 895 623 317 966 955 216 920 786 273 551 416 984 259 466 589 955 896 497 861
206 20 8504 314 809 401 876 954 230 791 273 445 455 812 100 785 936 268 623 469 274 850 775 670 95 143 646 474 893 429 439 101 905 936 117 649 188 169 3 369 191 602 89
207 20 9152 651 473 372 558 383 803 880 102 832 312 545 740 651 455 168 44 203 848 388 970 951 610 946 339 249 291 777 709 805 762 712 567 540 768 556 734 440 319 391 562
208 20 10952 650 106 953 729 473 899 915 108 526 631 755 853 296 828 642 512 565 231 718 885 915 844 755 903 721 977 944 379 253 282 531 159 862 607 803 320 707 412 707 835
209 20 10547 90 5 615 106 608 719 429 281 996 942 680 652 434 455 633 437 961 244 581 794 969 628 535 899 813 595 983 621 873 273 784 555 382 874 451 225 461 468 906 510
210 20 9453 541 278 306 682 846 62 974 116 728 280 443 306 946 786 939 222 660 935 731 11 319 843 540 115 848 323 397 657 415 684 549 677 175 41 460 277 457 554 543 566
211 20 10983 453 723 996 652 967 843 835 61 854 697 791 535 623 404 274 609 346 301 976 801 962 642 700 279 724 19 546 121 481 196 593 531 814 40 485 578 546 832 763 91
212 20 11540 135 925 576 612 536 522 882 406 859 571 634 382 932 99 989 624 701 784 969 941 375 911 769 841 561 347 670 959 401 698 815 985 880 382 981 263 974 462 787 189
213 20 11782 755 816 723 58 999 903 568 712 970 157 550 382 777 474 904 764 962 366 895 96 883 712 110 221 745 662 358 645 798 4 771 703 872 153 742 975 904 561 442 316
214 20 9881 321 117 169 51 62 266 780 570 673 243 503 562 579 363 779 474 744 810 775 92 281 939 814 278 785 245 527 43 220 809 957 311 870 947 951 875 827 988 735 664
215 20 10177 762 478 941 91 536 125 539 700 697 51 494 454 920 300 349 45 481 869 707 85 998 572 745 884 573 826 351 633 938 863 272 293 758 226 631 475 352 459 678 300
216 20 11683 947 641 610 21 833 874 898 914 668 740 654 626 966 380 657 756 851 482 768 889 982 874 567 580 514 208 789 594 851 514 984 402 564 351 174 350 417 709 910 432
217 20 8452 596 986 435 96 374 581 119 536 88 504 850 430 839 343 481 817 665 728 421 297 660 873 760 933 416 379 434 186 611 97 626 788 151 980 624 298 819 93 596 62
218 20 11708 870 672 568 480 577 510 973 910 891 991 428 221 712 806 880 962 733 312 682 227 701 347 775 770 671 759 818 860 802 425 857 732 56 650 967 736 675 202 999 50
219 20 11522 711 68 742 634 226 900 846 719 394 364 571 697 910 742 453 444 760 542 974 948 976 102 685 389 817 505 916 132 771 81 393 408 706 130 821 1 806 136 925 528
220 20 10760 717 519 933 457 638 118 503 513 466 562 242 579 195 117 869 633 991 833 899 20 606 175 483 378 726 215 370 216 660 811 999 338 733 563 919 34 511 385 991 989
221 20 9723 693 153 827 316 481 900 946 89 375 127 424 118 669 999 579 911 577 596 447 602 99 666 726 726 593 215 954 55 982 171 66 961 508 457 725 96 668 477 815 400
222 20 8282 832 189 888 270 836 877 550 622 467 226 335 216 473 116 37 849 393 7 345 650 579 875 521 406 755 79 656 659 654 7 701 23 618 973 352 70 225 90 136 41
223 20 11148 285 761 939 891 938 936 808 399 152 622 823 934 771 767 532 142 934 953 908 250 508 746 852 567 826 684 697 219 215 685 843 647 973 575 279 753 703 229 950 348
224 20 9957 378 362 787 517 842 933 625 951 752 946 996 597 425 582 492 38 674 369 419 199 980 185 375 256 280 847 921 975 893 26 560 982 454 671 293 924 968 295 333 862
225 20 10507 750 462 509 176 979 763 602 555 759 664 161 461 915 405 722 937 942 602 954 33 163 393 974 248 707 67 187 679 973 492 436 183 666 397 99 923 657 110 979 206
226 20 8832 703 249 479 20 627 33 781 38 515 709 727 503 709 753 322 163 571 853 312 492 841 621 749 146 768 702 317 109 845 190 210 765 662 8 570 329 232 113 101 970
227 20 11420 794 802 595 144 803 818 875 769 662 139 755 802 980 187 982 99 517 459 344 456 903 814 978 502 959 536 136 674 167 617 619 543 820 315 894 497 633 337 859 24
228 20 10165 840 581 850 534 911 251 871 233 214 861 551 925 813 433 544 727 859 898 647 910 854 392 310 24 486 824 751 310 628 604 585 450 385 994 169 175 718 631 721 464
229 20 11393 937 46 987 991 874 57 634 931 731 754 975 104 764 807 270 474 259 460 312 184 930 669 835 274 814 300 786 21 940 622 656 164 946 461 893 229 190 462 509 183
230 20 10972 333 174 872 294 738 650 387 375 902 93 928 308 552 177 271 345 700 463 380 891 510 466 857 465 687 744 492 456 821 18 972 138 932 42 974 732 728 18 679 907
231 20 9862 581 148 587 543 475 924 239 830 211 228 664 989 988 516 684 192 591 463 345 535 977 65 779 577 162 43 931 273 942 624 567 150 627 888 902 96 222 567 854 822
232 20 10453 884 569 993 56 693 22 514 792 627 980 646 327 780 210 555 730 762 303 580 198 427 518 923 978 315 436 835 449 974 98 976 315 291 53 882 974 143 913 267 694
233 20 9976 182 80 785 301 951 507 933 648 882 909 810 109 865 172 586 799 965 416 291 114 467 63 795 799 341 559 362 640 327 287 456 729 740 830 442 500 675 347 616 954
234 20 9809 813 564 723 312 981 808 695 813 212 695 426 300 833 578 754 751 120 645 39 96 477 823 947 937 777 565 782 824 420 594 625 64 841 425 634 933 630 815 533 765
235 20 12473 613 644 852 910 973 730 771 993 690 458 935 865 746 967 915 345 851 98 511 110 756 906 768 391 579 841 960 95 660 851 687 447 842 843 625 498 989 764 869 302
236 20 9886 441 504 492 66 397 789 479 391 986 218 614 590 191 42 476 252 438 348 409 596 555 421 739 12 876 105 837 560 910 892 697 115 897 347 683 515 850 292 391 474
237 20 11369 746 980 863 855 666 197 935 706 928 598 263 54 758 830 243 711 930 879 966 267 820 313 765 482 539 536 931 49 632 949 392 293 891 318 99 753 927 836 918 662
238 20 9417 549 429 901 525 482 229 940 66 537 796 371 253 384 536 284 85 649 108 864 625 115 146 544 359 824 663 848 463 763 864 520 965 789 535 410 981 778 621 220 144
239 20 9419 362 674 545 691 911 957 809 375 634 493 740 199 657 226 705 54 992 701 595 161 809 821 256 770 284 281 422 844 469 925 44 506 734 343 618 319 335 729 853 849
240 20 10687 781 891 288 313 637 261 349 916 846 459 650 354 347 18 939 31 364 416 889 208 733 594 972 38 888 459 891 17 909 372 241 742 577 448 832 576 507 383 719 423
241 20 10175 626 969 318 160 458 564 787 574 659 340 970 298 491 244 490 743 389 317 755 667 661 173 489 391 767 705 986 910 670 210 601 627 654 940 615 560 475 526 858 985
242 20 10297 843 481 985 974 754 30 814 684 370 622 570 480 566 843 918 306 403 22 759 395 579 671 267 231 704 260 818 542 466 797 621 521 851 573 169 263 557 511 858 970
243 20 12170 856 239 165 492 568 624 816 207 751 832 558 187 902 317 917 797 901 273 713 952 857 228 764 721 661 553 924 712 996 902 769 550 878 867 561 251 975 429 681 631
244 20 11312 514 679 977 272 177 86 978 515 481 793 685 42 908 319 388 890 532 556 977 954 918 681 830 187 862 155 984 880 483 814 819 637 206 484 922 712 970 130 530 612
245 20 11180 996 982 937 194 872 294 30 645 905 848 615 452 628 602 898 352 756 288 875 305 380 235 632 223 915 557 829 353 389 589 765 758 625 714 812 821 411 527 705 116
246 20 9231 864 487 785 618 437 761 549 14 956 539 940 235 510 670 446 562 740 64 362 516 606 239 879 888 60 885 331 466 313 437 726 118 591 410 301 559 279 116 864 117
247 20 10667 748 740 414 704 393 546 868 762 290 146 616 232 842 155 745 380 655 6 245 325 255 316 873 334 909 728 974 185 763 656 887 671 549 559 942 288 584 790 782 683
248 20 9976 944 911 907 149 928 91 508 274 557 624 800 626 741 523 713 395 382 33 58 841 901 164 889 137 912 177 502 308 612 989 408 427 172 243 342 136 297 210 897 580
249 20 11340 924 593 769 771 896 609 417 907 852 623 898 305 868 213 198 453 529 633 837 279 964 174 577 417 775 198 328 764 903 148 528 29 393 68 910 912 806 26 804 458
250 20 9380 684 30 594 495 417 226 556 923 332 915 268 688 425 333 354 396 704 928 639 804 759 817 888 848 898 539 928 692 176 75 410 628 629 917 811 54 589 454 664 814
251 20 10872 636 741 922 26 871 18 775 175 450 849 401 310 489 902 1000 265 980 17 625 402 873 146 855 21 186 407 943 139 362 906 817 833 618 420 985 902 178 936 625 307
252 20 11597 887 584 928 690 780 308 628 69 666 546 603 745 950 342 536 65 536 940 753 46 802 559 843 858 512 114 938 530 790 904 673 86 561 797 730 496 560 347 821 188
253 20 13252 887 444 871 196 734 19 617 996 948 64 751 718 934 731 533 988 1000 132 689 458 650 382 967 672 830 520 878 382 987 759 985 76 931 222 712 916 808 908 854 437
254 20 9969 353 817 525 877 349 556 851 815 258 429 868 14 402 564 747 809 688 739 843 324 666 9 830 96 998 578 948 849 394 644 638 148 518 404 466 152 278 356 842 51
255 20 9176 298 690 550 540 674 763 741 616 887 189 776 524 153 267 701 34 736 819 471 833 332 527 844 56 885 502 692 68 884 537 122 652 448 706 582 172 406 296 288 299
256 20 9646 499 309 877 69 948 379 836 687 736 337 731 863 201 512 960 582 476 923 890 886 291 69 176 667 566 722 509 247 727 135 448 680 657 776 492 453 435 221 603 118
257 20 8836 898 859 838 304 791 709 639 699 943 561 427 879 545 24 535 989 417 412 107 593 616 324 390 930 742 877 877 345 119 629 265 664 928 77 699 653 165 948 105 953
258 20 10732 989 645 808 654 949 298 707 664 592 942 740 347 460 123 674 893 873 955 205 523 842 348 222 233 615 986 781 43 412 515 817 303 453 579 868 226 561 479 847 667
259 20 11190 693 472 877 795 988 943 615 235 480 761 809 247 562 815 580 326 539 423 783 528 842 866 785 144 216 930 938 879 904 639 519 202 757 727 524 922 609 20 968 702
260 20 10605 216 977 734 31 694 306 794 270 601 852 808 429 660 632 799 894 962 955 803 784 998 220 125 902 529 390 332 280 529 597 924 287 681 50 943 136 859 637 266 977
261 20 9213 587 423 722 992 258 610 317 294 809 500 706 62 816 374 684 136 392 140 704 500 669 140 918 326 991 108 378 298 432 946 261 100 777 381 478 982 64 53 554 37
262 20 9804 841 986 855 937 865 255 364 536 749 425 581 544 538 389 178 659 986 205 833 917 48 904 920 849 594 143 586 240 883 857 400 360 736 581 196 216 464 70 639 645
263 20 10675 963 579 848 115 363 271 944 738 931 880 534 754 534 382 68 126 508 894 831 846 626 678 350 185 582 847 886 95 722 848 783 94 853 987 582 823 507 873 929 893
264 20 9382 435 870 530 254 962 992 154 388 565 734 792 634 417 2 250 972 949 82 467 828 420 516 752 803 998 614 833 315 324 586 746 349 318 87 439 996 772 295 605 102
265 20 9991 674 959 190 64 909 872 628 58 419 336 392 765 725 338 745 335 642 600 749 465 579 153 620 142 821 325 600 220 437 982 750 784 591 982 909 863 247 430 862 470
266 20 11211 357 658 988 357 780 408 957 569 988 612 528 573 840 808 938 930 623 348 808 804 816 990 554 416 752 110 489 1 930 854 277 671 509 129 736 456 523 474 621 278
267 20 11563 685 556 622 52 857 824 680 379 532 29 729 41 291 996 706 506 469 323 713 541 743 120 749 625 785 430 963 732 729 735 844 475 838 521 842 182 865 802 812 95
268 20 11911 907 97 527 231 872 504 435 513 982 791 727 449 923 33 702 795 860 108 552 516 692 286 927 660 968 599 923 860 727 394 133 138 856 713 809 681 370 774 997 454
269 20 11676 892 218 463 271 515 755 933 20 740 308 838 575 396 43 436 791 774 218 821 500 813 449 287 713 967 953 864 439 847 703 768 472 673 604 979 148 901 731 689 3
270 20 10243 214 846 879 857 332 185 593 646 613 775 922 17 34 764 454 959 806 934 870 537 960 913 959 650 928 893 607 30 312 791 879 24 778 149 828 200 709 374 127 112
271 20 11419 781 995 996 944 582 320 528 165 986 191 947 71 269 383 729 677 780 125 710 552 687 477 260 4 678 731 842 886 914 948 535 156 503 4 999 168 596 891 952 807
272 20 9604 194 228 531 428 1000 304 550 51 852 403 371 552 559 821 951 680 894 905 261 337 959 931 772 403 932 708 450 593 132 74 800 746 412 432 913 541 177 501 296 385
273 20 10900 887 748 523 415 958 242 207 326 935 368 246 35 228 158 310 854 998 402 776 251 553 994 866 608 701 371 777 474 956 725 669 74 925 2 755 63 384 875 972 341
274 20 11211 814 951 805 325 950 147 552 890 458 522 976 308 650 327 416 924 816 226 841 110 838 319 682 782 578 101 908 766 763 239 607 828 965 538 566 487 610 816 219 473
275 20 10616 618 224 569 334 953 121 993 832 788 994 925 879 575 338 296 172 903 34 113 711 348 501 936 139 319 186 935 154 150 402 817 236 942 522 610 914 511 884 970 685
276 20 10418 587 169 519 927 289 696 933 989 497 581 653 749 864 319 344 815 892 584 895 339 413 820 894 622 965 589 633 655 361 916 404 440 938 828 542 97 594 917 806 611
277 20 10810 848 336 387 828 959 579 866 591 759 609 470 278 966 190 768 5 712 496 273 282 390 119 973 953 939 818 810 338 661 908 874 845 736 544 421 645 313 935 388 364
278 20 10118 956 521 887 156 209 603 578 485 967 651 814 12 313 101 641 230 432 810 290 616 430 656 720 130 824 2 779 771 693 729 761 917 168 51 428 786 870 751 888 919
279 20 10646 676 464 712 184 674 265 934 423 731 70 102 389 814 284 760 662 903 804 684 211 207 260 678 777 973 197 891 949 681 377 521 67 615 928 399 946 405 886 948 117
280 20 10384 512 509 257 912 841 372 540 274 897 322 514 640 373 36 785 496 476 440 932 144 852 58 852 157 670 151 230 835 833 976 699 770 536 221 834 315 854 994 494 628
281 20 11441 848 399 507 797 415 28 984 57 710 366 792 639 967 148 873 160 939 613 310 582 965 769 618 717 935 330 845 707 987 118 36 306 543 399 898 177 138 914 992 102
282 20 10808 772 320 643 310 614 721 647 688 747 815 752 835 846 759 537 952 888 589 151 182 759 103 963 298 889 707 832 212 365 365 338 737 826 694 788 193 993 983 161 186
283 20 10340 471 169 927 47 840 758 762 553 801 475 643 196 462 465 883 690 858 750 389 394 725 129 592 66 164 331 374 583 595 691 817 54 990 342 864 739 352 687 417 441
284 20 11292 236 421 797 877 762 84 932 181 768 890 456 427 530 965 998 567 811 433 486 316 965 689 845 390 619 775 443 993 516 917 915 466 887 856 763 939 501 615 885 274
285 20 11020 995 884 679 766 800 823 336 343 940 437 504 276 339 926 764 20 386 135 761 481 807 543 924 457 935 339 586 108 179 72 987 54 837 678 994 484 425 284 597 942
286 20 10554 825 122 679 393 999 708 695 585 750 755 627 427 910 588 234 263 386 117 675 248 888 511 696 17 77 276 713 868 998 876 845 573 382 285 462 315 665 567 687 167
287 20 10916 801 45 772 406 806 782 619 160 400 90 710 920 814 759 858 894 857 115 880 181 523 651 528 297 800 694 752 513 471 468 390 754 304 429 912 970 809 862 639 859
288 20 10597 602 350 348 970 969 877 992 592 479 607 254 749 521 868 584 339 677 845 859 919 755 497 667 32 793 629 514 764 748 164 682 804 695 944 611 80 644 145 853 565
289 20 11123 854 296 688 930 882 737 239 120 175 7 695 672 456 600 629 195 410 904 925 379 511 574 719 132 793 919 930 329 740 323 937 144 803 632 873 90 883 663 762 280
290 20 10879 828 946 774 827 859 8 708 246 621 609 556 523 363 737 520 724 836 789 631 427 582 663 884 566 815 2 751 320 780 291 354 597 724 292 700 693 536 285 777 4
291 20 11234 988 812 870 814 890 152 541 197 893 271 383 276 350 816 949 323 488 222 715 521 901 312 233 295 820 144 560 952 691 693 875 532 824 820 877 84 332 80 863 298
292 20 10625 690 378 870 853 475 963 693 353 303 723 372 398 370 819 979 860 704 151 445 855 636 160 911 652 159 325 635 444 965 596 668 999 666 39 880 994 900 119 961 964
293 20 10555 341 664 741 853 851 297 797 392 927 866 354 613 905 941 346 747 542 33 359 208 828 665 945 319 904 256 391 872 326 949 742 685 206 617 956 619 888 939 845 105
294 20 11027 838 741 456 356 631 389 562 307 351 131 949 508 438 530 807 257 953 206 960 799 983 998 888 917 479 38 521 548 210 386 924 417 635 536 792 624 549 781 858 335
295 20 10412 358 103 755 243 605 11 182 326 244 616 876 532 556 548 658 75 793 791 828 235 870 226 351 592 541 67 993 350 945 834 628 69 339 351 894 513 808 717 791 100
296 20 12295 571 440 684 480 951 101 792 469 987 308 957 606 696 160 439 169 786 810 345 227 917 877 960 19 638 450 671 407 951 591 910 707 861 179 487 918 777 448 989 986
297 20 10385 864 552 736 237 280 690 886 899 515 630 591 981 776 455 498 658 519 895 842 345 780 962 896 818 398 408 574 209 355 424 264 732 921 586 645 802 973 7 669 369
298 20 11207 999 976 979 634 535 425 914 95 717 290 698 400 584 733 926 240 940 619 610 203 622 630 246 265 689 218 453 763 303 974 840 495 586 561 694 502 825 537 849 697
299 20 11177 564 674 934 778 461 131 849 236 644 896 922 872 780 971 715 645 785 714 843 915 202 450 714 81 576 137 737 251 983 387 644 251 976 189 301 728 751 784 591 601
300 20 10106 949 192 894 594 579 714 992 91 628 929 353 721 716 544 353 6 810 739 212 853 414 405 852 696 613 654 583 443 517 496 783 35 724 716 609 434 490 909 562 767
