1 20 6228 857 172 167 259 415 602 759 568 145 269 435 89 454 660 391 401 458 800 299 297 311 657 65 334 871 852 330 572 453 189 172 354 260 877 471 197 326 298 147 943
2 20 4656 139 833 50 592 351 708 300 86 39 607 258 782 250 307 257 138 221 867 279 332 685 768 430 682 183 102 51 48 782 643 609 933 498 928 74 437 329 944 35 202
3 20 6220 200 774 270 839 517 776 228 886 362 553 589 628 114 796 396 99 525 904 231 63 735 637 547 796 325 890 356 919 677 660 344 343 21 642 148 309 530 430 660 849
4 20 4864 296 518 126 423 538 434 57 777 593 943 84 166 291 281 176 631 647 67 194 559 467 448 370 295 472 981 212 124 216 490 179 468 156 990 290 813 386 256 331 312
5 20 5201 617 119 131 498 200 719 11 573 397 234 122 940 379 500 705 994 661 98 831 283 149 289 184 58 25 392 402 276 1 6 213 898 622 209 369 963 19 1 464 71
6 20 4253 444 67 38 120 228 151 126 386 236 194 553 884 528 955 234 164 44 228 40 153 581 440 407 210 572 768 80 633 105 169 103 851 212 407 306 898 277 150 203 751
7 20 4620 69 915 683 711 61 840 406 200 134 860 704 779 214 198 344 782 75 394 704 790 46 564 22 754 860 430 132 909 487 751 34 613 138 861 425 133 130 462 107 202
8 20 5743 549 716 550 619 479 273 76 118 233 33 277 525 433 977 434 908 46 621 70 75 408 129 252 284 867 869 181 737 307 261 543 515 88 230 189 236 625 506 572 771
9 20 5189 734 159 152 248 28 419 133 948 389 123 537 540 516 57 327 166 5 237 402 652 85 882 629 967 406 81 314 676 643 775 308 708 31 118 10 368 353 9 485 899
10 20 5163 266 925 926 620 132 489 237 409 279 300 109 134 471 713 22 776 378 632 70 741 476 495 25 494 406 99 254 793 470 924 173 682 449 933 704 966 603 201 4 381
11 20 5855 551 480 440 969 713 20 209 992 29 837 359 84 181 909 173 789 550 370 239 447 611 798 783 942 544 535 245 393 542 398 18 457 421 179 217 924 167 848 327 420
12 20 5188 211 325 363 900 562 81 50 53 87 738 517 946 347 916 106 840 336 140 423 222 265 864 468 913 298 345 520 75 453 522 397 298 12 931 514 508 358 736 198 556
13 20 5800 620 469 362 968 813 700 386 992 145 113 247 31 408 555 655 580 234 382 74 583 221 52 600 636 82 783 463 244 415 25 246 46 25 96 488 979 604 90 163 784
14 20 5137 738 759 271 808 252 181 33 993 3 315 122 558 780 153 813 681 106 51 95 543 315 720 151 474 486 196 243 949 271 53 575 257 12 724 538 796 292 209 326 187
15 20 5146 358 585 695 800 288 326 23 164 83 146 792 278 331 947 623 455 58 219 297 133 632 107 264 604 347 490 507 749 70 567 395 303 5 163 585 9 43 155 37 490
16 20 4935 629 938 252 232 579 846 40 41 41 632 88 545 49 38 221 400 700 256 133 41 508 157 122 692 634 940 83 542 161 183 339 487 264 197 589 884 653 933 84 553
17 20 5338 673 639 275 548 192 407 448 213 115 152 363 497 290 624 19 806 280 255 351 251 586 557 603 15 188 636 316 101 786 229 75 284 574 941 226 369 136 50 177 382
18 20 5166 257 449 259 350 94 941 230 32 103 760 339 201 601 840 591 470 23 765 850 717 463 924 62 24 201 142 3 769 126 159 634 44 138 430 238 849 575 367 671 7
19 20 4411 177 651 661 321 204 245 627 259 103 22 361 495 95 370 288 778 176 326 663 99 30 824 338 65 97 747 175 268 136 62 37 6 97 511 260 45 565 637 424 51
20 20 7171 443 843 335 159 628 961 817 216 157 766 132 894 404 186 917 456 822 516 86 302 472 182 538 534 568 685 451 544 946 146 121 59 202 890 463 959 327 32 135 294
21 20 4172 9 647 414 762 190 95 394 840 294 626 438 833 191 233 359 78 195 225 71 106 268 342 722 462 333 430 415 259 20 329 159 566 233 564 139 123 250 121 121 934
22 20 6658 161 10 799 545 416 315 575 813 432 709 123 274 258 681 535 504 614 746 206 1 144 518 245 944 522 150 282 350 874 676 594 729 473 177 443 620 49 864 578 624
23 20 6477 312 49 206 150 283 337 117 973 383 105 705 513 16 387 800 985 672 622 825 442 124 512 331 505 500 483 641 361 668 996 508 918 190 844 237 376 292 586 287 217
24 20 5563 623 156 208 569 148 855 623 919 637 543 27 176 354 906 502 84 571 122 5 715 331 888 105 101 98 996 10 521 643 346 523 903 143 215 570 821 796 487 37 214
25 20 5958 532 246 364 650 597 717 363 321 576 535 724 89 19 780 26 690 232 711 523 823 143 396 266 653 627 571 142 350 55 231 876 359 194 445 4 239 293 17 892 958
26 20 6204 150 994 21 861 239 257 183 177 442 266 354 116 440 935 726 891 370 772 307 905 351 552 265 145 99 682 404 543 221 471 781 475 424 337 879 154 410 101 689 502
27 20 4952 787 306 154 838 878 409 568 783 340 275 99 359 272 817 58 641 118 378 409 677 199 973 83 164 205 459 87 9 316 998 326 176 244 943 11 142 650 836 386 469
28 20 6768 521 330 280 709 218 233 30 295 740 960 517 271 525 907 518 624 186 620 127 441 736 636 4 949 935 103 918 899 887 661 186 267 110 666 649 411 67 106 306 863
29 20 5011 418 865 200 743 40 703 685 55 721 281 259 971 48 424 701 719 167 886 331 146 712 508 95 637 548 770 58 648 145 451 405 18 25 979 60 671 607 763 39 186
30 20 5535 608 275 852 40 717 116 36 642 499 6 247 857 211 210 66 134 60 903 598 775 213 134 177 616 202 537 514 39 607 67 97 124 303 617 714 947 5 628 193 578
31 20 5703 71 809 164 80 372 360 436 15 495 717 47 23 215 735 32 279 451 710 477 299 837 932 338 101 305 760 775 147 618 442 275 399 442 311 120 98 438 615 221 459
32 20 5416 348 231 301 116 41 80 540 790 600 140 50 83 353 519 135 723 677 160 271 342 511 644 254 328 618 956 43 471 361 395 200 743 307 3 496 615 273 368 391 979
33 20 5525 135 839 10 285 690 469 338 738 365 142 205 730 209 1000 738 307 727 658 332 956 224 494 16 411 634 238 652 125 217 939 423 1000 136 578 516 593 37 308 303 678
34 20 4563 253 810 222 217 451 205 498 650 311 550 731 33 430 164 223 754 5 975 307 915 236 384 143 193 47 319 163 10 236 80 241 622 665 779 99 974 244 445 199 203
35 20 3714 328 919 220 912 321 465 193 966 203 713 128 815 34 957 366 455 325 857 108 85 19 75 64 702 404 658 464 109 282 873 570 571 135 867 57 291 184 177 238 578
36 20 6708 197 736 846 766 197 509 234 677 953 831 745 168 263 838 102 199 580 534 631 720 149 256 587 375 249 354 800 316 196 137 566 485 88 112 172 506 41 239 790 605
37 20 3397 95 948 398 148 142 802 539 899 175 901 290 59 64 365 202 788 106 534 159 566 251 431 591 151 268 472 31 442 576 570 59 545 73 699 27 274 130 872 71 4
38 20 5517 602 615 155 632 379 667 92 273 431 915 21 23 155 220 48 9 198 882 101 799 817 156 393 511 312 52 737 286 87 322 254 941 490 635 776 621 513 600 336 769
39 20 4659 43 595 772 669 580 158 35 434 3 412 768 282 217 220 244 578 4 346 184 493 413 894 829 526 120 477 82 766 205 273 229 278 112 712 703 342 156 861 125 464
40 20 6768 28 254 874 476 47 826 106 660 270 421 389 42 710 911 149 614 622 395 381 500 54 267 307 1000 545 924 820 494 656 806 553 644 235 979 321 835 767 148 627 395
41 20 4918 472 873 242 826 36 305 683 928 64 49 118 732 41 76 498 168 169 368 345 369 105 195 188 81 442 917 446 611 214 686 158 444 906 277 131 451 660 425 230 130
42 20 4464 74 140 496 622 84 650 201 361 114 978 49 52 258 110 54 288 62 254 180 75 248 549 288 537 36 365 365 570 235 887 663 132 362 536 912 296 247 689 652 477
43 20 5516 151 524 744 117 187 177 576 87 195 408 82 298 215 556 25 264 169 682 385 377 5 459 441 423 100 604 229 80 833 801 398 887 792 426 56 10 656 828 657 360
44 20 5178 184 595 99 858 767 815 44 745 164 37 527 581 70 464 2 838 911 732 38 765 580 805 611 461 357 346 182 690 325 698 455 337 297 263 17 461 523 400 320 395
45 20 5193 30 506 871 855 34 629 723 177 150 262 711 921 254 943 14 656 209 978 75 14 521 353 274 81 670 171 447 299 231 476 44 682 113 787 219 831 271 267 631 571
46 20 6675 461 845 390 446 657 235 641 714 593 511 562 176 107 487 448 973 757 747 160 522 31 327 546 403 11 878 185 434 24 146 941 169 115 532 231 313 532 820 952 684
47 20 5877 384 548 610 463 418 915 311 644 976 314 234 879 195 949 370 798 352 505 602 792 159 801 421 279 666 485 220 84 69 581 43 118 239 965 507 666 369 617 202 732
48 20 5352 202 597 243 38 191 305 543 351 601 302 486 702 204 111 480 202 15 593 52 677 749 654 82 197 24 617 568 872 135 40 480 114 26 684 147 202 635 732 827 237
49 20 4907 382 551 336 323 623 160 77 721 354 194 512 711 143 834 294 408 473 516 776 961 581 889 343 968 78 832 89 602 43 919 44 705 169 134 8 323 678 959 131 239
50 20 5192 135 842 242 755 530 44 425 397 141 680 99 595 87 438 310 653 50 867 47 993 808 163 339 510 597 402 6 668 855 47 233 984 779 479 137 129 257 104 413 112
51 20 5116 78 55 715 230 4 601 110 420 110 461 38 809 457 936 82 965 491 846 109 266 594 505 729 653 243 860 512 741 524 450 514 18 340 987 484 398 59 612 203 315
52 20 5201 43 119 659 886 73 682 298 304 172 482 51 906 180 993 892 695 949 389 230 626 92 160 358 315 319 203 34 363 106 540 96 115 426 852 599 164 631 229 294 938
53 20 5124 487 785 460 74 452 264 55 202 853 691 26 842 31 630 166 975 798 292 588 328 237 391 9 531 278 901 65 509 423 932 342 565 107 532 248 644 470 815 311 957
54 20 5053 212 453 106 626 237 396 284 773 228 272 357 795 379 327 338 186 632 873 318 172 55 821 10 121 830 295 99 70 381 529 118 593 725 766 148 991 381 336 479 159
55 20 5710 51 380 620 729 851 705 513 370 320 979 476 923 438 822 468 129 349 302 374 35 531 114 2 993 252 533 133 144 641 180 614 355 72 920 31 811 202 137 200 492
56 20 5724 699 207 270 784 932 57 245 374 500 524 710 394 38 248 41 415 120 456 644 613 282 186 315 450 609 891 563 231 87 20 226 435 33 44 105 163 165 587 571 994
57 20 5784 228 347 194 238 611 367 484 25 365 777 437 419 154 235 453 134 405 110 548 662 867 982 122 365 411 703 263 629 131 703 43 795 330 402 459 732 507 459 219 999
58 20 5708 560 92 42 975 60 634 218 973 429 643 81 559 313 163 816 701 174 772 158 500 232 608 568 941 515 804 74 990 472 733 446 310 780 922 424 184 659 672 114 625
59 20 4673 660 750 74 161 381 626 55 974 166 460 288 535 55 317 430 326 302 161 401 809 67 5 344 986 433 473 22 735 422 599 505 138 105 380 461 817 356 784 315 173
60 20 5605 284 928 534 313 2 533 829 63 70 285 425 236 573 324 318 35 415 583 237 120 20 63 737 593 504 762 57 869 215 456 396 420 43 115 582 573 424 69 342 693
61 20 5246 59 619 225 248 614 202 331 93 643 943 25 177 789 805 110 579 268 819 565 422 110 204 245 498 361 458 550 894 344 765 433 949 127 534 483 238 188 772 88 207
62 20 6584 208 912 483 751 68 892 352 80 31 846 433 611 158 633 441 580 801 5 786 390 16 516 624 449 479 497 705 696 333 269 363 903 512 578 649 674 247 41 542 2
63 20 5355 430 631 237 828 39 186 875 636 69 438 11 833 193 634 763 961 546 630 199 33 272 344 161 386 199 280 881 446 456 1000 85 602 631 83 336 869 72 347 239 31
64 20 4970 415 993 626 169 136 44 511 641 789 514 500 603 31 695 210 973 169 14 776 815 333 853 61 177 60 491 25 488 139 576 21 739 50 373 775 173 404 896 182 965
65 20 5164 586 841 445 490 869 748 178 526 59 996 479 865 57 650 216 900 180 153 621 967 286 478 436 481 478 722 98 35 24 304 77 710 101 606 587 29 179 562 500 663
66 20 5463 157 236 406 967 128 97 158 101 81 791 914 468 217 780 622 844 808 815 151 13 118 522 427 430 731 996 233 652 572 229 301 612 281 578 296 21 27 841 201 466
67 20 4862 212 355 200 192 780 396 185 1 43 662 212 5 206 220 59 14 525 200 803 266 21 136 559 451 190 60 185 5 331 756 121 96 76 639 551 119 538 878 281 141
68 20 4096 272 302 17 986 331 612 173 379 74 227 45 12 7 715 747 928 25 829 521 710 366 843 82 866 182 510 130 387 286 989 41 466 736 669 689 400 227 247 170 161
69 20 5105 833 275 195 584 678 304 47 712 1 151 370 98 313 774 178 917 100 359 32 410 556 701 231 133 433 444 364 890 492 554 315 330 213 70 230 900 467 898 334 589
70 20 4054 151 760 491 175 66 515 19 919 875 17 417 661 35 232 256 547 197 890 742 658 191 164 67 790 205 70 211 218 88 114 95 570 237 196 400 901 300 298 25 887
71 20 5714 146 560 406 638 446 326 1 340 70 16 441 185 713 253 806 75 219 121 57 882 303 745 870 946 804 72 96 330 228 781 78 641 357 850 386 199 699 192 17 229
72 20 6604 342 959 379 17 110 11 116 342 342 68 43 112 718 615 758 693 4 356 589 599 133 753 260 342 649 965 675 766 817 349 607 339 728 538 12 798 150 6 824 291
73 20 6309 501 148 926 843 328 92 936 370 254 547 302 134 55 527 11 840 858 130 366 626 117 246 386 874 372 815 697 349 221 843 333 42 216 218 367 99 249 254 392 998
74 20 4432 54 28 488 893 294 126 88 45 268 273 227 624 392 777 703 517 188 354 140 461 241 735 628 412 534 187 349 234 26 212 420 99 107 508 25 609 338 578 30 749
75 20 5644 504 74 877 331 79 377 149 70 886 249 461 420 338 690 319 302 219 275 608 412 47 63 475 774 98 822 310 904 473 140 237 978 181 755 144 278 67 830 584 777
76 20 5603 147 208 627 201 634 598 184 460 188 526 199 855 93 713 298 498 366 412 82 824 814 235 331 905 825 170 139 799 509 455 335 873 304 846 328 493 533 818 68 581
77 20 6182 126 600 353 143 651 185 481 72 412 835 218 42 466 449 682 657 565 798 10 596 446 537 165 778 34 40 388 428 643 246 168 188 273 121 700 74 335 788 612 510
78 20 4444 281 15 386 413 240 245 188 449 167 362 223 437 473 771 43 138 505 842 130 374 83 61 297 405 157 862 642 644 250 197 624 725 70 628 41 278 307 898 449 182
79 20 6635 666 37 400 108 19 434 14 457 921 268 585 251 461 902 97 723 579 618 113 75 543 48 226 444 605 714 326 920 313 997 698 396 430 821 143 642 625 609 530 207
80 20 4165 35 363 14 935 118 823 488 815 389 258 194 611 194 584 316 626 221 558 70 887 200 384 436 305 184 694 353 732 268 928 294 777 532 761 167 619 720 452 14 749
81 20 5583 488 697 78 629 330 229 502 465 648 222 633 876 57 898 180 541 483 107 517 339 543 334 224 617 196 948 201 632 286 708 85 500 334 200 509 309 646 428 39 923
82 20 6126 378 335 116 225 175 996 17 853 615 953 192 253 369 454 300 279 573 827 345 664 447 261 433 174 398 385 535 737 181 338 544 324 679 224 147 840 678 557 536 802
83 20 5143 901 837 557 970 347 801 559 380 118 69 494 40 33 53 182 968 407 544 253 143 650 966 254 102 472 615 366 690 63 45 112 692 98 116 70 680 391 995 102 832
84 20 4376 674 748 346 834 138 853 324 33 272 747 201 276 68 49 57 682 31 440 453 446 361 26 24 213 299 84 171 268 563 196 188 779 448 930 323 30 502 128 27 459
85 20 5371 606 429 62 105 287 342 415 413 463 172 348 951 175 675 548 16 129 6 283 786 68 22 314 561 767 458 363 244 163 211 15 994 432 897 794 7 465 594 17 66
86 20 5601 113 548 160 684 538 418 144 332 660 433 110 691 30 309 22 243 20 663 594 990 375 529 264 903 384 803 483 346 410 305 562 780 164 394 644 515 827 909 498 188
87 20 5739 972 686 190 590 598 162 42 767 26 388 683 780 263 628 378 150 122 216 43 743 6 187 682 72 551 108 101 840 689 849 421 179 254 832 590 502 250 746 313 874
88 20 4562 218 320 94 205 145 252 385 412 436 747 68 36 344 522 233 251 190 963 571 715 472 619 402 829 253 460 509 68 92 279 196 511 184 522 134 517 272 146 505 819
89 20 4168 70 537 384 792 43 739 278 377 49 770 359 264 417 398 243 714 317 678 483 660 19 55 84 452 12 422 356 792 448 329 320 11 423 999 754 348 51 317 100 512
90 20 5311 813 513 273 624 360 986 97 52 328 287 330 505 488 474 570 766 46 373 360 397 69 771 6 502 724 942 161 415 395 924 277 832 171 355 499 153 245 391 427 73
91 20 6595 18 28 653 683 358 566 27 793 578 46 159 626 859 180 689 855 301 204 196 842 144 909 658 849 643 167 703 994 283 492 426 779 956 523 341 832 5 215 247 151
92 20 5245 131 138 384 803 316 606 500 500 621 193 398 476 439 153 509 114 509 8 453 997 161 119 100 260 283 260 102 876 370 569 14 620 816 363 126 435 269 741 56 369
93 20 5516 459 431 208 243 248 879 511 499 306 536 313 626 336 714 618 909 366 410 676 365 90 562 461 643 65 172 30 913 245 924 251 44 312 997 25 527 891 193 484 413
94 20 4424 10 98 116 736 240 609 769 394 40 790 236 738 375 564 178 378 404 127 145 376 36 131 423 610 292 529 290 418 384 675 581 357 500 518 46 488 187 45 278 96
95 20 5767 133 621 27 422 744 972 79 520 476 721 44 568 220 512 109 58 927 691 238 915 919 530 184 159 387 254 109 766 280 930 652 12 538 274 361 905 451 823 331 937
96 20 4823 487 789 350 444 516 554 480 27 229 675 8 191 375 593 338 795 248 305 167 468 414 302 175 815 161 939 63 491 609 483 57 592 354 10 198 856 161 786 639 502
97 20 5205 16 425 109 627 590 69 7 676 394 463 103 216 806 907 6 376 264 647 282 176 231 329 140 314 607 323 255 144 724 188 332 389 527 783 281 267 222 864 611 72
98 20 5317 229 312 703 732 346 2 392 19 559 670 363 127 266 602 89 995 193 507 219 470 30 576 391 170 871 282 658 284 11 374 274 738 41 982 650 884 213 935 149 564
99 20 5143 180 328 519 509 517 788 17 473 26 73 294 230 805 436 582 40 47 848 462 394 372 638 391 728 119 995 7 27 432 852 95 20 496 644 189 830 496 925 383 423
100 20 4521 236 702 26 622 260 429 59 581 42 947 438 137 153 735 173 799 23 334 822 280 668 455 54 181 644 205 58 723 280 592 342 952 126 345 525 476 600 722 123 259
101 20 3928 658 842 105 563 20 241 197 590 24 241 133 81 179 102 195 912 549 52 38 656 121 157 289 976 30 822 304 41 592 280 93 376 334 817 66 219 407 406 576 922
102 20 5561 325 339 95 668 346 323 421 309 492 892 225 868 285 474 131 863 227 69 98 552 413 340 160 810 182 967 934 818 526 902 677 604 854 182 270 341 15 541 276 329
103 20 4074 132 508 216 319 101 814 26 309 949 703 38 842 156 428 389 313 280 983 123 366 75 378 31 103 189 567 725 486 13 1 397 986 81 408 627 228 204 98 341 506
104 20 6751 335 479 388 583 626 38 654 356 516 954 105 27 813 451 174 827 489 676 782 39 251 765 281 538 567 744 720 687 665 215 461 544 13 784 224 522 48 741 327 392
105 20 4944 386 594 117 561 239 290 308 760 482 51 22 326 167 189 476 103 343 647 111 627 218 145 323 920 893 175 661 126 99 24 470 854 264 253 187 190 384 294 30 966
106 20 4842 30 68 246 736 473 394 716 600 37 246 314 92 22 259 267 153 654 492 340 659 103 588 530 110 346 224 227 571 296 938 489 114 169 121 626 993 74 261 94 748
107 20 5737 141 228 342 830 914 552 136 692 173 578 132 526 808 665 734 111 290 677 103 972 368 36 428 347 108 264 186 593 182 676 454 983 276 661 462 867 113 168 822 934
108 20 4841 335 564 39 219 388 499 4 639 3 563 91 461 387 571 520 801 238 669 110 817 79 233 300 50 898 581 433 832 455 619 549 419 228 892 295 326 275 23 425 228
109 20 4661 150 757 277 72 470 839 109 204 270 710 93 355 237 876 444 806 65 569 460 839 110 188 311 792 311 78 391 655 401 53 445 629 479 962 15 571 472 265 317 352
110 20 5240 547 275 200 986 148 668 148 801 174 795 69 583 56 273 706 768 19 773 359 432 135 227 524 812 753 723 233 6 209 796 282 653 310 416 346 546 357 684 976 267
111 20 4478 15 865 178 250 300 990 486 525 480 545 9 663 241 317 332 833 304 144 5 706 268 980 693 75 249 722 301 480 556 936 82 209 293 257 366 447 235 671 205 670
112 20 4184 236 735 92 495 258 411 156 709 166 649 40 602 43 844 578 508 151 169 69 228 571 99 161 339 326 106 131 846 121 113 589 211 82 647 407 539 937 941 116 573
113 20 3188 539 185 207 483 103 454 46 668 150 454 240 699 204 182 24 116 96 71 92 669 184 958 67 543 184 106 29 200 351 324 120 797 43 532 30 250 604 200 673 270
114 20 5345 81 790 654 21 239 617 557 231 90 98 28 685 271 827 232 429 775 346 216 361 773 355 206 563 429 8 34 990 239 483 75 735 99 344 789 977 621 378 274 668
115 20 6023 611 380 344 862 477 19 690 22 179 827 242 164 533 991 24 955 286 792 398 669 801 639 92 791 841 691 350 654 413 662 80 20 370 209 109 600 206 83 483 118
116 20 5658 975 184 698 21 746 425 43 502 69 520 190 579 76 412 315 470 552 998 139 969 409 784 478 176 425 237 132 366 176 805 56 739 48 126 593 460 331 456 622 570
117 20 6248 846 185 834 722 419 504 692 578 401 814 296 573 211 13 776 999 43 421 740 924 177 289 338 426 571 650 228 80 89 591 146 897 520 506 37 699 57 311 389 282
118 20 7029 120 19 635 181 680 52 310 800 516 381 90 715 253 209 578 966 286 660 261 548 766 839 168 591 457 536 800 477 735 613 520 778 641 991 319 574 65 355 587 445
119 20 3545 188 350 445 552 258 676 504 964 105 142 61 197 35 4 110 717 14 812 179 443 156 405 227 734 121 476 670 260 99 473 59 850 152 76 391 518 576 727 82 935
120 20 5631 283 63 674 785 175 914 663 790 236 589 100 766 611 187 402 198 159 410 38 215 553 235 34 532 49 642 722 714 523 160 395 986 330 143 267 37 619 639 206 477
121 20 5344 195 681 263 173 692 365 124 37 385 757 1 981 835 973 620 195 370 394 495 351 92 302 408 73 119 593 59 380 4 532 493 725 571 620 403 958 8 224 543 619
122 20 6343 385 717 589 68 747 780 282 702 602 346 206 613 110 555 753 614 303 141 450 929 500 415 653 87 548 82 133 793 280 835 143 921 306 667 160 930 221 431 558 432
123 20 5187 354 763 485 307 688 590 43 274 142 675 689 971 791 297 697 933 14 514 299 643 77 736 64 957 858 326 249 999 8 298 362 354 105 458 124 650 5 984 430 315
124 20 5726 236 688 260 698 43 612 505 854 165 122 55 252 853 106 457 243 518 998 266 221 654 338 16 42 579 370 159 392 160 917 158 996 203 468 719 512 480 586 672 309
125 20 4368 593 19 281 530 435 246 717 804 24 854 325 951 381 2 41 487 279 463 44 82 17 291 402 466 21 307 65 84 259 734 396 599 106 58 815 42 146 881 113 528
126 20 4806 76 836 268 73 66 669 162 478 345 559 39 945 385 587 282 209 464 594 248 702 770 131 19 610 664 960 131 82 335 699 697 199 295 158 209 368 276 197 277 705
127 20 3730 182 74 472 375 113 812 412 239 48 895 204 833 327 212 262 395 91 922 183 550 20 32 501 817 112 909 187 167 55 241 49 705 491 991 356 837 431 956 167 361
128 20 5072 266 436 539 573 45 586 75 775 327 558 182 72 569 834 202 452 301 449 108 447 284 132 673 445 396 467 76 777 790 201 7 98 428 969 765 818 195 705 112 799
129 20 5974 686 321 191 216 226 883 597 941 816 372 106 808 129 450 740 524 87 127 700 125 31 340 63 619 528 974 620 272 448 845 201 914 594 276 23 363 98 635 584 331
130 20 6505 448 940 351 349 868 772 585 585 40 586 81 210 376 256 115 696 62 404 832 706 483 201 801 242 384 849 185 166 683 652 173 457 130 389 818 908 650 134 67 613
131 20 4924 166 630 261 327 82 682 245 291 418 823 537 416 467 222 148 50 500 774 67 410 276 460 70 239 702 529 127 760 6 240 716 53 184 149 155 994 92 941 937 313
132 20 5045 164 660 503 298 236 503 429 83 190 795 1 42 5 264 72 127 468 61 356 825 719 386 133 919 384 806 7 611 156 79 947 168 69 443 691 509 474 109 303 541
133 20 5751 633 568 68 772 115 974 532 227 383 979 202 412 50 244 936 751 564 223 104 601 367 349 416 816 289 374 717 153 41 662 263 585 376 400 557 184 520 209 56 254
134 20 4934 573 941 521 456 173 453 215 568 395 586 57 40 482 263 29 340 15 667 92 822 131 578 27 925 747 712 643 426 340 985 419 143 14 919 429 104 297 556 569 133
135 20 6104 126 851 866 547 285 988 331 975 853 957 376 570 299 995 726 543 401 987 72 306 84 534 202 63 594 820 420 328 320 479 644 235 201 280 238 831 450 297 142 540
136 20 4696 327 682 253 570 107 475 389 881 450 711 316 168 120 630 376 170 639 305 236 91 25 705 374 121 314 29 491 554 84 708 594 754 466 630 136 872 41 480 133 532
137 20 5405 283 959 533 846 307 672 379 993 146 999 483 44 221 971 239 115 269 820 78 989 27 847 649 680 349 971 5 727 232 977 251 348 837 436 668 970 769 238 32 299
138 20 4878 315 684 224 633 379 643 467 768 209 734 429 542 547 669 330 635 128 721 90 24 100 218 73 575 93 147 700 131 54 183 228 91 74 963 294 556 632 3 732 628
139 20 5328 7 705 832 283 289 350 528 199 239 855 491 904 214 207 26 695 512 495 212 584 103 830 278 816 125 893 40 696 300 5 773 297 78 518 625 626 582 416 406 343
140 20 6500 529 872 7 473 133 477 16 296 720 549 247 28 507 596 363 505 643 613 402 191 289 724 33 858 582 498 612 475 109 379 744 482 308 916 173 486 828 233 880 824
141 20 5808 382 328 141 235 399 496 682 549 256 225 798 796 581 955 322 819 21 924 10 365 208 503 662 143 538 481 247 136 341 567 91 458 731 569 104 791 511 349 236 302
142 20 4389 250 286 733 539 159 515 293 116 340 310 699 331 54 286 20 467 267 510 696 542 58 627 321 16 24 191 262 725 130 952 211 59 302 181 191 338 274 829 203 330
143 20 6066 277 651 271 72 513 771 630 939 569 280 523 160 418 594 105 957 258 221 101 261 403 402 373 525 173 808 625 537 10 98 831 787 326 976 579 561 543 422 55 789
144 20 4485 841 665 232 307 357 963 38 294 6 267 547 827 246 717 253 812 466 523 200 361 483 394 132 635 253 417 178 530 150 744 464 30 228 752 391 580 38 787 104 95
145 20 7868 384 610 205 499 425 256 948 119 564 721 230 584 475 80 346 127 585 613 510 260 460 943 671 982 684 930 461 369 291 782 538 15 741 608 365 827 322 442 631 773
146 20 4508 670 415 236 76 253 35 17 746 149 520 840 854 290 648 438 159 150 646 9 224 67 699 552 507 75 778 465 612 8 196 838 588 21 660 43 262 147 555 367 337
147 20 5192 206 626 82 333 248 853 745 226 505 249 791 453 265 64 165 666 518 267 268 336 148 380 541 820 371 15 518 814 202 554 420 168 139 673 107 359 124 1000 127 308
148 20 6161 327 62 364 809 263 907 458 788 2 607 472 630 338 313 407 219 268 277 7 527 10 303 556 451 249 643 463 767 534 719 545 558 704 535 890 559 451 555 394 90
149 20 6634 497 819 200 966 548 468 373 27 382 444 697 569 155 43 516 692 607 529 422 247 498 334 807 804 139 605 191 334 761 499 48 897 179 255 777 358 67 615 429 846
150 20 6462 819 522 238 39 357 171 848 390 85 996 722 776 412 687 598 583 351 861 141 208 669 47 545 918 329 409 12 190 261 741 432 331 524 536 410 558 38 547 287 1000
151 20 5100 684 942 300 247 322 317 553 177 427 643 41 626 191 300 28 914 484 201 80 3 687 169 24 200 430 263 504 770 181 541 376 873 519 403 138 950 244 697 163 551
152 20 6921 796 310 736 988 431 306 800 36 826 922 178 839 483 487 472 465 370 64 702 841 81 546 744 514 8 350 352 65 108 782 250 657 292 136 593 592 379 817 51 12
153 20 4726 47 442 440 774 91 367 493 387 480 957 494 518 393 917 44 854 22 918 2 233 461 822 713 158 135 348 534 638 50 890 217 179 473 798 7 248 154 453 658 687
154 20 6676 714 820 431 658 446 202 241 409 484 922 72 451 492 71 634 794 202 71 644 74 497 78 453 936 546 717 42 580 25 453 94 886 962 714 591 472 475 847 300 337
155 20 5932 293 238 398 754 468 424 720 64 934 493 243 848 389 297 328 619 328 541 107 975 197 869 99 372 412 876 298 94 304 230 341 667 152 256 487 50 524 845 394 352
156 20 3640 633 102 435 675 199 647 389 519 54 33 355 829 575 672 124 938 45 213 159 763 39 345 108 572 41 679 87 130 22 185 191 730 46 165 336 507 161 432 551 583
157 20 7419 450 448 435 331 252 963 625 572 491 297 623 29 332 860 67 697 409 836 689 353 689 865 118 630 611 843 130 760 779 984 104 683 646 463 638 870 314 731 872 757
158 20 4051 289 686 574 963 288 251 151 390 372 816 28 929 89 364 285 333 686 145 97 727 205 773 338 888 463 834 101 282 5 144 361 142 15 755 28 777 660 552 29 192
159 20 5210 207 571 69 438 473 726 522 500 31 278 699 630 575 214 109 820 40 403 459 137 348 533 311 994 212 218 632 688 397 11 293 693 744 193 43 305 90 578 259 855
160 20 6112 429 24 544 651 133 930 504 589 506 329 515 704 181 872 210 28 25 453 834 407 234 70 10 676 248 825 72 647 490 847 407 253 815 143 187 254 619 896 677 777
161 20 5356 599 635 335 370 142 124 145 326 503 360 629 334 399 24 15 735 343 582 615 478 143 898 316 519 118 972 458 703 566 47 211 559 264 143 338 486 538 637 18 570
162 20 3977 574 673 247 75 81 903 7 924 556 464 172 75 221 306 520 79 77 118 17 238 262 920 224 805 218 709 115 139 608 870 95 607 308 905 29 573 431 852 210 604
163 20 4875 298 45 316 672 508 750 132 792 282 953 619 713 308 994 279 702 270 877 286 836 288 979 145 972 95 803 49 503 76 859 132 474 354 51 297 592 704 924 656 733
164 20 5219 99 831 655 502 271 261 349 198 53 80 461 263 290 258 733 249 482 968 50 782 149 194 522 135 109 652 359 534 155 56 53 386 159 488 952 504 198 465 425 468
165 20 5483 740 311 336 708 720 9 224 224 82 36 701 55 868 22 187 122 453 351 543 676 5 843 73 982 532 787 37 393 37 414 16 109 726 423 173 377 336 356 65 938
166 20 6808 803 309 815 660 730 983 839 696 427 62 587 484 84 940 411 50 621 826 145 700 161 982 76 530 210 600 473 152 567 727 150 150 448 77 234 753 535 974 194 87
167 20 4827 19 340 671 74 8 311 135 233 522 867 324 733 171 390 63 217 388 701 19 162 593 448 362 782 305 749 686 506 40 869 65 576 427 674 470 708 724 73 42 692
168 20 4856 595 86 185 870 174 633 461 349 92 689 27 212 249 262 375 259 460 400 764 172 146 44 452 453 393 769 418 180 67 298 66 226 331 532 340 367 378 828 98 262
169 20 3716 53 433 84 525 40 713 105 1 27 4 238 154 90 571 215 161 758 724 522 923 319 392 119 485 67 332 384 512 412 530 103 584 470 415 47 451 186 837 407 532
170 20 6603 92 959 656 92 590 622 375 456 494 327 41 875 584 280 745 297 319 601 655 13 371 801 57 426 537 83 316 497 124 135 177 932 630 396 357 274 851 470 283 276
171 20 5107 106 495 317 211 12 301 617 589 206 783 935 174 544 389 24 917 198 197 76 323 254 180 94 793 87 250 344 684 920 193 686 759 37 385 662 754 219 476 46 258
172 20 6359 794 90 9 802 710 898 233 286 473 231 433 226 137 7 137 124 37 477 299 380 494 416 205 670 836 353 866 635 336 301 453 120 206 950 336 591 267 242 688 88
173 20 4294 281 638 450 688 373 918 306 394 550 641 334 18 1 770 75 245 308 263 6 474 356 484 370 153 3 147 122 896 182 865 90 676 441 39 342 395 601 681 177 21
174 20 4095 251 22 171 624 58 528 365 894 238 582 13 935 653 520 22 384 346 861 347 123 84 238 113 784 391 20 526 895 360 366 351 914 201 26 15 654 177 46 437 620
175 20 5472 44 384 246 554 605 524 46 476 689 210 326 948 139 990 183 269 457 923 397 523 108 157 470 927 273 931 650 240 24 352 110 772 336 874 651 510 429 810 657 769
176 20 4927 341 583 256 350 563 27 178 690 589 780 377 134 100 771 786 882 238 72 142 648 120 126 440 890 331 928 309 997 329 554 363 797 32 659 352 968 292 10 21 357
177 20 6544 558 801 265 771 217 310 289 875 454 521 29 629 715 621 605 292 336 740 581 352 57 187 576 669 26 630 901 790 810 68 271 209 357 324 273 42 158 289 703 427
178 20 5427 387 467 66 204 313 963 536 816 607 426 256 600 236 386 40 180 801 264 649 948 216 261 56 815 848 658 40 45 117 474 177 359 353 561 464 488 156 634 466 15
179 20 6312 203 804 525 603 200 229 126 591 4 964 339 427 320 686 411 760 432 120 191 178 628 616 271 151 257 843 818 28 802 526 460 975 760 381 38 31 480 224 625 916
180 20 5276 342 474 453 222 309 94 818 318 182 844 286 746 182 464 352 417 606 779 63 452 203 220 652 336 299 694 360 359 319 26 83 181 20 812 714 972 58 965 295 450
181 20 5001 209 656 341 179 371 591 103 404 205 390 682 66 372 975 309 729 94 460 573 696 405 837 437 277 364 676 8 625 237 908 205 91 140 660 602 783 345 166 250 292
182 20 4536 205 824 587 754 647 835 58 527 420 200 318 757 730 939 471 680 369 915 257 267 257 258 360 803 125 124 155 571 162 234 204 919 93 116 37 115 145 592 70 745
183 20 4874 510 422 379 70 256 206 566 860 168 938 219 452 223 240 316 240 189 903 450 975 606 374 451 789 39 154 71 329 93 440 124 6 192 343 143 191 574 271 524 824
184 20 5069 290 200 18 984 210 155 231 69 563 999 631 37 91 815 860 337 16 623 318 273 88 609 124 869 476 188 173 283 407 869 614 122 175 653 308 624 326 889 418 892
185 20 5650 436 498 209 313 614 146 916 656 95 985 47 323 470 267 239 964 177 117 79 125 120 125 496 1 539 578 317 324 586 783 605 718 312 837 97 125 111 496 598 796
186 20 4744 476 955 28 516 276 115 342 121 58 766 245 902 420 744 710 387 620 97 42 395 250 596 123 772 273 495 64 289 204 77 453 419 2 894 798 818 64 394 483 375
187 20 5179 722 828 534 211 69 37 381 584 214 195 34 797 744 763 842 269 37 408 126 103 356 921 718 848 146 485 1 534 208 753 252 779 512 872 61 708 266 160 251 911
188 20 5787 384 986 578 238 423 817 105 703 98 968 87 592 224 798 187 494 299 375 120 149 14 90 623 384 743 117 154 849 339 869 702 777 344 859 843 535 100 780 867 899
189 20 5490 754 418 4 778 194 373 392 494 347 356 138 770 283 785 276 928 16 672 841 639 381 980 76 917 124 645 759 102 69 305 395 453 433 937 33 624 631 166 717 457
190 20 3974 117 770 637 26 61 775 156 209 21 8 274 162 96 207 235 967 198 272 55 791 523 490 588 934 62 487 212 57 67 654 581 811 198 413 229 276 222 15 436 639
191 20 5749 543 838 27 956 260 42 276 550 230 533 80 983 469 454 349 72 182 281 645 786 384 585 327 595 573 824 535 81 232 100 609 428 244 793 11 94 434 685 777 360
192 20 5542 329 882 713 987 165 633 251 643 701 784 351 24 27 839 746 221 526 822 267 186 334 279 93 811 22 135 453 82 98 318 205 779 600 440 150 747 233 5 664 239
193 20 4908 567 746 193 903 58 579 233 916 191 816 219 536 149 631 19 64 347 849 312 161 164 761 77 907 621 669 367 749 322 226 76 749 367 490 464 134 910 559 480 468
194 20 5208 565 806 189 768 712 92 611 63 310 347 71 393 221 626 32 419 157 252 182 181 270 151 167 881 209 232 568 694 216 156 118 969 494 570 640 303 305 849 473 166
195 20 6133 78 983 418 967 345 902 28 238 697 382 433 522 562 242 361 144 158 640 879 690 231 938 147 980 540 819 147 765 129 633 157 295 562 96 519 606 767 68 509 214
196 20 5285 522 257 801 238 69 256 577 943 6 945 650 469 658 965 87 622 712 236 587 798 62 590 269 72 87 338 10 792 221 947 209 684 120 598 244 894 594 552 122 785
197 20 7515 934 258 192 831 613 969 614 718 368 851 847 640 102 875 464 2 790 777 589 962 542 793 786 173 39 151 234 97 397 187 346 930 91 944 625 715 366 454 455 327
198 20 5402 155 587 681 652 201 210 108 84 83 100 391 848 239 461 425 695 493 675 554 625 48 782 705 115 129 3 254 540 543 301 314 413 291 306 628 787 464 69 47 276
199 20 3841 157 703 103 238 580 539 362 272 7 435 444 420 69 398 154 912 761 846 354 152 129 691 33 979 131 405 81 445 102 47 333 229 153 883 460 573 2 475 387 410
200 20 5214 313 432 238 7 881 669 575 252 418 972 270 229 30 731 283 773 574 205 480 54 24 3 231 244 265 502 808 239 5 732 407 392 38 127 344 813 239 525 95 754
201 20 4342 41 496 364 381 210 628 245 957 191 921 16 539 408 577 108 793 398 55 230 135 16 645 578 430 694 558 235 722 186 378 603 571 377 517 414 236 90 914 24 665
202 20 4754 203 939 474 374 262 383 240 487 240 699 144 905 124 496 144 562 7 760 453 205 502 707 206 296 822 782 142 734 331 615 540 185 13 632 464 291 480 573 152 665
203 20 4613 243 705 99 98 211 292 83 299 131 841 37 453 741 807 51 876 678 140 242 742 446 404 755 16 300 552 326 733 284 630 240 209 9 95 311 572 136 997 444 190
204 20 3891 95 119 41 1 154 659 392 737 299 394 211 171 105 408 30 977 299 65 129 455 182 621 105 399 479 496 164 680 726 810 104 521 228 537 633 347 70 897 418 302
205 20 5433 337 750 176 544 57 522 325 404 740 674 292 769 211 476 781 394 84 576 607 807 217 895 378 317 35 955 785 920 215 273 450 416 17 259 535 589 46 896 504 861
206 20 7511 687 809 600 876 47 230 210 273 556 455 189 100 216 936 733 623 532 274 151 775 331 95 858 646 527 893 572 439 900 905 65 117 352 188 832 3 632 191 399 89
207 20 6864 350 473 629 558 618 803 121 102 169 312 456 740 350 455 833 44 798 848 613 970 50 610 55 339 752 291 224 709 196 762 289 567 461 768 445 734 561 319 610 562
208 20 5063 351 106 48 729 528 899 86 108 475 631 246 853 705 828 359 512 436 231 283 885 86 844 246 903 280 977 57 379 748 282 470 159 139 607 198 320 294 412 294 835
209 20 5468 911 5 386 106 393 719 572 281 5 942 321 652 567 455 368 437 40 244 420 794 32 628 466 899 188 595 18 621 128 273 217 555 619 874 550 225 540 468 95 510
210 20 6562 460 278 695 682 155 62 27 116 273 280 558 306 55 786 62 222 341 935 270 11 682 843 461 115 153 323 604 657 586 684 452 677 826 41 541 277 544 554 458 566
211 20 5032 548 723 5 652 34 843 166 61 147 697 210 535 378 404 727 609 655 301 25 801 39 642 301 279 277 19 455 121 520 196 408 531 187 40 516 578 455 832 238 91
212 20 4475 866 925 425 612 465 522 119 406 142 571 367 382 69 99 12 624 300 784 32 941 626 911 232 841 440 347 331 959 600 698 186 985 121 382 20 263 27 462 214 189
213 20 4233 246 816 278 58 2 903 433 712 31 157 451 382 224 474 97 764 39 366 106 96 118 712 891 221 256 662 643 645 203 4 230 703 129 153 259 975 97 561 559 316
214 20 6134 680 117 832 51 939 266 221 570 328 243 498 562 422 363 222 474 257 810 226 92 720 939 187 278 216 245 474 43 781 809 44 311 131 947 50 875 174 988 266 664
215 20 5838 239 478 60 91 465 125 462 700 304 51 507 454 81 300 652 45 520 869 294 85 3 572 256 884 428 826 650 633 63 863 729 293 243 226 370 475 649 459 323 300
216 20 4332 54 641 391 21 168 874 103 914 333 740 347 626 35 380 344 756 150 482 233 889 19 874 434 580 487 208 212 594 150 514 17 402 437 351 827 350 584 709 91 432
217 20 7564 405 986 566 96 627 581 882 536 913 504 151 430 162 343 520 817 336 728 580 297 341 873 241 933 585 379 567 186 390 97 375 788 850 980 377 298 182 93 405 62
218 20 4308 131 672 433 480 424 510 28 910 110 991 573 221 289 806 121 962 268 312 319 227 300 347 226 770 330 759 183 860 199 425 144 732 945 650 34 736 326 202 2 50
219 20 4493 290 68 259 634 775 900 155 719 607 364 430 697 91 742 548 444 241 542 27 948 25 102 316 389 184 505 85 132 230 81 608 408 295 130 180 1 195 136 76 528
220 20 5255 284 519 68 457 363 118 498 513 535 562 759 579 806 117 132 633 10 833 102 20 395 175 518 378 275 215 631 216 341 811 2 338 268 563 82 34 490 385 10 989
221 20 6292 308 153 174 316 520 900 55 89 626 127 577 118 332 999 422 911 424 596 554 602 902 666 275 726 408 215 47 55 19 171 935 961 493 457 276 96 333 477 186 400
222 20 7733 169 189 113 270 165 877 451 622 534 226 666 216 528 116 964 849 608 7 656 650 422 875 480 406 246 79 345 659 347 7 300 23 383 973 649 70 776 90 865 41
223 20 4867 716 761 62 891 63 936 193 399 849 622 178 934 230 767 469 142 67 953 93 250 493 746 149 567 175 684 304 219 786 685 158 647 28 575 722 753 298 229 51 348
224 20 6058 623 362 214 517 159 933 376 951 249 946 5 597 576 582 509 38 327 369 582 199 21 185 626 256 721 847 80 975 108 26 441 982 547 671 708 924 33 295 668 862
225 20 5508 251 462 492 176 22 763 399 555 242 664 840 461 86 405 279 937 59 602 47 33 838 393 27 248 294 67 814 679 28 492 565 183 335 397 902 923 344 110 22 206
226 20 7183 298 249 522 20 374 33 220 38 486 709 274 503 292 753 679 163 430 853 689 492 160 621 252 146 233 702 684 109 156 190 791 765 339 8 431 329 769 113 900 970
227 20 4596 207 802 406 144 198 818 126 769 339 139 246 802 21 187 19 99 484 459 657 456 98 814 23 502 42 536 865 674 834 617 382 543 181 315 107 497 368 337 142 24
228 20 5850 161 581 151 534 90 251 130 233 787 861 450 925 188 433 457 727 142 898 354 910 147 392 691 24 515 824 250 310 373 604 416 450 616 994 832 175 283 631 280 464
229 20 4622 64 46 14 991 127 57 367 931 270 754 26 104 237 807 731 474 742 460 689 184 71 669 166 274 187 300 215 21 61 622 345 164 55 461 108 229 811 462 492 183
230 20 5044 668 174 129 294 263 650 614 375 99 93 73 308 449 177 730 345 301 463 621 891 491 466 144 465 314 744 509 456 180 18 29 138 69 42 27 732 273 18 322 907
231 20 6153 420 148 414 543 526 924 762 830 790 228 337 989 13 516 317 192 410 463 656 535 24 65 222 577 839 43 70 273 59 624 434 150 374 888 99 96 779 567 147 822
232 20 5562 117 569 8 56 308 22 487 792 374 980 355 327 221 210 446 730 239 303 421 198 574 518 78 978 686 436 166 449 27 98 25 315 710 53 119 974 858 913 734 694
233 20 6039 819 80 216 301 50 507 68 648 119 909 191 109 136 172 415 799 36 416 710 114 534 63 206 799 660 559 639 640 674 287 545 729 261 830 559 500 326 347 385 954
234 20 6206 188 564 278 312 20 808 306 813 789 695 575 300 168 578 247 751 881 645 962 96 524 823 54 937 224 565 219 824 581 594 376 64 160 425 367 933 371 815 468 765
235 20 3542 388 644 149 910 28 730 230 993 311 458 66 865 255 967 86 345 150 98 490 110 245 906 233 391 422 841 41 95 341 851 314 447 159 843 376 498 12 764 132 302
236 20 6129 560 504 509 66 604 789 522 391 15 218 387 590 810 42 525 252 563 348 592 596 446 421 262 12 125 105 164 560 91 892 304 115 104 347 318 515 151 292 610 474
237 20 4646 255 980 138 855 335 197 66 706 73 598 738 54 243 830 758 711 71 879 35 267 181 313 236 482 462 536 70 49 369 949 609 293 110 318 902 753 74 836 83 662
238 20 6598 452 429 100 525 519 229 61 66 464 796 630 253 617 536 717 85 352 108 137 625 886 146 457 359 177 663 153 463 238 864 481 965 212 535 591 981 223 621 781 144
239 20 6596 639 674 456 691 90 957 192 375 367 493 261 199 344 226 296 54 9 701 406 161 192 821 745 770 717 281 579 844 532 925 957 506 267 343 383 319 666 729 148 849
240 20 5328 220 891 713 313 364 261 652 916 155 459 351 354 654 18 62 31 637 416 112 208 268 594 29 38 113 459 110 17 92 372 760 742 424 448 169 576 494 383 282 423
241 20 5840 375 969 683 160 543 564 214 574 342 340 31 298 510 244 511 743 612 317 246 667 340 173 512 391 234 705 15 910 331 210 400 627 347 940 386 560 526 526 143 985
242 20 5718 158 481 16 974 247 30 187 684 631 622 431 480 435 843 83 306 598 22 242 395 422 671 734 231 297 260 183 542 535 797 380 521 150 573 832 263 444 511 143 970
243 20 3845 145 239 836 492 433 624 185 207 250 832 443 187 99 317 84 797 100 273 288 952 144 228 237 721 340 553 77 712 5 902 232 550 123 867 440 251 26 429 320 631
244 20 4703 487 679 24 272 824 86 23 515 520 793 316 42 93 319 613 890 469 556 24 954 83 681 171 187 139 155 17 880 518 814 182 637 795 484 79 712 31 130 471 612
245 20 4836 5 982 64 194 129 294 971 645 96 848 386 452 373 602 103 352 245 288 126 305 621 235 369 223 86 557 172 353 612 589 236 758 376 714 189 821 590 527 296 116
246 20 6784 137 487 216 618 564 761 452 14 45 539 61 235 491 670 555 562 261 64 639 516 395 239 122 888 941 885 670 466 688 437 275 118 410 410 700 559 722 116 137 117
247 20 5348 253 740 587 704 608 546 133 762 711 146 385 232 159 155 256 380 346 6 756 325 746 316 128 334 92 728 27 185 238 656 114 671 452 559 59 288 417 790 219 683
248 20 6040 57 911 94 149 73 91 493 274 444 624 201 626 260 523 288 395 619 33 943 841 100 164 112 137 89 177 499 308 389 989 593 427 829 243 659 136 704 210 104 580
249 20 4675 77 593 232 771 105 609 584 907 149 623 103 305 133 213 803 453 472 633 164 279 37 174 424 417 226 198 673 764 98 148 473 29 608 68 91 912 195 26 197 458
250 20 6636 317 30 407 495 584 226 445 923 669 915 733 688 576 333 647 396 297 928 362 804 242 817 113 848 103 539 73 692 825 75 591 628 372 917 190 54 412 454 337 814
251 20 5143 365 741 79 26 130 18 226 175 551 849 600 310 512 902 1 265 21 17 376 402 128 146 146 21 815 407 58 139 639 906 184 833 383 420 16 902 823 936 376 307
252 20 4418 114 584 73 690 221 308 373 69 335 546 398 745 51 342 465 65 465 940 248 46 199 559 158 858 489 114 63 530 211 904 328 86 440 797 271 496 441 347 180 188
253 20 2763 114 444 130 196 267 19 384 996 53 64 250 718 67 731 468 988 1 132 312 458 351 382 34 672 171 520 123 382 14 759 16 76 70 222 289 916 193 908 147 437
254 20 6046 648 817 476 877 652 556 150 815 743 429 133 14 599 564 254 809 313 739 158 324 335 9 171 96 3 578 53 849 607 644 363 148 483 404 535 152 723 356 159 51
255 20 6840 703 690 451 540 327 763 260 616 114 189 225 524 848 267 300 34 265 819 530 833 669 527 157 56 116 502 309 68 117 537 879 652 553 706 419 172 595 296 713 299
256 20 6369 502 309 124 69 53 379 165 687 265 337 270 863 800 512 41 582 525 923 111 886 710 69 825 667 435 722 492 247 274 135 553 680 344 776 509 453 566 221 398 118
257 20 7179 103 859 163 304 210 709 362 699 58 561 574 879 456 24 466 989 584 412 894 593 385 324 611 930 259 877 124 345 882 629 736 664 73 77 302 653 836 948 896 953
258 20 5284 12 645 193 654 52 298 294 664 409 942 261 347 541 123 327 893 128 955 796 523 159 348 779 233 386 986 220 43 589 515 184 303 548 579 133 226 440 479 154 667
259 20 4825 308 472 124 795 13 943 386 235 521 761 192 247 439 815 421 326 462 423 218 528 159 866 216 144 785 930 63 879 97 639 482 202 244 727 477 922 392 20 33 702
260 20 5410 785 977 267 31 307 306 207 270 400 852 193 429 341 632 202 894 39 955 198 784 3 220 876 902 472 390 669 280 472 597 77 287 320 50 58 136 142 637 735 977
261 20 6802 414 423 279 992 743 610 684 294 192 500 295 62 185 374 317 136 609 140 297 500 332 140 83 326 10 108 623 298 569 946 740 100 224 381 523 982 937 53 447 37
262 20 6211 160 986 146 937 136 255 637 536 252 425 420 544 463 389 823 659 15 205 168 917 953 904 81 849 407 143 415 240 118 857 601 360 265 581 805 216 537 70 362 645
263 20 5340 38 579 153 115 638 271 57 738 70 880 467 754 467 382 933 126 493 894 170 846 375 678 651 185 419 847 115 95 279 848 218 94 148 987 419 823 494 873 72 893
264 20 6633 566 870 471 254 39 992 847 388 436 734 209 634 584 2 751 972 52 82 534 828 581 516 249 803 3 614 168 315 677 586 255 349 683 87 562 996 229 295 396 102
265 20 6024 327 959 811 64 92 872 373 58 582 336 609 765 276 338 256 335 359 600 252 465 422 153 381 142 180 325 401 220 564 982 251 784 410 982 92 863 754 430 139 470
266 20 4804 644 658 13 357 221 408 44 569 13 612 473 573 161 808 63 930 378 348 193 804 185 990 447 416 249 110 512 1 71 854 724 671 492 129 265 456 478 474 380 278
267 20 4452 316 556 379 52 144 824 321 379 469 29 272 41 710 996 295 506 532 323 288 541 258 120 252 625 216 430 38 732 272 735 157 475 163 521 159 182 136 802 189 95
268 20 4104 94 97 474 231 129 504 566 513 19 791 274 449 78 33 299 795 141 108 449 516 309 286 74 660 33 599 78 860 274 394 868 138 145 713 192 681 631 774 4 454
269 20 4339 109 218 538 271 486 755 68 20 261 308 163 575 605 43 565 791 227 218 180 500 188 449 714 713 34 953 137 439 154 703 233 472 328 604 22 148 100 731 312 3
270 20 5772 787 846 122 857 669 185 408 646 388 775 79 17 967 764 547 959 195 934 131 537 41 913 42 650 73 893 394 30 689 791 122 24 223 149 173 200 292 374 874 112
271 20 4596 220 995 5 944 419 320 473 165 15 191 54 71 732 383 272 677 221 125 291 552 314 477 741 4 323 731 159 886 87 948 466 156 498 4 2 168 405 891 49 807
272 20 6411 807 228 470 428 1 304 451 51 149 403 630 552 442 821 50 680 107 905 740 337 42 931 229 403 69 708 551 593 869 74 201 746 589 432 88 541 824 501 705 385
273 20 5115 114 748 478 415 43 242 794 326 66 368 755 35 773 158 691 854 3 402 225 251 448 994 135 608 300 371 224 474 45 725 332 74 76 2 246 63 617 875 29 341
274 20 4804 187 951 196 325 51 147 449 890 543 522 25 308 351 327 585 924 185 226 160 110 163 319 319 782 423 101 93 766 238 239 394 828 36 538 435 487 391 816 782 473
275 20 5399 383 224 432 334 48 121 8 832 213 994 76 879 426 338 705 172 98 34 888 711 653 501 65 139 682 186 66 154 851 402 184 236 59 522 391 914 490 884 31 685
276 20 5597 414 169 482 927 712 696 68 989 504 581 348 749 137 319 657 815 109 584 106 339 588 820 107 622 36 589 368 655 640 916 597 440 63 828 459 97 407 917 195 611
277 20 5205 153 336 614 828 42 579 135 591 242 609 531 278 35 190 233 5 289 496 728 282 611 119 28 953 62 818 191 338 340 908 127 845 265 544 580 645 688 935 613 364
278 20 5897 45 521 114 156 792 603 423 485 34 651 187 12 688 101 360 230 569 810 711 616 571 656 281 130 177 2 222 771 308 729 240 917 833 51 573 786 131 751 113 919
279 20 5369 325 464 289 184 327 265 67 423 270 70 899 389 187 284 241 662 98 804 317 211 794 260 323 777 28 197 110 949 320 377 480 67 386 928 602 946 596 886 53 117
280 20 5631 489 509 744 912 160 372 461 274 104 322 487 640 628 36 216 496 525 440 69 144 149 58 149 157 331 151 771 835 168 976 302 770 465 221 167 315 147 994 507 628
281 20 4574 153 399 494 797 586 28 17 57 291 366 209 639 34 148 128 160 62 613 691 582 36 769 383 717 66 330 156 707 14 118 965 306 458 399 103 177 863 914 9 102
282 20 5207 229 320 358 310 387 721 354 688 254 815 249 835 155 759 464 952 113 589 850 182 242 103 38 298 112 707 169 212 636 365 663 737 175 694 213 193 8 983 840 186
283 20 5675 530 169 74 47 161 758 239 553 200 475 358 196 539 465 118 690 143 750 612 394 276 129 409 66 837 331 627 583 406 691 184 54 11 342 137 739 649 687 584 441
284 20 4724 765 421 204 877 239 84 69 181 233 890 545 427 471 965 3 567 190 433 515 316 36 689 156 390 382 775 558 993 485 917 86 466 114 856 238 939 500 615 116 274
285 20 4996 6 884 322 766 201 823 665 343 61 437 497 276 662 926 237 20 615 135 240 481 194 543 77 457 66 339 415 108 822 72 14 54 164 678 7 484 576 284 404 942
286 20 5461 176 122 322 393 2 708 306 585 251 755 374 427 91 588 767 263 615 117 326 248 113 511 305 17 924 276 288 868 3 876 156 573 619 285 539 315 336 567 314 167
287 20 5100 200 45 229 406 195 782 382 160 601 90 291 920 187 759 143 894 144 115 121 181 478 651 473 297 201 694 249 513 530 468 611 754 697 429 89 970 192 862 362 859
288 20 5418 399 350 653 970 32 877 9 592 522 607 747 749 480 868 417 339 324 845 142 919 246 497 334 32 208 629 487 764 253 164 319 804 306 944 390 80 357 145 148 565
289 20 4892 147 296 313 930 119 737 762 120 826 7 306 672 545 600 372 195 591 904 76 379 490 574 282 132 208 919 71 329 261 323 64 144 198 632 128 90 118 663 239 280
290 20 5136 173 946 227 827 142 8 293 246 380 609 445 523 638 737 481 724 165 789 370 427 419 663 117 566 186 2 250 320 221 291 647 597 277 292 301 693 465 285 224 4
291 20 4781 13 812 131 814 111 152 460 197 108 271 618 276 651 816 52 323 513 222 286 521 100 312 768 295 181 144 441 952 310 693 126 532 177 820 124 84 669 80 138 298
292 20 5390 311 378 131 853 526 963 308 353 698 723 629 398 631 819 22 860 297 151 556 855 365 160 90 652 842 325 366 444 36 596 333 999 335 39 121 994 101 119 40 964
293 20 5460 660 664 260 853 150 297 204 392 74 866 647 613 96 941 655 747 459 33 642 208 173 665 56 319 97 256 610 872 675 949 259 685 795 617 45 619 113 939 156 105
294 20 4988 163 741 545 356 370 389 439 307 650 131 52 508 563 530 194 257 48 206 41 799 18 998 113 917 522 38 480 548 791 386 77 417 366 536 209 624 452 781 143 335
295 20 5604 643 103 246 243 396 11 819 326 757 616 125 532 445 548 343 75 208 791 173 235 131 226 650 592 460 67 8 350 56 834 373 69 662 351 107 513 193 717 210 100
296 20 3720 430 440 317 480 50 101 209 469 14 308 44 606 305 160 562 169 215 810 656 227 84 877 41 19 363 450 330 407 50 591 91 707 140 179 514 918 224 448 12 986
297 20 5630 137 552 265 237 721 690 115 899 486 630 410 981 225 455 503 658 482 895 159 345 221 962 105 818 603 408 427 209 646 424 737 732 80 586 356 802 28 7 332 369
298 20 4808 2 976 22 634 466 425 87 95 284 290 303 400 417 733 75 240 61 619 391 203 379 630 755 265 312 218 548 763 698 974 161 495 415 561 307 502 176 537 152 697
299 20 4838 437 674 67 778 540 131 152 236 357 896 79 872 221 971 286 645 216 714 158 915 799 450 287 81 425 137 264 251 18 387 357 251 25 189 700 728 250 784 410 601
300 20 5909 52 192 107 594 422 714 9 91 373 929 648 721 285 544 648 6 191 739 789 853 587 405 149 696 388 654 418 443 484 496 218 35 277 716 392 434 511 909 439 767
