1 20 8413 144 172 452 38 595 109 259 295 586 602 242 568 856 269 901 617 977 29 89 776 547 660 470 200 486 89 401 89 800 506 297 32 657 520 334 30 852 170 572 350
2 20 9607 640 166 937 833 829 354 294 741 530 197 675 298 854 943 629 956 213 862 535 199 427 67 345 270 650 708 701 86 962 607 743 782 751 307 708 46 448 152 138 693
3 20 9579 466 722 539 198 620 905 316 768 108 137 471 305 682 740 666 322 982 795 219 643 392 933 503 928 927 437 672 944 966 202 575 770 774 68 839 617 484 776 773 886
4 20 8379 906 866 639 553 184 412 161 162 754 382 887 796 605 99 476 904 558 634 692 872 399 132 733 586 63 948 266 637 454 796 283 676 645 919 232 646 877 56 660 575
5 20 9012 809 242 343 599 502 980 751 853 586 698 826 375 430 281 849 579 933 990 705 518 398 970 980 992 875 423 185 226 300 223 218 408 319 917 859 80 301 701 97 710
6 20 8448 281 379 631 841 459 354 10 807 104 332 361 223 448 157 295 203 981 450 789 124 785 490 801 71 480 810 822 468 454 845 711 813 615 256 237 297 406 927 890 670
7 20 7807 312 62 225 150 119 806 870 498 423 440 701 385 719 274 119 990 300 110 263 401 622 500 42 8 928 269 330 677 910 258 994 317 98 945 568 320 933 142 283 918
8 20 8407 54 817 93 34 313 599 15 192 746 895 1000 6 788 898 379 209 632 963 356 7 332 774 316 982 855 207 928 489 71 533 706 839 557 67 963 120 773 151 632 875
9 20 8232 386 836 472 221 321 730 194 646 867 592 882 591 448 884 653 473 595 481 658 673 767 164 957 228 249 172 473 420 165 119 505 291 210 912 429 768 362 921 697 896
10 20 9247 789 407 100 695 439 724 393 736 826 877 798 751 798 865 932 915 318 711 55 940 935 595 39 334 820 688 867 860 4 233 297 161 779 903 787 198 657 782 926 394
11 20 7624 411 412 297 790 409 955 192 16 280 141 135 273 626 794 909 465 751 738 358 967 349 33 460 316 861 37 133 933 401 871 688 894 617 182 452 716 527 494 675 91
12 20 7632 522 273 925 118 768 33 724 525 187 568 567 908 955 621 144 365 512 317 75 176 129 356 284 526 134 869 470 661 925 457 737 913 142 694 506 230 320 307 515 904
13 20 7651 527 364 230 757 812 236 262 130 665 906 228 57 381 472 376 506 465 429 185 502 267 159 659 849 67 117 838 261 419 816 948 898 612 123 464 540 485 57 674 166
14 20 8816 687 157 873 990 655 599 78 530 693 428 494 72 846 715 916 882 372 967 530 595 462 344 652 80 676 637 3 431 551 256 519 358 693 708 970 118 268 94 82 573
15 20 8261 648 9 516 899 288 457 925 32 620 944 281 869 714 764 24 722 587 408 577 768 134 315 131 112 630 386 632 676 741 469 875 525 122 326 771 815 976 494 135 595
16 20 9862 99 311 793 858 237 531 828 682 552 933 297 966 398 201 997 381 839 329 480 542 969 552 288 20 540 792 134 448 866 115 837 465 642 84 820 909 828 789 884 451
17 20 7105 370 864 762 447 390 798 218 942 766 165 256 932 457 535 500 756 18 289 635 720 459 398 983 457 580 179 784 924 164 834 338 674 217 293 156 197 504 720 325 658
18 20 7987 84 341 406 430 81 851 130 951 56 914 467 199 909 117 946 871 654 916 895 840 384 839 850 454 140 836 920 125 355 520 578 222 736 864 533 913 703 345 157 481
19 20 8055 75 428 453 128 503 771 548 522 604 298 539 316 706 948 989 931 458 271 502 482 508 787 117 643 181 803 500 584 381 469 639 968 300 597 751 21 700 946 615 992
20 20 9052 840 274 856 113 116 110 806 825 439 516 562 606 31 157 593 555 790 658 695 322 580 1000 767 382 927 583 780 52 401 636 155 919 252 622 895 217 244 919 586 25
21 20 8244 648 912 123 755 432 303 670 513 397 90 838 784 248 199 759 705 808 623 181 254 371 968 998 315 879 558 221 153 188 681 895 51 352 906 346 686 472 850 480 515
22 20 9011 196 604 949 315 880 395 80 538 794 459 369 366 667 834 426 257 989 724 463 796 709 209 675 187 532 638 125 517 824 574 40 4 448 260 585 247 800 756 713 326
23 20 8721 969 918 916 360 467 208 278 974 22 670 378 455 187 79 197 636 943 219 704 133 526 645 741 240 107 548 737 604 654 490 245 230 874 703 494 749 931 567 532 606
24 20 9763 303 901 996 163 416 9 958 155 964 490 812 69 938 630 749 232 540 422 642 411 801 625 961 41 147 960 721 269 643 427 366 59 411 523 400 292 256 706 180 868
25 20 6508 41 205 157 849 879 692 367 940 392 918 511 500 790 38 183 397 487 85 197 337 884 275 933 1 553 328 51 726 22 809 151 553 453 132 193 260 323 180 569 615
26 20 7919 982 374 152 688 217 435 983 800 379 638 138 711 334 631 733 211 718 982 457 57 804 662 255 229 251 9 557 310 15 618 880 813 201 685 304 886 979 386 560 215
27 20 8981 229 605 926 284 427 941 775 369 865 50 491 379 584 11 382 45 473 116 404 581 914 478 449 212 350 935 342 179 448 813 907 941 314 217 699 703 394 616 854 537
28 20 7736 596 131 201 180 840 385 151 717 538 924 452 332 921 214 256 998 705 875 828 367 199 863 162 331 465 608 803 600 648 50 427 763 426 367 330 7 653 341 69 824
29 20 8317 651 516 340 321 633 10 447 475 797 245 589 374 281 279 398 124 22 791 506 640 433 906 155 98 789 262 778 40 326 619 338 99 971 824 663 65 554 701 726 121
30 20 8419 826 268 865 62 964 6 280 904 501 100 927 320 45 991 436 637 577 51 615 578 194 558 216 191 728 345 666 159 652 373 294 184 107 844 662 95 958 541 11 869
31 20 7634 894 522 186 780 84 456 322 139 449 7 516 715 915 302 557 529 428 474 713 717 463 534 433 685 447 534 651 10 544 505 407 407 711 12 146 863 429 880 248 125
32 20 9562 75 167 697 390 890 983 538 959 648 674 199 866 809 212 992 647 587 762 811 95 257 736 936 962 738 120 258 37 840 710 103 707 606 71 671 803 345 700 953 474
33 20 9527 810 233 336 242 414 852 642 78 806 225 930 106 199 359 556 397 342 174 462 668 824 280 441 667 430 577 259 933 981 329 842 566 768 564 862 123 549 10 456 579
34 20 7960 566 583 121 873 880 934 711 815 10 143 545 775 585 315 426 813 676 141 206 161 709 771 878 274 743 681 466 504 359 387 209 393 706 118 545 756 479 150 131 719
35 20 5775 350 890 127 676 407 729 528 177 558 620 391 952 659 249 569 364 338 423 332 859 597 689 126 795 311 718 185 884 93 618 145 296 247 985 848 201 93 65 315 652
36 20 8761 860 305 622 744 176 442 877 512 286 1 667 478 505 953 150 501 276 387 495 151 361 858 333 996 389 529 741 359 918 447 811 844 764 376 709 586 714 217 298 2
37 20 9220 793 569 853 855 378 919 364 543 974 176 647 906 935 499 137 221 456 343 122 318 996 715 419 291 628 497 888 751 580 163 324 674 896 101 121 903 991 521 23 358
38 20 7600 346 461 238 773 844 655 478 903 858 215 764 431 205 487 141 964 433 741 700 469 469 184 309 888 73 7 434 304 650 888 404 717 638 321 923 425 289 40 304 758
39 20 10081 1 253 738 160 430 179 975 690 769 711 478 823 858 396 735 653 374 571 859 350 946 231 354 30 121 122 359 948 807 445 997 239 536 708 642 77 665 42 958 182
40 20 8746 587 851 980 861 762 257 818 177 222 246 375 445 11 559 475 420 484 606 116 514 935 28 891 580 772 268 486 392 422 330 905 773 650 552 183 736 184 445 675 924
41 20 6751 311 356 463 955 125 597 200 359 878 224 471 893 535 591 693 547 220 475 577 337 183 122 74 591 337 360 758 832 312 502 100 435 214 306 453 847 685 226 850 824
42 20 10312 98 433 661 275 423 34 676 916 902 359 729 817 943 641 815 70 431 277 883 378 95 592 234 186 934 382 973 737 164 630 796 459 914 9 747 685 648 449 824 594
43 20 7340 265 100 138 491 943 374 142 498 351 836 615 469 994 900 480 330 391 721 155 55 945 831 783 233 74 971 436 425 595 865 261 960 484 271 476 907 483 624 165 99
44 20 8320 815 620 297 11 756 995 133 874 91 265 212 997 909 66 58 826 876 850 921 83 319 371 747 45 661 956 815 267 25 891 625 196 558 540 521 5 718 487 343 60
45 20 8366 352 411 394 237 690 646 47 934 340 231 251 667 863 583 375 348 576 979 801 743 961 703 409 199 512 136 55 234 281 7 971 791 953 424 300 719 670 834 657 155
46 20 7957 670 146 289 508 906 637 74 453 943 648 774 856 501 485 550 366 18 771 976 979 941 671 76 394 242 216 814 470 186 393 31 149 70 284 210 547 711 597 965 642
47 20 6815 242 405 486 977 754 857 234 786 810 209 210 813 14 213 296 876 520 96 890 620 935 134 941 903 39 188 708 913 178 403 145 788 155 824 295 799 539 487 128 133
48 20 9204 489 328 708 181 67 564 904 124 698 617 287 947 648 996 674 808 606 759 480 96 363 723 930 809 567 837 418 629 447 569 884 779 409 613 810 691 208 815 909 797
49 20 8941 903 701 247 565 432 506 347 954 527 443 892 118 735 781 969 279 550 710 524 299 164 932 505 769 969 557 663 101 696 760 431 226 43 383 207 79 647 884 726 399
50 20 7430 816 545 311 402 98 466 563 615 780 459 387 310 458 653 400 700 430 197 611 558 271 558 824 846 960 80 258 67 906 676 570 461 128 284 302 95 24 648 191 691
51 20 8843 866 723 324 160 32 697 872 217 342 409 644 277 663 473 635 711 747 328 425 252 486 353 956 278 958 471 319 640 69 801 475 694 248 600 760 786 505 615 728 368
52 20 8491 669 190 979 866 571 991 695 773 795 911 311 469 663 738 636 142 796 730 113 792 81 263 43 359 829 59 658 607 956 8 494 239 985 411 224 367 113 349 3 44
53 20 8767 27 37 604 578 50 865 306 434 665 425 593 766 964 308 48 288 797 928 698 678 822 156 810 319 217 517 550 205 503 650 690 550 270 33 571 164 778 754 996 975
54 20 9230 765 384 859 858 729 50 660 278 319 197 343 204 565 824 448 308 514 757 760 622 370 336 176 406 901 699 974 820 757 445 236 802 598 840 673 919 781 912 110 680
55 20 9357 465 281 966 57 713 522 815 880 967 957 635 455 676 857 75 893 325 982 920 937 433 597 83 638 643 505 109 861 719 873 431 571 866 867 944 291 377 817 535 763
56 20 8244 578 804 455 155 804 509 767 677 48 831 910 256 47 6 827 462 420 738 899 199 258 278 456 77 534 104 720 208 256 403 375 475 544 752 624 201 166 805 618 435
57 20 9126 485 261 239 53 240 160 667 948 93 183 706 901 211 605 847 379 906 948 603 148 859 802 462 899 600 107 814 713 901 330 59 632 937 365 799 788 895 534 85 483
58 20 8543 842 566 750 431 441 204 962 186 151 869 459 733 595 673 748 80 442 192 570 221 942 545 393 928 288 295 884 871 431 930 9 939 399 615 949 846 235 622 189 771
59 20 9597 148 377 996 719 200 909 257 389 664 65 570 915 980 23 731 186 801 236 798 533 899 611 272 517 700 372 447 803 652 20 941 561 799 613 161 184 47 870 934 328
60 20 7866 689 52 264 286 914 322 587 747 271 511 445 225 180 706 836 471 600 49 769 958 838 229 168 421 316 966 424 998 531 34 263 99 282 772 220 457 303 781 933 369
61 20 7888 588 894 805 401 929 734 172 526 377 559 684 534 477 103 766 781 46 796 182 772 262 518 747 902 88 889 404 360 702 354 298 342 684 52 687 60 861 613 101 255
62 20 9986 876 464 474 817 446 106 635 633 973 254 127 476 624 656 693 848 954 826 709 402 986 544 720 895 661 731 167 229 811 631 612 42 2 131 870 802 291 911 852 614
63 20 7672 155 620 12 434 610 749 437 183 627 819 267 975 694 1000 373 456 122 181 100 345 781 119 859 164 644 619 979 726 276 680 617 392 938 230 148 326 395 47 556 801
64 20 8726 758 920 79 111 894 834 529 873 759 826 684 965 332 172 567 102 928 22 361 638 651 488 960 76 503 168 832 368 227 179 245 297 369 284 195 497 188 791 847 648
65 20 7006 186 167 197 911 288 559 116 555 88 97 497 341 686 353 444 854 95 277 707 125 903 258 451 518 341 425 299 321 840 491 115 659 694 356 771 130 900 903 140 168
66 20 8600 855 558 505 622 119 917 860 365 758 513 361 84 978 217 52 69 110 553 947 288 358 939 648 821 236 799 941 580 549 218 537 778 47 965 624 360 630 943 636 570
67 20 6401 265 472 766 887 338 132 551 758 820 933 9 639 449 89 89 95 205 432 562 653 995 524 689 843 85 67 189 214 477 144 849 918 128 850 174 257 146 814 216 425
68 20 8632 379 237 386 634 919 298 786 556 976 264 832 682 616 377 715 996 379 560 61 201 257 581 810 901 476 187 778 782 772 80 568 92 433 64 79 168 123 603 446 68
69 20 8115 209 426 606 170 878 762 104 519 690 69 207 216 828 70 360 817 236 571 574 939 230 192 929 531 858 530 234 815 957 745 837 37 420 474 349 133 375 999 263 274
70 20 7944 90 732 963 765 552 449 613 273 805 121 461 926 644 346 643 819 648 676 210 546 101 704 250 984 208 96 329 135 400 374 584 361 785 933 308 681 366 967 971 506
71 20 7043 967 629 114 278 6 851 846 685 919 468 290 921 747 943 100 95 652 37 179 357 83 404 916 311 978 385 14 406 353 112 81 5 171 287 554 299 165 770 669 467
72 20 8072 957 682 236 119 313 999 116 888 213 782 730 267 370 571 878 540 845 846 611 446 344 235 360 714 327 408 218 659 666 914 33 935 987 497 439 176 894 487 553 973
73 20 8929 412 66 747 324 841 522 970 327 790 381 992 816 103 209 704 729 455 403 990 878 417 816 443 151 697 943 201 945 983 518 146 16 169 973 204 886 324 770 574 672
74 20 8296 469 820 49 684 476 268 548 140 463 14 915 392 644 281 25 314 767 879 806 949 84 319 578 909 631 798 75 142 978 171 505 24 792 19 801 319 279 283 485 892
75 20 8613 295 932 488 958 135 150 715 37 965 666 687 98 226 33 666 340 632 617 574 799 234 945 799 597 758 38 810 305 458 351 400 302 656 29 456 95 702 51 111 916
76 20 8886 60 986 529 949 377 272 789 82 654 315 681 433 866 40 238 521 475 975 856 394 670 809 854 202 774 366 245 174 68 591 317 760 855 138 551 965 665 323 584 378
77 20 9428 212 619 751 551 647 194 489 711 858 834 428 86 610 834 892 707 289 528 179 225 420 889 658 968 923 832 912 602 218 65 961 750 919 612 485 957 442 832 492 63
78 20 9973 284 833 992 125 323 97 959 816 870 239 482 220 842 683 523 759 471 44 219 201 481 614 576 397 860 680 505 902 499 914 466 131 557 324 653 517 951 867 954 993
79 20 7264 931 989 193 163 662 510 404 402 606 995 143 210 409 153 108 146 134 43 953 47 984 646 222 479 206 260 935 617 129 404 104 80 918 157 296 322 112 923 631 286
80 20 7934 182 891 62 891 676 963 239 544 687 719 823 914 919 965 510 846 327 892 390 366 811 773 407 505 272 653 95 758 357 564 965 161 741 94 450 13 18 41 987 236
81 20 7426 545 942 277 798 650 269 958 119 342 886 928 682 549 703 85 829 679 424 978 530 269 950 109 52 431 553 27 707 769 489 821 993 109 695 52 389 85 771 620 909
82 20 6456 160 836 23 643 524 580 733 240 144 895 759 905 277 575 295 40 321 268 164 476 370 229 861 262 340 1 938 514 278 541 122 549 188 946 524 696 902 940 148 691
83 20 6164 385 970 482 835 203 292 385 413 30 111 717 273 764 391 182 992 384 723 402 936 242 578 49 659 45 894 22 378 401 712 644 416 815 468 957 45 143 146 453 754
84 20 9341 424 219 468 842 764 396 717 773 773 272 644 795 622 327 728 804 966 30 186 532 555 199 205 145 873 110 499 991 684 632 711 101 412 620 110 743 743 394 593 176
85 20 7505 853 991 139 620 31 516 560 52 180 235 324 533 950 380 22 143 510 291 729 144 705 917 69 105 624 150 370 766 681 979 362 525 563 822 395 533 320 856 995 528
86 20 8648 377 442 857 588 509 627 201 41 767 646 86 470 1 756 749 533 868 144 360 180 387 355 579 929 596 489 678 992 970 811 229 485 755 528 594 799 339 652 909 823
87 20 8417 951 263 492 302 200 577 837 525 607 372 890 878 141 731 179 64 513 847 69 57 184 756 363 388 491 616 501 524 291 394 963 248 825 496 871 463 960 415 194 881
88 20 6384 456 217 613 144 186 440 686 450 392 891 515 438 312 914 62 253 956 255 577 896 284 836 646 498 619 672 430 994 251 478 347 200 238 685 76 390 188 517 146 636
89 20 8218 777 291 419 498 489 104 237 548 226 596 560 204 334 422 662 71 982 466 365 328 703 325 738 629 349 870 209 958 798 671 167 542 83 79 717 355 459 50 999 441
90 20 7523 92 840 276 959 54 941 16 783 572 643 920 559 184 602 777 169 163 355 185 701 802 598 965 306 772 868 843 500 769 608 433 941 720 25 254 637 295 312 312 223
91 20 6916 927 990 324 529 50 124 654 827 555 310 221 922 64 20 33 999 317 461 824 467 926 577 383 342 66 280 450 437 887 625 157 15 750 308 161 262 626 919 271 946
92 20 7991 974 827 138 835 226 392 454 868 713 535 946 317 296 100 799 203 571 326 699 161 600 809 934 5 29 39 592 989 112 657 568 473 157 979 323 153 279 666 579 599
93 20 5431 23 54 535 549 380 708 540 817 645 784 119 90 167 76 717 928 165 143 214 450 753 172 69 931 817 50 82 569 236 53 324 999 263 40 122 483 35 338 583 238
94 20 7680 476 981 68 264 102 210 740 868 497 762 944 869 786 456 605 420 958 115 141 419 28 577 390 659 631 515 282 942 356 300 484 500 248 854 387 202 858 147 619 811
95 20 9285 721 156 93 790 97 254 947 479 358 943 976 177 772 264 710 94 805 840 579 91 819 227 436 422 891 321 385 70 204 477 498 268 640 458 451 894 657 765 568 949
96 20 7459 655 55 534 459 238 43 772 904 207 793 665 518 223 82 694 649 414 74 757 55 846 871 462 568 548 843 506 173 350 432 580 162 5 435 660 215 15 481 193 500
97 20 7174 377 449 522 497 296 696 668 269 638 903 489 578 700 352 239 268 432 572 41 182 136 204 500 102 631 727 764 828 962 186 126 636 932 438 171 990 244 808 100 238
98 20 7747 961 257 630 661 164 802 220 449 889 543 344 478 840 386 157 802 599 132 647 2 446 879 545 1000 14 35 166 517 376 63 897 604 916 602 370 83 62 189 441 85
99 20 7083 250 495 717 944 241 512 519 8 347 690 762 31 853 556 993 343 37 60 102 892 490 641 212 514 501 603 217 156 438 576 238 970 966 791 302 832 150 348 519 635
100 20 9237 170 836 959 49 853 31 940 177 941 491 97 117 760 547 199 42 475 269 76 976 297 135 313 976 862 576 980 739 951 373 226 173 597 896 277 197 609 279 965 415
101 20 9935 841 482 490 898 370 353 875 525 132 748 319 823 810 66 993 275 996 902 615 198 256 174 865 504 650 781 460 568 867 365 306 225 971 493 785 900 140 326 678 762
102 20 8765 538 848 133 528 878 636 153 897 380 967 715 478 565 481 523 722 903 35 977 304 142 111 707 900 534 414 151 410 463 792 562 310 663 844 479 560 896 406 595 967
103 20 11006 764 515 782 252 831 687 791 756 87 468 937 784 588 204 931 888 359 568 997 195 844 140 815 805 850 13 275 502 628 211 522 136 430 37 996 711 931 768 400 80
104 20 7995 429 229 47 700 688 283 634 118 578 572 21 310 974 841 800 466 35 748 789 355 801 192 208 221 120 816 275 77 820 636 662 917 789 5 231 306 858 379 235 795
105 20 8565 220 795 942 14 476 200 198 266 21 703 923 140 231 22 964 644 136 297 451 689 60 711 816 5 413 99 851 438 756 867 880 96 652 409 616 328 504 395 597 170
106 20 9662 450 119 463 878 720 141 431 379 567 729 102 775 938 497 986 684 306 70 899 85 612 722 268 956 626 994 450 254 536 976 480 710 635 843 919 866 819 510 871 387
107 20 7868 117 202 989 74 466 800 671 265 71 312 163 774 629 62 772 536 161 168 22 806 626 323 268 954 200 1000 818 245 272 362 944 865 688 774 823 917 901 359 234 53
108 20 7848 969 410 616 445 307 770 139 568 60 637 629 518 797 314 554 249 330 319 871 517 771 900 534 898 667 589 495 130 760 566 27 510 148 935 226 524 854 886 57 982
109 20 7931 919 107 17 26 661 883 18 966 314 190 911 282 547 350 388 246 414 820 57 804 259 658 810 164 98 200 757 277 247 934 561 796 604 258 629 224 790 218 913 114
110 20 9279 373 415 570 452 83 764 709 601 701 298 976 887 608 978 855 560 595 638 527 70 698 351 30 397 553 712 919 205 849 318 243 931 838 62 410 635 334 207 728 561
111 20 8985 158 162 714 248 253 565 195 75 782 121 944 882 429 188 206 618 745 108 946 119 72 844 905 330 773 781 923 641 644 850 532 615 564 302 24 183 537 915 886 433
112 20 8129 62 114 558 996 153 401 986 749 153 552 827 728 278 984 655 834 659 959 622 17 606 891 203 885 724 282 798 167 68 925 958 112 283 615 243 693 386 997 940 412
113 20 5832 599 516 436 868 702 741 716 352 19 410 413 112 766 861 219 184 88 394 21 273 129 443 939 977 334 795 84 851 221 177 9 400 220 131 692 801 429 500 255 75
114 20 8050 843 1000 277 480 918 486 92 22 370 482 547 938 699 134 63 241 376 886 380 85 837 179 311 90 302 990 788 143 89 203 761 591 125 85 899 199 635 626 751 459
115 20 8116 884 246 615 874 629 815 304 349 780 843 668 42 785 218 139 634 8 752 129 280 895 443 998 947 411 324 699 372 513 893 211 196 437 694 537 733 58 774 445 609
116 20 6688 777 922 298 517 813 354 76 308 470 157 413 861 557 760 377 521 977 164 473 373 177 362 437 440 187 42 234 148 209 672 858 576 212 377 644 976 130 663 41 533
117 20 7360 971 749 79 658 454 247 985 95 74 69 331 928 233 922 863 852 462 115 94 540 417 663 103 682 390 440 763 505 973 745 393 412 954 63 50 232 586 328 26 33
118 20 9272 162 195 986 501 836 526 457 53 492 127 822 936 787 271 724 919 252 961 983 632 691 904 528 140 13 764 820 755 209 274 548 61 711 417 342 146 854 208 374 201
119 20 8968 361 218 768 594 253 501 862 900 817 460 813 526 536 802 69 376 442 86 713 647 498 215 412 761 919 824 187 235 670 905 498 12 787 711 176 170 862 799 568 263
120 20 8329 492 455 666 873 697 846 8 673 89 254 259 15 818 121 581 875 833 706 1000 622 648 143 350 185 318 520 132 343 644 396 589 835 783 42 535 449 894 319 76 521
121 20 6135 436 798 431 991 615 555 145 836 518 967 440 613 175 543 598 220 246 598 833 188 494 83 845 270 121 659 95 301 62 666 296 33 36 319 510 175 758 584 15 66
122 20 9362 447 761 381 434 859 745 313 230 402 536 449 816 362 695 437 825 649 232 283 735 528 771 958 138 447 774 968 828 757 492 636 366 842 590 547 594 734 567 704 405
123 20 6074 831 95 862 154 644 960 495 751 116 377 51 931 791 960 262 694 221 587 603 462 182 142 244 461 335 37 136 601 174 982 522 987 225 399 415 827 411 80 73 416
124 20 8309 251 784 540 902 380 250 858 919 904 723 880 422 71 521 583 583 888 75 468 175 425 467 458 48 775 444 534 135 224 205 286 396 300 675 688 997 303 396 571 821
125 20 7496 225 376 167 471 470 284 966 363 987 935 883 823 470 354 747 455 815 118 258 487 807 611 691 807 240 685 425 118 310 834 93 780 159 931 422 801 64 565 171 819
126 20 8801 506 817 731 316 476 342 648 732 733 928 140 707 618 702 814 33 761 425 834 619 281 452 647 987 250 372 442 513 399 568 591 373 629 111 198 541 633 716 671 229
127 20 8657 424 353 308 368 944 898 210 464 476 893 558 216 757 446 541 353 518 107 549 484 422 458 144 112 789 433 777 617 191 169 426 456 948 493 632 152 708 573 500 416
128 20 8452 54 492 484 510 941 987 355 428 204 962 792 941 623 335 885 225 480 826 761 984 566 386 220 533 683 110 253 552 454 357 569 701 659 768 936 822 500 110 147 301
129 20 8315 15 656 213 823 899 694 554 261 438 255 677 489 174 560 385 121 737 725 75 932 961 616 820 338 398 570 919 252 324 857 322 224 854 840 323 557 348 465 958 949
130 20 10380 981 1 837 48 970 517 801 400 380 796 69 505 358 238 765 789 540 290 905 895 819 968 594 544 244 748 72 351 747 102 529 615 635 690 938 45 889 692 903 116
131 20 9844 920 813 111 175 724 610 361 899 896 590 327 748 655 834 78 863 677 33 729 747 800 276 933 49 944 682 435 497 556 646 970 440 548 446 640 26 977 213 24 702
132 20 8952 502 191 612 177 226 362 449 258 196 119 779 699 893 458 549 84 930 33 30 915 717 138 978 699 499 128 974 459 612 238 500 172 279 344 342 637 586 413 538 172
133 20 7768 808 852 421 653 499 826 109 645 752 589 453 16 4 872 296 718 661 849 958 789 22 860 687 561 234 458 626 638 555 789 902 270 211 754 986 994 101 569 426 207
134 20 8256 7 280 536 594 347 176 849 918 984 66 653 604 548 989 608 78 952 385 841 684 16 463 43 123 143 104 328 673 869 177 253 64 888 627 332 106 433 304 691 950
135 20 8503 512 642 971 309 348 979 68 981 98 687 921 173 990 927 480 570 912 331 529 900 737 903 84 594 676 280 803 335 28 285 647 233 346 396 305 273 780 244 394 535
136 20 7918 967 661 357 515 159 174 503 188 94 13 686 117 590 87 216 212 615 477 975 388 318 780 357 738 98 412 773 438 38 377 430 370 958 743 995 187 319 72 450 108
137 20 7652 190 312 547 580 211 747 196 399 905 337 502 444 746 559 874 783 369 907 455 856 268 10 713 614 500 2 102 586 616 412 565 747 933 36 476 252 289 633 108 657
138 20 9003 522 806 768 251 811 963 430 715 529 619 523 436 816 533 416 219 834 503 829 264 748 460 492 68 434 42 673 146 279 462 511 687 518 168 591 438 327 91 203 133
139 20 7576 867 517 64 729 431 496 286 168 332 931 447 617 486 594 240 723 516 724 984 363 770 305 264 516 398 437 714 3 678 63 793 136 486 355 260 645 130 553 324 681
140 20 7554 11 994 578 999 247 348 195 950 905 901 684 145 188 513 728 624 752 641 550 261 827 513 52 179 287 453 671 505 513 474 431 766 75 955 763 641 1 803 985 323
141 20 9760 691 295 476 916 136 753 815 744 481 418 571 830 115 20 758 765 995 502 277 942 840 415 606 924 883 448 714 808 238 743 868 667 832 682 830 355 201 761 874 294
142 20 7599 516 756 365 574 202 546 56 983 668 348 65 643 421 974 666 4 346 832 423 46 842 626 428 61 534 113 180 598 513 312 268 700 657 86 598 633 842 600 909 272
143 20 7609 10 358 345 298 718 492 83 41 795 426 575 779 45 523 660 832 218 572 984 524 215 226 151 627 963 524 870 138 523 617 209 590 599 804 685 606 218 400 646 359
144 20 6601 183 380 154 603 591 562 91 124 222 208 114 322 861 170 533 828 788 349 382 131 8 748 548 997 840 119 230 278 425 500 260 546 718 260 39 204 366 971 899 876
145 20 9046 838 392 365 604 643 415 631 569 332 987 450 489 983 159 363 787 875 435 732 741 945 369 287 104 431 492 192 457 804 535 243 957 753 879 89 238 853 319 499 506
146 20 7418 688 626 44 665 640 196 323 861 383 909 635 410 325 365 911 562 563 540 150 240 705 900 451 936 208 244 258 796 265 252 555 992 381 971 866 795 909 102 13 756
147 20 9183 924 704 750 44 224 1 613 344 689 997 419 976 37 2 412 58 193 472 517 413 375 309 991 98 885 736 761 609 232 394 926 603 847 492 663 961 395 765 626 564
148 20 9056 747 198 817 506 127 766 856 376 225 965 816 578 499 709 547 240 672 642 418 200 617 675 420 357 712 201 434 561 501 518 955 488 814 45 255 723 642 881 247 384
149 20 8432 868 621 974 422 300 282 564 686 257 972 922 520 629 525 87 957 595 781 85 892 800 74 70 763 239 401 701 559 82 530 817 159 848 614 438 892 618 721 646 191
150 20 8844 118 428 888 794 633 42 76 153 338 349 319 499 615 989 457 63 980 205 274 293 905 24 823 781 670 937 709 162 789 378 651 444 320 225 485 802 485 554 521 27
151 20 8857 780 115 818 626 508 663 382 753 394 247 366 456 468 28 302 519 134 826 840 939 938 491 760 392 340 944 893 64 334 555 647 10 803 856 840 786 220 362 305 797
152 20 10050 465 329 776 150 892 627 411 69 104 105 748 816 994 676 607 463 237 898 720 95 338 130 615 737 720 222 876 581 412 330 909 567 293 214 957 680 719 176 770 329
153 20 6487 47 394 171 66 247 685 16 746 295 530 937 232 188 559 521 400 676 778 669 389 474 783 746 720 62 779 16 296 953 41 72 772 573 28 493 698 298 732 655 2
154 20 8174 866 754 609 19 218 442 638 127 735 602 912 995 322 409 532 189 808 507 782 470 971 576 610 170 71 130 49 232 871 288 284 653 416 990 192 727 331 960 1 351
155 20 7703 884 691 237 788 680 214 413 25 564 507 518 974 13 821 277 364 793 709 482 509 484 788 639 503 566 810 255 39 218 975 823 707 323 770 845 442 196 436 419 40
156 20 8992 816 772 954 848 539 394 960 629 286 1 501 878 524 610 323 882 496 994 47 569 552 906 197 505 390 812 557 382 554 375 925 446 423 765 743 643 775 933 679 102
157 20 6948 10 352 545 312 304 121 217 765 656 534 237 741 342 942 706 959 563 137 848 735 55 298 503 925 278 16 431 80 799 328 334 99 280 411 333 455 377 469 868 654
158 20 8478 357 205 943 723 197 721 570 665 942 44 952 578 113 118 966 471 345 219 476 375 722 739 259 467 774 310 343 842 896 563 981 241 272 230 269 241 93 868 128 476
159 20 8591 822 102 806 912 452 52 963 656 880 157 243 396 868 665 712 976 652 237 351 932 90 386 697 41 326 409 200 642 834 123 376 192 817 924 219 852 154 216 277 725
160 20 7985 517 610 696 69 922 40 673 339 143 655 220 580 160 509 509 776 463 840 848 27 474 703 93 526 771 96 863 671 69 887 903 552 555 198 658 398 340 646 105 841
161 20 9453 810 766 967 19 818 772 475 902 324 604 147 182 824 161 772 886 75 731 346 761 964 698 541 455 725 329 302 744 869 508 785 319 387 900 586 975 324 627 776 813
162 20 7980 641 413 167 416 571 555 415 52 40 963 646 349 994 527 63 845 680 612 244 172 761 90 983 738 878 366 926 378 296 353 402 812 66 207 649 32 212 604 342 920
163 20 6170 408 894 374 228 260 357 454 156 98 663 660 506 175 144 254 666 455 613 462 8 83 677 343 375 113 94 518 689 347 356 485 954 180 90 960 552 896 27 188 451
164 20 8024 405 131 866 257 676 359 219 39 706 750 459 720 240 434 470 281 151 336 229 540 202 988 917 271 672 760 693 674 107 676 265 615 322 492 786 514 884 561 762 290
165 20 8317 939 489 760 161 51 588 979 326 501 834 653 525 105 739 807 391 658 647 438 890 328 243 494 129 783 145 678 920 108 175 761 340 30 511 769 64 24 780 531 854
166 20 8753 558 814 649 22 289 77 912 91 971 68 668 755 191 528 395 285 132 964 781 687 469 979 977 734 392 494 868 108 492 128 659 295 898 588 169 471 347 655 125 774
167 20 8791 571 411 80 76 611 174 938 368 192 375 317 346 499 196 261 882 51 169 914 699 406 907 842 209 860 228 659 830 87 552 557 865 782 669 915 240 578 357 869 526
168 20 7234 571 669 193 665 224 267 120 711 440 548 932 771 972 452 36 78 347 785 264 238 815 593 666 819 606 152 202 932 924 172 310 598 368 547 217 539 785 873 51 725
169 20 9444 661 291 539 867 312 888 544 179 413 433 564 83 962 219 613 499 357 997 772 563 646 260 628 689 800 910 640 614 324 481 763 669 664 891 768 922 670 13 166 140
170 20 8458 103 581 568 832 343 546 78 452 411 773 740 677 839 84 326 629 726 23 223 576 239 395 851 757 724 72 531 839 892 204 310 731 713 908 215 312 865 542 876 611
171 20 9222 190 252 806 742 936 569 541 839 891 188 690 792 690 78 688 744 817 488 655 211 53 554 629 269 962 792 666 175 212 363 641 718 787 529 243 684 360 105 71 454
172 20 8852 275 345 986 886 853 668 734 780 952 595 801 391 165 827 245 1 509 409 833 269 520 463 583 192 945 273 538 295 68 982 306 642 111 526 845 881 67 866 729 477
173 20 9452 812 38 723 560 269 719 515 691 581 104 507 349 546 873 644 684 823 25 25 574 362 986 632 401 689 342 823 250 381 13 973 534 990 155 525 591 490 521 505 992
174 20 6745 663 541 317 944 640 211 468 440 833 499 144 330 101 996 225 733 308 75 128 752 64 700 122 263 649 200 936 394 209 101 257 546 447 257 671 637 670 765 580 573
175 20 10197 909 495 67 743 485 908 923 692 709 894 835 649 961 602 136 958 379 143 313 270 508 648 850 169 444 30 745 430 334 840 834 456 890 237 675 106 870 846 880 113
176 20 7754 49 69 178 594 147 146 541 834 374 64 198 440 633 827 205 140 460 840 151 406 563 252 573 247 805 789 462 185 794 483 898 454 955 668 851 454 761 699 95 797
177 20 8284 182 127 86 494 963 99 292 909 845 817 248 326 824 230 543 16 150 149 570 145 324 534 881 797 958 532 971 250 114 397 303 824 961 166 270 920 842 347 28 129
178 20 7784 762 617 758 101 236 524 444 231 389 911 529 344 127 730 166 4 805 963 769 429 226 346 6 785 542 36 482 73 355 340 795 563 572 8 237 967 549 562 982 235
179 20 9056 926 735 902 344 212 977 380 378 727 668 124 489 390 380 657 862 524 19 311 22 84 669 938 48 827 637 164 255 991 730 114 166 755 847 977 955 715 792 603 669
180 20 7092 794 150 639 412 791 9 691 527 654 907 155 597 850 711 143 588 208 921 367 631 67 892 45 795 68 54 730 325 118 293 730 25 184 88 21 717 684 32 927 101
181 20 9392 958 502 582 932 827 811 322 455 754 331 977 494 686 470 449 998 415 9 895 872 862 969 286 592 545 377 846 367 164 39 482 697 748 523 126 576 296 433 521 520
182 20 8347 676 641 366 508 805 998 945 739 953 126 408 460 670 456 379 570 26 144 185 27 722 645 582 504 309 578 600 814 705 573 184 790 227 44 272 111 999 99 421 249
183 20 10056 824 289 29 663 461 430 201 773 468 912 767 420 973 469 815 477 856 646 586 393 570 811 897 287 583 159 646 739 481 506 964 699 944 311 117 467 635 505 753 612
184 20 7099 282 881 408 59 936 23 181 218 52 281 800 93 863 748 503 423 715 660 168 740 402 206 306 477 197 235 230 692 915 172 591 866 64 39 248 1 536 29 477 632
185 20 7921 224 481 281 360 682 574 936 355 83 823 887 268 445 813 167 738 965 902 556 552 607 743 656 313 403 631 497 964 896 142 133 127 88 966 275 43 810 978 311 3
186 20 8574 891 717 434 545 459 505 825 977 822 443 422 25 384 573 487 410 758 173 269 845 152 774 285 880 845 506 773 985 331 260 349 675 726 548 473 447 382 131 651 776
187 20 7987 849 76 733 610 92 870 887 80 727 583 935 718 238 327 105 826 449 338 183 589 839 362 589 921 901 766 390 187 24 599 130 842 564 370 932 582 215 268 202 538
188 20 7698 795 49 677 67 642 430 508 218 637 794 279 714 79 733 954 764 369 373 830 943 764 478 434 606 26 671 39 19 536 368 37 377 639 539 477 806 339 738 562 410
189 20 5837 421 93 175 70 365 857 92 644 869 888 877 37 386 616 97 1000 166 973 304 155 272 126 195 145 131 631 310 506 334 495 765 85 302 921 155 593 588 154 493 530
190 20 8368 811 942 709 312 117 51 220 141 725 152 620 168 958 827 993 224 458 619 161 498 717 41 68 237 780 611 5 39 791 427 702 703 139 399 254 205 438 495 795 613
191 20 9219 873 17 555 89 614 867 698 141 357 467 973 541 551 929 501 415 348 87 122 483 1000 146 82 943 868 793 519 721 450 535 604 104 921 416 735 695 261 467 492 355
192 20 7891 977 341 930 937 125 416 687 644 431 780 443 432 116 855 145 377 559 547 548 647 539 516 471 17 826 357 943 313 208 609 138 859 687 200 280 727 312 971 499 33
193 20 9972 210 297 457 141 430 28 933 710 342 987 634 208 778 621 643 838 736 863 937 957 324 139 779 631 143 326 752 999 993 298 736 318 511 604 354 391 896 458 877 650
194 20 9728 571 315 793 472 765 688 741 698 30 41 566 106 238 336 496 854 836 122 445 446 634 843 946 252 148 106 578 544 391 121 917 278 998 913 735 221 347 338 985 42
195 20 6417 288 842 519 841 339 115 536 479 996 933 132 126 429 239 247 798 408 282 252 357 445 422 521 586 204 329 100 789 223 225 944 946 408 19 720 530 11 566 300 301
196 20 7827 330 284 238 508 80 290 741 912 676 951 620 2 97 960 552 722 502 185 991 133 259 285 472 300 688 599 296 980 615 936 515 246 465 508 734 829 327 518 586 305
197 20 8039 302 895 534 186 92 312 642 212 881 997 888 528 606 2 717 136 73 863 935 669 839 478 656 559 148 46 284 651 962 945 616 587 40 719 355 537 31 753 448 231
198 20 6596 131 706 310 982 171 225 524 506 337 960 667 870 534 666 196 311 565 496 304 199 706 158 89 792 666 725 479 230 510 739 241 724 167 67 461 328 375 253 812 499
199 20 8800 590 953 333 797 657 88 718 577 353 674 28 706 756 94 395 138 719 368 541 796 922 732 818 550 981 32 241 156 513 14 817 749 909 487 46 814 395 23 268 363
200 20 8214 953 922 3 946 57 462 698 161 53 312 575 204 605 77 991 493 645 837 420 570 834 361 271 404 628 735 450 27 591 523 349 462 56 39 428 369 886 100 775 166
201 20 9673 574 819 780 432 799 452 700 449 893 447 717 132 328 445 252 691 797 582 467 651 777 82 273 483 594 560 969 21 818 622 200 55 223 275 705 708 889 799 337 282
202 20 7532 480 477 97 429 523 749 427 113 523 307 321 692 810 216 775 883 404 941 185 372 895 808 872 450 261 524 250 914 811 791 791 241 422 938 169 333 347 974 52 42
203 20 7449 473 974 691 381 168 553 283 800 561 438 614 741 54 498 545 302 385 903 225 417 217 153 553 940 128 68 657 873 650 349 664 188 983 35 772 294 53 562 636 837
204 20 7783 625 256 139 468 959 454 424 886 587 695 709 481 939 404 139 169 149 518 278 200 91 887 978 350 849 361 536 816 328 318 231 828 254 268 942 624 389 708 183 908
205 20 8951 681 885 452 351 348 483 778 875 835 630 740 327 919 682 756 291 583 823 464 416 534 222 173 853 346 501 334 38 791 831 410 144 460 299 202 305 623 288 760 955
206 20 8276 812 721 995 240 140 238 818 100 135 846 909 941 64 313 149 701 837 660 100 203 562 824 323 498 246 601 784 278 765 503 572 83 811 795 15 751 817 281 491 119
207 20 8351 826 13 720 600 1000 42 996 264 255 312 490 439 127 871 218 533 501 274 436 775 645 825 962 282 172 868 735 59 175 856 602 617 363 261 215 845 598 179 403 51
208 20 8167 349 404 817 656 443 85 509 616 527 109 714 149 378 621 589 698 17 891 368 568 933 772 153 285 414 560 700 179 358 709 974 311 227 520 979 929 101 799 659 158
209 20 6470 307 951 52 34 461 54 751 829 154 437 367 897 162 634 368 417 736 774 585 816 576 712 176 149 297 990 284 153 219 118 728 738 289 180 507 902 625 400 444 184
210 20 8394 412 945 536 101 62 27 692 630 428 941 488 620 862 545 480 456 828 453 786 568 60 217 767 488 586 212 40 29 260 986 140 439 965 818 822 545 473 870 806 974
211 20 7454 925 511 254 712 19 358 136 661 582 143 987 919 572 104 704 556 432 133 231 489 875 851 135 547 761 716 653 833 845 280 88 670 148 957 625 570 71 702 275 543
212 20 7482 432 617 867 504 590 773 829 461 63 213 310 787 909 843 3 407 117 581 484 681 28 443 796 125 235 530 800 280 763 831 433 586 687 300 297 142 540 674 170 748
213 20 7212 570 401 475 763 184 612 551 711 685 168 251 326 660 980 881 630 225 45 494 23 170 339 305 476 142 765 131 976 808 627 373 687 384 638 873 280 510 554 344 917
214 20 9360 708 717 407 754 535 630 865 872 960 480 868 532 946 920 747 718 468 846 6 694 581 622 45 294 353 834 999 177 44 399 6 456 698 759 971 979 762 115 732 820
215 20 7778 454 506 989 390 974 847 819 352 291 652 996 727 69 769 302 433 604 894 315 568 955 861 136 750 208 246 969 42 436 694 333 970 232 238 96 969 33 640 512 257
216 20 9694 686 684 777 633 622 643 534 768 792 734 98 452 886 938 572 542 454 669 671 635 873 721 911 24 751 901 369 928 384 908 372 58 515 251 131 444 947 183 773 91
217 20 7620 707 556 369 3 239 411 906 443 178 269 115 307 994 705 169 283 334 494 709 240 350 705 446 473 23 762 328 510 787 207 108 511 790 472 695 975 489 495 789 584
218 20 8760 892 723 707 35 878 624 893 838 696 845 819 143 660 367 5 182 518 228 94 923 545 533 765 452 93 467 533 301 626 355 708 419 163 595 198 640 181 724 977 342
219 20 8219 1000 993 80 531 751 449 872 698 376 203 367 559 788 994 891 165 810 985 9 425 680 453 281 549 479 56 845 323 28 653 494 596 242 638 127 358 329 250 825 990
220 20 8972 173 723 599 191 712 724 968 858 419 498 389 475 296 892 610 257 214 226 863 901 693 916 828 486 173 233 496 121 453 834 619 328 538 860 850 232 721 846 602 496
221 20 8714 47 118 964 588 745 225 203 796 420 955 335 25 293 320 819 677 980 924 505 235 354 793 642 339 13 130 601 263 481 906 754 136 660 567 910 458 270 569 897 791
222 20 7151 826 912 162 58 221 132 349 503 302 751 67 268 72 842 435 708 493 661 198 268 270 824 302 331 947 286 981 467 734 510 305 542 243 256 409 122 943 627 680 16
223 20 8412 917 739 93 871 805 790 125 194 229 917 665 60 144 698 181 443 493 286 507 28 338 507 727 829 485 798 228 226 724 651 730 72 489 627 925 31 771 250 939 373
224 20 9243 853 478 351 50 784 21 594 197 957 87 467 155 965 586 517 598 414 628 443 828 121 62 786 5 537 663 991 98 170 787 675 976 422 561 434 458 391 195 682 541
225 20 9336 226 992 89 21 415 129 665 378 769 307 649 329 556 492 963 883 963 294 995 267 454 827 867 755 697 748 173 212 940 255 157 157 701 363 523 794 801 361 68 518
226 20 7679 394 601 869 635 748 417 823 530 851 744 418 537 4 773 439 610 486 963 143 897 135 760 617 610 796 499 518 576 553 53 37 437 350 771 397 106 609 966 412 357
227 20 7834 526 80 655 127 416 613 491 260 446 541 128 330 560 317 817 144 971 628 540 369 710 782 262 75 664 192 15 232 608 352 827 593 679 442 103 370 330 852 45 492
228 20 7148 148 331 264 342 863 344 76 572 242 852 362 161 711 648 563 159 399 851 382 992 710 934 157 449 368 926 865 440 554 130 612 811 993 196 561 163 25 980 80 455
229 20 8680 29 463 933 492 958 262 854 555 634 337 234 724 626 806 333 824 753 853 256 226 154 44 899 438 496 249 210 453 705 329 462 414 736 64 836 666 483 267 260 733
230 20 9723 336 803 853 380 460 820 630 15 781 223 780 711 483 814 799 554 581 168 862 673 894 359 877 1000 874 308 281 301 674 62 637 809 219 738 700 141 343 90 90 529
231 20 9389 630 838 663 313 594 219 733 277 994 527 991 303 445 451 752 643 70 433 472 197 767 426 719 833 456 558 297 535 111 559 550 555 607 90 266 362 819 730 801 966
232 20 7124 664 144 468 607 27 830 619 444 304 569 214 846 660 485 345 120 991 800 394 529 546 373 552 230 247 115 334 377 194 804 383 862 58 810 482 689 944 20 480 782
233 20 7900 146 822 139 46 376 916 236 202 635 69 358 460 114 688 834 406 615 692 572 846 442 14 522 847 763 39 644 171 153 390 916 996 495 375 452 33 776 106 687 940
234 20 7919 133 650 618 188 519 433 208 137 47 80 918 358 478 740 544 569 348 477 421 367 439 25 558 381 557 963 717 97 691 353 714 1000 483 302 942 489 247 200 317 311
235 20 8076 308 574 277 960 555 16 789 997 181 810 437 467 859 274 608 162 947 765 973 914 517 201 921 3 98 58 207 101 589 547 676 236 263 862 360 497 288 820 242 391
236 20 8415 38 625 482 403 223 710 805 599 533 863 757 697 838 551 977 792 667 205 53 265 737 376 487 63 306 173 36 15 922 998 823 839 245 518 409 325 716 89 465 236
237 20 8083 299 841 920 546 699 892 916 778 257 514 222 138 504 858 545 993 277 649 194 555 828 778 104 101 598 207 853 378 657 132 136 697 408 592 323 622 413 177 951 901
238 20 10552 894 544 644 241 339 561 291 407 916 905 910 367 508 387 293 94 330 162 957 617 507 518 608 917 771 374 863 657 957 854 979 918 999 233 540 822 271 172 614 610
239 20 6221 155 275 724 576 348 387 467 638 469 951 214 585 733 567 179 268 528 798 255 994 457 847 719 343 86 810 619 287 144 576 583 799 116 191 312 286 570 658 99 371
240 20 8583 230 555 467 454 832 671 760 409 117 517 929 451 380 676 752 638 509 71 400 203 977 328 794 83 71 186 74 878 526 504 314 223 367 413 936 161 717 875 577 323
241 20 6772 720 907 779 204 722 4 714 481 159 410 5 526 510 352 419 819 701 337 79 528 238 103 754 104 424 197 84 532 682 844 70 107 348 249 64 679 183 732 811 619
242 20 7478 39 68 277 596 758 848 612 297 29 22 266 960 464 673 412 126 966 228 541 461 975 863 432 804 426 902 424 589 83 703 504 697 320 261 301 774 660 667 859 849
243 20 8342 256 181 50 258 845 330 569 607 564 924 368 102 197 566 245 257 409 257 647 922 680 355 593 611 519 467 295 522 528 454 947 33 646 829 513 757 885 278 672 758
244 20 8749 409 210 938 269 213 478 763 7 345 333 716 14 896 163 914 130 652 979 447 82 405 599 730 550 165 5 507 491 432 381 450 583 707 337 448 482 331 862 469 749
245 20 8625 963 520 376 572 210 510 130 378 348 669 537 519 794 256 697 868 342 592 459 258 875 941 592 312 231 457 871 583 16 387 814 461 300 724 732 92 865 288 630 335
246 20 8318 493 809 972 956 871 760 731 318 986 805 104 222 587 897 165 355 157 363 288 687 302 59 989 421 129 757 714 998 712 686 64 427 713 251 850 390 146 629 425 973
247 20 10096 929 916 912 364 148 300 473 261 333 133 104 47 619 800 353 568 630 571 773 300 888 806 538 834 900 282 996 144 640 142 986 755 973 777 411 341 228 972 786 525
248 20 9324 462 275 446 683 860 874 186 528 522 760 975 137 500 850 970 278 302 630 631 426 363 892 878 961 540 603 867 394 137 546 533 160 721 690 789 218 369 688 604 11
249 20 8348 140 257 79 123 633 916 931 191 911 578 742 855 433 831 102 518 791 766 377 49 834 211 24 349 651 273 930 78 589 257 329 410 704 947 503 820 302 791 431 44
250 20 7504 182 30 375 167 80 767 351 991 268 753 623 857 910 428 593 13 835 302 143 693 820 460 211 929 165 720 1000 748 860 511 321 425 994 274 253 126 143 162 254 262
251 20 8285 324 777 14 183 635 937 209 153 316 800 666 370 859 124 856 326 498 360 372 334 602 24 986 735 658 582 386 478 858 898 685 519 113 883 121 120 496 189 703 233
252 20 7780 258 40 595 710 514 886 963 425 559 658 737 143 344 84 106 637 663 486 463 637 238 53 526 977 427 673 302 258 853 352 434 360 710 185 75 356 920 903 38 130
253 20 8648 138 994 445 464 327 161 331 495 75 560 693 780 73 479 960 588 481 79 924 118 580 984 438 259 709 686 739 920 211 777 783 709 853 701 771 117 886 139 393 870
254 20 7781 706 693 326 121 151 570 329 106 423 739 604 204 486 564 45 205 221 685 75 493 450 869 822 719 382 713 693 994 812 229 321 911 722 702 731 877 715 836 713 979
255 20 10026 906 803 952 503 818 93 337 698 925 859 869 474 647 51 317 704 291 102 724 173 924 228 733 902 346 502 730 261 495 652 197 948 832 540 294 711 534 551 662 674
256 20 8386 699 521 877 268 197 215 972 925 151 519 951 782 324 290 969 441 194 383 580 113 911 197 180 220 552 303 534 657 234 226 541 465 347 846 261 424 623 344 386 667
257 20 7576 757 490 488 514 49 504 607 555 632 760 803 465 576 468 319 659 261 311 665 708 281 9 777 224 101 919 210 153 871 697 300 55 133 22 814 122 66 706 760 901
258 20 9164 902 60 351 970 458 676 100 996 587 184 984 458 982 485 469 787 430 964 136 964 46 2 755 176 718 461 275 423 828 377 728 665 314 466 657 679 938 454 797 162
259 20 8528 31 186 152 655 980 137 983 956 2 162 30 574 277 512 779 999 414 484 917 940 189 647 978 486 590 50 380 826 856 700 840 982 925 530 791 600 528 152 19 652
260 20 9489 245 524 830 355 434 727 851 150 553 77 767 753 460 466 807 87 287 728 982 340 493 454 645 253 330 74 993 311 292 866 22 479 677 733 830 390 938 217 426 613
261 20 8290 701 491 76 982 729 408 397 639 301 510 939 869 379 696 490 650 834 207 315 506 961 869 332 464 604 270 576 403 674 504 708 160 257 466 406 86 283 816 401 161
262 20 6771 827 633 540 349 228 909 50 283 871 764 212 302 262 451 394 338 589 346 626 259 270 679 851 869 541 400 114 237 180 855 135 68 249 253 453 632 608 769 464 583
263 20 8398 180 551 934 298 935 226 124 670 124 242 824 473 367 811 131 23 388 747 623 828 429 437 547 973 172 203 735 581 262 211 908 852 433 739 525 982 961 713 896 1
264 20 8324 938 259 359 270 548 770 301 60 481 541 571 497 28 786 320 243 203 479 682 392 882 485 612 934 910 617 339 159 273 568 530 595 584 262 415 629 954 451 475 815
265 20 6873 837 587 532 909 703 311 562 687 345 92 411 622 6 342 832 112 456 346 494 417 108 270 692 167 297 642 27 268 391 276 682 601 25 346 243 630 460 944 489 138
266 20 6552 218 464 237 685 450 190 193 922 56 54 462 551 877 135 59 824 371 396 462 644 261 232 982 22 470 757 463 275 541 622 231 9 314 684 507 171 45 213 992 279
267 20 8991 795 783 397 66 15 485 753 527 457 389 977 917 803 197 925 323 747 180 907 793 914 250 657 684 81 193 72 315 6 964 834 501 892 298 754 236 46 709 207 90
268 20 7785 291 898 768 286 81 528 270 568 173 864 611 482 814 810 131 864 540 183 643 702 434 213 771 166 416 274 670 121 353 859 135 635 752 665 530 10 801 727 548 120
269 20 8444 629 827 795 950 665 591 734 242 313 88 736 303 638 637 551 688 336 628 695 394 709 451 242 667 205 1000 699 926 794 693 362 995 53 518 763 97 484 34 153 474
270 20 9261 515 205 721 760 435 418 805 459 223 879 819 865 277 41 859 65 676 367 223 267 731 209 39 695 659 395 48 707 707 384 681 533 750 22 830 624 943 528 636 894
271 20 8208 716 354 266 763 102 988 987 348 162 979 871 655 645 654 519 70 557 786 600 917 560 521 632 570 888 784 610 20 257 15 265 726 475 895 304 641 335 95 509 572
272 20 8341 145 800 553 986 337 824 543 564 269 979 957 384 755 554 396 524 381 955 81 312 11 675 221 22 605 366 862 990 818 269 748 868 956 420 923 584 523 673 343 341
273 20 9377 893 157 531 927 158 560 858 954 405 513 534 10 931 171 240 266 977 352 401 891 390 409 588 529 874 978 112 215 560 137 510 689 572 810 746 559 673 191 769 272
274 20 8429 660 583 182 745 453 438 97 259 495 118 118 823 422 31 981 284 780 475 624 134 47 901 330 243 849 579 722 171 504 934 132 29 637 171 882 764 763 72 859 648
275 20 9816 790 972 22 881 558 86 911 449 890 620 928 925 692 997 522 242 354 759 672 554 253 145 551 183 797 609 659 195 968 189 10 877 980 357 177 172 801 677 736 771
276 20 8048 935 252 310 505 875 480 547 521 972 629 286 621 120 81 579 718 396 292 665 740 105 420 131 944 446 464 844 562 425 669 611 975 75 369 758 77 790 739 191 68
277 20 8256 718 644 262 728 155 217 592 632 843 289 63 293 684 853 298 427 642 15 453 688 737 260 790 353 816 974 123 2 599 346 426 545 600 646 784 376 535 387 200 264
278 20 9026 785 261 945 815 153 658 961 45 884 474 46 824 577 289 571 503 561 324 488 632 845 634 535 15 846 383 804 162 603 733 171 321 904 9 87 272 427 404 90 929
279 20 8788 681 686 590 760 74 569 508 190 398 440 178 530 424 373 372 730 569 786 832 253 843 365 462 134 960 6 28 422 729 332 437 108 526 437 975 894 448 446 951 3
280 20 8339 161 963 799 208 463 432 224 99 916 659 133 36 757 47 222 631 175 16 539 376 692 94 183 318 5 60 437 86 844 369 715 746 819 464 763 772 928 220 649 417
281 20 8161 632 427 395 779 26 938 122 494 975 883 45 328 355 31 220 195 336 198 694 761 510 641 347 682 389 918 344 196 735 353 620 161 972 978 943 965 642 122 900 971
282 20 8162 693 857 792 656 660 179 437 630 104 898 506 796 412 319 305 692 789 912 123 229 516 764 629 975 692 729 907 460 428 696 596 837 240 545 993 49 277 797 104 637
283 20 9054 676 691 993 625 408 146 279 419 764 908 796 91 638 93 248 115 660 694 186 399 195 10 763 403 166 604 292 284 969 179 824 569 414 754 840 354 319 101 888 785
284 20 7145 827 145 159 698 385 581 253 683 371 271 77 52 187 429 530 680 632 915 273 744 367 162 732 330 258 813 641 803 876 124 224 377 460 733 571 959 839 234 270 797
285 20 8420 919 718 630 856 726 931 462 408 491 422 824 622 196 745 393 230 523 885 294 435 833 938 96 782 357 778 404 685 361 812 477 551 395 374 787 550 495 743 862 482
286 20 7800 816 743 191 908 536 249 854 386 6 669 82 809 558 858 775 23 782 598 428 427 104 477 305 944 711 200 196 4 791 155 770 69 438 999 370 37 910 815 128 141
287 20 9161 667 133 838 334 273 819 913 609 877 869 810 525 58 828 91 146 355 331 869 17 122 223 744 826 176 693 648 110 680 869 793 102 297 215 889 861 575 87 777 527
288 20 7829 402 549 498 375 313 457 670 13 828 566 387 146 331 85 433 906 954 323 217 476 879 55 267 818 762 964 824 117 922 125 881 125 10 505 69 462 41 684 99 415
289 20 6620 783 130 718 319 837 229 367 403 126 679 525 955 39 867 938 474 71 973 466 725 55 659 12 334 975 900 943 766 192 64 270 475 112 756 280 581 399 291 167 186
290 20 7467 381 97 98 375 239 711 894 712 52 751 747 878 518 103 915 175 728 495 230 58 475 395 937 289 136 797 455 548 336 999 779 203 152 937 101 81 786 506 375 267
291 20 9393 279 828 467 211 656 87 853 320 932 37 658 620 552 787 393 300 676 960 967 797 257 763 159 269 303 350 603 962 60 964 641 875 563 449 954 444 921 189 848 632
292 20 9060 205 970 684 450 711 28 845 793 531 470 538 868 749 779 537 311 921 766 489 872 353 55 548 758 532 940 712 735 209 717 871 760 370 750 481 831 617 986 423 238
293 20 8313 66 8 891 460 281 46 268 840 896 703 903 968 914 592 777 798 814 494 27 125 661 801 54 112 533 284 702 375 881 149 817 987 66 378 9 157 715 132 117 633
294 20 8652 915 474 847 849 662 869 299 777 657 859 158 535 901 780 236 134 229 209 992 575 318 997 804 807 439 11 630 933 609 494 268 654 56 642 860 965 863 770 73 520
295 20 7060 20 718 295 725 190 985 427 160 77 620 925 917 877 645 242 102 59 416 815 138 305 18 453 461 937 255 968 624 370 166 284 457 195 922 15 262 601 104 770 170
296 20 9112 940 775 845 209 107 140 474 861 980 8 727 162 973 905 316 766 171 132 940 341 935 281 124 946 919 478 250 164 652 589 356 413 275 939 242 789 475 249 690 608
297 20 8929 620 420 803 413 274 3 603 908 354 775 883 628 276 743 15 170 639 132 401 292 838 607 974 956 741 42 725 550 771 533 448 316 545 622 68 921 532 454 652 72
298 20 7564 174 356 171 632 827 673 457 617 484 39 200 454 595 166 824 165 81 791 769 100 126 100 761 811 392 428 757 793 990 94 466 567 298 224 124 689 672 882 288 987
299 20 9250 570 812 188 836 492 750 379 300 210 650 214 981 999 919 974 839 255 221 731 238 637 464 822 957 734 186 667 279 93 385 717 523 811 463 979 135 638 281 453 45
300 20 10441 903 318 331 796 313 628 919 88 440 857 608 429 581 747 851 747 523 590 736 853 768 5 337 239 154 342 746 260 903 112 579 758 916 710 810 816 782 536 852 631
