1 20 9787 144 172 834 259 586 602 242 568 856 269 566 89 547 660 610 401 543 800 702 297 690 657 936 334 130 852 671 572 548 189 829 354 741 877 530 197 675 298 854 943
2 20 10832 954 213 199 951 650 708 701 86 962 607 743 782 751 307 744 138 780 867 722 332 316 768 571 682 818 102 950 48 219 643 392 933 503 928 927 437 672 944 966 202
3 20 10351 801 774 731 839 484 776 773 886 639 553 412 628 887 796 605 99 476 904 634 475 872 769 770 63 266 637 454 796 676 890 645 919 324 660 657 343 980 642 853 309
4 20 10908 826 375 430 281 849 579 933 990 705 518 875 423 185 226 944 777 408 943 917 166 710 281 825 631 354 67 807 559 332 534 631 295 529 981 789 124 785 490 801 71
5 20 10456 822 468 845 990 711 813 615 256 670 312 173 225 384 119 870 498 801 719 990 573 604 234 879 940 622 500 243 330 910 258 994 317 98 945 170 283 852 289 817 58
6 20 10796 313 599 1000 6 788 898 379 209 632 963 316 982 855 207 928 489 557 67 963 120 773 151 875 386 472 221 730 141 973 882 448 884 473 955 595 481 658 673 767 164
7 20 10816 188 249 524 494 961 153 420 440 594 210 429 768 921 633 896 169 898 851 789 407 695 898 724 150 798 751 798 865 932 915 318 711 940 840 595 200 867 860 233 297
8 20 11135 779 903 787 198 657 782 926 394 297 790 409 955 979 754 141 430 869 909 514 751 967 613 863 861 576 133 871 462 894 202 451 619 522 273 925 118 768 33 724 525
9 20 10580 779 43 977 512 931 75 593 129 749 284 134 869 820 737 694 261 458 515 883 36 364 65 757 946 812 236 376 506 429 771 502 19 879 67 248 838 973 419 868 948
10 20 10976 898 122 485 57 674 166 996 237 599 652 916 882 372 967 595 81 687 676 358 775 693 708 970 118 991 368 648 9 516 899 75 620 869 489 764 409 722 300 892 134
11 20 11176 979 776 623 632 931 741 525 495 976 494 595 99 747 793 531 924 828 682 552 933 297 966 398 201 997 381 839 329 540 288 140 540 867 241 992 304 972 837 642 84
12 20 9976 828 789 451 370 762 447 390 798 218 942 457 535 756 393 459 398 983 457 580 179 784 924 834 848 674 420 293 496 790 325 638 900 341 439 430 705 851 678 951 53
13 20 9960 484 946 654 916 895 840 384 839 850 454 965 355 578 222 736 864 533 913 703 345 157 481 425 149 428 921 548 522 604 298 989 931 487 508 643 736 803 556 584 359
14 20 10952 639 968 188 700 615 992 856 113 516 754 606 1 790 658 695 322 580 1000 767 382 927 583 780 52 401 636 919 783 538 244 586 25 645 187 912 180 755 46 976 96
15 20 10120 397 90 838 784 248 199 759 705 808 623 181 254 968 993 998 315 879 558 221 153 188 681 895 51 906 543 686 720 850 474 515 196 758 949 730 53 315 80 510 794
16 20 9980 459 598 426 257 989 724 463 796 709 209 675 187 532 638 643 585 306 800 713 326 978 164 918 146 209 278 670 947 378 455 943 219 704 133 369 107 737 604 654 490
17 20 12049 384 874 658 494 931 567 606 303 996 163 416 9 958 155 964 490 812 69 938 630 749 232 422 846 961 41 960 632 913 545 952 38 780 400 301 256 868 41 493 157
18 20 9376 849 872 879 692 367 940 392 918 511 500 662 487 737 197 412 884 348 933 917 553 484 51 809 407 553 213 132 50 260 675 886 152 632 217 801 983 379 638 711 624
19 20 11190 733 211 718 982 721 255 650 251 415 557 398 15 813 636 685 101 375 560 683 201 545 427 775 369 865 50 824 382 726 473 744 449 742 350 907 941 771 32 898 760
20 20 11048 854 537 662 201 400 840 410 470 978 765 151 717 538 924 939 24 800 142 998 769 875 159 367 44 863 430 601 5 851 928 600 49 884 190 849 403 367 272 824 651
21 20 11150 516 290 816 447 396 797 540 589 603 281 259 398 898 22 640 495 906 370 713 778 825 326 338 99 971 824 663 65 554 701 826 268 865 62 964 6 904 511 741 45
22 20 8799 991 209 637 895 577 51 615 578 558 843 666 159 373 961 184 216 844 766 869 894 597 186 84 456 179 516 915 302 529 182 463 534 433 685 550 544 55 146 880 59
23 20 11128 849 347 799 890 538 959 648 674 199 866 809 212 992 647 587 762 811 95 607 840 707 626 345 700 953 474 833 489 844 414 642 78 806 225 930 106 733 342 279 462
24 20 11652 844 441 668 430 586 259 981 329 842 566 768 564 862 123 751 121 880 934 815 202 585 315 426 813 676 141 878 274 743 681 466 504 387 746 795 1 857 518 756 944
25 20 9686 288 131 696 57 890 37 676 88 729 945 528 177 558 620 952 864 338 423 859 694 689 49 795 150 718 337 884 973 618 105 296 513 985 387 201 985 93 65 315 652
26 20 9236 860 305 622 744 176 442 877 512 286 1 667 478 505 953 501 483 360 361 333 996 493 918 811 844 764 376 709 586 714 217 298 2 853 855 378 919 364 543 974 176
27 20 10097 935 499 137 221 456 343 122 318 996 715 670 888 896 101 903 996 991 521 358 346 478 903 858 215 764 431 205 487 964 214 741 818 469 246 637 650 404 717 638 321
28 20 10808 983 289 535 304 277 89 982 780 975 690 769 711 478 823 858 396 735 653 374 571 859 350 946 231 125 359 807 445 997 239 708 17 109 958 163 522 851 994 980 861
29 20 8192 650 818 423 222 363 375 559 266 420 647 606 561 275 891 631 772 392 694 650 552 736 145 902 682 597 543 780 471 220 475 577 337 122 154 591 101 312 502 435 155
30 20 10814 847 838 123 409 433 783 661 275 902 359 729 817 943 641 883 378 95 592 802 973 918 164 796 459 914 9 747 685 675 176 100 757 990 142 351 836 615 469 994 900
31 20 9160 353 391 724 155 709 945 783 233 971 295 261 960 484 271 476 907 483 624 815 620 874 441 265 636 997 949 66 103 83 899 114 661 815 267 891 666 352 411 934 106
32 20 10080 801 743 961 703 316 55 280 281 742 971 953 424 300 719 834 886 670 146 289 508 906 637 453 770 943 648 856 451 485 596 366 536 941 671 394 763 962 186 149 40
33 20 10485 210 547 711 597 965 642 502 6 754 857 234 786 810 209 813 540 935 134 941 903 403 775 788 134 824 616 799 537 487 39 394 67 904 124 698 617 287 947 648 996
34 20 9508 606 759 693 930 567 837 418 629 447 569 884 779 565 15 506 717 954 23 786 735 969 279 550 710 524 299 164 932 663 101 696 760 226 147 383 442 726 399 559 311
35 20 8516 402 260 780 459 387 310 653 231 700 116 960 80 461 790 284 401 95 951 648 519 866 723 324 160 730 342 490 644 231 663 685 635 681 747 383 956 245 958 640 395
36 20 10012 694 3 505 615 728 368 610 979 974 41 839 905 991 285 773 800 911 144 636 142 796 730 792 1000 81 263 274 658 669 956 777 494 180 985 789 224 459 113 37 784
37 20 11543 939 283 1000 397 865 578 485 593 964 308 698 678 822 156 810 319 217 517 550 205 503 650 690 550 270 33 571 164 778 754 996 975 694 915 765 384 858 193 954 319
38 20 11923 197 765 343 204 824 567 760 622 336 779 902 974 757 445 802 203 840 329 919 635 912 146 680 465 808 966 798 713 873 815 967 957 635 455 676 857 893 85 982 75
39 20 9979 597 658 638 537 505 510 861 498 873 106 944 291 817 177 763 578 155 766 804 509 767 677 48 831 256 168 738 838 899 199 421 534 370 720 852 256 414 375 752 354
40 20 10661 805 137 435 485 913 112 829 506 53 960 240 160 667 948 211 605 847 379 906 948 603 148 859 802 462 899 600 107 814 713 901 330 695 799 895 534 842 566 750 431
41 20 12536 883 962 410 151 733 472 970 442 425 570 942 545 928 699 974 274 871 872 930 4 939 324 962 235 632 189 810 973 909 273 65 662 978 116 714 731 749 801 846 220
42 20 9935 798 533 899 611 447 803 900 799 184 156 608 511 689 52 264 286 914 322 587 747 511 635 225 621 488 600 665 769 838 229 421 158 966 434 998 412 233 282 784 220
43 20 11311 997 346 817 493 588 894 805 401 929 734 172 526 881 477 919 766 796 273 772 278 889 712 298 342 845 861 255 876 794 474 973 254 127 476 656 359 895 660 731 421
44 20 8542 811 631 612 42 291 911 852 614 379 395 620 500 947 267 694 1000 456 924 181 494 345 806 448 644 766 979 680 835 234 148 374 395 486 556 79 111 894 834 529 873
45 20 9449 903 178 826 872 965 305 318 928 937 49 883 732 638 267 154 503 296 832 179 656 297 896 284 300 497 583 813 81 167 394 911 366 559 917 555 611 787 686 843 444
46 20 11481 854 68 768 903 870 451 341 425 659 48 398 68 927 140 505 622 917 650 800 361 887 978 952 52 743 110 947 288 358 939 648 821 236 799 941 580 965 365 636 570
47 20 9692 338 132 639 536 89 296 754 689 349 477 858 849 128 850 257 117 814 177 425 87 806 408 919 298 786 556 976 264 832 682 616 377 996 459 560 423 201 215 772 80
48 20 10028 622 433 168 801 603 887 209 426 606 170 878 762 519 945 690 69 344 360 571 726 939 642 902 858 234 815 957 745 837 37 474 581 931 464 999 838 90 732 963 765
49 20 9360 609 613 421 805 390 461 644 346 819 690 676 698 546 337 704 263 984 461 478 400 681 395 967 579 506 75 278 177 851 262 290 921 747 943 100 95 652 37 357 344
50 20 10336 916 311 978 385 406 727 112 331 554 299 770 476 957 682 888 787 782 831 730 267 370 571 878 540 845 846 611 446 344 235 360 714 408 511 659 31 914 566 439 176
51 20 9476 981 252 487 177 973 412 244 747 263 841 970 327 455 403 990 878 816 434 977 146 60 169 886 532 770 313 469 820 49 684 391 463 583 915 690 644 25 314 767 879
52 20 10253 631 798 649 505 399 792 842 801 580 279 335 485 781 84 932 581 958 118 762 965 494 666 632 617 574 799 945 258 489 27 837 54 349 400 398 656 715 456 515 702
53 20 10321 521 202 986 593 949 677 252 654 919 197 977 617 433 872 866 40 521 114 975 684 854 202 774 366 174 237 591 544 619 551 665 323 584 378 106 924 647 194 489 711
54 20 11394 707 408 528 516 225 961 420 889 658 968 923 832 912 602 958 919 957 705 832 134 993 323 323 959 870 239 523 759 471 44 576 397 860 680 902 595 914 438 691 653
55 20 10636 951 954 193 163 662 510 404 402 995 668 146 47 768 984 222 479 206 260 935 617 404 76 985 296 588 112 631 286 997 601 891 420 891 461 963 809 544 936 919 965
56 20 9882 892 266 407 505 272 653 758 860 489 741 477 450 487 18 661 987 517 398 942 612 798 315 490 342 928 682 703 304 829 482 950 906 821 993 109 695 52 389 771 626
57 20 9437 692 595 836 968 23 643 524 580 733 240 895 540 905 115 575 852 402 164 370 229 262 707 541 74 549 264 946 202 148 691 975 842 970 630 835 975 203 292 413 328
58 20 10568 717 273 764 391 182 992 723 901 936 509 578 932 659 565 894 532 378 753 712 531 690 957 111 143 789 453 895 626 764 396 717 773 773 272 644 795 622 327 663 186
59 20 9757 532 589 199 369 683 172 946 821 991 121 171 295 902 70 620 529 743 883 276 766 853 991 620 336 516 522 970 331 950 380 381 729 150 705 488 370 681 979 525 923
60 20 9472 533 129 652 302 627 35 621 86 749 1 749 533 868 144 360 180 387 355 929 920 970 811 799 137 801 492 200 577 837 525 141 731 69 57 756 374 501 524 291 394
61 20 10264 369 825 939 871 960 415 881 456 357 613 719 186 686 450 392 891 438 231 914 20 775 435 968 44 896 163 836 587 430 994 478 807 200 237 685 140 390 367 517 25
62 20 10260 564 419 847 235 548 134 596 110 453 662 134 982 879 365 590 703 246 738 870 703 958 795 671 402 542 732 494 459 782 999 129 639 840 538 959 975 941 634 783 973
63 20 10021 920 559 688 163 185 701 827 772 843 500 769 608 433 941 312 486 927 990 529 733 555 310 221 922 20 575 999 409 577 184 342 672 887 625 927 161 620 626 946 974
64 20 10900 827 848 835 460 392 507 868 530 488 296 439 799 571 326 699 161 600 809 934 5 657 986 568 473 979 735 579 599 496 138 896 380 540 817 645 784 686 173 926 192
65 20 9940 467 313 999 533 172 63 931 285 50 576 569 428 683 35 586 583 764 120 981 63 264 593 497 762 944 869 786 456 605 420 958 115 419 573 577 69 659 693 515 648
66 20 10011 776 248 387 202 858 147 619 811 670 93 358 943 976 177 212 805 891 579 733 819 436 422 321 891 756 498 640 458 451 894 657 765 568 949 874 534 518 238 813 772
67 20 9852 904 541 793 912 518 751 933 892 649 80 970 846 568 611 843 633 560 580 200 5 401 660 880 15 377 449 522 497 296 696 668 269 638 903 489 578 352 674 754 41
68 20 8518 182 687 136 204 500 102 631 727 764 828 962 186 126 636 932 438 990 833 808 634 238 961 455 630 164 802 220 449 889 543 344 478 840 386 802 280 120 446 545 1000
69 20 9099 555 166 571 916 563 370 362 62 710 441 665 869 512 929 762 31 853 556 993 343 37 60 102 892 490 641 212 514 501 603 970 695 791 973 832 14 225 815 668 853
70 20 10484 282 941 439 97 338 760 976 488 862 576 980 739 951 373 226 173 597 896 819 965 556 490 479 132 823 526 942 996 198 522 944 650 785 900 133 528 878 636 897 349
71 20 10869 715 478 565 481 523 722 903 35 977 304 924 710 900 606 414 29 410 822 792 501 894 479 896 406 595 967 873 97 843 101 920 791 87 468 784 780 379 844 193 815
72 20 9753 135 275 465 628 883 522 574 430 270 996 931 768 80 429 700 612 720 578 705 21 974 841 800 466 748 266 1000 147 192 533 221 396 816 1 958 662 789 5 231 306
73 20 9782 795 220 942 14 476 200 198 266 131 231 765 964 980 136 442 451 811 60 816 5 670 756 880 96 409 925 616 328 504 395 450 119 463 878 720 141 431 379 729 302
74 20 11756 670 612 828 379 927 227 956 12 994 715 254 928 976 829 480 710 635 843 919 866 819 510 871 387 715 989 960 466 771 671 919 71 669 163 629 62 536 458 168 275
75 20 10620 626 323 268 954 1000 151 245 631 362 841 944 865 688 774 823 917 901 359 969 410 445 701 770 133 568 444 637 890 509 554 686 330 788 70 845 215 534 898 667 589
76 20 10401 850 760 510 175 935 515 982 919 126 17 584 661 966 232 745 547 340 388 672 414 804 890 259 658 810 164 224 247 796 70 790 218 913 114 331 906 764 196 601 901
77 20 9941 649 976 894 608 855 560 595 638 555 326 1000 340 931 16 334 207 728 561 560 185 288 253 195 75 782 121 944 882 188 698 131 946 197 72 905 330 773 781 923 641
78 20 10074 615 199 302 192 984 229 834 216 959 990 622 17 891 11 885 342 659 68 958 112 283 615 243 693 997 356 412 599 868 753 741 342 352 965 410 326 184 349 394 339
79 20 7871 334 795 851 6 177 291 400 374 500 148 75 843 277 480 918 486 92 22 482 141 938 520 134 120 946 527 990 840 143 130 150 635 884 246 615 874 629 815 304 349
80 20 10078 668 42 785 218 634 99 752 254 609 998 411 324 699 372 513 893 707 126 913 45 733 273 774 624 609 777 298 517 813 354 861 461 760 735 154 473 493 177 412 437
81 20 9112 440 652 142 209 576 581 377 894 644 976 663 578 533 971 965 79 497 74 124 331 922 377 852 70 115 249 540 420 663 690 682 302 782 275 393 412 954 63 526 774
82 20 10237 691 904 528 140 764 978 820 755 857 278 934 830 417 777 701 374 314 367 253 501 862 900 817 460 813 526 536 802 376 908 703 498 635 412 919 824 187 235 670 905
83 20 9893 610 787 176 170 862 799 492 455 666 873 697 846 673 493 254 468 933 581 833 706 1000 622 648 143 350 185 520 72 589 835 783 42 535 449 319 657 436 798 991 596
84 20 9953 836 778 967 40 613 428 543 358 220 495 577 494 729 845 728 121 301 74 666 788 33 389 741 758 720 15 615 413 761 245 813 449 834 362 778 437 232 482 735 265
85 20 11216 958 138 447 774 968 828 496 842 871 374 918 61 493 704 844 862 359 644 751 197 377 725 931 628 960 278 694 898 587 552 462 339 335 37 601 108 982 434 987 457
86 20 9036 415 827 80 268 416 251 540 902 904 723 422 618 521 309 644 468 795 425 458 48 775 444 396 714 675 920 688 997 303 396 571 821 858 642 376 609 471 207 987 935
87 20 10744 513 815 612 258 807 611 807 584 685 626 780 558 931 887 801 384 565 305 817 694 648 732 733 928 707 777 469 761 834 619 281 452 987 749 372 807 513 697 568 923
88 20 9904 629 111 671 229 499 465 353 222 368 876 944 898 464 164 893 739 821 541 291 518 303 549 941 422 777 617 805 948 800 632 715 708 916 500 344 667 492 309 355 428
89 20 9568 941 305 352 480 984 853 386 953 809 253 632 454 701 279 110 428 656 664 554 261 568 174 603 385 466 737 820 338 457 324 322 224 854 840 323 557 465 802 958 949
90 20 11200 981 1 837 48 970 517 801 400 796 507 505 968 358 238 765 789 819 968 594 544 748 143 351 966 747 102 529 615 635 690 938 45 889 692 903 116 111 175 724 610
91 20 12280 995 726 899 832 590 88 748 401 834 918 863 853 677 33 729 747 800 276 933 49 944 682 497 36 548 446 640 26 977 213 702 84 830 268 438 196 813 779 893 458
92 20 10080 553 930 678 30 499 128 974 459 612 238 500 172 344 545 637 29 413 817 538 172 653 951 826 675 453 16 872 6 718 786 933 22 687 561 234 458 638 244 838 211
93 20 9893 569 897 207 7 258 536 984 66 604 192 989 731 841 684 463 418 123 2 690 869 118 253 376 888 857 332 341 433 891 691 487 506 676 357 933 712 979 243 981 663
94 20 9717 921 173 990 927 626 529 737 903 617 803 317 28 663 647 518 346 591 305 439 780 837 394 459 140 967 661 357 515 174 909 503 188 94 13 403 162 959 767 975 388
95 20 9404 738 628 623 150 879 216 377 106 995 187 319 72 450 108 900 840 312 849 580 179 747 832 411 502 751 746 688 874 369 907 455 856 268 10 713 614 616 412 565 747
96 20 10776 916 476 554 289 657 522 768 251 811 963 430 715 529 619 599 829 205 748 492 68 909 279 805 511 817 522 867 517 729 146 496 819 617 792 594 958 723 377 952 770
97 20 10410 305 584 516 758 684 678 518 660 982 55 917 452 989 422 645 792 553 329 681 11 578 999 247 348 950 317 901 512 145 116 641 986 904 52 673 287 671 505 513 474
98 20 10274 955 373 641 397 932 771 691 295 476 916 812 115 505 758 995 502 277 942 840 415 606 924 724 832 830 355 502 153 516 756 365 574 202 546 983 28 348 683 643 566
99 20 9494 423 46 842 626 142 180 312 855 700 204 805 842 857 909 343 849 358 167 298 994 718 492 575 779 45 523 660 832 996 215 754 151 963 524 870 138 617 803 590 781
100 20 9678 685 606 343 501 380 193 603 476 562 153 492 114 349 492 131 318 748 77 997 207 593 425 901 260 718 260 899 876 604 169 415 958 631 569 987 620 185 363 875 435
101 20 11128 945 369 793 243 753 879 490 499 695 536 688 626 665 714 640 196 861 174 909 395 410 292 623 563 864 150 643 705 451 936 208 244 796 864 971 913 756 924 750 44
102 20 10711 681 613 270 689 976 527 110 193 517 413 375 309 991 98 885 736 761 609 232 394 961 790 765 738 626 564 823 378 597 127 856 376 965 131 578 610 709 529 711 418
103 20 10404 420 357 501 518 955 488 814 45 255 723 642 881 868 621 974 422 257 972 922 520 525 721 957 568 781 512 892 58 74 691 763 915 82 530 817 159 614 254 892 766
104 20 10072 633 42 76 153 349 12 463 274 640 905 550 823 670 937 709 162 789 378 651 444 485 554 521 27 772 675 993 191 626 593 663 795 753 305 834 468 587 302 826 815
105 20 11716 938 491 392 483 944 592 647 10 803 856 840 786 220 362 797 597 985 425 892 627 411 69 994 676 607 463 898 216 195 907 995 376 737 647 719 176 770 329 861 314
106 20 10085 746 144 277 188 669 389 474 783 746 720 779 864 390 72 573 28 493 698 298 732 655 2 609 19 442 670 638 127 735 602 912 995 808 507 782 470 971 576 610 170
107 20 10721 696 49 282 871 343 284 990 374 727 738 960 982 351 884 788 935 852 564 687 518 821 328 691 482 484 788 639 503 810 950 984 473 975 73 707 230 196 436 419 40
108 20 11099 816 772 954 848 539 394 629 638 610 728 882 995 994 27 569 852 906 20 505 644 812 830 505 925 618 423 743 643 775 933 280 304 398 217 656 534 741 429 942 581
109 20 10608 563 137 848 735 828 799 978 334 179 280 333 455 947 181 357 205 943 723 721 592 659 952 875 345 476 476 401 722 878 259 824 774 343 842 896 563 981 241 230 804
110 20 11546 868 81 822 102 806 912 452 52 963 656 880 157 243 396 868 665 712 976 971 822 697 41 409 280 908 376 667 817 935 219 216 433 725 517 696 69 922 40 673 339
111 20 10709 906 668 655 323 580 309 509 892 776 868 840 716 870 863 774 69 903 552 588 340 841 810 819 967 67 818 475 902 324 604 147 182 824 161 772 886 731 341 986 541
112 20 11849 431 302 869 508 785 319 900 814 975 309 382 167 506 571 512 415 900 40 845 428 612 313 721 983 878 366 926 378 970 103 812 567 276 486 988 1 604 986 920 408
113 20 8888 894 339 228 866 797 98 660 506 175 144 666 479 613 583 653 343 543 113 518 689 347 356 485 954 180 90 960 552 896 27 188 451 827 827 512 676 219 39 750 765
114 20 10442 434 744 281 687 336 215 540 544 988 784 777 522 953 741 674 392 676 783 615 594 884 561 762 290 693 760 519 51 979 326 834 189 525 103 362 658 438 890 783 145
115 20 10208 108 175 340 126 902 24 531 854 737 253 814 190 617 294 971 966 260 668 914 191 736 395 394 132 781 687 469 979 977 734 392 494 868 108 290 898 696 187 963 818
116 20 11206 517 347 774 571 705 938 512 114 832 121 375 993 927 261 907 748 834 85 979 408 830 59 552 740 865 692 828 578 869 526 193 665 267 111 711 677 898 972 633 36
117 20 10704 893 264 815 593 666 819 152 814 932 927 547 983 217 539 785 873 725 661 539 867 312 888 544 179 962 219 613 499 997 639 998 563 800 910 640 614 481 801 763 669
118 20 10863 947 768 670 13 140 103 568 832 546 619 452 419 773 892 706 326 726 23 576 228 724 72 531 839 892 204 731 710 908 355 764 876 557 806 936 569 541 839 891 188
119 20 10263 690 78 610 655 600 53 556 629 522 962 986 571 529 265 684 352 105 657 454 275 801 986 853 668 853 801 827 795 932 583 945 273 295 768 68 982 642 432 877 67
120 20 10498 866 227 477 812 248 723 768 6 792 796 719 653 691 416 655 546 644 684 25 267 574 576 986 865 823 250 701 990 515 525 521 545 992 663 760 317 669 833 697 144
121 20 11541 330 485 996 706 733 980 308 75 752 722 700 480 445 936 919 209 708 257 635 447 766 671 796 670 909 495 743 411 908 845 692 60 894 416 920 136 423 508 850 169
122 20 11327 762 162 932 228 430 99 840 339 675 106 870 846 880 113 412 211 919 647 594 539 64 941 885 573 378 805 462 185 794 483 898 454 955 668 851 454 761 699 797 182
123 20 11070 127 496 977 116 905 71 909 669 817 958 934 543 817 106 972 200 650 324 881 797 958 532 971 250 397 200 328 270 842 347 28 129 661 758 814 236 489 444 361 389
124 20 10048 911 98 973 685 730 827 769 429 226 346 785 361 228 355 795 563 572 8 967 990 762 483 926 735 902 344 212 977 380 378 727 668 124 489 390 380 657 862 524 19
125 20 9897 95 84 755 938 822 827 759 164 468 991 977 955 715 792 603 669 760 200 909 791 160 691 651 654 588 662 921 20 631 209 892 600 795 83 518 118 327 730 26 184
126 20 9716 88 29 717 903 255 425 958 502 582 932 827 811 925 412 425 686 449 998 862 969 286 592 523 176 576 237 676 869 641 825 945 739 953 126 408 460 670 456 379 570
127 20 9860 155 185 167 722 582 504 309 578 600 814 705 573 790 13 225 999 958 421 261 924 824 289 663 426 430 650 773 80 912 591 815 477 856 646 855 897 481 506 964 699
128 20 8472 664 117 635 505 753 612 270 363 881 19 366 181 321 52 691 800 485 381 911 715 748 209 423 966 715 660 168 740 235 839 833 591 544 536 201 477 266 613 481 778
129 20 10170 682 574 936 355 414 445 556 552 743 676 497 964 896 142 133 127 966 4 311 3 987 812 822 443 173 269 774 734 880 476 331 260 675 902 548 185 447 459 942 850
130 20 11231 261 733 755 92 887 80 959 238 826 914 338 790 765 589 901 766 390 187 599 198 842 410 963 215 448 235 967 532 538 795 801 677 952 642 763 279 478 160 606 986
131 20 10072 734 37 382 639 795 477 738 173 421 93 877 37 616 757 1000 981 166 973 381 195 115 131 506 351 909 302 593 73 882 593 942 380 997 532 508 725 430 620 598 958
132 20 9178 381 458 412 68 254 780 719 702 399 346 795 613 891 555 248 614 698 141 551 929 501 415 348 87 122 483 1000 146 943 580 793 565 721 835 535 858 695 667 467 109
133 20 9789 841 930 780 431 443 432 855 328 647 763 516 307 313 590 609 958 859 675 312 971 210 297 304 933 987 514 702 643 924 736 937 957 324 139 779 631 143 326 752 999
134 20 11372 497 736 962 511 639 354 896 458 877 650 996 984 571 315 793 472 765 688 741 698 958 612 496 854 836 122 946 252 148 106 544 243 483 998 735 221 347 338 985 42
135 20 10263 842 392 841 917 843 996 191 225 926 593 798 468 282 512 521 586 329 309 789 644 408 19 720 530 566 246 330 284 508 977 676 951 620 2 960 487 722 463 957 82
136 20 10736 259 285 472 300 599 466 980 307 936 84 742 734 327 518 586 305 599 720 895 58 186 42 855 881 888 528 733 73 935 669 839 478 656 559 598 962 616 587 719 209
137 20 9057 753 702 231 131 667 310 337 960 667 870 534 666 475 304 227 706 705 89 666 725 479 230 510 739 724 705 167 67 461 328 589 239 953 895 797 833 674 212 706 739
138 20 10594 395 138 910 922 818 550 981 32 500 817 889 909 453 77 876 547 814 167 946 241 312 952 510 991 478 8 652 559 837 649 570 956 834 361 271 404 735 436 462 573
139 20 10253 926 775 674 558 819 72 432 834 799 452 700 449 893 447 717 132 328 445 605 467 925 777 211 201 994 98 573 969 236 818 806 705 889 799 337 282 315 321 638 810
140 20 8600 404 941 185 372 895 808 872 450 261 524 914 127 791 301 241 970 422 938 333 431 974 985 473 974 381 272 553 845 800 914 498 407 302 978 385 903 417 331 650 349
141 20 10355 840 983 133 772 416 585 961 586 920 210 625 256 886 696 695 283 684 616 956 206 169 706 518 201 200 242 617 849 341 536 829 328 828 457 871 389 699 32 756 64
142 20 10898 452 351 348 483 778 875 835 630 740 327 919 682 756 291 583 823 464 416 534 222 853 50 501 774 934 410 725 460 931 239 299 529 874 760 995 240 285 53 817 149
143 20 11420 909 941 64 313 770 35 796 531 823 323 735 246 784 278 765 503 572 83 811 795 826 13 720 600 1000 42 996 264 255 312 439 555 871 467 533 61 645 825 962 282
144 20 9964 602 617 261 994 845 79 54 168 932 443 310 509 527 109 698 541 891 9 866 153 714 414 886 974 469 227 618 979 799 412 951 244 65 751 437 223 897 601 634 349
145 20 9846 736 774 585 816 712 374 284 153 118 960 728 738 625 400 444 184 481 209 945 254 101 550 428 941 480 456 828 453 786 568 606 586 944 40 519 263 972 340 986 667
146 20 9655 965 818 822 545 870 578 974 925 254 712 358 426 661 985 582 143 987 919 572 104 704 556 432 133 231 489 875 851 135 547 716 988 833 275 280 350 670 975 148 957
147 20 10567 702 995 275 543 600 987 929 306 917 534 799 63 189 27 950 626 407 820 581 328 681 479 357 235 800 280 763 831 551 297 859 540 792 170 894 475 612 881 551 711
148 20 10923 1000 573 416 660 881 630 625 170 362 305 765 91 976 705 627 121 687 29 510 554 344 917 407 754 535 630 865 872 960 480 868 532 946 920 718 959 468 846 694 672
149 20 10086 294 855 518 44 780 971 762 115 732 820 923 989 974 847 352 680 652 971 996 727 769 977 302 433 894 646 750 348 164 436 648 333 232 238 969 299 640 670 257 686
150 20 10935 622 643 534 768 792 734 572 542 454 669 671 635 873 721 911 24 901 218 928 575 908 147 301 131 947 183 773 91 927 963 707 556 369 3 178 269 307 845 994 705
151 20 10659 334 494 709 240 705 932 473 199 762 855 510 904 787 207 975 695 489 495 789 584 898 830 723 816 876 893 961 696 701 5 228 297 923 518 467 376 419 416 595 343
152 20 9843 472 872 532 788 891 165 810 985 416 736 988 115 549 809 754 28 593 494 638 505 358 613 134 503 723 264 968 858 419 498 389 475 892 379 257 482 693 916 828 486
153 20 10521 165 496 900 93 824 393 834 39 850 232 721 846 602 496 319 549 745 225 203 796 420 955 679 819 980 924 991 365 793 503 339 143 463 481 754 136 660 567 910 458
154 20 11358 897 791 490 349 765 302 268 539 842 515 708 116 661 310 268 391 824 272 936 981 494 647 993 28 510 295 542 581 943 627 680 16 977 191 739 725 871 952 790 59
155 20 10530 917 713 699 181 810 338 727 829 798 330 730 72 488 771 371 939 432 280 478 160 583 594 896 957 743 221 900 261 598 402 628 525 828 808 376 537 991 98 170 787
156 20 10919 422 561 434 458 391 195 682 541 946 789 992 473 160 665 769 307 644 963 963 294 995 267 454 827 755 717 748 812 535 523 801 361 518 394 869 635 748 417 823 530
157 20 9584 537 30 773 752 610 580 963 787 897 95 760 410 576 256 53 119 437 721 771 584 526 80 655 127 416 613 491 260 541 943 330 982 317 930 817 144 971 628 540 369
158 20 10450 463 15 260 608 636 827 679 442 370 773 852 133 331 415 765 76 748 35 984 746 852 520 161 854 711 648 563 159 851 646 992 224 934 699 449 507 926 778 536 612
159 20 10257 942 561 900 25 958 262 854 555 634 337 724 919 806 229 824 465 853 72 226 511 389 496 437 210 336 736 297 836 483 267 733 336 853 380 460 820 630 15 483 814
160 20 10523 664 581 578 862 674 894 877 1000 874 308 281 301 674 62 637 809 219 738 543 788 999 607 529 630 663 313 594 219 733 277 994 527 991 303 445 451 752 643 433 538
161 20 8788 767 426 719 833 456 558 297 535 111 559 550 555 607 90 801 966 453 468 628 27 619 444 304 569 846 43 485 692 394 529 579 247 503 334 194 804 862 605 810 334
162 20 9570 944 20 822 255 236 202 635 69 358 460 934 615 572 846 442 14 847 404 146 153 916 996 495 375 452 33 776 106 687 940 403 583 650 861 860 208 332 47 456 918
163 20 9685 358 989 478 740 569 331 477 536 367 591 963 547 309 714 483 302 942 489 448 177 574 643 960 626 181 810 437 467 859 274 973 914 517 201 921 3 314 169 977 200
164 20 9180 676 236 263 862 497 770 820 541 625 873 482 403 863 950 757 697 838 551 977 792 667 205 265 988 570 306 201 36 175 922 823 839 518 487 529 465 631 64 299 841
165 20 11150 840 699 916 778 257 514 993 350 649 65 101 893 751 657 709 136 673 408 622 817 950 12 951 280 954 442 561 774 910 367 508 387 521 957 507 518 608 917 957 854
166 20 9041 999 233 540 822 574 288 155 275 576 372 387 391 638 677 951 890 784 179 528 798 255 994 457 847 719 343 810 864 287 820 576 512 799 289 570 658 230 555 467 454
167 20 9278 760 409 517 922 929 451 509 71 367 794 799 71 357 74 504 78 548 936 455 717 959 580 976 453 907 886 39 714 410 472 526 847 352 814 819 185 337 708 528 603
168 20 9966 754 104 424 197 281 64 620 183 811 619 67 493 758 848 612 297 673 619 673 541 894 975 804 869 902 372 589 876 703 94 697 230 261 701 774 58 980 592 181 477
169 20 12557 845 330 607 352 924 62 640 245 675 409 802 647 612 519 522 160 496 646 426 672 877 938 956 213 842 763 962 345 893 572 960 679 914 130 979 185 810 730 955 165
170 20 10416 840 432 450 583 707 337 482 827 862 719 749 963 376 572 510 297 378 29 669 860 934 697 592 836 312 353 579 152 981 142 724 312 883 630 390 843 871 760 731 318
171 20 9829 222 984 897 683 355 463 363 870 687 731 129 757 714 998 712 686 427 963 713 251 850 390 629 816 973 929 912 364 716 333 315 145 904 727 568 796 663 888 538 834
172 20 10080 496 996 321 640 308 986 925 150 411 341 972 192 932 438 528 726 479 500 970 278 302 630 426 214 892 820 961 403 542 137 653 533 721 690 789 218 369 688 604 11
173 20 10248 257 193 958 305 916 95 680 742 433 831 572 24 457 651 868 930 497 589 495 329 486 704 820 872 791 28 976 453 167 407 767 70 991 676 753 825 211 929 715 860
174 20 9062 511 847 594 253 186 143 814 254 382 896 324 777 666 370 859 124 856 326 498 360 372 334 602 24 986 735 658 582 386 478 858 898 685 519 113 883 543 703 435 47
175 20 11281 725 595 514 886 963 425 559 658 737 143 84 443 637 597 486 88 637 552 983 570 977 267 673 763 754 75 920 903 994 924 445 464 829 75 780 306 481 79 924 118
176 20 10458 438 259 709 686 739 920 777 805 783 709 100 134 985 37 906 607 693 905 972 573 570 852 791 604 564 151 205 264 685 672 493 750 869 792 719 953 382 713 693 994
177 20 11411 955 321 722 702 731 877 715 836 713 979 856 972 906 803 952 503 925 859 869 474 647 51 704 592 297 924 345 733 346 502 730 261 652 198 948 80 540 263 711 258
178 20 9802 662 674 467 877 950 197 249 972 519 968 951 782 852 194 479 135 892 652 642 534 846 56 948 386 842 488 49 504 803 465 576 468 319 659 261 311 665 708 281 9
179 20 10045 919 36 300 55 133 22 814 122 548 351 458 676 996 843 928 982 469 787 964 393 964 414 985 109 275 423 828 377 665 356 936 938 875 797 198 309 31 186 271 983
180 20 10664 956 467 162 696 574 62 414 484 917 940 590 50 380 826 856 700 840 982 925 530 791 600 528 152 434 727 851 150 553 77 767 753 466 974 807 87 955 493 564 645
181 20 10605 253 834 330 74 993 311 866 233 479 867 677 733 830 390 938 217 613 701 982 162 408 448 639 782 696 749 315 506 961 869 936 576 574 674 531 708 277 73 959 692
182 20 10848 406 86 816 870 827 633 540 349 909 689 974 212 752 262 430 394 707 589 626 259 541 400 237 172 855 44 549 453 608 769 583 180 934 298 935 226 670 532 661 367
183 20 11734 811 227 623 828 429 437 547 973 903 262 362 908 948 433 917 525 961 713 896 1 974 4 763 154 911 571 786 161 243 724 479 923 682 392 882 485 934 332 617 512
184 20 10138 568 898 595 531 954 451 815 837 594 532 915 363 959 924 345 92 411 622 626 456 507 327 960 875 417 280 256 297 682 601 346 13 630 801 944 426 464 83 685 497
185 20 11237 922 653 877 135 824 932 371 396 644 274 150 470 718 276 912 250 895 495 684 211 989 301 384 589 795 783 66 174 457 389 977 917 803 197 925 323 747 180 907 793
186 20 10120 571 657 81 193 315 759 964 385 339 754 782 476 955 258 709 4 90 274 992 802 291 898 768 286 528 231 568 226 864 7 864 124 964 477 702 380 507 416 796 670
187 20 10588 135 635 665 301 548 120 575 740 827 113 950 41 313 88 736 303 638 637 551 688 336 628 695 394 709 451 667 18 1000 770 926 245 693 263 995 474 645 484 631 153
188 20 10885 474 858 998 147 401 223 819 865 277 41 560 39 659 395 707 400 824 21 117 830 943 528 636 894 763 582 988 935 348 520 979 384 655 861 654 123 917 238 888 784
189 20 11364 274 257 845 265 475 895 641 366 650 914 800 26 986 654 824 46 564 620 979 211 396 524 955 476 312 210 675 948 862 990 818 269 748 868 956 420 923 584 523 673
190 20 9761 847 409 893 157 531 927 513 728 351 240 977 352 891 772 665 874 350 510 572 810 344 769 610 124 583 694 745 350 438 27 823 690 412 780 624 134 901 771 132 29
191 20 10172 215 882 763 72 859 648 881 126 561 890 670 928 692 997 672 554 253 145 969 659 649 968 709 10 980 357 736 771 929 784 252 712 547 521 972 629 286 621 120 81
192 20 8755 396 292 665 740 420 352 944 187 530 425 975 630 100 790 191 68 730 209 644 324 728 42 605 843 228 35 791 621 298 427 642 15 453 688 465 816 394 426 745 600
193 20 10400 646 961 784 376 535 387 200 264 352 948 785 261 945 815 153 658 961 45 884 474 824 359 648 561 537 488 845 634 535 15 846 383 804 162 733 875 321 997 662 427
194 20 8468 404 725 681 686 590 760 569 120 810 178 373 616 730 151 744 843 183 28 342 729 896 437 199 526 541 975 241 381 963 31 521 224 376 916 548 222 692 94 183 318
195 20 10276 49 437 819 844 715 746 819 464 174 649 395 779 938 452 328 798 349 336 702 694 641 359 682 26 918 181 981 812 287 972 943 965 642 122 900 971 706 450 857 784
196 20 10151 660 179 630 591 898 404 796 390 319 66 629 975 692 729 907 460 428 696 596 837 564 277 637 676 993 625 408 146 279 419 764 908 796 91 638 93 399 783 656 166
197 20 10436 604 155 796 824 414 754 354 835 943 527 145 236 698 581 581 200 683 757 271 939 530 680 632 915 744 267 744 258 641 803 876 124 846 571 839 234 797 919 908 116
198 20 11186 630 856 726 931 462 408 491 422 622 70 745 206 435 860 833 938 782 452 778 240 685 240 812 903 551 975 395 374 550 789 962 154 930 329 908 440 877 6 809 343
199 20 10730 775 23 782 598 427 271 477 824 944 164 200 809 983 984 791 155 770 69 438 999 370 37 910 815 141 337 985 623 683 273 913 609 877 869 525 188 828 283 594 869
200 20 10336 826 653 693 624 793 102 583 892 549 792 375 16 784 828 387 146 85 656 906 985 954 323 531 267 762 964 824 117 922 125 881 125 505 1 462 578 684 324 415 783
201 20 10680 689 837 904 125 890 496 403 796 679 132 955 296 973 516 725 115 659 121 943 766 112 756 280 581 291 387 381 97 375 959 751 596 878 772 728 495 937 289 797 77
202 20 10460 999 894 203 818 937 394 518 375 535 786 279 828 467 211 932 37 620 584 787 195 967 797 257 763 159 269 964 408 875 103 645 921 283 848 855 485 1000 534 793 753
203 20 12280 538 868 749 779 537 311 921 766 489 872 940 708 735 160 750 911 831 524 986 1000 423 238 578 817 896 703 903 968 914 592 777 798 814 494 702 375 881 149 987 90
204 20 9661 258 117 847 849 662 869 299 777 657 859 158 535 901 780 134 899 229 209 992 575 997 778 807 373 609 494 654 356 863 770 520 20 725 928 985 672 160 639 620 980
205 20 11040 877 645 242 102 932 305 606 453 568 937 968 624 370 166 284 457 922 377 884 770 364 26 940 775 845 209 980 8 727 162 973 905 316 766 803 272 919 194 281 429
206 20 11687 919 478 356 413 939 487 789 57 934 654 420 811 803 413 772 276 779 15 565 639 691 401 458 838 974 956 741 42 725 550 771 533 562 269 958 365 921 983 532 454
207 20 10251 506 819 356 786 617 585 674 595 428 824 466 81 769 100 392 428 757 793 990 94 567 685 224 360 689 34 882 279 987 570 836 633 750 643 300 784 650 24 974 839
208 20 11477 158 731 859 637 475 822 734 186 667 279 908 811 979 135 548 82 903 318 796 779 401 440 851 747 768 5 337 239 808 903 943 579 768 916 810 816 782 536 852 631
209 20 10512 660 843 992 647 654 849 689 161 837 761 924 907 257 380 634 749 679 226 925 749 634 490 537 134 91 559 521 468 979 388 806 927 812 768 289 92 390 63 831 378
210 20 11107 691 347 930 393 780 626 969 419 844 252 819 181 731 151 834 881 792 232 433 694 785 156 883 969 507 570 361 303 696 849 528 166 368 583 656 902 973 238 304 382
211 20 9385 476 558 568 522 439 242 640 144 843 640 122 690 731 770 854 980 461 819 854 765 872 633 844 295 439 96 482 606 234 68 492 214 770 542 479 257 200 238 932 256
212 20 10217 983 104 351 469 343 965 914 622 308 289 414 798 939 590 732 72 914 338 991 792 780 947 792 684 881 598 757 894 407 552 879 785 123 775 67 258 809 831 388 969
213 20 9756 723 145 718 240 851 71 640 896 899 875 537 2 211 777 412 962 459 793 215 173 962 151 767 97 604 187 655 930 910 944 376 715 515 332 561 319 635 454 546 327
214 20 9964 846 587 320 652 800 210 893 84 918 100 610 848 762 461 576 695 508 675 447 625 953 782 296 115 796 872 848 747 458 301 687 413 710 306 373 787 254 537 400 419
215 20 11506 954 276 679 320 954 139 238 599 421 539 148 128 936 536 639 272 994 435 557 420 932 398 847 912 240 846 647 152 872 691 968 979 870 405 920 445 899 47 668 229
216 20 10290 871 345 848 883 541 573 999 475 366 483 960 895 614 410 974 820 688 432 763 7 120 669 426 252 583 972 697 731 971 731 718 773 86 240 912 422 205 798 521 54
217 20 9520 241 770 264 736 193 239 996 732 594 392 248 963 804 657 762 525 281 906 182 637 450 791 756 957 810 921 985 539 239 593 893 793 603 55 771 135 958 985 871 423
218 20 11104 430 111 815 378 398 571 624 517 587 236 911 914 977 665 527 374 739 383 761 487 367 555 556 900 761 699 857 905 877 496 857 562 994 760 548 205 499 707 795 296
219 20 11362 469 85 758 458 930 213 615 444 747 537 462 275 549 442 910 729 665 758 902 98 790 292 918 299 870 841 964 453 260 807 950 876 323 140 759 742 787 70 575 894
220 20 8892 292 840 392 686 828 638 555 404 246 16 701 552 675 733 171 717 761 209 992 95 690 572 865 997 557 190 346 227 131 847 281 609 702 394 790 171 896 408 245 465
221 20 10596 971 977 124 702 195 872 454 171 643 291 819 621 896 399 522 496 837 680 275 810 897 521 773 537 368 347 931 897 583 302 848 834 664 750 825 544 944 522 676 404
222 20 10972 722 133 674 661 709 769 790 476 220 394 917 576 394 807 784 895 623 317 966 955 216 920 786 273 551 416 984 259 466 589 955 896 497 861 777 64 809 44 876 818
223 20 8418 946 267 328 521 696 238 455 783 812 100 785 936 268 623 469 274 850 775 670 95 143 646 474 893 429 439 101 905 936 117 649 188 169 3 369 191 602 89 372 558
224 20 9588 880 102 832 312 545 740 651 455 168 44 203 848 388 970 951 610 946 339 387 965 999 700 249 291 777 709 805 762 712 567 540 768 556 734 440 319 391 562 566 527
225 20 10089 619 226 473 899 915 108 526 631 755 853 296 828 172 724 741 910 642 512 565 231 718 885 915 844 755 903 721 977 944 379 253 282 531 159 561 82 803 320 707 412
226 20 9360 177 17 926 144 615 106 608 719 429 281 996 942 680 652 434 455 633 437 297 961 950 581 969 628 529 535 813 595 983 621 97 873 538 131 382 874 451 225 194 270
227 20 9357 461 468 906 510 306 682 846 62 974 116 728 280 443 306 946 786 939 222 660 935 175 106 700 319 540 115 848 323 397 657 187 415 549 677 175 41 460 277 457 554
228 20 9796 197 382 453 723 996 652 967 843 835 61 854 697 791 535 623 404 274 609 346 301 976 801 962 642 700 279 724 19 546 121 481 196 593 531 22 731 128 147 778 231
229 20 10529 505 546 763 91 487 64 925 371 612 55 528 859 734 634 356 932 265 23 924 249 839 687 784 837 969 941 375 911 769 841 561 347 670 959 401 698 815 985 880 382
230 20 11519 662 974 879 325 376 531 755 816 723 58 999 903 410 568 970 157 550 382 777 474 904 764 962 366 895 96 883 712 110 221 745 662 358 645 798 4 771 703 872 153
231 20 9760 904 561 442 316 402 50 117 31 51 10 673 243 503 562 579 363 779 474 744 810 775 92 281 939 814 278 785 245 527 43 220 809 957 311 870 947 951 875 827 988
232 20 9814 647 933 762 478 941 91 536 125 539 700 697 51 126 114 555 795 494 454 920 300 349 45 360 481 707 85 998 572 745 884 573 826 351 633 938 863 272 293 758 226
233 20 11513 411 157 966 707 352 459 678 300 762 786 947 641 427 207 684 599 898 914 668 740 654 626 966 380 657 756 851 482 768 889 982 874 567 580 514 208 789 594 851 514
234 20 8893 493 564 557 174 417 709 910 432 712 733 596 986 435 96 374 581 119 536 367 88 850 430 839 343 481 817 665 728 421 297 660 873 760 933 416 379 434 186 611 97
235 20 10377 151 980 624 298 819 93 596 62 568 480 577 510 973 910 891 991 428 221 712 806 880 962 733 312 487 682 314 701 775 770 671 759 818 860 802 425 857 732 296 56
236 20 11122 650 808 967 736 675 202 999 50 633 527 711 68 742 634 689 226 846 719 394 364 571 697 910 742 453 444 760 542 974 948 339 100 610 153 478 769 685 389 817 505
237 20 10392 350 205 580 743 771 81 393 408 706 130 821 1 806 136 925 528 933 457 689 9 608 571 638 118 503 513 466 562 242 579 195 117 869 633 991 833 899 20 606 175
238 20 10426 934 954 483 378 216 476 930 175 698 449 370 216 800 660 999 338 733 563 149 919 764 369 842 953 511 385 991 989 278 621 921 635 946 89 375 127 424 118 669 999
239 20 9147 577 596 447 602 99 666 726 726 593 215 954 55 982 171 66 961 508 457 725 96 668 477 382 815 326 315 832 189 888 270 836 877 550 622 467 226 335 216 473 116
240 20 9972 1000 14 849 296 909 152 650 477 579 875 521 406 755 79 656 659 654 7 701 23 209 618 352 70 225 90 136 41 233 68 761 397 610 430 788 638 939 891 938 936
241 20 10407 680 762 808 399 152 622 823 934 516 771 532 142 934 953 908 250 508 746 852 567 149 76 994 830 826 684 697 219 215 685 843 647 551 779 915 418 472 973 634 279
242 20 11066 753 456 703 229 950 348 889 609 378 362 926 787 842 933 625 951 752 946 996 597 425 582 492 38 674 369 419 199 980 185 375 256 280 847 921 975 893 26 560 982
243 20 10524 568 742 454 671 293 924 968 295 333 862 504 748 750 462 509 176 979 763 602 555 759 664 161 461 915 405 584 463 986 142 722 937 550 183 623 964 942 602 954 33
244 20 9064 582 528 163 393 974 248 707 67 187 679 973 492 568 96 420 294 996 512 666 397 99 923 657 110 300 66 700 986 703 249 479 20 627 33 781 38 515 709 233 394
245 20 9539 727 503 709 753 322 163 571 853 312 492 841 621 749 146 768 702 317 109 845 190 210 765 662 8 570 329 232 113 101 970 894 440 802 61 875 769 662 139 755 802
246 20 10536 620 982 966 50 988 950 517 459 344 456 903 814 978 502 959 536 136 674 167 617 619 543 124 606 790 76 481 138 478 830 633 337 859 24 918 877 840 581 850 534
247 20 9818 488 871 214 861 551 925 813 433 471 544 859 898 647 910 854 392 310 24 486 824 751 310 503 628 585 450 385 994 399 169 718 631 721 464 594 389 937 46 987 991
248 20 10157 111 183 847 112 634 931 731 754 975 104 764 807 270 474 259 460 312 184 930 669 835 274 814 300 786 21 940 622 656 164 946 461 893 229 190 462 509 183 295 209
249 20 11332 872 294 738 650 387 375 902 93 928 308 552 177 271 345 700 463 380 891 510 466 857 465 687 744 492 456 821 18 972 138 932 42 974 732 728 18 679 907 784 257
250 20 10461 558 825 923 853 587 543 577 475 239 830 211 228 664 989 988 516 684 192 591 463 92 345 977 65 619 42 897 195 577 101 826 507 931 273 942 624 567 150 627 888
251 20 8530 478 222 854 822 788 394 122 693 64 514 627 980 646 327 780 210 555 730 762 303 97 752 942 828 580 198 427 518 599 923 315 436 49 835 820 974 867 976 291 53
252 20 9085 143 913 738 42 982 678 267 694 192 110 790 319 301 800 951 507 933 648 882 909 922 810 151 403 835 586 965 416 291 114 467 63 517 357 341 559 362 640 327 287
253 20 9420 494 651 456 729 740 830 442 500 675 347 616 954 723 312 981 808 695 813 212 695 426 300 833 578 754 751 120 645 205 39 477 823 947 937 777 565 782 824 420 594
254 20 11846 676 870 625 64 841 425 634 933 532 630 533 765 852 910 973 730 771 993 690 458 935 865 746 967 915 345 851 98 511 110 756 906 768 391 579 841 960 95 660 851
255 20 8603 448 842 625 498 989 764 869 302 211 576 441 504 492 66 397 789 479 391 986 218 614 590 191 42 670 201 274 254 476 252 438 348 409 596 555 421 221 462 969 626
256 20 10601 546 876 91 503 910 892 697 115 393 107 706 778 897 347 683 515 850 292 391 474 978 976 746 980 863 855 666 197 935 706 928 598 567 367 593 162 54 489 758 830
257 20 11121 711 837 243 711 930 879 966 267 820 313 765 482 539 536 931 49 600 234 956 437 949 54 293 771 891 318 99 753 927 836 918 662 911 859 472 549 499 901 482 229
258 20 9063 422 629 940 66 537 796 371 253 384 536 284 85 649 108 338 864 838 115 544 359 824 663 848 463 763 864 245 520 789 535 410 981 778 621 220 144 783 763 362 674
259 20 9288 987 320 992 553 911 957 809 375 634 493 63 653 825 25 199 306 657 226 705 54 992 701 595 161 809 821 256 770 284 281 422 844 469 925 44 506 365 734 593 656
260 20 10752 618 319 335 729 853 849 998 441 781 891 288 313 637 261 349 916 846 459 650 354 347 18 939 31 533 331 529 767 364 416 889 208 733 594 972 38 888 459 891 17
261 20 10621 890 632 164 909 571 241 577 448 832 576 507 383 719 423 914 319 969 749 318 160 458 564 787 574 638 585 986 555 957 93 865 622 491 244 490 743 389 317 755 667
262 20 9880 324 489 767 705 986 910 670 210 601 627 654 940 615 560 475 526 104 858 760 915 989 757 974 16 370 622 570 480 566 843 918 306 403 22 759 395 579 671 267 231
263 20 10702 647 392 829 398 818 542 466 797 621 521 851 573 169 263 613 557 858 970 983 824 232 856 165 492 568 624 816 207 751 832 558 187 902 317 917 797 901 273 713 952
264 20 11356 340 193 835 591 764 721 661 553 924 712 996 902 769 550 878 867 561 251 975 429 681 631 807 206 340 348 638 98 537 481 685 42 908 319 388 890 532 556 977 954
265 20 10665 724 830 311 799 987 795 862 155 984 880 483 814 819 637 206 484 922 712 970 130 530 612 545 556 996 982 937 194 872 294 30 645 905 848 615 452 380 137 254 240
266 20 10104 929 137 633 756 751 875 380 235 632 223 915 557 829 353 389 589 765 758 625 714 812 821 411 527 306 705 472 995 263 864 716 169 747 87 487 308 761 452 807 516
267 20 7876 455 124 958 379 235 727 510 670 446 562 740 64 362 516 606 239 879 888 60 885 331 466 551 508 642 212 437 328 726 118 591 410 301 559 132 279 264 864 619 447
268 20 9302 781 512 740 168 704 258 393 546 868 762 290 146 616 232 842 155 745 380 655 6 245 325 255 316 153 873 314 637 731 974 659 211 438 760 763 656 887 671 549 559
269 20 10796 584 790 782 683 750 932 944 911 907 149 928 91 271 508 557 624 800 626 741 523 120 713 520 382 246 503 691 40 841 170 901 164 889 137 912 177 448 508 663 97
270 20 9563 612 989 472 408 172 243 342 136 297 210 897 580 769 771 896 609 417 907 852 623 898 305 868 213 198 453 529 633 837 279 964 174 511 577 383 207 265 298 775 198
271 20 9409 802 140 764 853 903 148 528 29 393 68 910 912 806 26 804 458 429 400 684 30 594 495 417 226 556 923 332 915 268 688 425 333 198 354 704 928 639 804 606 406
272 20 11136 759 817 888 848 898 539 928 692 176 75 476 208 655 288 628 306 917 314 664 814 922 26 871 18 775 175 450 849 144 544 900 506 401 310 489 902 1000 265 980 17
273 20 10589 873 146 855 21 186 407 943 139 362 906 817 833 618 420 985 902 178 936 625 307 538 781 887 584 928 690 780 308 628 69 666 546 158 492 893 347 862 536 455 19
274 20 10493 536 940 753 46 802 559 272 85 105 512 501 500 698 507 988 687 904 141 673 86 786 770 784 566 561 797 730 496 560 347 821 188 682 142 194 887 781 878 986 710
275 20 12218 988 776 871 196 734 19 617 996 948 64 751 718 934 731 533 988 1000 132 259 812 985 651 689 458 334 52 601 262 382 613 967 672 830 520 878 382 987 759 985 76
276 20 9700 218 712 808 908 854 437 525 877 349 556 851 815 258 429 868 14 402 564 747 809 688 739 843 324 666 9 830 96 139 277 948 849 510 394 638 148 518 404 466 152
277 20 9680 805 838 278 356 463 842 809 677 298 690 550 540 674 763 741 616 887 189 776 524 153 267 701 34 736 819 471 833 332 527 844 56 885 502 692 68 884 537 122 652
278 20 8940 582 172 406 296 288 299 782 220 499 309 877 69 948 379 836 687 736 337 178 416 201 512 960 582 476 923 890 886 291 69 176 667 451 566 509 247 727 135 362 128
279 20 8897 448 680 657 776 492 453 435 221 518 113 560 824 603 118 641 547 898 859 838 304 791 709 639 699 164 943 716 427 545 24 535 989 417 412 107 593 616 324 502 390
280 20 10416 930 697 877 937 877 345 119 629 265 664 928 77 548 707 921 727 699 653 165 948 105 953 668 621 989 645 808 654 949 298 707 664 592 942 740 347 460 123 674 893
281 20 10092 553 215 873 955 205 523 842 348 222 233 615 986 781 43 412 515 817 303 453 579 868 226 561 479 847 667 864 602 988 943 614 615 278 166 407 429 761 604 654 166
282 20 10266 809 247 582 760 842 457 562 815 436 580 319 539 783 528 842 866 785 144 216 930 938 879 904 639 519 202 757 727 524 922 609 20 968 702 488 941 216 977 734 31
283 20 9542 794 270 601 852 808 429 660 632 799 894 962 955 803 784 998 220 125 902 529 390 332 280 529 597 924 287 248 681 183 943 106 342 726 685 859 637 266 977 676 547
284 20 9323 722 992 258 610 317 294 809 500 706 62 816 374 684 136 392 140 704 500 669 140 918 326 991 108 378 298 432 946 261 100 777 381 478 982 64 53 554 37 724 657
285 20 9810 855 937 865 255 364 536 749 425 581 544 538 389 178 659 986 205 833 917 48 904 920 849 594 143 586 240 883 857 400 360 736 581 196 216 464 70 639 645 848 115
286 20 8952 944 738 931 880 534 754 534 382 68 126 508 894 831 846 626 678 350 185 582 847 886 95 722 848 783 94 179 853 582 823 507 873 187 378 413 302 870 385 154 388
287 20 9912 622 140 979 322 792 634 417 2 250 972 949 82 467 828 207 295 802 839 420 516 752 803 998 614 833 315 324 586 746 349 318 87 439 996 772 295 605 102 699 579
288 20 10196 190 64 909 872 628 58 419 336 392 765 725 338 745 335 642 600 749 465 579 153 620 142 821 325 600 220 437 982 750 784 591 982 809 669 984 651 909 863 247 430
289 20 11093 525 588 862 470 588 71 658 949 988 357 780 408 957 569 988 612 151 487 751 374 938 930 623 348 808 804 816 990 554 416 752 110 489 1 930 854 277 671 432 93
290 20 10169 466 509 362 423 721 335 456 300 454 598 685 556 622 52 857 824 680 379 532 29 729 41 291 996 706 506 469 323 713 541 743 120 749 625 785 430 963 732 729 735
291 20 11652 525 195 772 842 310 382 812 95 695 376 505 175 613 251 916 308 435 513 982 791 727 449 923 33 702 795 860 108 552 516 692 286 927 660 968 599 923 860 727 394
292 20 10877 86 813 964 767 856 713 809 681 370 774 997 454 284 463 515 755 933 20 740 308 838 575 396 43 436 791 774 218 821 500 813 449 287 713 967 953 864 439 847 703
293 20 9414 673 604 223 979 445 901 689 3 187 209 332 185 593 646 613 775 298 425 863 739 922 17 34 764 454 959 806 934 870 537 960 913 959 650 928 893 607 30 312 791
294 20 10397 511 778 492 828 242 709 373 226 690 7 781 995 996 944 582 320 528 165 986 191 947 71 269 383 729 677 780 125 710 552 687 477 260 4 678 731 842 886 914 948
295 20 10886 829 336 705 909 503 4 999 168 596 891 952 807 524 5 647 769 531 428 1000 304 550 51 852 403 371 552 559 821 951 680 115 894 261 337 959 931 772 403 932 708
296 20 9554 132 74 800 746 412 432 913 541 177 501 296 385 702 523 958 242 207 326 935 368 246 35 228 158 310 854 998 402 776 251 553 994 866 608 701 371 777 474 956 725
297 20 11614 481 69 575 931 925 2 755 63 384 875 972 341 789 32 951 706 805 325 950 147 564 753 820 770 552 890 458 522 976 308 650 327 416 924 816 226 841 110 838 319
298 20 9495 578 101 908 766 763 239 607 828 965 538 566 487 610 816 219 473 915 150 953 121 993 832 788 994 925 879 575 338 296 172 353 903 18 257 376 319 113 711 348 501
299 20 10220 756 6 635 547 319 186 935 154 150 402 817 236 942 522 610 914 511 884 970 685 146 154 994 891 519 927 289 696 933 989 497 581 653 749 864 319 344 815 892 584
300 20 10060 413 820 894 622 965 589 245 633 361 916 404 440 938 828 542 97 80 189 649 454 594 917 806 611 429 354 848 336 387 828 959 579 866 591 759 609 470 278 966 190
