1 20 6892 857 172 167 259 785 586 759 568 145 269 100 617 24 29 912 776 454 660 531 200 515 89 600 89 201 506 704 32 481 130 330 572 453 189 361 166 64 833 172 354
2 20 6664 347 162 124 235 659 854 45 588 139 833 802 951 574 67 656 270 351 708 300 86 39 607 258 782 250 307 293 46 553 152 863 693 221 867 279 332 685 768 893 137
3 20 5515 430 682 183 102 51 48 782 643 609 933 498 928 74 437 329 944 35 202 426 770 227 68 162 617 517 776 228 886 228 96 135 409 448 260 589 628 733 887 210 605
4 20 7066 902 188 97 784 367 475 129 769 231 63 735 637 547 796 718 676 356 919 769 646 124 56 341 575 424 657 759 114 402 863 21 642 148 309 303 471 626 341 834 933
5 20 7681 11 265 483 503 31 457 9 911 126 423 816 226 701 223 593 943 682 917 142 80 700 701 904 710 490 825 622 539 160 925 647 67 194 559 669 534 778 631 844 529
6 20 6836 20 450 212 124 216 490 200 71 521 810 179 468 156 990 290 813 386 256 764 297 595 927 111 670 503 173 939 384 851 509 195 326 503 789 561 801 616 88 727 443
7 20 8198 701 110 738 401 379 500 758 330 653 910 705 994 661 98 433 320 68 142 718 918 149 289 184 58 967 976 688 599 986 192 255 895 1 6 213 898 622 209 369 963
8 20 5984 341 332 572 316 146 207 73 489 930 533 295 839 444 67 38 120 228 151 126 386 529 221 271 141 355 973 826 448 528 955 406 481 343 673 234 164 44 228 752 172
9 20 5417 40 153 581 440 882 594 710 385 89 421 233 815 80 633 105 169 103 851 212 407 901 695 277 150 265 536 124 959 203 751 203 865 69 915 683 711 946 940 66 595
10 20 6273 801 820 685 867 768 297 214 198 344 782 75 394 766 92 589 59 211 415 46 564 22 754 860 430 728 869 207 514 536 299 263 543 34 613 138 861 425 133 130 462
11 20 7347 384 182 549 716 474 494 326 91 382 411 471 768 760 724 433 977 434 908 46 621 857 365 684 593 825 749 645 216 475 39 132 849 181 737 168 142 218 506 740 320
12 20 6977 694 883 97 527 88 230 189 236 739 130 336 906 773 57 620 472 625 506 536 429 499 19 122 67 753 838 28 419 133 948 389 123 537 540 516 57 327 166 721 996
13 20 7873 764 873 402 652 471 156 573 734 85 882 629 967 406 81 657 687 570 24 745 757 643 775 308 708 31 118 733 94 919 573 10 939 353 9 485 899 926 620 132 489
14 20 6621 279 300 593 892 233 530 22 776 378 632 70 741 867 875 94 122 506 771 25 494 866 595 964 747 764 531 173 682 449 933 704 966 603 201 4 381 162 329 521 542
15 20 7259 461 288 861 540 134 241 9 304 29 837 920 642 665 820 173 789 550 370 239 447 611 798 783 942 235 165 745 932 544 535 501 756 712 387 281 348 603 857 18 457
16 20 5551 10 474 167 848 327 420 708 496 804 790 281 299 343 90 101 349 660 439 571 705 150 678 50 53 87 738 517 946 347 916 106 840 617 839 151 454 861 836 81 125
17 20 7965 827 7 328 101 468 913 298 345 844 481 576 149 573 921 873 334 230 357 479 574 703 695 685 625 543 271 499 482 493 787 358 736 198 556 417 359 532 476 33 422
18 20 5693 250 21 301 946 386 992 859 856 775 116 277 806 355 371 7 676 485 754 395 1 211 658 306 322 421 1000 234 382 74 583 221 52 600 636 82 783 463 244 415 25
19 20 7771 353 912 878 755 569 303 331 513 604 90 163 784 753 199 242 705 193 623 820 254 630 968 3 315 122 558 780 153 813 681 106 51 649 906 655 686 529 850 521 515
20 20 6242 271 53 229 315 606 510 463 8 542 598 635 346 167 125 434 463 292 209 326 187 469 638 876 517 177 574 358 585 695 800 288 326 324 978 32 918 85 360 534 208
21 20 6153 331 947 623 455 814 79 804 636 58 219 297 133 475 645 260 240 894 548 264 604 347 490 756 230 127 703 507 749 70 567 395 303 5 163 585 9 43 155 37 490
22 20 6986 629 938 252 232 461 422 675 961 651 147 280 269 574 952 635 59 478 301 709 118 295 368 133 41 508 157 407 243 129 465 309 227 61 419 83 542 501 840 963 662
23 20 7170 514 85 804 337 117 275 68 1 448 328 275 548 192 407 448 213 869 50 741 675 821 518 19 374 313 801 622 638 863 711 667 631 268 211 283 982 280 255 351 251
24 20 7205 603 15 735 880 50 201 365 304 22 386 441 215 800 569 456 427 226 369 136 50 510 379 417 11 619 45 528 116 597 581 87 478 552 212 651 935 659 179 553 813
25 20 6896 230 32 103 760 385 83 464 596 339 201 601 840 591 470 23 765 850 717 463 924 549 332 80 214 745 998 296 875 173 367 802 863 839 331 536 608 198 600 353 50
26 20 7027 117 190 152 403 634 272 956 69 415 605 350 516 661 321 368 10 554 475 204 245 412 374 720 279 877 377 210 609 361 495 95 370 288 778 176 326 558 338 676 971
27 20 6237 177 370 386 726 97 747 175 268 136 62 37 6 721 904 500 100 74 320 956 991 565 637 424 51 386 578 443 843 335 159 349 373 817 216 157 766 658 11 404 186
28 20 7732 221 81 545 625 862 179 86 302 472 182 527 72 284 218 467 51 316 801 467 550 839 407 337 711 946 146 572 880 753 125 152 347 202 890 463 959 353 674 802 866
29 20 6955 707 992 414 762 190 95 744 736 65 962 881 607 294 626 656 700 48 474 168 489 768 844 759 482 149 293 203 930 801 199 361 556 268 342 722 462 339 824 157 441
30 20 5681 334 586 424 3 112 842 185 768 139 123 452 10 545 579 619 751 418 541 128 560 67 840 186 202 858 319 226 402 686 386 188 1000 325 141 795 161 292 771 123 274
31 20 7522 330 466 852 359 188 209 255 706 206 1 144 518 245 944 522 150 282 350 874 676 594 729 473 177 443 620 610 952 342 249 432 364 663 423 669 859 404 689 875 795
32 20 10464 816 884 908 618 856 296 754 985 153 201 908 65 686 652 672 622 604 176 828 877 846 286 667 667 331 505 851 501 725 387 506 151 640 858 668 996 472 493 190 844
33 20 6784 352 709 306 714 429 298 623 156 208 569 148 855 623 919 637 543 27 176 354 906 66 499 864 221 545 343 879 318 5 715 582 291 373 497 113 751 838 472 508 121
34 20 7282 98 996 10 521 978 358 769 245 540 518 228 302 346 361 98 604 207 70 180 894 796 487 860 964 568 741 301 469 532 184 692 888 364 650 597 717 363 321 576 535
35 20 6148 697 758 724 89 19 780 841 55 246 769 621 478 143 396 266 653 627 571 142 350 55 231 971 125 879 345 53 990 194 445 4 239 465 708 359 77 336 42 43 182
36 20 7414 414 851 21 861 239 257 183 177 779 246 626 445 442 266 581 647 395 561 726 891 370 772 981 486 259 422 307 905 342 650 619 183 384 184 856 675 99 682 645 389
37 20 8793 876 597 801 359 123 224 530 893 410 12 454 157 526 545 664 289 879 154 410 101 689 502 901 435 787 306 154 838 878 409 568 783 340 275 578 34 325 916 99 359
38 20 5667 58 641 186 70 570 277 118 378 906 592 199 973 83 164 631 796 367 914 372 747 229 65 3 766 326 176 901 757 11 142 600 351 386 469 7 900 521 330 610 721
39 20 6136 292 945 242 783 499 101 200 131 30 295 576 336 136 203 41 179 730 353 94 58 377 961 836 99 193 150 381 798 868 874 910 265 4 949 935 103 175 89 151 951
40 20 7061 24 69 102 762 887 661 186 267 976 891 376 196 443 540 480 5 283 487 649 411 954 934 661 231 334 338 418 865 653 422 22 50 258 969 40 703 592 199 489 136
41 20 7245 721 281 259 971 400 953 233 300 331 834 846 557 51 582 855 162 720 74 865 39 128 774 36 501 550 550 405 18 465 976 60 671 607 763 39 186 760 31 726 70
42 20 8102 717 116 454 158 138 502 759 405 515 977 247 857 767 786 191 209 791 813 788 453 125 933 633 935 581 941 823 403 213 134 177 616 202 537 514 39 673 394 820 349
43 20 6831 97 124 303 617 714 947 353 996 327 808 395 759 905 693 434 837 583 629 554 569 117 779 388 565 310 906 793 815 92 797 456 247 481 432 654 954 474 443 109 118
44 20 7567 32 279 451 710 477 299 837 932 496 769 32 557 338 101 305 760 775 147 618 442 275 399 442 311 120 98 741 563 524 780 867 387 768 458 400 400 571 197 390 558
45 20 8899 542 824 41 80 743 67 95 676 431 461 717 401 906 951 977 648 810 691 99 768 278 317 841 912 304 730 784 490 592 231 724 685 528 681 290 172 673 656 749 383
46 20 4842 45 278 43 471 361 395 200 743 307 3 401 123 215 309 386 950 273 368 391 979 27 41 162 905 10 285 228 800 90 144 532 129 263 55 241 113 920 263 958 359
47 20 8120 727 658 332 956 224 494 821 985 212 224 542 113 763 3 876 748 974 37 423 1000 951 865 695 434 336 425 408 766 37 308 953 288 204 928 303 678 179 156 191 319
48 20 7113 764 550 839 503 311 550 731 33 430 164 223 754 5 975 307 915 236 384 142 858 272 50 723 838 804 765 658 204 436 824 553 308 487 757 241 622 631 336 99 974
49 20 6832 181 726 556 984 765 802 403 840 328 919 220 912 891 680 891 808 203 713 128 815 34 957 366 455 325 857 926 893 676 982 81 937 568 597 363 537 496 510 140 498
50 20 6929 570 571 135 867 57 291 624 817 466 763 445 731 197 736 846 766 197 509 234 677 953 831 91 256 954 6 174 462 581 738 102 199 743 278 545 77 467 104 281 208
51 20 7186 587 375 798 544 356 624 647 166 383 435 88 112 172 506 948 960 761 160 334 948 908 183 295 901 790 605 154 379 95 948 398 148 142 802 539 899 401 107 187 713
52 20 5182 290 59 771 937 306 799 106 534 518 842 251 431 591 151 202 459 153 595 529 748 31 442 576 570 862 942 594 393 27 274 130 872 71 4 62 324 39 235 369 189
53 20 6320 230 743 28 394 623 200 744 389 337 65 431 915 21 23 270 186 200 236 203 533 102 611 484 237 629 455 198 882 101 799 840 184 954 870 67 328 490 303 949 136
54 20 6131 87 322 414 747 490 635 776 621 295 488 530 665 163 229 580 158 35 434 3 412 967 233 902 784 229 757 544 997 698 781 68 369 508 271 107 878 196 401 72 734
55 20 6718 442 881 467 919 301 46 403 182 739 518 254 902 112 712 641 78 647 815 703 342 317 52 314 60 140 613 746 876 207 474 353 446 333 635 28 254 874 476 377 656
56 20 6092 47 826 292 402 15 544 281 895 340 731 834 229 190 631 389 42 268 291 149 614 622 395 381 500 567 371 252 724 54 267 307 1000 628 456 879 181 901 345 220 119
57 20 7139 553 644 235 979 601 276 530 617 166 938 767 148 627 395 515 556 461 372 243 920 922 111 107 834 472 873 242 826 317 965 669 172 434 102 73 22 640 638 350 488
58 20 8176 847 503 705 832 858 227 151 245 345 369 105 195 701 188 418 847 432 813 815 167 804 911 713 559 446 611 214 686 158 444 906 277 294 125 98 258 550 518 660 425
59 20 5959 593 840 629 115 670 694 953 771 603 68 228 927 98 66 146 558 496 622 84 650 201 361 114 978 49 52 258 110 54 288 643 939 353 821 765 799 60 580 452 218
60 20 9350 450 47 377 360 371 943 365 570 822 438 529 651 114 112 368 820 992 639 552 89 912 95 796 432 439 653 6 524 312 843 916 67 812 214 873 850 827 257 855 814
61 20 7143 824 273 622 237 615 634 82 298 215 556 25 264 169 682 385 377 286 996 622 560 940 201 744 581 191 901 525 187 223 782 229 80 433 92 568 64 833 801 398 887
62 20 6945 135 30 575 635 382 104 420 526 56 10 932 345 657 360 350 236 406 574 771 192 72 531 143 530 767 815 44 745 164 37 581 474 652 133 626 999 911 732 38 765
63 20 6976 392 613 580 805 611 461 357 346 182 690 325 698 455 337 297 263 17 461 905 478 866 134 627 754 320 395 34 579 495 75 550 114 760 6 155 685 82 468 711 921
64 20 8382 901 95 349 37 822 357 918 404 85 311 23 385 595 727 889 331 996 106 714 392 702 609 231 476 534 957 706 236 656 313 113 787 219 831 271 267 631 571 123 540
65 20 7596 390 446 657 235 641 714 593 511 342 31 87 566 818 439 572 758 20 252 514 177 28 412 757 747 738 841 754 970 491 790 128 992 485 169 15 536 594 455 871 990
66 20 7984 123 628 185 434 800 945 18 518 855 16 832 973 797 886 677 770 427 672 238 345 181 46 317 617 733 391 861 583 311 644 857 25 234 879 195 949 917 319 423 909
67 20 6974 352 505 602 792 159 801 421 279 666 485 277 781 706 932 513 958 866 150 286 37 36 666 314 98 775 33 335 340 369 617 427 799 56 258 404 489 963 837 191 305
68 20 5841 652 400 603 656 286 456 486 702 204 111 480 202 15 593 52 677 749 654 82 197 24 617 568 872 135 40 763 521 526 975 145 394 331 809 147 202 227 366 827 237
69 20 6580 684 760 146 138 450 965 336 323 417 378 895 924 382 115 450 911 354 194 512 711 143 834 294 408 473 516 776 961 581 889 343 968 78 832 89 602 783 65 40 750
70 20 7145 717 485 559 832 509 63 488 591 8 323 678 959 131 239 522 523 449 24 246 306 957 456 800 92 387 356 555 505 502 914 535 131 444 324 348 517 50 867 47 993
71 20 7988 70 989 808 163 339 510 597 402 6 668 791 76 848 743 855 47 233 984 703 222 838 206 754 935 137 129 257 104 925 918 16 296 413 112 370 286 916 997 110 420
72 20 6285 325 963 457 936 314 719 178 914 82 965 491 846 109 266 594 505 729 653 906 758 512 741 524 450 514 18 340 987 484 398 59 612 203 315 511 342 73 682 452 703
73 20 8287 322 424 23 530 51 906 699 27 232 489 180 993 892 695 949 389 916 771 381 909 309 595 165 968 978 643 477 580 268 240 857 895 242 905 724 575 961 402 733 183
74 20 6982 631 229 140 262 661 1 63 514 460 74 452 264 55 202 853 691 26 842 31 630 166 975 798 292 588 328 824 764 556 182 617 723 599 936 759 578 342 565 107 532
75 20 6117 600 712 357 416 186 468 44 45 855 367 247 424 375 468 410 764 737 717 228 272 357 795 379 327 273 804 35 30 815 532 446 199 796 145 128 110 10 121 369 171
76 20 7856 589 620 258 883 607 276 148 991 381 336 485 522 949 970 821 235 677 533 51 380 979 143 491 291 272 144 296 917 513 370 410 681 639 525 438 822 468 129 349 302
77 20 6777 502 857 764 509 90 201 966 767 380 86 252 1 252 533 133 144 641 180 614 355 422 929 512 249 9 570 190 577 516 157 473 721 202 137 117 801 738 74 699 207
78 20 7555 164 525 860 731 932 57 245 374 613 500 385 383 477 979 710 394 38 248 176 496 130 463 41 415 120 456 644 613 282 186 668 686 845 392 486 438 689 914 939 253
79 20 5973 226 435 33 44 105 163 165 587 503 551 329 251 7 773 523 807 801 237 316 140 611 367 484 25 365 777 437 419 659 489 94 167 154 235 453 134 405 110 797 453
80 20 5080 339 71 19 466 636 328 298 325 263 629 131 703 43 795 330 402 459 732 507 459 219 999 884 129 161 538 42 975 60 634 218 973 429 643 81 559 399 688 832 101
81 20 6886 816 701 199 598 36 306 229 868 158 500 232 608 568 941 281 25 747 637 706 312 689 223 197 844 11 851 472 733 439 555 979 221 981 575 2 409 832 926 34 383
82 20 7904 659 672 721 92 844 15 693 620 739 494 82 950 730 946 863 835 775 392 547 868 288 535 55 317 705 100 202 203 430 326 302 161 401 809 67 5 344 986 433 473
83 20 9005 848 55 335 570 402 23 863 535 105 380 623 540 356 784 882 90 925 926 284 928 858 467 551 999 248 172 932 931 184 50 432 428 948 801 2 365 961 683 518 586
84 20 5787 418 238 237 120 20 63 737 593 504 762 57 869 215 456 396 420 43 115 582 573 424 69 342 693 486 648 59 619 701 776 501 97 147 47 130 619 331 93 904 254
85 20 5412 733 358 25 177 229 264 291 94 196 840 422 91 182 227 565 422 110 321 931 756 524 142 733 225 543 333 107 38 236 423 52 655 127 534 483 238 188 772 88 207
86 20 8592 208 912 483 751 919 933 307 649 587 74 433 611 158 633 828 560 569 200 839 401 566 880 786 390 16 516 501 377 793 522 891 296 333 269 363 903 512 578 649 674
87 20 7531 569 572 819 687 865 204 501 102 370 727 237 828 39 186 875 636 69 438 11 833 193 634 763 961 546 630 600 164 781 449 112 543 657 478 161 386 844 802 402 132
88 20 7364 881 446 232 545 966 289 484 877 430 916 438 370 639 62 291 441 336 869 506 447 57 745 489 929 546 762 323 853 415 993 626 169 136 44 941 1 109 179 360 895
89 20 10074 842 501 807 217 445 438 763 970 35 791 699 832 851 348 482 635 776 815 333 853 992 940 719 941 562 97 663 760 541 199 653 475 899 76 704 135 688 976 139 576
90 20 6669 50 373 775 173 404 896 724 197 392 279 36 415 445 490 522 132 682 823 191 66 8 275 5 902 803 522 57 650 533 460 318 867 858 306 540 971 741 4 253 356
91 20 7452 675 247 239 538 868 528 123 636 848 897 621 967 286 478 436 481 478 722 98 35 24 304 859 111 294 900 467 414 850 410 209 501 691 894 157 236 798 595 294 873
92 20 6427 219 252 170 687 210 756 914 468 64 784 413 204 70 888 642 568 4 195 157 140 186 805 151 13 726 502 790 574 865 270 509 931 69 400 349 97 572 229 954 700
93 20 8582 389 634 281 578 296 21 881 974 201 466 253 266 646 1000 200 192 793 221 881 816 726 77 365 323 84 335 730 858 948 235 266 574 850 476 654 198 941 21 343 923
94 20 6968 861 765 21 136 559 451 190 60 493 816 723 413 474 851 331 756 121 96 592 925 385 328 497 395 404 170 283 6 882 447 123 44 860 211 622 690 272 302 17 986
95 20 4533 317 471 331 612 173 379 74 227 45 12 7 715 747 928 465 976 521 710 366 843 82 866 182 510 130 387 941 715 41 466 230 671 82 71 332 163 372 62 229 536
96 20 7012 543 22 375 323 733 954 1 151 756 631 639 841 57 865 313 774 178 917 100 359 32 410 385 445 694 770 862 568 364 890 483 509 687 686 752 788 682 845 130 517
97 20 9251 467 898 334 589 840 27 549 148 775 524 147 886 944 982 875 17 417 661 983 966 687 190 90 282 454 350 613 246 587 820 944 804 742 658 191 164 777 247 148 561
98 20 7003 205 70 743 23 624 913 379 331 586 169 549 849 918 764 292 601 300 298 25 887 393 978 146 560 406 638 474 70 303 351 971 397 448 712 82 205 152 318 758 931
99 20 7855 985 410 667 207 273 561 441 185 713 253 830 195 859 21 71 538 572 188 383 131 804 72 96 330 228 781 78 641 357 850 469 615 437 302 977 183 464 915 115 433
100 20 6880 939 114 443 996 848 401 15 749 848 552 174 728 723 984 346 834 342 959 379 17 110 11 116 342 342 68 43 112 718 615 758 693 4 356 589 599 565 868 299 741
101 20 8582 659 3 36 248 591 326 782 184 913 394 728 538 667 795 150 6 824 291 601 374 423 429 178 255 853 74 158 1000 724 480 83 486 909 22 519 141 63 520 867 120
102 20 7676 625 886 985 311 378 544 55 527 11 840 858 130 498 125 518 899 851 635 517 751 102 684 117 246 386 874 372 815 697 349 221 843 333 42 216 218 862 634 993 752
103 20 8636 747 895 392 998 590 324 302 372 488 893 790 196 564 694 464 733 943 774 556 609 476 326 79 67 484 78 647 389 693 73 844 619 140 461 241 735 847 473 508 177
104 20 8676 639 467 561 652 959 142 853 275 329 975 425 581 624 894 357 976 338 578 468 971 36 79 743 454 196 985 504 74 877 331 768 922 138 852 539 115 907 540 584 663
105 20 6933 311 390 699 763 219 275 608 412 47 63 951 232 415 328 839 195 15 501 475 774 98 822 749 961 18 632 310 904 473 140 237 978 181 755 792 274 940 934 290 417
106 20 6649 224 854 300 374 687 367 640 218 233 594 748 501 139 900 184 460 188 526 465 802 932 376 298 498 366 412 82 824 814 235 331 905 503 12 214 711 825 170 139 799
107 20 6181 235 552 509 455 335 873 304 846 328 493 747 468 68 581 168 706 1 622 353 143 651 185 481 72 658 142 605 558 166 145 562 894 77 76 344 931 565 798 570 991
108 20 9048 405 145 483 967 561 613 826 543 403 220 755 598 168 188 507 83 156 270 880 659 906 301 939 666 968 389 682 741 281 15 386 413 554 761 620 434 142 745 688 230
109 20 6141 188 449 167 362 223 437 352 232 718 735 473 771 43 138 554 774 33 828 244 492 365 366 159 590 454 594 267 567 297 405 157 862 642 644 506 751 885 377 950 931
110 20 9044 739 694 780 587 398 462 819 142 757 461 666 37 865 601 827 982 479 987 776 399 586 827 590 80 928 416 725 592 217 67 99 908 97 723 121 422 480 309 357 468
111 20 8119 826 143 534 962 543 48 226 444 866 2 796 373 605 714 326 920 313 997 698 396 430 821 143 642 625 609 530 207 856 987 118 823 531 354 254 455 186 118 743 487
112 20 6550 494 691 192 240 417 425 375 310 908 780 842 931 200 384 436 305 182 65 239 741 184 694 685 35 659 72 269 980 268 928 861 707 383 702 187 33 240 425 167 619
113 20 7864 911 647 629 807 488 697 433 923 628 63 890 679 460 279 285 115 772 424 536 308 779 212 125 926 103 492 537 164 108 739 443 216 244 446 460 353 483 107 517 339
114 20 7148 857 112 212 433 224 617 810 169 201 632 286 708 85 500 657 667 947 492 517 510 60 987 646 428 797 962 209 941 378 335 116 225 521 826 17 853 615 953 781 533
115 20 6889 192 253 369 454 853 569 298 659 65 822 501 110 854 301 174 258 345 664 178 549 307 152 740 706 433 174 398 385 535 737 926 932 40 616 181 338 544 324 679 224
116 20 6418 678 557 653 465 43 949 901 837 557 970 347 801 559 380 118 69 494 40 33 53 182 968 407 544 757 748 929 351 254 102 472 615 366 690 63 45 112 692 98 116
117 20 5001 81 813 890 175 277 610 640 899 105 590 674 748 346 834 138 853 324 33 272 747 201 276 68 49 57 682 566 497 445 646 31 440 453 446 361 26 24 213 299 84
118 20 6476 499 191 389 177 639 438 743 813 108 458 452 84 71 33 86 792 502 128 27 459 389 238 501 172 657 545 364 29 588 817 463 172 348 951 502 826 356 259 412 118
119 20 6629 129 6 283 786 68 22 314 561 767 458 363 244 212 838 731 714 432 897 794 7 743 536 695 288 23 555 17 66 397 192 12 731 802 841 164 16 758 43 583 143
120 20 6406 897 690 328 118 824 376 144 332 660 433 110 691 514 506 325 357 68 712 22 243 20 663 594 990 521 570 89 331 472 900 264 903 917 594 325 280 198 335 716 518
121 20 7460 655 396 696 273 221 244 607 535 677 357 770 159 628 31 92 216 813 29 190 590 598 162 42 767 789 384 92 318 644 738 378 150 122 216 624 106 6 187 682 72
122 20 8165 938 900 689 849 454 580 790 747 590 502 250 746 313 874 430 369 546 856 733 10 288 614 999 114 415 2 589 269 85 476 447 289 709 3 214 462 344 522 384 768
123 20 7040 571 715 472 619 478 436 185 533 585 219 167 503 172 264 253 460 509 68 92 279 196 511 483 168 410 438 674 91 868 867 828 64 570 496 833 408 70 537 384 792
124 20 6587 278 377 49 770 359 264 417 398 243 714 317 678 483 660 19 55 865 917 646 989 741 645 448 329 320 11 423 999 754 348 51 317 100 512 856 116 488 3 377 915
125 20 5686 451 261 174 513 822 196 548 635 496 213 527 32 235 612 46 373 360 397 69 771 310 295 525 916 248 202 257 740 583 812 171 505 6 502 724 942 161 415 395 924
126 20 6156 36 714 763 743 133 667 169 682 171 355 240 502 707 516 423 365 610 202 18 28 653 683 358 566 27 793 578 46 159 626 573 61 467 113 821 598 488 312 301 204
127 20 7762 403 633 159 600 92 272 152 192 643 167 703 994 283 492 918 41 206 426 426 779 956 523 341 832 783 572 477 754 775 405 853 870 773 523 342 209 198 599 220 89
128 20 8040 316 606 601 343 642 183 501 154 808 591 525 91 848 222 509 114 923 32 120 875 140 170 468 828 213 349 619 131 253 77 4 207 882 593 723 901 501 414 455 330
129 20 6929 797 896 30 466 125 838 926 365 538 643 832 273 43 345 432 796 14 620 816 363 492 875 259 732 56 369 714 104 570 492 208 243 248 879 912 238 148 319 502 506
130 20 7670 313 626 336 714 361 196 678 861 618 909 366 410 676 365 90 562 461 643 550 936 793 244 743 796 749 761 9 804 30 913 206 23 899 197 245 924 610 750 855 224
131 20 6612 731 689 582 976 891 193 748 517 569 375 896 991 183 885 240 609 769 394 75 603 154 492 338 961 236 738 375 564 178 378 404 127 145 376 36 131 423 610 292 529
132 20 6384 329 642 583 200 384 675 581 357 289 201 567 561 500 518 46 488 187 45 746 723 359 881 754 384 335 705 297 300 564 564 744 972 79 520 372 525 44 568 220 512
133 20 5890 201 74 238 915 600 51 442 6 471 276 61 438 383 721 355 191 478 607 410 633 334 76 939 338 187 319 386 989 538 274 361 905 451 823 293 56 171 593 64 514
134 20 6406 212 378 350 444 681 225 516 802 516 554 480 27 229 675 8 191 375 593 338 795 248 305 754 834 545 587 973 18 482 568 175 815 161 939 63 491 241 392 661 944
135 20 6663 409 334 354 10 198 856 161 786 781 362 696 797 16 425 989 892 787 411 709 104 359 748 371 994 19 447 74 170 538 575 103 216 906 195 6 376 264 647 589 330
136 20 7937 741 293 156 957 282 176 231 329 140 314 607 323 935 540 316 241 255 144 724 188 842 521 337 676 351 669 417 474 255 720 939 779 611 72 564 573 689 493 530 298
137 20 7591 269 996 346 2 425 609 958 218 454 1 331 613 557 912 592 35 812 910 193 507 219 470 30 576 391 170 871 282 658 284 472 416 809 727 41 982 650 884 411 237
138 20 7221 213 935 787 852 314 518 180 328 310 482 517 788 362 503 435 810 962 984 783 975 178 707 678 770 156 442 805 436 582 40 47 848 462 394 41 629 715 1 500 878
139 20 6576 238 323 273 282 6 828 7 27 432 852 95 20 496 644 189 830 619 505 383 423 544 743 299 775 649 280 689 398 880 585 236 706 467 975 764 741 659 942 295 959
140 20 5461 54 512 703 706 76 360 173 799 23 334 822 280 668 455 54 181 644 205 58 723 804 721 431 665 59 44 49 578 126 345 525 476 600 722 123 259 177 774 658 842
141 20 7713 20 241 729 230 760 977 908 868 873 476 355 701 549 52 38 656 121 157 758 396 133 665 289 976 349 237 650 932 911 386 304 41 592 280 359 908 878 667 66 219
142 20 5878 149 573 785 433 276 517 595 696 576 922 231 673 325 339 95 668 346 323 421 309 492 892 492 776 161 716 567 93 311 771 131 863 227 69 98 552 413 340 657 105
143 20 7256 160 810 182 967 934 818 526 902 677 604 854 182 177 161 229 886 926 731 655 761 37 698 460 455 276 329 699 744 132 508 216 319 614 900 415 975 677 627 225 813
144 20 7040 360 413 834 416 430 555 949 703 38 842 693 63 321 612 757 172 240 90 18 738 123 366 75 378 705 353 599 812 725 486 13 1 397 986 659 920 757 403 107 339
145 20 8916 644 797 845 126 338 447 495 86 857 749 335 479 388 583 993 653 324 543 626 38 540 347 668 485 821 90 41 552 105 27 813 451 174 827 489 676 732 219 917 706
146 20 6949 251 765 281 538 567 744 531 281 665 215 461 544 13 784 730 777 241 953 308 674 894 676 386 594 509 130 579 762 496 626 62 489 241 161 950 588 22 326 500 834
147 20 7911 812 105 194 391 343 647 563 890 673 243 507 129 218 145 323 920 893 175 240 340 971 511 232 64 977 780 470 854 264 253 187 190 979 617 924 971 89 91 30 68
148 20 6711 87 191 265 395 607 132 220 687 532 979 24 734 609 494 133 108 509 128 342 295 103 588 832 471 654 655 876 774 426 311 590 249 296 938 489 114 169 121 626 993
149 20 5924 602 499 74 261 950 169 87 699 94 748 167 85 22 408 171 59 449 740 136 692 173 578 903 869 416 218 430 669 808 665 734 111 290 677 103 972 368 36 428 347
150 20 5982 216 72 287 666 304 606 325 202 187 924 74 310 795 368 238 472 18 237 462 425 128 978 950 725 651 161 710 131 134 332 113 168 822 934 588 433 437 83 39 219
151 20 7658 642 357 229 563 355 260 373 689 201 910 361 614 677 481 238 669 110 817 79 233 988 701 861 103 433 832 658 546 549 419 228 892 324 706 917 343 372 538 978 739
152 20 5792 762 395 150 757 277 72 470 839 109 204 270 710 93 355 237 876 602 101 811 252 195 742 65 569 460 839 110 188 311 792 311 78 257 610 513 600 790 556 447 522
153 20 6243 39 792 335 175 789 363 360 718 472 265 317 352 896 657 547 275 200 986 148 668 267 780 49 595 200 391 174 795 762 129 114 955 732 932 538 6 809 968 56 273
154 20 5168 142 52 233 96 19 773 359 432 124 67 272 477 753 723 233 6 209 796 282 653 310 416 346 546 332 644 488 823 145 25 734 362 369 401 312 342 178 250 620 13
155 20 5974 300 990 486 525 480 545 9 663 241 317 790 669 304 144 785 101 268 980 693 75 249 722 301 480 738 445 82 209 293 257 366 447 235 671 205 670 377 580 266 965
156 20 5941 582 67 525 485 78 692 292 894 166 649 40 602 865 958 622 143 688 270 493 648 151 169 557 30 256 430 667 840 167 456 111 237 326 106 131 846 121 113 589 211
157 20 8088 407 539 855 161 167 702 937 941 803 440 368 827 796 140 541 840 595 885 749 378 539 185 207 483 103 454 46 668 150 454 240 699 906 797 803 33 874 496 24 116
158 20 7718 709 909 156 817 753 326 177 230 458 16 851 149 431 145 677 534 120 797 43 532 30 250 887 397 698 824 40 166 731 920 159 347 973 129 471 661 384 814 900 489
159 20 7796 557 231 90 98 657 973 271 827 232 429 775 346 216 361 773 355 901 795 636 572 709 237 239 483 75 735 99 344 789 977 621 378 274 668 877 489 611 380 344 862
160 20 6776 988 311 906 84 246 938 179 827 242 164 533 991 462 114 823 755 24 955 286 792 398 669 241 200 92 791 841 691 350 654 846 597 151 711 413 662 80 20 370 209
161 20 6887 206 83 483 118 674 730 975 184 698 21 317 32 74 101 611 582 174 811 679 455 670 956 24 494 315 470 552 998 586 9 106 872 139 969 715 592 456 377 155 367
162 20 7263 238 482 575 748 58 126 825 296 764 521 325 869 360 825 493 621 3 837 262 821 48 126 593 460 331 456 622 570 975 144 816 27 279 645 419 504 692 578 401 814
163 20 6321 381 184 774 44 729 111 2 99 580 249 77 727 712 146 338 426 571 650 228 80 89 591 711 815 178 856 677 586 133 570 146 897 885 583 134 646 520 506 37 699
164 20 7583 337 117 624 635 559 753 206 270 719 881 593 59 65 23 820 218 516 381 90 715 253 209 578 966 286 660 833 740 599 206 695 477 766 839 168 591 221 64 551 248
165 20 8438 800 477 590 266 777 481 641 991 319 574 65 355 918 823 114 268 556 813 834 738 36 902 445 552 394 743 345 313 598 631 504 964 105 142 868 127 913 966 726 43
166 20 6200 690 3 567 545 179 443 579 25 617 573 591 173 828 665 156 405 227 734 121 476 495 501 16 252 741 789 326 902 453 185 554 459 59 850 152 76 268 610 131 425
167 20 7540 42 238 938 105 216 254 87 843 663 790 412 765 639 433 80 203 235 245 814 928 977 599 871 842 437 370 69 582 786 268 799 538 453 801 49 642 668 508 190 637
168 20 7859 207 8 287 991 632 373 171 943 523 160 395 986 975 671 962 19 465 368 624 795 462 755 195 681 263 173 580 93 826 70 636 857 357 26 113 432 316 97 835 973
169 20 7749 214 272 620 195 886 131 759 310 607 334 650 765 92 302 157 155 235 588 928 493 119 593 190 942 292 312 950 508 571 620 403 958 8 224 543 619 503 412 960 254
170 20 7760 221 611 282 702 602 346 796 42 506 399 388 873 110 555 753 614 303 141 701 551 500 415 653 87 879 483 1 146 919 943 133 793 482 721 466 858 266 695 740 467
171 20 5840 892 160 24 341 71 937 585 780 357 544 221 67 569 731 146 328 624 463 454 775 354 763 485 307 770 943 47 208 411 618 43 274 142 675 801 598 274 134 30 654
172 20 5933 395 149 704 744 860 304 662 342 367 208 223 621 163 226 138 518 44 942 677 139 222 631 858 326 249 999 8 298 683 639 397 67 124 650 5 984 430 315 208 472
173 20 6428 473 741 274 30 907 520 43 612 895 31 665 68 147 958 165 122 556 446 367 843 55 252 853 106 423 544 610 121 84 278 3 913 266 221 654 338 16 42 579 370
174 20 10043 482 841 662 115 875 191 762 926 754 798 593 282 749 357 556 422 480 586 797 329 901 789 593 19 281 530 990 566 701 301 33 964 671 284 493 977 921 290 260 912
175 20 6468 381 2 41 487 279 463 44 82 17 291 716 87 701 914 313 599 705 980 386 936 486 246 536 508 267 829 674 518 415 305 402 720 106 58 815 42 689 855 113 528
176 20 6099 76 836 268 73 66 669 162 478 345 559 955 598 385 587 282 209 464 594 248 702 770 131 334 310 776 117 495 277 41 689 131 82 335 699 690 475 505 227 296 89
177 20 6552 209 368 276 197 771 516 262 399 277 705 834 67 540 328 412 239 411 953 204 833 662 353 282 28 245 94 606 138 282 368 205 501 269 314 279 241 664 513 501 817
178 20 6912 252 453 514 876 187 167 978 143 48 922 55 241 539 53 840 602 689 952 426 204 396 77 10 493 356 837 581 570 167 361 730 404 373 735 551 27 410 523 539 573
179 20 6439 573 369 115 100 226 166 443 730 182 72 569 834 202 452 301 449 108 447 284 132 673 445 749 691 204 582 350 211 919 994 728 483 407 560 32 21 183 622 801 55
180 20 7472 195 705 665 889 147 337 742 177 521 477 904 429 478 749 574 113 478 307 680 692 191 216 226 883 597 941 816 372 106 808 129 450 740 524 751 914 190 791 210 241
181 20 6944 31 340 63 619 668 431 27 985 949 42 309 41 27 839 620 272 448 845 201 914 563 231 260 356 503 407 699 978 616 903 776 417 784 153 448 940 351 349 337 188
182 20 7864 868 772 585 585 40 586 439 920 164 625 714 139 586 959 577 886 414 695 292 481 62 404 862 169 483 201 801 242 384 849 660 536 172 328 835 231 349 254 544 942
183 20 6706 377 699 293 756 818 908 549 351 653 483 223 875 166 630 261 327 82 682 245 291 418 823 537 416 467 222 828 853 655 501 67 410 276 460 70 239 702 529 696 874
184 20 7292 241 955 486 602 20 140 700 818 716 53 184 149 155 994 92 941 937 313 300 770 341 796 798 823 177 735 503 298 400 94 577 572 970 811 211 15 431 817 877 491
185 20 6602 175 13 281 600 1 42 5 264 746 312 562 555 130 467 468 61 727 81 226 454 32 172 942 127 145 625 384 806 740 994 786 845 403 179 598 51 833 738 69 443
186 20 6833 724 527 780 714 57 378 655 319 17 789 303 541 110 9 135 153 287 414 569 700 192 358 115 974 532 227 383 979 900 799 342 158 608 719 50 244 936 751 847 437
187 20 7820 367 349 584 136 227 981 416 816 289 374 852 875 11 18 848 576 883 960 273 738 712 180 494 902 376 400 557 184 520 209 56 254 900 550 573 941 381 311 456 28
188 20 5858 173 453 215 568 395 586 57 40 482 263 29 340 15 667 92 822 528 870 195 974 671 254 982 358 865 661 419 143 14 919 429 104 297 556 569 133 770 489 126 851
189 20 7760 240 716 348 833 156 280 913 670 853 957 376 570 299 995 726 543 401 987 569 617 134 504 411 773 172 461 938 213 691 787 92 843 998 407 420 328 320 479 644 235
190 20 7373 471 771 430 433 323 687 450 297 142 540 209 170 319 155 600 537 238 724 389 881 450 711 316 168 750 326 341 980 120 630 776 45 507 23 831 339 696 476 859 765
191 20 7846 193 627 628 687 617 638 128 280 491 554 657 917 684 382 284 40 247 61 371 64 129 736 689 946 254 718 533 846 995 694 420 622 707 855 483 44 995 456 303 759
192 20 8050 239 115 269 820 799 923 715 346 41 854 154 962 649 680 349 971 5 727 932 769 699 433 397 894 686 568 46 861 251 348 837 436 353 333 769 238 905 969 968 640
193 20 4557 331 276 315 684 224 633 379 643 467 768 209 734 429 542 547 669 330 635 128 721 90 24 100 218 73 575 93 147 700 131 54 183 228 91 74 963 294 556 632 3
194 20 6744 241 906 648 178 809 115 373 154 560 169 872 334 587 709 289 350 557 173 69 638 528 199 239 855 491 904 214 207 490 975 529 167 26 372 506 50 109 723 294 35
195 20 7128 125 893 40 696 182 143 341 367 996 182 483 228 907 923 456 533 236 452 908 467 468 301 375 355 582 416 406 343 361 696 744 13 1 993 921 531 250 449 129 698
196 20 7096 431 367 469 788 110 165 191 985 576 416 548 988 720 549 247 28 408 494 786 242 583 127 496 329 388 825 867 503 278 264 557 197 43 589 143 143 503 309 526 958
197 20 8498 391 257 787 226 138 901 308 916 173 486 828 233 880 824 548 834 382 328 463 860 151 232 280 846 399 496 682 549 585 745 926 203 581 955 976 679 649 980 496 235
198 20 6393 10 365 208 503 662 143 538 481 247 136 341 567 91 458 731 569 104 791 943 490 869 765 498 410 250 286 733 539 159 515 293 116 340 310 733 391 177 272 65 981
199 20 7120 534 993 267 510 696 542 758 256 592 122 58 627 321 16 24 191 262 725 130 952 211 59 807 741 84 713 941 699 303 177 558 829 715 810 973 66 494 184 172 864
200 20 5501 773 226 277 651 271 72 512 627 76 31 230 250 62 373 65 351 841 784 418 594 105 957 258 221 101 261 403 402 373 525 173 808 625 537 530 991 458 170 326 976
201 20 6544 14 136 440 452 543 422 795 946 9 473 841 665 904 769 792 649 55 556 357 963 38 294 6 267 547 827 134 755 304 748 853 51 215 478 466 523 440 801 428 68
202 20 7180 483 394 808 869 253 417 178 530 150 744 464 30 228 752 391 580 38 787 104 95 241 410 391 373 502 849 425 256 948 119 564 721 230 584 644 526 990 655 943 416
203 20 7514 388 279 741 592 460 943 671 982 441 317 184 144 30 628 461 369 291 782 739 75 337 192 986 232 393 352 174 593 322 442 898 370 149 133 853 331 737 342 138 344
204 20 5720 253 35 17 746 149 520 840 854 290 648 438 159 602 851 619 992 291 934 552 507 75 778 561 536 8 196 838 588 21 660 972 463 68 492 43 262 147 555 367 337
205 20 6296 206 626 82 333 248 853 745 226 847 44 102 438 505 249 791 453 296 329 539 414 265 64 165 666 518 267 741 733 272 479 198 335 621 220 181 398 31 780 518 814
206 20 6333 337 581 423 862 327 894 795 259 77 401 1 742 693 282 700 435 464 219 860 543 2 607 472 630 338 313 407 219 268 277 7 527 10 303 556 451 249 643 931 433
207 20 7944 463 767 534 719 545 558 704 535 890 559 451 555 394 90 735 362 182 730 200 966 537 453 857 628 394 606 171 883 382 444 697 569 787 846 341 485 656 120 10 800
208 20 7979 804 918 5 706 628 579 771 503 886 73 624 67 197 508 139 605 191 334 761 499 48 897 219 146 862 46 625 916 765 202 366 69 643 460 887 688 167 406 386 692
209 20 7129 559 14 479 847 238 39 357 171 848 390 85 996 506 375 549 33 225 106 314 940 598 583 351 861 813 860 568 332 864 456 329 409 12 190 261 741 432 331 524 536
210 20 6405 562 25 443 381 444 963 284 97 310 353 287 1000 518 302 59 489 801 448 690 308 466 277 446 16 212 997 820 810 564 467 142 274 393 162 54 765 28 914 484 201
211 20 5833 905 98 357 207 687 169 24 200 454 571 765 68 139 583 641 497 181 541 610 573 38 276 376 873 519 403 291 161 402 769 138 950 244 697 163 551 24 792 334 205
212 20 6837 691 35 13 852 625 570 938 201 828 175 178 839 483 487 472 465 370 64 702 841 81 546 302 892 85 778 744 514 863 813 143 819 8 350 352 65 446 535 223 605
213 20 6535 403 207 148 378 344 132 304 245 409 751 379 817 51 12 457 951 760 954 662 561 710 407 85 905 91 367 493 387 708 94 671 162 44 617 494 518 393 917 563 139
214 20 6134 44 854 22 918 2 233 461 822 730 172 387 610 713 158 135 348 629 467 610 469 416 784 434 41 733 322 203 258 7 248 154 453 658 687 191 864 714 820 425 512
215 20 8053 885 191 689 286 431 658 630 230 706 467 799 832 241 409 884 517 72 451 621 676 249 638 492 71 634 794 202 71 644 74 497 78 778 548 546 717 42 580 25 453
216 20 8231 587 791 94 886 962 714 738 159 730 5 529 510 154 419 187 701 816 79 293 238 398 754 468 424 917 84 351 682 931 107 653 249 322 563 269 24 382 39 508 277
217 20 6948 405 617 153 603 704 586 979 152 41 551 328 619 328 541 107 975 569 804 99 372 412 876 918 703 497 697 681 261 227 58 334 980 152 256 487 50 524 845 740 569
218 20 6364 394 352 77 62 899 640 435 675 744 802 744 124 79 750 646 612 390 211 534 883 479 160 505 646 488 757 116 278 329 758 745 877 45 213 159 763 39 345 108 572
219 20 6984 285 14 105 163 87 130 22 185 919 810 402 955 451 665 161 432 784 717 28 363 418 551 664 566 519 827 139 719 252 963 698 376 791 510 871 378 653 669 482 934
220 20 6730 304 868 659 592 689 353 422 152 20 142 624 300 313 732 689 865 118 630 611 843 130 760 270 318 15 805 897 222 104 683 646 463 638 870 314 731 663 129 287 998
221 20 5503 937 427 288 251 151 390 855 629 28 929 154 912 340 148 657 473 285 333 686 145 97 727 433 796 430 663 438 538 101 282 5 144 361 142 15 755 28 777 590 341
222 20 5978 215 525 207 571 726 932 555 683 141 874 473 726 522 500 193 970 250 302 709 631 211 363 123 961 461 603 134 394 455 16 251 334 7 725 783 14 313 277 744 193
223 20 6940 368 916 70 191 90 578 259 855 568 831 483 442 235 999 429 24 544 651 133 930 504 589 506 329 515 704 498 820 210 28 819 30 626 167 921 767 650 991 248 825
224 20 9045 91 428 931 143 510 820 668 211 286 860 123 321 154 994 407 253 815 143 187 254 619 896 677 777 848 294 201 644 993 856 770 498 594 372 926 602 877 986 630 658
225 20 7984 419 137 198 685 321 113 880 120 505 189 298 233 954 725 487 886 38 425 442 658 264 143 657 84 895 637 338 486 538 637 763 53 475 977 574 673 929 654 6 702
226 20 6364 291 185 926 356 81 903 871 138 556 464 674 161 506 444 441 802 221 306 520 79 77 118 17 238 570 739 790 777 218 709 148 701 230 117 115 139 608 870 95 607
227 20 6252 29 573 431 852 895 791 262 69 797 703 437 151 796 264 316 672 508 750 132 792 282 953 619 713 308 994 772 461 90 527 299 112 124 921 286 836 288 979 145 972
228 20 6381 49 503 183 93 664 698 76 859 132 474 354 51 684 704 710 102 277 173 77 228 268 902 655 502 271 261 506 652 804 948 169 540 707 711 467 551 339 674 585 467
229 20 6921 124 268 804 215 29 925 482 968 50 782 677 290 32 441 807 383 522 135 109 652 781 642 698 442 344 422 775 42 536 692 155 56 577 948 657 154 334 757 159 488
230 20 7473 487 27 497 871 446 638 241 800 536 426 533 378 342 12 690 153 293 115 945 101 215 210 965 871 701 55 868 22 187 122 295 686 100 902 453 351 543 676 5 843
231 20 7835 17 458 19 485 532 787 571 964 865 964 16 109 809 275 857 828 833 728 179 314 645 657 65 938 126 797 803 309 970 186 730 983 839 696 427 62 489 423 2 274
232 20 5743 84 940 781 590 655 380 145 700 161 982 76 530 210 600 473 152 349 245 287 830 797 434 582 12 282 549 12 366 483 14 334 953 541 466 194 87 714 728 19 340
233 20 6479 437 645 762 11 167 243 107 292 242 22 768 175 134 671 268 480 600 426 344 27 300 491 19 162 593 448 362 782 203 379 253 490 252 834 924 315 827 961 537 936
234 20 7208 425 403 327 504 293 160 535 96 915 716 185 870 840 827 698 540 92 689 27 212 249 262 571 394 294 589 375 259 731 679 150 869 460 400 764 172 146 44 933 549
235 20 7045 548 632 393 769 537 583 518 247 866 935 578 124 652 124 469 824 340 367 870 23 613 747 378 828 572 437 454 973 98 262 639 908 53 433 84 525 40 713 105 1
236 20 7170 63 259 642 270 453 770 700 60 460 336 504 603 215 161 758 724 522 923 319 392 119 485 389 934 91 617 662 159 728 568 406 531 739 185 816 475 213 806 164 587
237 20 6881 86 363 42 924 690 75 314 129 909 155 379 525 375 456 494 327 41 875 584 280 745 297 429 27 384 391 319 601 655 13 371 801 57 426 863 218 314 237 551 190
238 20 7904 192 56 348 462 649 877 339 59 368 309 69 124 605 806 357 274 851 470 726 718 379 912 770 9 687 684 494 171 956 213 9 279 412 365 218 998 935 174 516 337
239 20 5455 544 389 24 917 198 197 76 323 254 180 94 793 87 250 344 684 920 193 686 759 37 385 662 754 219 476 46 258 292 4 911 274 9 802 710 898 233 286 473 231
240 20 6816 828 864 390 482 187 810 137 124 818 964 358 702 567 213 230 166 727 165 880 339 142 134 366 847 336 301 453 120 426 740 174 113 51 41 410 113 759 36 281 638
241 20 7678 364 3 313 954 665 628 306 394 292 451 759 667 796 1000 302 926 207 693 639 995 483 645 904 631 967 104 527 858 3 147 391 49 174 748 600 223 182 865 724 41
242 20 5618 90 676 778 267 270 209 306 639 606 199 294 400 617 824 468 683 251 22 171 624 58 528 365 894 483 234 647 858 238 582 13 935 653 520 22 384 346 861 347 123
243 20 6936 444 786 401 917 441 521 369 570 113 784 391 20 986 547 275 27 106 795 360 366 686 650 856 800 448 986 664 824 458 564 732 979 44 384 246 554 605 524 46 476
244 20 7960 990 675 780 22 396 366 139 990 183 269 253 868 45 420 78 584 478 673 660 893 928 531 488 728 650 240 811 977 695 401 162 390 229 588 336 874 786 350 864 119
245 20 7179 429 810 255 559 328 191 232 272 391 124 418 694 256 350 563 27 742 21 883 563 178 690 589 780 377 134 954 901 583 722 206 504 869 29 364 171 119 764 238 72
246 20 6104 213 119 29 626 120 126 440 890 331 928 309 997 479 242 647 759 329 554 748 145 450 183 392 649 292 10 21 357 824 172 200 677 265 771 72 784 749 712 721 547
247 20 9424 723 286 730 120 828 579 605 292 336 740 896 420 870 944 555 464 157 562 576 669 26 630 901 790 584 191 851 730 283 644 739 728 846 217 409 632 158 289 708 274
248 20 7359 703 427 359 15 548 688 536 816 878 2 402 346 575 545 401 646 217 376 466 387 801 264 649 948 216 261 56 815 848 658 40 45 117 474 177 359 712 648 498 537
249 20 6719 513 632 156 634 466 15 155 383 197 162 398 733 680 997 97 9 729 372 597 725 72 681 411 760 432 120 811 810 561 365 471 647 628 616 271 151 215 744 539 134
250 20 9057 818 28 659 729 105 437 802 526 460 975 247 448 282 951 760 381 38 31 793 521 569 376 626 133 527 757 453 222 826 16 462 376 309 94 818 318 996 60 772 367
251 20 6250 286 746 182 464 238 772 73 220 352 417 681 219 574 289 222 323 63 452 673 798 970 349 806 702 578 510 82 347 642 389 657 196 266 353 381 161 29 978 58 965
252 20 5538 340 900 295 450 144 784 345 209 822 863 371 591 103 404 205 390 682 66 309 872 89 471 772 269 237 502 26 446 272 436 541 95 305 249 164 804 437 277 464 104
253 20 6349 364 676 390 993 593 146 722 419 237 908 205 91 363 93 483 186 325 195 218 763 345 166 250 292 846 969 205 824 593 414 161 354 58 527 856 236 303 581 420 200
254 20 6100 730 939 924 52 814 429 471 680 369 915 257 267 257 258 380 641 125 124 624 846 268 75 42 78 767 614 204 919 93 116 37 115 145 592 70 745 539 408 510 422
255 20 6496 75 196 608 230 478 885 707 435 168 938 219 452 223 240 316 240 189 903 450 975 606 374 451 789 506 743 139 482 311 962 258 930 810 908 465 249 147 386 995 669
256 20 5453 420 558 226 23 219 598 574 271 524 824 57 164 801 809 18 984 210 155 231 69 563 999 631 37 91 815 860 337 16 623 318 273 425 913 464 877 138 810 31 58
257 20 6939 173 283 855 594 614 122 869 130 45 893 175 653 308 624 208 102 704 215 112 861 418 892 599 549 503 375 688 457 331 13 173 566 614 146 670 85 568 906 47 323
258 20 5140 623 879 470 267 239 964 177 117 79 125 120 125 496 1 539 578 317 324 586 783 605 718 312 837 97 125 111 496 598 796 322 132 46 296 134 249 527 735 28 516
259 20 8257 946 659 989 334 26 900 58 766 809 64 731 475 889 756 721 581 602 291 834 186 103 353 904 263 626 959 762 711 107 712 250 596 123 772 483 103 86 175 273 495
260 20 6002 181 475 849 937 430 136 546 548 665 999 222 203 64 394 483 375 466 786 722 828 534 211 345 87 148 320 69 37 381 584 214 195 701 381 41 356 204 197 238 11
261 20 5640 698 350 398 962 37 408 126 103 356 921 718 848 914 225 31 951 551 855 1 534 208 753 531 93 133 650 222 557 414 489 648 55 453 758 61 708 266 160 284 554
262 20 6722 631 750 170 524 15 1000 578 238 423 817 935 8 110 460 720 46 733 840 105 703 98 968 87 592 224 798 187 494 974 125 340 801 976 702 860 881 194 817 43 66
263 20 7036 623 384 743 117 832 847 288 662 702 777 344 859 843 535 100 780 867 899 772 209 9 575 4 778 194 373 392 494 347 356 359 615 36 171 231 128 481 20 629 295
264 20 6951 276 928 16 672 841 639 381 980 76 917 124 645 759 102 942 416 186 138 696 18 548 461 64 255 33 624 631 166 717 457 806 922 739 884 637 26 61 775 156 209
265 20 6157 383 474 362 980 91 269 5 487 27 316 830 132 61 341 66 281 877 946 82 478 751 164 349 589 645 413 726 939 759 789 526 249 311 608 67 654 581 811 198 413
266 20 6381 188 603 647 775 118 628 258 565 310 401 543 838 479 974 260 42 276 550 230 533 553 316 456 622 933 921 469 454 349 72 182 281 645 786 369 22 328 619 384 585
267 20 7038 547 428 535 81 232 100 875 100 240 811 609 428 244 793 11 94 535 567 703 224 877 689 329 882 713 987 664 696 189 267 165 633 251 643 701 784 351 24 27 839
268 20 6543 843 731 142 637 526 822 267 186 334 279 616 908 478 282 779 638 118 453 453 82 98 318 205 779 600 440 572 666 254 166 254 940 478 590 265 853 233 5 664 239
269 20 5896 567 746 193 903 58 579 233 916 590 810 438 782 149 631 19 64 565 654 312 161 164 761 77 907 982 490 54 275 621 669 367 749 322 226 829 925 367 490 464 134
270 20 6692 546 830 910 559 480 468 22 388 195 927 189 768 263 549 239 120 909 327 938 539 170 378 187 981 310 347 649 472 119 330 608 965 221 626 617 969 548 844 246 819
271 20 7671 820 912 270 151 167 881 209 232 681 433 216 156 118 969 494 570 640 303 305 849 473 166 633 583 345 902 812 973 652 304 873 347 525 558 433 522 562 242 361 144
272 20 6192 189 689 361 603 566 122 462 2 261 84 63 931 147 980 540 819 147 765 126 872 280 844 417 91 335 33 905 893 519 606 320 277 386 164 594 770 522 257 601 200
273 20 6225 372 240 18 104 650 469 658 965 87 622 693 289 914 183 293 51 746 732 394 914 929 52 136 928 346 647 148 870 10 792 221 947 209 684 120 598 244 894 594 552
274 20 8219 311 123 934 258 192 831 613 969 614 718 368 851 847 640 102 875 464 2 395 211 589 962 677 459 576 459 235 207 828 689 39 151 234 97 757 604 582 655 917 466
275 20 6234 833 910 625 715 486 332 440 319 366 454 455 327 559 322 299 823 681 652 201 210 108 84 83 100 124 610 239 461 425 695 493 675 418 447 48 782 705 115 205 872
276 20 6089 543 301 314 413 755 707 80 96 695 751 814 467 177 192 214 290 464 69 47 276 322 320 47 139 763 599 580 539 853 128 65 536 362 272 434 317 76 750 7 435
277 20 5246 869 932 142 693 247 39 89 13 155 645 849 703 305 48 23 673 129 691 962 968 131 405 81 445 102 47 72 668 348 314 130 345 827 848 460 573 2 475 635 483
278 20 7761 387 410 27 820 527 614 241 606 313 432 238 7 881 669 575 252 418 972 304 731 990 285 317 34 414 595 283 773 915 240 319 912 574 205 480 54 739 977 760 770
279 20 6797 823 193 5 732 407 392 753 963 197 657 733 762 513 281 572 691 41 496 819 637 930 310 247 453 210 628 936 756 191 921 149 214 502 31 16 539 250 708 203 304
280 20 7297 108 793 710 61 464 981 916 603 580 771 442 389 511 784 571 958 39 871 356 97 571 111 443 126 279 786 372 815 402 398 815 624 412 587 816 936 46 481 269 99
281 20 6041 474 374 262 383 709 761 791 253 551 658 634 555 445 900 240 699 144 905 124 496 144 562 180 994 173 548 496 499 535 795 301 114 532 85 219 758 267 930 331 615
282 20 6283 557 379 254 537 539 275 452 442 428 910 152 665 309 26 296 411 99 98 824 790 230 918 369 870 37 453 741 807 51 876 678 140 242 742 214 70 426 894 956 189
283 20 7847 609 686 173 638 446 404 755 16 300 552 326 733 830 717 654 761 779 151 214 985 9 95 311 572 897 865 682 684 177 763 444 190 275 346 882 715 176 960 870 847
284 20 6967 342 353 392 737 299 394 207 790 276 218 46 456 593 246 536 302 877 702 806 872 547 171 358 291 182 621 105 399 479 496 164 680 726 810 592 897 464 773 718 569
285 20 6571 633 347 409 24 540 863 70 897 418 302 153 834 742 664 970 313 120 654 457 445 57 522 325 404 289 261 694 709 452 790 224 847 72 33 414 9 568 850 607 807
286 20 7066 378 317 557 966 785 920 215 273 450 416 17 259 535 589 928 185 693 231 262 319 504 861 224 64 192 44 125 818 80 954 734 791 931 104 245 787 673 521 305 238
287 20 8150 189 100 216 936 699 268 532 274 151 775 290 670 834 143 527 893 327 429 894 101 65 117 526 649 442 169 924 369 891 602 644 33 476 651 615 372 825 383 121 102
288 20 8853 402 545 521 793 140 135 546 928 833 44 798 848 613 970 50 610 907 946 964 387 2 700 823 25 230 116 250 805 289 567 461 768 865 556 659 440 883 391 831 566
289 20 5337 474 619 895 354 48 729 528 899 901 512 169 587 224 851 382 434 95 153 370 91 148 86 173 186 277 409 91 871 359 512 496 565 587 383 253 268 116 353 86 844
290 20 7650 280 977 57 379 748 282 726 531 490 66 647 596 919 862 652 803 684 97 93 387 294 412 294 835 824 17 75 144 386 106 513 608 499 1 140 242 720 878 522 996
291 20 5587 59 538 349 239 546 841 498 360 171 780 368 437 704 961 51 581 450 137 20 535 32 628 472 535 188 595 406 709 136 97 463 131 276 92 446 858 799 382 550 225
292 20 8773 791 968 540 468 95 510 659 26 723 254 319 568 939 909 747 98 593 344 282 687 273 280 558 306 918 60 188 939 529 136 319 737 341 935 826 106 423 700 904 89
293 20 7905 461 115 656 452 462 942 153 323 823 365 60 106 344 237 586 684 452 677 826 41 541 277 544 554 458 566 804 382 548 723 5 652 577 967 328 835 520 183 734 802
294 20 6483 207 882 147 697 210 535 378 404 727 609 655 301 25 801 39 642 301 279 277 19 965 546 700 285 386 250 805 280 205 615 241 21 470 28 270 814 873 147 223 231
295 20 6114 496 546 565 763 434 487 866 925 425 612 465 522 119 406 142 571 367 382 69 99 978 989 77 249 162 687 217 837 32 941 626 911 232 841 440 347 331 959 600 698
296 20 6616 488 761 16 126 339 974 122 325 374 376 812 755 306 723 891 498 76 197 642 461 433 712 31 157 541 550 911 295 306 17 527 723 97 764 39 366 561 895 759 87
297 20 7153 118 712 891 221 256 662 643 645 203 4 230 703 129 153 259 975 97 561 559 316 599 50 884 31 950 10 627 502 376 813 328 243 892 503 422 363 222 474 257 810
298 20 5648 158 353 909 264 62 189 766 527 545 220 44 311 131 947 50 875 174 988 266 664 354 933 239 478 60 91 465 125 654 539 599 280 63 600 455 39 116 574 950 163
299 20 6710 814 555 507 454 81 300 933 349 749 360 608 347 132 408 494 183 244 614 294 85 3 572 508 750 112 505 117 890 428 826 650 633 297 144 625 314 63 863 729 293
300 20 6711 530 782 243 226 370 475 666 645 245 547 649 459 942 678 363 762 432 128 301 674 694 947 675 427 558 684 391 21 168 874 103 914 333 740 347 626 35 380 344 756
