1 20 6228 857 172 167 259 415 602 759 568 145 269 435 89 454 660 391 401 458 800 299 297 311 657 65 334 871 852 330 572 453 189 172 354 260 877 471 197 326 298 147 943
2 20 5184 47 213 802 951 351 708 300 86 39 607 258 782 250 307 257 138 221 867 279 332 685 768 430 682 183 102 51 48 782 643 609 933 498 928 74 437 329 944 35 202
3 20 6220 200 774 270 839 517 776 228 886 362 553 589 628 114 796 396 99 525 904 231 63 735 637 547 796 325 890 356 919 677 660 344 343 21 642 148 309 530 430 660 849
4 20 5026 296 518 126 423 538 434 57 777 593 943 84 166 291 281 176 631 647 67 194 559 669 534 370 295 472 981 212 124 216 490 179 468 156 990 290 813 386 256 331 312
5 20 5129 617 119 131 498 200 719 11 573 397 234 122 940 379 500 758 330 91 258 7 317 903 945 831 283 149 289 184 58 25 392 402 276 1 6 213 898 622 209 369 963
6 20 4758 341 332 685 982 146 207 73 489 444 67 38 120 228 151 126 386 529 221 271 141 28 882 553 884 528 955 234 164 44 228 40 153 581 440 407 210 572 768 80 633
7 20 5122 202 898 212 407 306 898 277 150 203 751 203 865 69 915 683 711 61 840 406 200 134 860 704 779 214 198 344 782 75 394 704 790 592 955 22 754 860 430 132 909
8 20 4792 34 613 138 861 425 133 130 462 107 202 550 619 479 273 76 118 233 33 277 525 433 977 434 908 46 621 70 75 408 129 252 284 867 869 181 737 307 261 543 515
9 20 5372 97 527 88 230 189 236 625 506 572 771 499 19 122 67 753 838 28 419 133 948 389 123 537 540 516 57 327 166 5 237 402 652 85 882 629 967 406 81 314 676
10 20 4783 364 323 643 775 308 708 31 118 10 368 353 9 485 899 926 620 132 489 237 409 279 300 109 134 471 713 22 776 378 632 70 741 476 495 25 494 406 99 254 793
11 20 5678 143 391 470 924 173 682 449 933 704 966 603 201 4 381 162 329 461 288 861 540 134 241 9 304 29 837 359 84 181 909 173 789 550 370 239 447 611 798 783 942
12 20 5064 130 256 544 535 245 393 542 398 18 457 421 179 217 924 167 848 327 420 708 496 211 325 363 900 562 81 50 53 87 738 517 946 347 916 106 840 617 839 151 454
13 20 5828 423 222 265 864 468 913 298 345 520 75 453 522 397 298 12 931 514 508 358 736 198 556 417 359 813 700 386 992 145 113 247 31 408 555 655 580 234 382 74 583
14 20 5973 777 401 82 783 463 244 415 25 356 187 89 180 246 46 25 96 488 979 604 90 163 784 753 199 242 705 193 623 820 254 33 993 3 315 122 558 780 153 813 681
15 20 5884 485 352 315 720 151 474 486 196 243 949 271 53 575 257 12 724 538 796 292 209 326 187 469 638 358 585 695 800 288 326 23 164 83 146 792 278 331 947 623 455
16 20 4036 554 197 58 219 297 133 632 107 264 604 347 490 507 749 70 567 395 303 5 163 585 9 43 155 37 490 189 69 63 630 252 232 579 846 40 41 41 632 88 545
17 20 6541 635 59 478 301 709 118 295 368 133 41 508 157 122 692 634 940 609 918 490 500 339 487 264 197 589 884 653 933 84 553 517 51 192 407 448 213 115 152 363 497
18 20 4671 19 806 280 255 351 251 586 557 603 15 188 636 316 101 626 560 318 201 456 427 226 369 136 50 177 382 275 473 257 449 259 350 94 941 230 32 103 760 339 201
19 20 5560 591 470 23 765 850 717 463 924 62 24 201 142 3 769 126 159 634 44 138 430 400 5 150 928 952 427 117 190 152 403 634 272 177 651 661 321 204 245 412 374
20 20 4600 742 398 103 22 361 495 95 370 288 778 176 326 663 99 30 824 338 65 97 747 175 268 136 62 37 6 97 511 260 45 565 637 424 51 386 578 443 843 335 159
21 20 7266 12 760 628 961 817 216 157 766 132 894 404 186 917 456 822 516 86 302 472 182 538 534 568 685 451 544 946 146 121 59 202 890 463 959 353 674 802 866 192 212
22 20 4464 414 762 190 95 394 840 294 626 438 833 191 233 359 78 195 225 71 106 268 342 722 462 339 824 157 441 333 430 415 259 20 329 159 566 233 564 139 123 250 121
23 20 5647 128 560 67 840 186 202 416 315 575 813 325 141 123 274 258 681 535 504 614 746 206 1 144 518 245 944 522 150 282 350 874 676 594 729 473 177 443 620 49 864
24 20 7531 432 364 663 423 142 694 312 49 206 150 283 337 117 973 383 105 705 513 16 387 800 985 908 65 686 652 672 622 825 442 124 512 331 505 500 483 641 361 668 996
25 20 5261 173 741 508 918 190 844 237 376 292 586 287 217 208 569 148 855 623 919 637 543 27 176 354 906 66 499 864 221 545 343 879 318 5 715 331 888 105 101 98 996
26 20 6371 643 346 523 903 143 215 570 821 796 487 37 214 260 818 532 246 364 650 597 717 363 321 576 535 724 89 19 780 26 690 232 711 523 823 143 396 266 653 627 571
27 20 5920 55 231 876 359 194 445 4 239 293 17 892 958 838 522 150 994 21 861 239 257 183 177 442 266 354 116 440 935 726 891 370 772 609 694 351 552 265 145 99 682
28 20 6512 538 955 404 543 221 471 781 475 424 337 879 154 410 101 689 502 566 155 878 409 568 783 340 275 99 359 272 817 58 641 118 378 409 677 199 973 83 164 205 459
29 20 5300 372 747 229 65 3 766 326 176 244 943 11 142 650 836 386 469 7 900 521 330 280 709 218 233 30 295 740 960 517 271 525 907 518 624 186 620 127 441 736 636
30 20 7223 935 103 918 899 887 661 186 267 110 666 649 411 67 106 770 695 200 743 40 703 685 55 721 281 259 971 48 424 701 719 167 886 331 146 712 508 95 637 548 770
31 20 5027 128 774 36 501 550 550 405 18 25 979 60 671 607 763 39 186 852 40 717 116 36 642 499 6 247 857 767 786 191 209 188 540 66 134 60 903 598 775 213 134
32 20 5049 202 537 514 39 607 67 97 124 303 617 714 947 5 628 193 578 242 889 71 809 434 837 583 629 554 569 117 779 436 15 495 717 47 23 215 735 32 279 451 710
33 20 6408 702 164 338 101 305 760 775 147 618 442 275 399 442 311 120 98 438 615 221 459 614 310 348 231 301 116 41 80 540 790 717 401 50 83 353 519 135 723 677 160
34 20 5293 89 460 271 342 511 644 338 473 618 956 756 958 361 395 200 743 307 3 496 615 273 368 391 979 27 41 162 905 10 285 690 469 338 738 365 142 205 730 209 1000
35 20 6233 727 658 332 956 224 494 16 411 634 238 652 125 217 939 423 1000 136 578 516 593 37 308 303 678 179 156 191 319 784 517 451 205 498 650 311 550 731 33 430 164
36 20 3036 5 975 307 915 236 384 143 193 47 319 163 10 236 80 241 622 665 779 99 974 244 445 199 203 161 329 82 635 89 146 321 465 193 966 203 713 128 815 34 957
37 20 5156 325 857 108 85 19 75 64 702 404 658 363 537 496 510 140 498 128 106 57 291 184 177 238 578 846 766 197 509 234 677 953 831 745 168 263 838 102 199 580 534
38 20 5997 149 256 587 375 249 354 800 316 196 137 566 485 88 112 172 506 948 960 761 160 334 948 790 605 154 379 95 948 398 148 142 802 539 899 175 901 290 59 64 365
39 20 3472 106 534 159 566 251 431 591 151 268 472 31 442 576 570 59 545 73 699 27 274 130 872 71 4 62 324 39 235 369 189 191 973 92 273 936 662 23 116 287 731
40 20 5999 155 220 48 9 554 803 101 799 817 156 393 511 312 52 737 286 87 322 414 747 490 635 776 621 513 600 336 769 163 229 580 158 35 434 3 412 768 282 217 220
41 20 3951 4 346 184 493 413 894 196 401 72 734 829 526 120 477 82 766 205 273 229 278 112 712 703 342 156 861 125 464 184 668 28 254 874 476 47 826 106 660 270 421
42 20 7473 190 631 389 42 710 911 149 614 622 395 381 500 54 267 307 1000 545 924 820 494 656 806 553 644 235 979 321 835 767 148 627 395 515 556 922 111 107 834 472 873
43 20 5558 98 178 175 872 36 305 683 928 64 49 118 732 363 267 847 503 705 832 345 369 105 195 188 81 834 394 90 366 442 917 446 611 214 686 158 444 906 277 131 451
44 20 4155 483 285 576 408 230 130 98 66 146 558 496 622 84 650 201 361 114 978 49 52 258 110 54 288 62 254 180 75 248 549 288 537 36 365 365 570 563 766 663 132
45 20 4800 181 933 362 536 912 296 247 689 652 477 143 849 151 524 744 117 187 177 576 87 195 408 82 298 215 556 25 264 169 682 385 377 5 459 441 423 100 604 229 80
46 20 5987 379 433 833 801 398 887 792 426 395 170 123 762 482 945 311 69 657 360 430 726 62 642 99 858 767 815 44 745 164 37 527 581 70 464 2 838 911 732 38 765
47 20 5702 392 613 580 805 611 461 357 346 182 690 325 698 455 337 297 263 17 461 523 400 320 395 422 130 34 629 723 177 150 262 711 921 254 943 14 656 676 83 85 311
48 20 5637 75 14 521 353 274 81 670 171 447 299 231 476 44 682 113 787 219 831 271 267 631 571 123 540 156 846 390 446 657 235 641 714 593 511 342 31 87 566 562 176
49 20 6095 20 252 757 747 160 522 31 327 546 403 11 878 185 434 24 146 941 169 115 532 231 313 532 820 952 684 610 463 418 915 311 644 976 314 234 879 195 949 370 798
50 20 5656 462 978 352 505 602 792 159 801 421 279 666 485 220 84 69 581 43 118 239 965 507 666 369 617 202 732 56 258 512 27 164 54 652 400 603 656 286 456 486 702
51 20 5531 480 202 15 593 52 677 749 654 82 197 24 617 568 872 135 40 480 114 26 684 147 202 635 732 827 237 410 544 382 551 336 323 623 160 77 721 354 194 512 711
52 20 4621 294 408 473 516 776 961 581 889 343 968 78 832 89 602 43 919 44 705 169 134 8 323 678 959 131 239 478 759 530 44 425 397 141 680 99 595 87 438 310 653
53 20 5268 50 954 808 163 339 510 597 402 6 668 855 47 233 984 779 479 137 129 257 104 925 918 16 296 413 112 370 286 4 601 110 420 110 461 38 809 457 936 82 965
54 20 6133 109 266 594 505 729 653 243 860 512 741 524 450 514 18 340 987 484 398 59 612 203 315 511 342 73 682 298 304 172 482 51 906 180 993 892 695 949 389 230 626
55 20 6222 309 595 165 968 978 643 477 580 268 240 106 540 96 115 426 852 599 164 631 229 294 938 460 74 452 264 55 202 853 691 26 842 31 630 166 975 798 292 588 328
56 20 4799 284 273 237 391 9 531 278 901 65 509 423 932 342 565 107 532 623 753 289 531 311 957 890 143 212 453 106 626 237 396 284 773 228 272 357 795 379 327 338 186
57 20 6253 469 589 802 369 318 172 55 821 10 121 830 295 99 70 381 529 258 883 725 766 148 991 381 336 479 159 31 331 51 380 620 729 851 705 513 370 320 979 476 923
58 20 6072 468 129 349 302 374 35 380 86 252 1 252 533 133 144 641 180 614 355 72 920 31 811 202 137 200 492 801 577 164 525 270 784 932 57 245 374 500 524 710 394
59 20 5500 632 825 62 871 41 415 120 456 644 613 282 186 315 450 609 891 563 231 87 20 226 435 33 44 105 163 165 587 571 994 523 807 611 367 484 25 365 777 437 419
60 20 5414 503 907 154 235 453 134 405 110 548 662 867 982 122 365 411 703 263 629 131 703 43 795 330 402 459 732 507 459 219 999 872 639 161 538 42 975 60 634 218 973
61 20 5571 81 559 313 163 816 701 174 772 158 500 232 608 568 941 689 486 74 990 472 733 446 310 780 922 424 184 659 672 114 625 74 161 381 626 55 974 166 460 288 535
62 20 5400 513 296 562 799 430 326 302 161 401 809 67 5 344 986 433 473 22 735 422 599 505 138 105 380 461 817 356 784 315 173 75 192 73 613 534 313 2 533 829 63
63 20 5146 184 50 432 428 318 35 415 583 237 120 20 63 737 593 504 762 57 869 215 456 396 420 43 115 582 573 424 69 342 693 486 648 59 619 225 248 614 202 143 147
64 20 5250 331 93 643 943 25 177 789 805 110 579 268 819 565 422 110 204 245 498 361 458 550 894 344 765 433 949 127 534 483 238 188 772 88 207 483 751 68 892 352 80
65 20 7122 433 611 158 633 441 580 801 5 600 660 121 15 624 449 479 497 705 696 333 269 363 903 512 578 649 674 247 41 542 2 314 154 430 631 237 828 39 186 875 636
66 20 7432 460 171 193 634 763 961 546 630 837 802 781 449 112 543 657 478 161 386 199 280 881 446 456 1000 430 916 631 83 336 869 489 929 239 31 148 556 8 343 964 60
67 20 5222 511 641 789 514 500 603 31 695 210 973 169 14 776 815 333 853 61 177 60 491 25 488 139 576 21 739 50 373 775 173 404 896 182 965 445 490 869 748 178 526
68 20 3644 8 275 5 902 479 865 57 650 216 900 868 528 123 636 104 349 34 507 478 722 98 35 24 304 77 710 101 606 587 29 179 562 500 663 107 479 105 406 406 967
69 20 6364 486 843 219 252 914 468 217 780 622 844 808 815 151 13 118 522 427 430 731 996 70 768 921 429 301 612 281 578 296 21 27 841 201 466 200 192 780 396 185 1
70 20 6278 365 323 84 335 730 858 206 220 59 14 525 200 803 266 870 231 236 964 21 136 559 451 190 60 185 5 331 756 121 96 592 925 385 328 497 395 551 119 538 878
71 20 4416 570 379 272 302 17 986 331 612 173 379 74 227 45 12 7 715 747 928 25 829 521 710 366 843 82 866 182 510 130 387 286 989 41 466 736 669 689 400 227 247
72 20 5518 465 458 833 275 195 584 678 304 47 712 1 151 756 631 639 841 57 865 313 774 178 917 100 359 32 410 556 701 231 133 433 444 364 890 492 554 315 330 213 70
73 20 4808 130 517 230 900 467 898 334 589 491 175 66 515 19 919 875 17 417 661 35 232 256 547 661 388 329 414 197 890 742 658 191 164 67 790 205 70 211 218 88 114
74 20 6469 237 196 400 901 300 298 25 887 393 978 146 560 406 638 446 326 1 340 70 16 667 207 273 561 441 185 713 253 806 75 219 121 57 882 813 698 870 946 804 72
75 20 4335 157 838 96 330 228 781 78 641 357 850 386 199 699 192 17 229 167 216 42 990 379 17 110 11 116 342 342 68 43 112 718 615 758 693 4 356 589 599 133 753
76 20 8097 285 352 591 326 817 349 607 339 728 538 667 795 150 6 824 291 601 374 501 148 926 843 724 480 83 486 909 22 302 134 55 527 11 840 858 130 366 626 117 246
77 20 5414 372 815 697 349 221 843 333 42 216 218 367 99 249 254 392 998 590 324 302 372 488 893 294 126 88 45 268 273 227 624 392 777 703 517 188 354 140 461 241 735
78 20 6594 24 164 528 373 534 187 349 234 859 209 425 581 624 894 357 976 338 578 30 749 343 805 504 74 877 331 79 377 149 70 886 249 461 420 338 690 319 302 219 275
79 20 4844 28 745 608 412 47 63 475 774 98 822 310 904 473 140 237 978 181 755 144 278 67 830 584 777 300 374 687 367 748 501 139 900 184 460 188 526 465 802 93 713
80 20 6068 354 635 82 824 814 235 331 905 825 170 139 799 509 455 335 873 304 846 328 493 747 468 68 581 168 706 1 622 353 143 651 185 481 72 412 835 218 42 466 449
81 20 5310 77 76 344 931 565 798 10 596 446 537 165 778 34 40 388 428 643 246 168 188 273 121 700 74 335 788 968 389 260 758 281 15 386 413 240 245 188 449 167 362
82 20 5048 306 219 176 710 473 771 43 138 554 774 33 828 505 842 130 374 83 61 297 405 157 862 642 644 250 197 624 725 70 628 41 278 307 898 414 552 539 339 666 37
83 20 5864 81 371 400 108 19 434 14 457 602 214 174 576 921 268 585 251 461 902 97 723 579 618 113 75 543 48 226 444 605 714 326 920 313 997 698 396 430 821 143 642
84 20 4561 530 207 14 935 118 823 488 815 389 258 194 611 194 584 316 626 221 558 70 887 200 384 436 305 184 694 353 732 268 928 294 777 532 761 167 619 720 452 14 749
85 20 5835 488 697 433 923 330 229 502 465 648 222 633 876 57 898 537 164 108 739 180 541 483 107 517 339 543 334 224 617 196 948 201 632 286 708 85 500 334 200 509 309
86 20 5783 60 987 646 428 39 923 60 305 649 480 17 853 615 953 192 253 369 454 300 279 573 827 345 664 447 261 433 174 398 385 535 737 181 338 544 324 679 224 147 840
87 20 5591 198 302 444 659 536 802 43 949 901 837 557 970 347 801 559 380 118 69 494 40 33 53 182 968 407 544 253 143 650 966 254 102 472 615 366 690 63 45 112 692
88 20 4148 826 931 277 610 102 832 411 88 253 401 167 918 138 853 324 33 272 747 201 276 68 49 57 682 31 440 453 446 361 26 24 213 299 84 171 268 563 196 188 779
89 20 5886 101 549 448 930 323 30 502 128 27 459 389 238 501 172 657 545 364 29 588 817 463 172 348 951 175 675 548 16 129 6 283 786 68 22 314 561 767 458 363 244
90 20 5470 99 270 432 897 794 7 743 536 17 66 397 192 12 731 160 684 538 418 878 2 311 869 144 332 660 433 110 691 514 506 325 357 68 712 22 243 20 663 594 990
91 20 6883 74 608 375 529 264 903 384 803 684 28 338 647 483 346 410 305 562 780 164 394 644 515 827 909 498 188 907 13 598 162 42 767 26 388 683 780 263 628 378 150
92 20 6484 43 743 6 187 682 72 551 108 101 840 689 849 421 179 254 832 590 502 250 746 313 874 632 907 546 856 733 10 288 614 385 412 436 747 68 36 749 292 368 787
93 20 5049 390 617 195 692 571 715 472 619 402 829 253 460 509 68 92 279 196 511 184 522 134 517 272 146 505 819 384 792 407 958 278 377 49 770 359 264 417 398 243 714
94 20 4721 483 660 19 55 84 452 12 422 356 792 448 329 320 11 423 999 754 348 51 317 100 512 273 624 360 986 97 52 328 287 330 505 488 474 570 766 46 373 360 397
95 20 5557 16 323 230 705 6 502 724 942 161 415 395 924 277 832 171 355 499 153 245 391 427 73 455 611 18 28 653 683 358 566 27 793 578 46 159 626 859 180 689 855
96 20 6323 344 86 144 909 658 849 643 167 703 994 283 492 426 779 956 523 341 832 5 215 247 151 38 524 131 138 384 803 411 781 197 981 316 606 658 501 621 193 398 476
97 20 5134 509 114 652 492 870 318 253 77 4 207 408 425 100 260 283 260 102 876 370 569 14 620 816 363 126 435 269 741 56 369 208 243 248 879 511 499 306 536 313 626
98 20 5218 239 624 336 714 361 196 140 174 92 395 591 292 378 563 137 150 358 705 65 172 757 358 205 864 30 913 245 924 251 44 312 997 25 527 891 193 484 413 626 309
99 20 5131 183 885 240 609 769 394 40 790 236 738 375 564 178 378 404 127 145 376 36 131 423 610 292 529 290 418 384 675 581 357 500 518 46 488 187 45 746 723 359 881
100 20 5877 469 666 133 621 27 422 744 972 79 520 476 721 44 568 220 512 109 58 927 691 238 915 919 530 184 159 387 254 109 766 280 930 652 12 538 274 361 905 451 823
101 20 4479 220 830 331 937 292 162 212 378 350 444 516 554 480 27 229 675 8 191 375 593 338 795 248 305 167 468 414 302 175 815 161 939 63 491 609 483 57 592 354 10
102 20 5117 161 786 639 502 204 597 16 425 109 627 590 69 7 676 394 463 103 216 806 907 6 376 264 647 282 176 231 329 140 314 607 323 255 144 724 188 332 389 527 783
103 20 5761 249 62 611 72 428 28 508 698 703 732 346 2 392 19 559 670 363 127 266 602 89 995 193 507 219 470 30 576 391 170 871 282 658 284 11 374 274 738 41 982
104 20 4796 527 320 117 691 213 935 149 564 314 518 180 328 310 482 517 788 362 503 191 950 17 473 26 73 294 230 805 436 582 40 47 848 462 394 372 638 391 728 119 995
105 20 6020 954 569 95 20 496 644 189 830 496 925 383 423 258 643 226 933 721 304 603 217 467 975 260 429 59 581 42 947 438 137 153 735 173 799 23 334 822 280 668 455
106 20 4111 150 868 54 181 644 205 58 723 280 592 342 952 126 345 525 476 600 722 123 259 177 774 658 842 105 563 20 241 197 590 24 241 133 81 179 102 195 912 549 52
107 20 4877 264 880 713 243 133 665 289 976 30 822 304 41 592 280 93 376 334 817 66 219 407 406 576 922 231 673 325 339 95 668 346 323 421 309 492 892 225 868 161 716
108 20 5335 527 703 131 863 227 69 98 552 413 340 160 810 182 967 934 818 526 902 677 604 854 182 177 161 229 886 270 341 15 541 276 329 227 785 101 814 26 309 619 167
109 20 5212 949 703 38 842 156 428 389 313 280 983 123 366 75 378 31 103 189 567 725 486 13 1 397 986 81 408 627 228 204 98 341 506 826 144 335 479 388 583 348 343
110 20 6741 626 38 654 356 516 954 105 27 813 451 174 827 489 676 782 39 251 765 281 538 567 744 720 687 665 215 461 544 13 784 224 522 48 741 327 392 325 783 386 594
111 20 5405 215 514 117 561 239 290 308 760 482 51 22 326 167 189 476 103 639 658 563 890 218 145 323 920 893 175 661 126 99 24 470 854 264 253 187 190 384 294 30 966
112 20 5468 30 68 246 736 473 394 716 600 37 246 314 92 22 259 267 153 654 492 340 659 711 898 305 187 38 818 530 110 346 224 227 571 296 938 489 114 169 121 626 993
113 20 4243 602 499 74 261 94 748 167 85 22 408 171 59 449 740 136 692 173 578 132 526 808 665 734 111 290 677 103 972 368 36 428 347 108 264 186 593 182 676 77 172
114 20 5529 454 983 784 539 216 873 276 661 462 867 689 888 457 179 39 219 388 499 4 639 3 563 201 910 361 614 520 801 238 669 110 817 79 233 300 50 898 581 433 832
115 20 4932 549 419 228 892 295 326 275 23 425 228 277 72 470 839 109 204 270 710 93 355 237 876 444 806 65 569 460 839 110 188 311 792 311 78 391 655 401 53 445 629
116 20 4799 15 571 472 265 317 352 896 657 547 275 200 986 148 668 148 801 174 795 69 583 56 273 706 768 19 773 359 432 124 67 272 477 753 723 233 6 209 796 282 653
117 20 5343 420 104 357 684 976 267 427 576 15 865 178 250 300 990 486 525 480 545 9 663 241 317 332 833 304 144 5 706 268 980 693 75 249 722 301 480 556 936 82 209
118 20 3797 366 447 235 671 205 670 92 495 258 411 156 709 166 649 40 602 43 844 578 508 151 169 69 228 571 99 161 339 326 106 131 846 121 113 589 211 82 647 407 539
119 20 3817 460 834 937 941 116 573 623 805 539 185 207 483 103 454 46 668 150 454 240 699 204 182 24 116 96 71 92 669 184 958 67 543 184 106 29 200 351 324 120 797
120 20 6272 30 250 604 200 673 270 159 347 973 129 340 758 187 236 512 444 640 389 472 344 271 827 232 429 775 346 216 361 773 355 206 563 429 8 34 990 239 483 75 735
121 20 7137 789 977 621 378 274 668 877 489 611 380 344 862 477 19 690 22 179 827 242 164 533 991 24 955 286 792 398 669 801 639 92 791 841 691 350 654 413 662 80 20
122 20 6107 109 600 206 83 483 118 674 730 975 184 698 21 746 425 43 502 69 520 190 579 76 412 315 470 552 998 139 969 715 592 478 176 425 237 325 869 360 825 56 739
123 20 6208 516 408 331 456 622 570 834 722 419 504 692 578 401 814 296 573 211 13 776 999 43 421 740 924 177 289 338 426 571 650 228 80 89 591 186 477 145 646 146 897
124 20 6864 134 646 520 506 37 699 57 311 389 282 593 59 65 23 783 691 516 381 90 715 253 209 578 966 286 660 833 740 766 839 168 591 457 536 800 477 735 613 520 778
125 20 4730 319 574 65 355 587 445 445 552 258 676 504 964 105 142 868 127 35 4 110 717 14 812 179 443 828 269 227 734 121 476 670 260 99 473 59 850 152 76 268 610
126 20 4860 114 80 42 238 175 914 663 790 236 589 100 766 611 187 402 198 159 410 38 215 553 235 34 532 463 795 200 677 49 642 722 714 523 160 395 986 330 143 267 37
127 20 5352 206 477 263 173 692 365 124 37 385 757 1 981 835 973 620 195 370 394 495 351 92 302 408 73 119 593 59 380 4 532 493 725 571 620 403 958 8 224 543 619
128 20 6664 385 717 589 68 747 780 282 702 602 346 206 613 110 555 753 614 303 141 450 929 500 415 653 87 548 82 133 793 280 835 143 921 306 667 534 109 646 977 160 930
129 20 5726 64 622 221 431 558 432 146 328 354 763 485 307 688 590 392 958 142 675 689 971 791 297 697 933 14 514 299 643 77 736 64 957 858 326 249 999 8 298 362 354
130 20 4680 124 650 5 984 430 315 208 472 236 688 260 698 43 612 505 854 165 122 55 252 853 106 457 243 518 998 266 221 654 338 16 42 579 370 159 392 160 917 158 996
131 20 5121 68 815 203 468 719 512 480 586 672 309 212 644 593 19 281 530 435 246 671 284 493 977 325 951 381 2 41 487 279 463 44 82 17 291 402 466 21 307 65 84
132 20 5911 674 518 415 305 402 720 106 58 815 42 146 881 113 528 268 73 66 669 162 478 345 559 39 945 385 587 282 209 464 594 248 702 770 131 691 982 664 960 334 870
133 20 5784 526 304 774 706 296 89 335 725 522 230 491 739 277 705 834 67 113 812 412 239 48 895 204 833 327 212 262 395 887 719 128 541 91 922 183 550 20 32 501 817
134 20 4819 548 77 125 547 187 167 55 241 49 705 491 991 523 8 349 559 164 649 431 956 167 361 730 404 266 436 539 573 45 586 75 775 327 558 182 72 569 834 202 452
135 20 6391 108 447 284 132 673 445 396 467 76 777 790 201 7 98 428 969 765 818 195 705 112 799 664 282 686 321 191 216 226 883 597 941 816 372 106 808 129 450 740 524
136 20 5748 190 791 210 241 579 938 668 431 27 985 528 974 620 272 448 845 201 914 594 276 23 363 98 635 584 331 351 349 868 772 585 585 40 586 81 210 376 256 115 696
137 20 5446 292 481 62 404 832 706 483 201 801 242 384 849 660 536 172 328 173 457 130 389 302 32 245 64 93 681 549 351 653 483 223 875 166 630 261 327 82 682 245 291
138 20 4864 537 416 467 222 148 50 500 774 67 410 276 460 70 239 702 529 127 760 6 240 716 53 184 149 155 994 92 941 937 313 231 35 205 531 178 323 266 246 217 278
139 20 5516 429 83 190 795 1 42 5 264 746 312 562 555 130 467 468 61 356 825 719 386 133 919 399 617 7 611 156 79 947 168 69 443 691 509 474 109 303 541 110 9
140 20 6646 68 772 115 974 532 227 383 979 202 412 50 244 936 751 564 223 104 601 367 349 416 816 289 374 717 153 883 960 273 738 376 400 557 184 520 209 56 254 900 550
141 20 4726 309 630 573 941 521 456 173 453 215 568 395 586 57 40 482 263 29 340 15 667 92 822 131 578 27 925 747 712 643 426 340 985 419 143 14 919 429 104 297 556
142 20 6700 669 231 126 851 866 547 285 988 168 275 721 350 331 975 853 957 376 570 299 995 726 543 401 987 72 306 84 534 202 63 812 27 51 626 594 820 420 328 320 479
143 20 5364 205 125 766 530 201 280 238 831 450 297 142 540 209 170 107 475 389 881 450 711 316 168 120 630 376 170 639 305 236 91 25 705 374 121 314 29 491 554 657 917
144 20 4544 293 717 594 754 466 630 136 872 41 480 133 532 55 920 283 959 533 846 307 672 379 993 146 999 483 44 221 971 239 115 269 820 78 989 27 847 649 680 349 971
145 20 5570 232 977 251 348 837 436 668 970 769 238 32 299 361 670 744 686 224 633 379 643 467 768 209 734 429 542 547 669 330 635 128 721 90 24 100 218 73 575 93 147
146 20 6086 486 251 870 444 54 183 228 91 74 963 294 556 632 3 823 269 694 845 7 705 832 283 289 350 528 199 239 855 491 904 214 207 26 695 512 495 212 584 103 830
147 20 5919 125 893 40 696 300 5 773 297 78 518 625 626 582 416 406 343 361 696 529 872 469 788 110 165 191 985 585 736 13 115 452 809 247 28 507 596 363 505 643 613
148 20 7138 176 990 402 191 289 724 33 858 582 498 612 475 109 379 744 482 308 916 173 486 828 233 880 824 548 834 382 328 141 235 399 496 682 549 256 225 798 796 581 955
149 20 5326 201 293 322 819 21 924 10 365 208 503 662 143 538 481 247 136 341 567 91 458 731 569 104 791 511 349 236 302 733 539 159 515 293 116 340 310 733 391 177 272
150 20 4749 54 286 20 467 267 510 696 542 58 627 321 16 24 191 262 725 130 952 211 59 302 181 191 338 274 829 203 330 271 72 513 771 630 939 569 280 523 160 418 594
151 20 5370 258 221 101 261 403 402 373 525 173 808 625 537 10 98 831 787 326 976 579 561 567 458 610 195 319 541 55 789 9 473 841 665 232 307 357 963 38 294 6 267
152 20 5175 246 717 253 812 466 523 200 361 483 394 132 635 253 417 178 530 150 744 464 30 228 752 391 580 38 787 104 95 241 410 425 256 948 119 564 721 230 584 475 80
153 20 7090 585 613 510 260 460 943 671 982 684 930 461 369 291 782 538 15 741 608 365 827 322 442 631 773 149 133 670 415 236 76 253 35 17 746 149 520 840 854 290 648
154 20 5163 729 399 9 224 67 699 552 507 75 778 465 612 8 196 838 588 21 660 43 262 147 555 367 337 277 919 195 229 177 465 148 72 775 511 505 249 791 453 265 64
155 20 5141 518 267 268 336 148 380 541 820 371 15 518 814 202 554 420 168 139 673 107 359 124 1000 127 308 720 301 327 62 364 809 263 907 458 788 2 607 472 630 338 313
156 20 7496 483 733 614 994 10 303 556 451 249 643 463 767 534 719 545 558 704 535 890 559 451 555 394 90 200 966 548 468 373 27 382 444 697 569 155 43 516 692 607 529
157 20 6056 5 706 422 247 498 334 807 804 139 605 191 334 761 499 48 897 179 255 777 358 67 615 429 846 559 14 154 404 855 153 85 996 506 375 549 33 225 106 314 940
158 20 5698 351 861 141 208 669 47 545 918 329 409 12 190 261 741 432 331 524 536 410 558 38 547 287 1000 518 302 59 489 553 177 427 643 41 626 820 810 564 467 142 274
159 20 5865 323 947 28 914 484 201 80 3 687 169 24 200 430 263 504 770 181 541 376 873 519 403 138 950 244 697 163 551 24 792 334 205 736 988 431 306 800 36 826 922
160 20 4330 3 784 162 692 483 487 472 465 370 64 702 841 81 546 744 514 8 350 352 65 108 782 250 657 292 136 328 408 379 817 51 12 50 280 47 442 440 774 91 367
161 20 6025 498 293 444 330 480 957 494 518 393 917 44 854 22 918 2 233 461 822 713 158 135 348 629 467 50 890 217 179 473 798 746 994 544 847 282 343 191 864 714 820
162 20 6348 418 799 431 658 446 202 241 409 484 922 72 451 492 71 634 794 202 71 644 74 497 78 453 936 546 717 42 580 25 453 94 886 962 714 591 472 475 847 187 701
163 20 6289 664 708 473 603 468 424 720 64 934 493 243 848 389 297 328 619 328 541 107 975 197 869 99 372 412 876 298 94 304 230 341 667 152 256 487 50 524 845 394 352
164 20 4100 633 102 435 675 199 647 389 519 479 160 505 646 575 672 124 938 45 213 159 763 39 345 108 572 41 679 87 130 22 185 191 730 46 165 336 507 161 432 551 583
165 20 5695 450 448 435 331 252 963 625 572 491 297 623 29 332 860 67 697 409 836 689 353 422 152 20 142 277 312 118 630 611 843 130 760 270 318 15 805 779 984 104 683
166 20 5154 638 870 314 731 872 757 287 998 289 686 574 963 288 251 151 390 372 816 28 929 89 364 285 333 686 145 97 727 205 773 338 888 463 834 101 282 5 144 361 142
167 20 5321 76 150 590 341 29 192 69 438 473 726 522 500 31 278 699 630 575 214 109 820 40 403 459 137 348 533 311 994 212 218 632 688 397 11 293 693 744 193 43 305
168 20 4744 70 191 90 578 259 855 170 711 429 24 544 651 133 930 504 589 506 329 515 704 181 872 210 28 25 453 834 407 234 70 10 676 248 825 72 647 490 847 407 253
169 20 6632 875 814 619 896 677 777 335 370 142 124 145 326 503 360 629 334 399 24 15 735 343 582 615 478 143 898 316 519 118 972 458 703 566 47 211 559 264 143 917 443
170 20 3888 338 486 538 637 18 570 24 267 328 763 247 75 81 903 7 924 556 464 172 75 221 306 520 79 77 118 17 238 262 920 224 805 218 709 901 134 16 37 95 607
171 20 4550 29 573 431 852 210 604 437 151 796 264 316 672 508 750 132 792 282 953 619 713 308 994 279 702 270 877 286 836 288 979 145 972 95 803 49 503 76 859 132 474
172 20 5967 297 592 704 924 656 733 655 502 271 261 349 198 53 80 461 263 290 258 733 249 482 968 50 782 149 194 522 135 109 652 359 534 155 56 53 386 159 488 952 504
173 20 5177 130 632 198 465 425 468 342 12 720 9 224 224 82 36 701 55 868 22 187 122 453 351 543 676 5 843 73 982 532 787 37 393 37 414 16 109 726 423 173 377
174 20 6592 179 314 126 797 803 309 970 186 730 983 839 696 427 62 587 484 84 940 411 50 621 826 145 700 161 982 76 530 210 600 473 152 567 727 150 150 448 77 234 753
175 20 4896 334 953 535 974 194 87 46 493 437 645 762 11 167 243 107 292 522 867 324 733 171 390 63 217 388 701 19 162 593 448 362 782 305 749 686 506 40 869 65 576
176 20 5424 470 708 724 73 42 692 535 96 174 633 461 349 92 689 27 212 249 262 571 394 294 589 375 259 460 400 764 172 146 44 452 453 393 769 418 180 67 298 66 226
177 20 4401 340 367 378 828 572 437 454 973 98 262 639 908 53 433 84 525 40 713 105 1 27 4 238 154 90 571 215 161 758 724 522 923 319 392 119 485 67 332 384 512
178 20 5877 433 898 406 531 47 451 186 837 407 532 86 363 42 924 656 92 590 622 375 456 494 327 41 875 584 280 745 297 319 601 655 13 371 801 57 426 537 83 316 497
179 20 4778 79 653 124 135 177 932 630 396 357 274 851 470 283 276 89 250 106 495 317 211 12 301 617 589 206 783 935 174 544 389 24 917 198 197 76 323 254 180 94 793
180 20 6521 430 657 920 193 686 759 37 385 662 754 219 476 46 258 292 4 710 898 233 286 473 231 433 226 137 7 137 124 37 477 299 380 494 416 205 670 836 353 866 635
181 20 5276 154 530 700 801 453 120 206 950 336 591 267 242 688 88 265 303 363 637 450 688 665 628 306 394 292 451 334 18 1 770 75 245 308 263 6 474 356 484 370 153
182 20 4936 486 205 280 760 122 896 182 865 724 41 441 39 342 395 294 400 177 21 884 830 58 528 365 894 238 582 13 935 653 520 22 384 346 861 347 123 84 238 113 784
183 20 4651 727 257 156 265 526 895 360 366 351 914 201 26 15 654 177 46 437 620 22 211 605 524 46 476 689 210 326 948 139 990 183 269 253 868 45 420 78 584 478 673
184 20 5993 154 409 108 157 470 927 488 728 650 240 24 352 110 772 336 874 651 510 429 810 657 769 256 350 563 27 178 690 589 780 377 134 100 771 869 29 364 171 119 764
185 20 4697 227 414 213 119 29 626 120 126 440 890 331 928 309 997 329 554 748 145 32 659 352 968 292 10 21 357 265 771 72 784 289 875 454 521 29 629 715 621 605 292
186 20 7102 581 352 57 187 471 425 26 630 901 790 810 68 271 209 357 324 273 42 396 843 703 427 359 15 548 688 536 816 607 426 256 600 236 386 40 180 801 264 649 948
187 20 4332 651 945 162 153 40 45 117 474 177 359 353 561 464 488 156 634 466 15 155 383 197 162 268 875 4 964 339 427 629 90 58 95 315 84 241 993 432 120 191 178
188 20 7088 471 647 628 616 271 151 257 843 818 28 802 526 460 975 760 381 38 31 480 224 625 916 453 222 309 94 818 318 182 844 286 746 182 464 352 417 606 779 63 452
189 20 5164 26 883 673 798 652 336 299 694 360 359 319 26 83 181 20 812 714 972 58 965 359 122 101 971 295 450 144 784 345 209 138 104 495 796 589 319 696 692 89 471
190 20 5728 485 764 372 975 309 729 94 460 573 696 405 837 437 277 364 676 8 625 593 146 722 419 237 908 205 91 363 93 602 783 345 166 250 292 32 179 177 569 587 754
191 20 4489 126 319 166 888 58 527 856 236 303 581 420 200 318 757 730 939 471 680 369 915 257 267 257 258 360 803 125 124 155 571 162 234 204 919 93 116 37 115 145 592
192 20 4886 539 408 510 422 379 70 256 206 566 860 168 938 219 452 223 240 316 240 189 903 450 975 606 374 451 789 39 154 71 329 93 440 124 6 192 343 143 191 574 271
193 20 5189 57 164 801 809 18 984 210 155 231 69 563 999 631 37 91 815 860 337 16 623 318 273 88 609 124 869 476 188 173 283 407 869 614 122 175 653 308 624 326 889
194 20 5972 140 917 418 892 452 792 626 16 217 828 614 146 916 656 95 985 47 323 470 267 239 964 177 117 79 125 120 125 496 1 539 578 317 324 586 783 605 718 312 837
195 20 5145 772 890 598 796 322 132 46 296 28 516 276 115 342 121 58 766 245 902 420 744 710 387 620 97 626 959 250 596 123 772 273 495 64 289 204 77 453 419 2 894
196 20 5488 64 394 483 375 466 786 722 828 534 211 69 37 381 584 214 195 34 797 744 763 842 269 37 408 126 103 356 921 718 848 146 485 1 534 208 753 252 779 464 311
197 20 4215 512 872 61 708 266 160 251 911 170 524 15 1000 578 238 423 817 105 703 98 968 87 592 224 798 187 494 299 375 120 149 14 90 623 384 743 117 154 849 339 869
198 20 5468 344 859 843 535 100 780 867 899 772 209 9 575 4 778 194 373 392 494 347 356 138 770 283 785 276 928 16 672 841 639 381 980 76 917 124 645 759 102 69 305
199 20 4461 433 937 33 624 631 166 717 457 79 377 117 770 637 26 61 775 156 209 21 8 274 162 28 905 685 766 198 272 55 791 523 490 588 934 62 487 212 57 67 654
200 20 5205 198 413 229 276 222 15 436 639 310 401 543 838 27 956 260 42 276 550 230 533 80 983 469 454 349 72 182 281 645 786 384 585 327 595 573 824 535 81 232 100
201 20 5375 716 761 609 428 244 793 11 94 434 685 777 360 312 34 119 279 14 570 165 633 251 643 701 784 351 24 27 839 746 221 526 822 267 186 334 279 93 811 22 135
202 20 4181 118 453 453 82 98 318 205 779 600 440 150 747 233 5 664 239 193 903 58 579 233 916 191 816 219 536 149 631 19 64 347 849 312 161 164 761 77 907 744 380
203 20 4956 332 718 367 749 322 226 76 749 367 490 464 134 910 559 480 468 22 388 195 927 189 768 712 92 611 63 170 378 187 981 310 347 71 393 221 626 32 419 157 252
204 20 5995 231 490 89 585 209 232 568 694 216 156 118 969 494 570 640 303 305 849 473 166 418 967 345 902 28 238 697 382 433 522 562 242 361 144 158 640 879 690 270 770
205 20 6267 63 931 147 980 540 819 147 765 129 633 157 295 562 96 519 606 767 68 509 214 231 542 522 257 801 238 69 256 577 943 6 945 650 469 658 965 87 622 693 289
206 20 6270 765 708 587 798 62 590 269 72 87 338 10 792 221 947 209 684 120 598 244 894 594 552 122 785 878 775 934 258 192 831 613 969 614 718 368 851 847 640 102 875
207 20 5772 847 606 226 179 224 366 39 590 542 793 786 173 39 151 234 97 397 187 346 930 91 944 625 715 486 332 440 319 366 454 455 327 681 652 201 210 108 84 83 100
208 20 6528 71 155 153 271 493 675 554 625 48 782 705 115 129 3 254 540 543 301 314 413 291 306 628 787 747 537 601 419 322 320 47 139 763 599 580 539 853 128 65 536
209 20 3692 7 435 444 420 69 398 154 912 761 846 354 152 129 691 33 979 131 405 81 445 102 47 333 229 153 883 460 573 2 475 635 483 41 895 387 410 27 820 313 432
210 20 6041 494 120 575 252 418 972 304 731 30 731 283 773 574 205 480 54 24 3 231 244 265 502 808 239 5 732 407 392 753 963 197 657 239 525 95 754 819 637 551 791
211 20 4737 373 397 245 957 191 921 16 539 408 577 108 793 398 55 230 135 16 645 578 430 694 558 235 722 186 378 603 571 377 517 414 236 90 914 24 665 474 374 262 383
212 20 4922 634 555 445 900 240 699 144 905 124 496 144 562 7 760 453 205 502 707 206 296 822 782 142 734 331 615 540 185 13 632 464 291 480 573 152 665 99 98 211 292
213 20 7037 369 870 37 453 741 807 51 876 678 140 242 742 931 557 426 894 446 404 755 16 300 552 326 733 830 717 240 209 9 95 311 572 136 997 444 190 655 227 870 847
214 20 6240 342 353 392 737 299 394 211 171 105 408 756 465 456 906 30 977 877 702 806 872 547 171 358 291 182 621 105 399 479 496 164 680 726 810 104 521 228 537 633 347
215 20 4853 187 743 70 897 418 302 153 834 337 750 176 544 57 522 325 404 289 261 292 769 211 476 781 394 84 576 607 807 217 895 378 317 35 955 785 920 215 273 450 416
216 20 5886 377 466 46 896 504 861 224 64 192 44 125 818 47 230 210 273 673 521 305 238 546 783 189 100 216 936 733 623 532 274 151 775 331 95 858 646 527 893 572 439
217 20 6851 65 117 352 188 832 3 632 191 399 89 629 558 618 803 121 102 169 312 456 740 350 455 833 44 798 848 613 970 50 610 55 339 614 965 2 700 752 291 224 709
218 20 6191 289 567 461 768 445 734 561 319 610 562 435 527 351 106 48 729 528 899 86 108 475 631 246 853 705 828 829 724 260 910 359 512 436 231 283 885 86 844 246 903
219 20 5576 57 379 748 282 470 159 139 607 198 320 294 412 294 835 824 17 75 144 386 106 393 719 572 281 5 942 321 652 567 455 368 437 704 961 51 581 32 628 472 535
220 20 5404 102 836 188 595 18 621 904 873 463 131 619 874 550 225 807 270 33 915 540 468 95 510 695 682 155 62 27 116 273 280 558 306 55 786 62 222 341 935 270 11
221 20 6659 461 115 153 323 604 657 586 684 452 677 826 41 541 277 544 554 458 566 804 382 548 723 5 652 34 843 166 61 147 697 210 535 378 404 727 609 655 301 25 801
222 20 6792 301 279 277 19 455 121 520 196 408 531 979 731 873 147 223 231 423 542 455 832 238 91 514 64 76 371 389 55 473 859 267 634 645 932 736 23 77 249 162 687
223 20 3592 32 941 626 911 232 841 440 347 331 959 600 698 186 985 121 382 20 263 27 462 214 189 278 58 2 903 433 712 31 157 451 382 224 474 97 764 39 366 106 96
224 20 6308 891 221 256 662 643 645 203 4 230 703 129 153 259 975 97 561 559 316 599 50 939 266 221 570 328 243 498 562 422 363 222 474 257 810 226 92 720 939 187 278
225 20 5035 766 527 545 220 44 311 131 947 50 875 174 988 266 664 354 933 239 478 60 91 465 125 462 700 304 51 507 454 81 300 652 45 641 481 294 85 3 572 256 884
226 20 4833 111 253 175 688 650 633 63 863 729 293 243 226 370 475 649 459 323 300 239 786 54 641 574 207 317 599 103 914 333 740 347 626 35 380 344 756 150 482 233 889
227 20 6936 434 580 487 208 212 594 150 514 17 402 437 351 827 350 584 709 91 432 289 733 405 986 566 96 627 581 882 536 913 504 151 430 162 343 520 817 336 728 580 297
228 20 5382 4 575 128 553 68 135 622 715 567 186 390 97 375 788 850 980 377 298 182 93 405 62 433 480 424 510 28 910 110 991 573 221 289 806 121 962 268 312 514 682
229 20 4944 226 770 330 759 183 860 199 425 144 732 945 650 34 736 326 202 2 50 368 527 290 68 259 634 775 900 155 719 607 364 430 697 91 742 548 444 241 542 27 948
230 20 5315 584 101 25 102 316 389 184 505 85 132 230 81 608 408 295 130 180 1 195 136 76 528 68 457 312 9 393 571 363 118 498 513 535 562 759 579 806 117 132 633
231 20 5668 102 20 395 175 518 378 785 476 71 175 303 449 631 216 201 660 2 338 268 563 852 919 237 369 159 953 490 385 10 989 723 621 80 635 55 89 626 127 577 118
232 20 6209 139 635 332 999 422 911 424 596 554 602 902 666 275 726 408 215 47 55 19 171 935 961 493 457 276 96 333 477 619 815 686 742 169 189 113 270 165 877 451 622
233 20 7336 84 439 534 226 666 216 528 116 964 849 608 7 656 650 422 875 480 406 246 79 345 659 347 7 300 23 383 973 649 70 776 90 865 41 62 891 63 936 193 399
234 20 4565 366 95 47 572 67 478 485 771 469 142 67 953 93 250 493 746 149 567 175 684 304 219 786 685 158 647 28 575 722 753 298 229 51 348 112 609 623 362 214 517
235 20 5797 105 644 68 734 376 951 249 946 5 597 576 582 509 38 327 369 582 199 21 185 626 256 721 847 80 975 108 26 441 982 547 671 708 924 33 295 668 862 497 748
236 20 5721 449 294 393 925 492 176 22 763 399 555 242 664 840 461 86 405 279 937 451 183 378 964 59 602 47 33 838 393 27 248 294 67 814 679 28 492 433 96 581 294
237 20 6204 335 397 902 923 344 110 22 206 15 395 836 5 533 910 374 33 220 38 486 709 768 394 154 536 75 296 248 576 679 163 430 853 689 492 160 621 252 146 233 702
238 20 5296 190 625 684 109 156 190 791 765 339 8 431 329 769 113 900 970 107 440 199 61 126 769 339 139 246 802 21 187 19 99 484 459 657 456 98 814 23 502 42 536
239 20 4152 11 133 327 100 384 416 458 918 181 315 107 497 368 337 142 24 83 877 161 581 151 534 90 251 130 233 787 861 450 925 188 433 530 544 142 898 354 910 147 392
240 20 5764 195 251 691 24 515 824 250 310 373 604 416 450 616 994 602 169 283 631 280 464 407 389 64 46 14 991 127 57 367 931 270 754 26 104 237 807 731 474 742 460
241 20 5408 827 930 166 274 187 300 215 21 61 622 345 164 55 461 108 229 811 462 492 183 706 209 129 829 129 294 263 650 614 375 99 93 73 308 449 177 730 345 301 463
242 20 5169 491 466 144 465 314 744 509 456 180 18 29 138 69 42 27 732 273 18 322 907 217 257 420 148 414 543 424 475 762 830 790 228 337 989 13 516 317 192 410 463
243 20 5388 24 65 382 42 104 195 424 101 175 507 70 273 59 624 434 150 374 888 99 96 779 567 147 822 213 394 879 693 937 514 374 980 355 327 221 210 446 730 239 303
244 20 6196 59 828 421 198 574 518 78 978 686 436 952 835 181 974 134 976 710 53 119 974 858 913 263 42 19 678 734 694 809 110 211 319 700 800 50 507 68 648 119 909
245 20 6552 75 151 166 586 36 416 710 114 534 63 484 357 660 559 639 640 674 287 545 729 261 830 559 500 326 347 385 954 278 312 20 808 306 813 789 695 575 300 168 578
246 20 5036 881 645 796 39 524 823 54 937 224 565 219 824 581 594 376 64 160 425 367 933 371 815 468 765 149 910 28 730 230 993 311 458 66 865 255 967 86 345 150 98
247 20 5628 74 941 490 110 245 906 233 391 422 841 41 95 341 851 314 447 159 843 376 498 12 764 132 302 790 576 560 504 509 66 604 789 522 391 15 218 387 590 810 42
248 20 4950 279 274 525 252 563 348 592 596 446 421 262 12 125 105 164 560 91 892 304 115 608 107 295 778 104 347 318 515 151 292 610 474 23 976 255 980 138 855 335 197
249 20 4940 73 598 738 54 243 830 758 711 71 879 35 267 181 313 236 482 462 536 70 49 369 949 609 293 110 318 902 753 74 836 83 662 90 859 452 429 100 525 519 229
250 20 7110 579 629 61 66 464 796 630 253 617 536 717 85 352 108 137 625 886 146 457 359 177 663 153 463 238 864 756 520 212 535 591 981 223 621 781 144 218 763 639 674
251 20 6707 14 320 9 553 90 957 192 375 367 493 938 653 176 25 802 306 344 226 296 54 9 701 406 161 192 821 745 770 717 281 579 844 532 925 957 506 636 734 383 319
252 20 4812 148 849 3 441 220 891 713 313 364 261 652 916 155 459 351 354 654 18 62 31 637 416 112 208 268 594 29 38 113 459 110 17 373 86 199 955 92 372 760 742
253 20 5270 169 576 494 383 282 423 87 319 32 749 683 160 543 564 214 574 342 340 31 298 510 244 511 743 612 317 246 667 340 173 512 391 234 705 15 910 331 210 400 627
254 20 6153 351 410 61 623 386 560 526 526 897 858 241 915 12 757 27 16 631 622 431 480 435 843 83 306 598 22 242 395 422 671 734 231 651 571 609 817 172 398 183 542
255 20 4457 380 521 150 573 832 263 388 557 143 970 18 824 145 239 836 492 433 624 185 207 250 832 443 187 99 317 84 797 100 273 288 952 144 228 237 721 340 553 77 712
256 20 4333 60 769 264 45 440 251 26 429 320 631 194 206 661 348 363 98 464 481 316 42 93 319 613 890 469 556 24 954 83 681 171 187 139 155 17 880 518 814 182 637
257 20 4920 79 712 31 130 471 612 456 556 5 982 64 194 129 294 971 645 96 848 386 452 621 137 747 240 373 602 103 352 245 288 126 305 621 235 369 223 86 557 172 353
258 20 5257 329 762 612 589 236 758 376 714 189 821 590 527 296 116 6 272 137 487 216 618 564 761 452 14 45 539 61 235 491 670 555 562 261 64 639 516 395 239 122 888
259 20 6966 84 29 116 925 670 466 450 508 359 212 564 328 275 118 410 410 700 559 869 279 737 864 382 447 253 740 587 704 608 546 133 762 711 146 385 232 159 155 256 380
260 20 6439 910 16 364 14 676 186 685 475 848 873 687 637 270 974 342 211 563 760 238 656 114 671 452 559 59 288 417 790 219 683 251 932 57 911 94 149 73 91 730 508
261 20 6177 201 626 260 523 288 395 619 33 943 841 100 164 112 137 89 177 553 508 338 97 84 404 389 989 529 408 829 243 659 136 704 210 104 580 232 771 105 609 584 907
262 20 5194 187 481 377 868 294 461 14 182 75 252 368 610 164 279 37 174 490 577 618 207 736 298 226 198 673 764 98 148 473 29 608 68 91 912 195 26 197 458 572 400
263 20 6773 817 594 584 226 445 923 669 915 733 688 576 333 647 396 297 928 362 804 242 817 113 848 103 539 73 692 825 75 591 628 372 917 190 54 412 454 337 814 79 26
264 20 5751 580 345 110 289 857 544 101 506 600 310 512 902 1 265 21 17 376 402 128 146 146 21 815 407 58 139 639 906 184 833 383 420 16 902 823 936 376 307 463 781
265 20 4476 277 817 114 584 73 690 221 308 373 69 335 546 843 492 108 347 139 536 546 19 248 46 199 559 158 858 489 114 63 530 211 904 328 86 231 391 435 13 204 493
266 20 4182 441 347 180 188 319 142 807 887 220 878 15 710 130 196 267 19 384 996 53 64 250 718 67 731 468 988 1 132 742 812 16 651 312 458 351 382 34 672 171 520
267 20 5434 215 556 16 76 792 931 783 712 193 908 147 437 476 877 652 556 150 815 743 429 133 14 599 564 254 809 313 739 158 324 335 9 171 96 3 578 53 849 607 644
268 20 6346 113 487 384 176 483 404 535 152 723 356 538 842 192 677 703 690 451 540 327 763 260 616 114 189 225 524 848 267 300 34 265 819 530 833 669 527 157 56 116 502
269 20 7067 630 884 879 652 553 706 419 172 595 296 713 299 219 220 502 309 124 69 53 379 165 687 265 337 270 863 800 512 41 582 525 923 111 886 710 69 825 667 435 722
270 20 6217 274 135 639 128 106 305 321 778 344 776 509 453 566 221 398 118 360 547 103 859 163 304 210 709 362 699 58 561 574 879 456 24 466 989 584 412 894 593 385 324
271 20 5956 98 112 611 930 259 877 124 345 882 629 736 664 73 77 453 707 80 727 302 653 836 948 896 953 333 621 12 645 193 654 52 298 294 664 409 942 261 347 541 123
272 20 5577 51 532 108 553 808 60 432 370 128 955 796 523 159 348 779 233 386 986 220 43 589 515 184 303 548 579 133 226 440 479 154 667 137 602 13 943 386 235 521 761
273 20 5770 293 250 192 247 419 760 159 457 439 815 565 580 682 539 218 528 159 866 216 144 785 930 63 879 97 639 482 202 244 727 477 922 392 20 33 702 513 941 785 977
274 20 6053 67 132 207 270 400 852 193 429 341 632 202 894 39 955 198 784 3 220 876 902 472 390 669 280 472 597 77 287 753 681 818 943 142 637 735 977 325 547 578 756
275 20 6597 743 610 684 294 192 500 295 62 185 374 317 136 609 140 297 500 332 140 83 326 10 108 623 298 569 946 740 100 224 381 523 982 937 53 447 37 277 657 160 986
276 20 6599 136 255 637 536 252 425 420 544 463 389 823 659 15 205 168 917 953 904 81 849 407 143 415 240 118 857 601 360 265 581 805 216 537 70 362 645 153 115 638 271
277 20 6233 70 880 467 754 467 382 933 126 493 894 170 846 375 678 651 185 419 847 115 95 279 848 218 94 148 987 419 823 494 873 72 893 588 302 131 385 847 388 436 734
278 20 5971 137 519 379 140 22 322 209 634 584 2 751 972 52 82 534 828 794 295 199 839 581 516 249 803 3 614 168 315 677 586 255 349 683 87 562 996 229 295 396 102
279 20 5477 327 959 811 64 92 872 373 58 582 336 609 765 276 338 256 335 359 600 252 465 422 153 381 142 180 325 401 220 564 982 251 784 410 982 192 669 17 651 92 863
280 20 5099 294 45 571 525 139 470 413 71 221 408 44 569 13 612 850 487 250 374 63 930 378 348 193 804 185 990 447 416 249 110 512 1 71 854 724 671 492 129 265 456
281 20 4819 380 278 403 781 316 556 379 52 144 824 321 379 469 29 272 41 710 996 295 506 532 323 288 541 258 120 252 625 216 430 38 732 272 735 157 475 163 521 159 182
282 20 4210 189 95 306 376 496 175 388 251 85 308 566 513 19 791 274 449 78 33 299 795 141 108 449 516 309 286 74 660 33 599 78 860 274 394 868 138 145 713 192 681
283 20 5140 356 133 227 545 4 454 717 463 486 755 68 20 261 308 163 575 605 43 565 791 227 218 180 500 188 449 714 713 34 953 137 439 154 703 233 472 328 604 778 979
284 20 5946 312 3 814 209 669 185 408 646 388 775 79 17 967 764 547 959 195 934 131 537 41 913 42 650 73 893 394 30 689 791 122 24 223 149 173 200 292 374 874 112
285 20 4596 220 995 5 944 419 320 473 165 15 191 54 71 732 383 272 677 221 125 291 552 314 477 741 4 323 731 159 886 87 948 466 156 498 4 2 168 405 891 49 807
286 20 6411 807 228 470 428 1 304 451 51 149 403 630 552 442 821 50 680 107 905 740 337 42 931 229 403 69 708 551 593 869 74 201 746 589 432 88 541 824 501 705 385
287 20 5115 114 748 478 415 43 242 794 326 66 368 755 35 773 158 691 854 3 402 225 251 448 994 135 608 300 371 224 474 45 725 332 74 76 2 246 63 617 875 29 341
288 20 4804 187 951 196 325 51 147 449 890 543 522 25 308 351 327 585 924 185 226 160 110 163 319 319 782 423 101 93 766 238 239 394 828 36 538 435 487 391 816 782 473
289 20 5399 383 224 432 334 48 121 8 832 213 994 76 879 426 338 705 172 98 34 888 711 653 501 65 139 682 186 66 154 851 402 184 236 59 522 391 914 490 884 31 685
290 20 5908 414 169 482 927 712 696 68 989 504 581 348 749 137 319 657 815 109 584 106 339 588 820 107 622 36 589 756 633 640 916 597 440 63 828 459 97 407 917 195 611
291 20 5592 153 336 614 828 42 579 135 591 242 609 531 278 35 190 233 5 289 496 728 282 611 119 28 953 62 818 711 810 304 305 127 845 265 544 580 645 688 935 613 364
292 20 5897 45 521 114 156 792 603 423 485 34 651 187 12 688 101 360 230 569 810 711 616 571 656 281 130 177 2 222 771 308 729 240 917 833 51 573 786 131 751 113 919
293 20 5640 325 464 289 184 327 265 67 423 270 70 899 389 187 284 241 662 98 804 317 211 794 260 662 678 28 197 110 949 320 377 480 67 386 928 602 946 596 886 53 117
294 20 6392 489 509 744 912 752 841 443 266 628 430 111 196 104 322 487 640 628 36 216 496 525 440 563 516 362 898 69 144 149 58 149 157 331 151 771 835 168 976 302 770
295 20 5451 674 97 241 854 507 628 432 174 241 591 494 797 586 28 17 57 291 366 209 639 34 148 579 873 198 939 691 582 36 769 383 717 66 330 156 707 14 118 965 306
296 20 5032 547 654 458 399 103 177 863 914 9 102 336 934 229 320 358 310 387 721 354 688 254 815 249 835 155 759 464 952 113 589 850 182 242 103 38 298 112 707 169 212
297 20 6020 663 737 175 694 213 193 8 983 840 186 554 358 124 840 239 553 200 475 358 196 539 465 118 690 143 750 612 394 276 129 409 66 837 331 627 583 406 691 184 54
298 20 5631 530 864 649 687 584 441 104 211 580 956 713 74 64 406 124 103 533 856 69 181 233 890 545 427 471 965 3 567 190 433 515 316 36 689 156 390 382 775 558 993
299 20 5548 86 466 735 141 391 593 114 856 238 939 500 615 116 274 979 136 6 884 322 766 201 823 665 343 61 437 497 276 662 926 237 20 615 135 240 481 194 543 77 457
300 20 6343 536 586 822 72 14 54 164 678 7 484 576 284 404 942 833 704 211 547 308 695 251 755 374 427 91 588 767 263 615 117 326 248 113 511 305 17 924 276 288 868
