1 20 6486 857 172 167 259 785 586 759 568 145 269 435 89 454 660 391 401 458 800 299 297 311 657 65 334 871 852 330 572 453 189 361 166 64 833 172 354 260 877 471 197
2 20 6140 659 854 45 588 139 833 802 951 574 67 656 270 351 708 300 86 39 607 258 782 250 307 293 46 849 543 308 466 134 539 669 620 685 768 430 682 183 102 51 48
3 20 6711 19 795 782 643 609 933 498 928 74 437 329 944 35 202 231 731 517 776 228 886 362 553 817 412 733 887 210 605 936 476 367 475 129 769 231 63 735 637 547 796
4 20 6414 356 919 677 660 344 343 21 642 148 309 303 471 626 341 68 990 296 518 603 970 21 992 126 423 816 226 701 223 593 943 84 166 904 710 490 825 647 67 194 559
5 20 6766 640 223 553 157 706 203 20 450 212 124 216 490 200 71 521 810 179 468 156 990 290 813 386 256 764 297 595 927 331 312 828 225 617 119 131 498 200 719 913 119
6 20 6343 11 573 891 604 600 879 379 500 758 330 91 258 7 317 903 945 433 320 68 142 83 54 908 34 688 599 1 6 213 898 622 209 369 963 685 982 146 207 73 489
7 20 4681 295 839 444 67 38 120 228 151 126 386 529 221 271 141 28 882 553 884 528 955 406 481 343 673 234 164 44 228 40 153 581 440 407 210 572 768 80 633 105 169
8 20 4764 212 407 306 898 277 150 265 536 124 959 203 751 203 865 69 915 683 711 61 840 406 200 134 860 768 297 214 198 344 782 75 394 766 92 589 59 211 415 46 564
9 20 7230 860 430 132 909 487 751 643 967 138 861 425 133 130 462 107 202 474 494 326 91 382 411 471 768 760 724 433 977 434 908 46 621 636 931 684 593 825 749 645 216
10 20 6452 867 869 181 737 168 142 218 506 740 320 543 515 118 36 637 65 244 946 189 236 739 130 336 906 625 506 536 429 499 19 122 67 753 838 28 419 133 948 389 123
11 20 5610 516 57 327 166 5 237 402 652 471 156 573 734 85 882 629 967 406 81 314 676 570 24 244 20 226 819 308 708 31 118 10 368 353 9 485 899 926 620 132 489
12 20 5208 279 300 593 892 233 530 22 776 378 632 70 741 126 525 25 494 406 99 254 793 764 531 173 682 449 933 704 966 603 201 4 381 162 329 521 542 32 552 713 20
13 20 5428 134 241 9 304 29 837 359 84 181 909 173 789 550 370 239 447 611 798 783 942 235 165 745 932 544 535 501 756 542 398 18 457 421 179 217 924 167 848 327 420
14 20 5850 211 325 363 900 660 439 571 705 150 678 50 53 87 738 517 946 347 916 106 840 617 839 151 454 36 355 423 222 265 864 468 913 298 345 844 481 576 149 573 921
15 20 6643 498 771 453 522 397 298 462 316 295 948 12 931 730 487 519 365 214 976 358 736 198 556 417 359 532 476 33 422 404 188 386 992 859 856 775 116 277 806 485 754
16 20 6116 970 157 408 555 211 658 306 322 421 1000 234 382 74 583 221 52 600 636 82 783 463 244 415 25 356 187 89 180 246 46 698 976 331 513 604 90 163 784 753 199
17 20 5968 271 808 252 181 822 371 3 315 122 558 780 153 813 681 106 51 95 543 315 720 151 474 486 196 243 949 271 53 686 80 491 794 632 366 334 834 575 257 12 724
18 20 6625 292 209 326 187 469 638 637 40 454 448 358 585 695 800 288 326 324 978 32 918 85 360 534 208 27 376 331 947 623 455 922 461 178 704 702 526 373 741 632 107
19 20 5426 453 16 397 55 511 384 343 494 70 567 395 303 5 163 585 9 43 155 37 490 189 69 63 630 252 232 579 846 40 41 854 960 280 269 574 952 635 59 478 301
20 20 8980 745 706 821 868 968 493 796 594 152 872 122 692 634 940 609 918 490 500 211 38 604 737 916 412 653 933 84 553 517 51 362 22 448 213 869 50 741 675 483 916
21 20 6334 115 152 369 217 200 983 622 638 290 624 370 140 280 255 351 251 586 557 603 15 188 636 316 101 626 560 318 201 456 427 226 369 136 50 622 824 275 473 969 404
22 20 5503 257 449 259 350 94 941 230 32 103 760 511 662 870 400 591 470 23 765 850 717 463 924 62 24 201 142 3 769 126 159 634 44 138 430 670 601 393 851 401 49
23 20 7665 238 849 575 367 671 7 348 341 177 651 686 340 711 633 185 447 605 797 461 589 398 281 742 398 103 22 495 640 568 906 846 98 212 262 223 40 675 619 663 99
24 20 6282 338 65 447 701 175 268 136 62 37 6 97 511 260 45 565 637 424 51 386 578 443 843 335 159 349 373 817 216 157 766 658 11 404 186 917 456 822 516 86 302
25 20 6626 90 428 288 717 538 534 568 685 467 550 946 146 121 59 202 890 463 959 353 674 802 866 192 212 9 647 414 762 190 95 744 736 65 962 881 607 294 626 656 700
26 20 5515 438 833 191 233 759 482 149 293 203 930 801 199 361 556 268 342 722 462 339 824 157 441 333 430 415 259 20 329 159 566 233 564 139 123 644 382 435 583 128 560
27 20 6667 290 815 416 315 575 813 325 141 123 274 258 681 535 504 614 746 206 1 144 518 245 944 522 150 282 350 874 676 594 729 473 177 443 620 610 952 663 423 142 694
28 20 10488 875 795 690 718 816 884 908 618 856 296 16 387 800 985 908 65 686 652 672 622 825 442 124 512 715 1 334 478 496 953 851 501 725 387 506 151 640 858 668 996
29 20 6476 173 741 508 918 190 844 237 376 292 586 287 217 703 2 637 853 623 919 637 543 27 176 354 906 66 499 864 221 545 343 879 318 5 715 582 291 373 497 113 751
30 20 6489 151 324 529 896 508 121 10 521 643 346 756 238 157 655 523 903 143 215 237 431 796 487 37 214 260 818 532 246 817 585 113 599 364 650 597 717 363 321 576 535
31 20 5909 243 1 912 826 19 780 946 975 246 769 523 823 143 396 266 653 627 571 142 350 55 231 971 125 194 445 4 239 465 708 359 77 336 42 43 182 479 880 414 851
32 20 6385 7 230 140 650 578 222 638 375 442 266 581 647 395 561 726 891 370 772 609 694 342 650 619 183 384 184 326 924 99 682 645 389 46 458 404 543 221 471 410 12
33 20 8671 781 475 424 337 818 122 927 591 664 360 243 832 689 502 566 155 695 810 154 838 878 409 568 783 340 275 578 34 325 916 99 359 272 817 58 641 854 883 906 592
34 20 4947 324 934 199 973 83 164 205 459 87 9 254 685 353 449 177 594 825 858 901 757 11 142 600 351 386 469 7 900 521 330 280 709 242 783 499 101 200 131 30 295
35 20 7879 406 865 740 960 517 271 525 907 518 624 836 99 193 150 381 798 868 874 736 636 4 949 935 103 175 89 151 951 918 899 887 661 186 267 110 666 480 5 283 487
36 20 6572 111 763 649 411 67 106 770 695 653 422 22 50 258 969 40 703 592 199 489 136 767 742 48 424 701 719 167 886 846 557 51 582 855 162 927 453 58 648 145 451
37 20 5805 451 366 60 671 607 763 39 186 760 31 726 70 791 547 290 597 36 642 499 6 596 131 24 694 144 235 215 790 792 338 188 540 788 453 125 933 66 134 60 903
38 20 6632 405 708 823 403 213 134 177 616 202 537 514 39 607 67 652 904 381 698 714 947 353 996 327 808 395 759 308 930 434 837 583 629 554 569 117 779 436 124 95 512
39 20 6706 92 797 456 247 481 432 47 23 215 735 32 279 451 710 477 299 837 932 338 101 305 760 775 147 618 442 275 399 442 311 120 98 741 563 524 780 614 310 543 653
40 20 8477 571 197 390 558 730 558 177 846 41 80 540 790 717 401 906 951 977 648 135 723 677 160 271 342 511 644 770 663 316 635 320 747 829 425 345 486 618 956 756 958
41 20 5276 530 788 361 395 200 743 307 3 401 123 215 309 386 950 273 368 391 979 27 41 162 905 10 285 228 800 90 144 532 129 263 55 241 113 920 263 727 658 332 956
42 20 7916 821 985 212 224 542 113 763 3 876 748 964 784 423 1000 136 578 516 593 37 308 953 288 204 928 303 678 179 156 191 319 784 517 451 205 498 650 311 550 731 33
43 20 5760 797 778 5 975 307 915 236 384 142 858 272 50 723 838 804 765 658 204 436 824 553 308 487 757 241 622 665 779 99 974 244 445 199 203 161 329 82 635 89 146
44 20 5678 193 966 203 713 128 815 34 957 366 455 325 857 926 893 676 982 81 937 404 658 363 537 496 510 140 498 128 106 57 291 624 817 466 763 445 731 197 736 846 766
45 20 7627 234 677 953 831 91 256 954 6 174 462 581 738 102 199 723 421 631 720 149 256 587 375 457 752 377 201 835 805 383 435 88 112 172 506 948 960 761 160 334 948
46 20 5226 528 706 790 605 154 379 95 948 398 148 142 802 539 899 401 107 187 713 100 330 942 632 64 365 202 788 106 534 159 566 251 431 591 151 202 459 153 595 529 748
47 20 4934 576 570 862 942 594 393 27 274 130 872 71 4 62 324 39 235 369 189 334 810 92 273 936 662 23 116 287 731 252 801 155 220 48 9 484 237 629 455 198 882
48 20 6397 60 561 202 613 840 184 954 870 67 328 490 303 865 914 414 747 490 635 776 621 295 488 530 665 163 229 580 158 35 434 3 412 768 282 217 220 244 578 4 346
49 20 6268 68 369 508 271 107 878 196 401 72 734 829 526 442 881 467 919 301 46 819 772 739 518 254 902 112 712 703 342 317 52 746 876 207 474 555 106 366 633 28 254
50 20 5563 345 359 292 402 15 544 106 660 270 421 499 612 451 125 52 190 268 291 149 614 622 395 381 500 567 371 252 724 54 267 307 1000 628 456 820 494 656 806 220 119
51 20 7468 553 644 235 979 725 680 767 148 627 395 515 556 922 111 107 834 472 873 242 826 36 305 683 928 64 49 118 732 363 267 847 503 705 832 858 227 151 245 345 369
52 20 7580 717 300 504 583 210 569 815 167 804 911 713 559 446 611 214 686 158 444 906 277 294 125 98 258 550 518 660 425 702 321 161 491 886 659 307 356 230 130 101 903
53 20 5928 935 616 146 558 496 622 84 650 201 361 114 978 49 52 258 110 54 288 643 939 353 821 765 799 60 580 452 218 464 778 36 365 365 570 822 438 663 132 450 758
54 20 8854 992 639 552 89 912 95 796 432 247 689 916 67 812 214 873 850 744 117 187 177 576 87 195 408 764 253 215 556 25 264 169 682 385 377 286 996 622 560 800 215
55 20 6409 191 901 525 187 223 782 229 80 433 92 568 64 833 801 398 887 792 426 395 170 123 762 482 945 311 69 794 216 173 70 184 595 430 726 62 642 99 858 767 815
56 20 5684 310 837 782 420 427 349 420 210 70 464 2 838 911 732 38 765 449 449 388 273 196 121 540 926 357 346 182 690 325 698 455 337 297 263 17 461 523 400 417 361
57 20 7262 320 395 34 579 495 75 550 114 760 6 155 685 82 468 711 921 254 943 901 95 349 37 822 357 209 978 75 14 521 353 274 81 670 171 895 554 609 165 392 669
58 20 7057 534 957 765 119 688 999 113 787 219 831 271 267 631 571 123 540 156 846 390 446 657 235 641 714 593 511 342 31 87 566 562 176 107 487 448 973 757 747 738 841
59 20 6970 491 790 128 992 546 403 11 878 584 816 558 151 304 943 800 945 18 518 855 16 832 973 115 532 231 313 329 469 952 684 525 268 453 140 538 14 86 392 357 281
60 20 6425 234 879 195 949 917 319 423 909 370 798 352 505 602 792 159 801 421 279 666 485 220 84 69 581 43 118 239 965 903 494 369 617 427 799 56 258 404 489 963 837
61 20 6259 543 351 601 302 345 29 545 95 299 51 85 60 472 949 749 654 82 197 24 617 568 872 135 40 763 521 526 975 145 394 331 809 147 202 227 366 827 237 410 544
62 20 6099 146 138 450 965 336 323 417 378 895 924 382 115 450 911 354 194 512 711 143 834 294 408 473 516 776 961 581 889 343 968 78 832 89 602 783 65 40 750 82 612
63 20 6457 169 134 8 323 678 959 131 239 522 523 530 44 782 201 520 614 425 397 141 680 496 902 502 914 535 131 444 324 348 517 50 867 47 993 808 163 339 510 597 402
64 20 6372 73 882 6 668 791 76 848 743 855 47 233 984 779 479 795 260 66 617 597 76 16 296 413 112 370 286 916 997 110 420 110 461 38 809 457 936 314 719 178 914
65 20 6420 491 846 109 266 594 505 729 653 243 860 512 741 524 450 514 18 340 987 484 398 59 612 203 315 511 342 73 682 452 703 172 482 630 269 974 707 232 489 180 993
66 20 7701 949 389 230 626 92 160 978 643 477 580 268 240 857 895 242 905 724 575 599 164 631 229 739 707 460 74 452 264 55 202 853 691 26 842 31 630 166 975 798 292
67 20 6499 181 30 673 717 824 764 556 182 617 723 65 509 423 932 342 565 107 532 623 753 289 531 311 957 890 143 212 453 106 626 782 591 159 264 228 272 357 795 379 327
68 20 7666 160 966 338 186 446 199 796 145 128 110 10 121 369 171 900 902 589 620 258 883 607 276 148 991 381 336 485 522 949 970 821 235 677 533 51 380 979 143 491 291
69 20 6161 851 705 513 370 410 681 476 923 438 822 468 129 349 302 624 442 144 588 374 35 380 86 252 1 252 533 133 144 641 180 614 355 72 920 512 249 9 570 190 577
70 20 6869 246 528 407 799 662 652 92 823 200 492 801 577 164 525 860 731 932 57 245 374 613 500 385 383 477 979 710 394 38 248 41 415 120 456 644 613 282 186 668 686
71 20 5575 551 287 110 763 563 231 87 20 226 435 33 44 105 163 165 587 503 551 329 251 7 773 523 807 801 237 316 140 611 367 484 25 365 777 437 419 659 489 94 167
72 20 5795 764 548 775 596 441 204 667 422 339 71 19 466 636 328 298 325 263 629 131 703 43 795 330 402 459 732 507 459 219 999 872 639 161 538 42 975 60 634 218 973
73 20 7055 81 559 313 163 816 701 199 598 36 306 229 868 158 500 232 608 568 941 281 25 747 637 706 312 689 223 472 733 446 310 780 922 981 575 2 409 424 184 659 672
74 20 6831 551 437 114 625 844 15 693 620 55 974 863 835 775 392 547 868 288 535 55 317 705 100 202 203 430 326 302 161 401 809 67 5 344 986 433 473 22 735 848 55
75 20 7942 422 599 505 138 105 380 461 817 356 784 911 686 925 926 284 928 858 467 551 999 248 172 932 931 184 50 432 428 738 40 518 586 237 120 20 63 737 593 504 762
76 20 5492 221 786 598 605 512 958 209 141 317 28 428 390 370 515 59 619 701 776 501 97 147 47 130 619 331 93 904 254 54 479 643 943 25 177 229 264 291 94 196 840
77 20 5586 268 819 886 436 599 891 52 385 110 204 245 498 859 640 776 451 344 765 433 949 127 534 483 238 188 772 88 207 483 751 68 892 352 80 31 846 433 611 158 633
78 20 8078 651 432 421 162 566 880 786 390 16 516 624 449 479 497 705 696 333 269 363 903 512 578 649 674 733 754 429 459 819 687 865 204 501 102 370 727 237 828 39 186
79 20 7365 17 37 460 171 193 634 763 961 546 630 837 802 781 449 112 543 657 478 161 386 844 802 402 132 354 2 122 279 1 555 966 289 484 877 430 916 438 370 639 62
80 20 7728 336 869 489 929 239 31 148 556 8 343 964 60 899 892 511 641 789 514 500 603 763 970 35 791 169 14 653 362 366 170 186 959 333 853 992 940 719 941 562 97
81 20 8024 541 199 653 475 899 76 704 135 25 431 50 373 775 173 404 896 724 197 826 11 160 482 511 898 522 132 178 526 59 996 803 522 57 650 858 306 540 971 741 4
82 20 5759 216 900 630 155 153 155 180 153 621 967 286 478 436 481 478 722 98 35 24 304 859 111 294 900 467 414 850 410 209 501 107 479 105 406 406 967 294 873 486 843
83 20 8303 900 831 81 791 914 468 64 784 622 844 808 815 314 850 866 275 536 628 118 522 427 430 731 996 70 768 921 429 897 47 313 283 367 118 423 572 980 310 27 841
84 20 7059 253 266 1 147 809 533 780 396 185 1 43 662 212 5 770 306 143 379 766 795 266 574 850 476 654 198 870 231 236 964 21 136 559 451 190 60 493 816 723 413
85 20 6044 331 756 121 96 592 925 385 328 497 395 404 170 283 6 281 141 570 379 434 729 899 775 387 306 530 899 331 612 173 379 74 227 45 12 7 715 747 928 465 976
86 20 5216 172 389 291 180 182 510 130 387 941 715 41 466 230 671 82 71 332 163 372 62 229 536 833 275 195 584 678 304 47 712 1 151 756 631 639 841 57 865 313 774
87 20 5633 43 592 84 343 642 663 32 410 385 445 231 133 433 444 364 890 492 554 315 330 213 70 156 215 467 898 334 589 491 175 66 515 19 919 875 17 417 661 983 966
88 20 6243 769 911 256 547 661 388 329 414 269 57 742 658 191 164 777 247 205 70 211 218 88 114 670 906 586 169 549 849 237 196 400 901 300 298 25 887 393 978 146 560
89 20 6947 435 527 327 698 446 326 1 340 604 601 43 849 802 243 163 62 591 635 667 207 273 561 441 185 713 253 806 75 219 121 57 882 813 698 383 131 804 72 96 330
90 20 6168 78 641 357 850 469 615 437 302 568 62 850 558 848 401 15 749 341 278 346 834 342 959 379 17 110 11 116 342 342 68 43 112 718 615 758 693 4 356 589 599
91 20 8855 485 751 133 753 260 342 649 965 591 326 782 184 607 339 728 538 667 795 150 6 824 291 601 374 501 148 926 843 724 480 83 486 909 22 519 141 63 520 867 120
92 20 6368 115 831 55 527 11 840 858 130 498 125 518 899 851 635 517 751 102 684 117 246 386 874 372 815 697 349 221 843 333 42 216 218 862 634 249 254 392 998 590 324
93 20 7945 823 390 43 510 108 607 805 707 307 913 464 733 227 624 392 777 703 517 188 354 693 73 444 760 847 473 508 177 589 437 534 187 349 234 859 209 425 581 624 894
94 20 7246 338 578 468 971 36 79 504 74 877 331 768 922 138 852 539 115 907 540 584 663 319 302 219 275 608 412 47 63 951 232 415 328 475 774 98 822 749 961 18 632
95 20 5964 473 140 237 978 181 755 144 278 67 830 584 777 300 374 687 367 640 218 233 594 748 501 139 900 184 460 188 526 465 802 625 908 298 498 366 412 82 824 814 235
96 20 5915 503 12 214 711 825 170 139 799 509 455 335 873 304 846 328 493 747 468 68 581 168 706 1 622 353 143 651 185 481 72 412 835 218 42 466 449 107 319 565 798
97 20 7849 386 555 165 778 34 40 388 428 458 358 781 495 424 494 272 845 273 121 906 301 939 666 968 389 682 741 281 15 386 413 554 761 620 434 142 745 688 230 465 834
98 20 7058 306 219 176 710 769 482 266 265 618 447 33 828 244 492 365 366 159 590 454 594 267 567 297 405 157 862 642 644 506 751 885 377 950 931 210 960 739 694 780 587
99 20 7282 449 182 662 244 666 37 400 108 19 434 14 457 602 214 174 576 921 268 585 251 461 902 97 723 579 618 480 309 357 468 206 425 543 48 226 444 866 2 796 373
100 20 6170 326 920 313 997 698 396 430 821 143 642 625 609 530 207 856 987 118 823 488 815 389 258 194 611 310 807 316 626 883 487 167 345 221 558 70 887 200 384 436 305
101 20 6898 135 762 184 694 685 35 268 928 294 777 299 469 167 619 720 452 354 987 629 807 488 697 433 923 938 198 322 633 330 229 502 465 648 222 633 876 57 898 537 164
102 20 6527 443 216 244 446 460 353 483 107 517 339 543 334 224 617 810 169 201 632 286 708 85 500 657 667 947 492 517 510 60 987 646 428 39 923 60 305 649 480 288 454
103 20 6351 17 853 615 953 781 533 318 110 449 148 644 703 300 279 310 500 411 147 573 827 345 664 178 549 307 152 740 706 433 174 398 385 535 737 69 71 398 398 118 919
104 20 6244 749 455 144 235 678 557 536 802 43 949 901 837 557 970 347 801 559 380 118 69 494 40 33 53 182 968 407 544 253 143 650 966 254 102 472 615 366 690 63 45
105 20 4952 114 51 979 792 81 813 890 175 277 610 102 832 411 88 253 401 167 918 138 853 324 33 272 747 201 276 68 49 57 682 566 497 445 646 31 440 453 446 361 26
106 20 5472 212 667 38 403 299 84 171 268 958 226 204 449 563 196 188 779 108 458 452 84 71 33 86 792 502 128 27 459 389 238 501 172 657 545 364 29 588 817 463 172
107 20 6369 193 852 348 951 502 826 356 259 412 118 985 277 129 6 283 786 68 22 314 561 767 458 363 244 163 211 287 986 432 897 794 7 743 536 654 176 152 918 17 66
108 20 5613 113 548 393 78 49 385 160 684 538 418 878 2 311 869 883 253 625 888 144 332 660 433 110 691 514 506 325 357 68 712 22 243 20 663 594 990 521 570 89 331
109 20 7388 264 903 407 617 684 28 338 647 483 346 410 305 562 780 164 394 542 140 34 661 644 515 842 174 498 188 907 13 315 117 411 87 617 975 92 318 644 738 378 150
110 20 7044 624 106 6 187 682 72 551 108 101 840 689 849 421 179 254 832 590 502 250 746 313 874 632 907 546 856 733 10 288 614 385 412 436 747 68 36 525 252 712 633
111 20 6028 214 462 344 522 233 251 190 963 571 715 472 619 478 436 185 533 585 219 167 503 172 264 253 460 509 68 92 279 196 511 483 168 410 438 910 817 134 517 937 729
112 20 5045 833 408 70 537 384 792 407 958 278 377 49 770 359 264 417 398 243 714 317 678 483 660 19 55 84 452 12 422 356 792 448 329 320 11 423 999 754 348 51 317
113 20 6068 317 145 813 513 273 624 360 986 451 261 174 513 822 196 548 635 496 213 527 32 235 612 46 373 360 397 69 771 310 295 525 916 248 202 257 740 583 812 171 505
114 20 6040 243 765 6 502 724 942 161 415 395 924 763 743 133 667 169 682 171 355 499 153 485 756 636 574 799 546 18 28 653 683 358 566 27 793 578 46 159 626 573 61
115 20 7192 859 180 488 312 301 204 196 842 144 909 658 849 643 167 703 994 283 492 918 41 206 426 426 779 956 523 341 832 5 215 247 151 596 963 131 138 478 617 411 781
116 20 8461 316 606 658 501 621 193 398 476 439 153 877 492 793 78 679 881 140 170 468 828 213 349 619 131 253 77 4 207 882 593 723 901 501 414 455 330 741 380 797 896
117 20 5894 102 876 636 604 358 415 370 569 14 620 816 363 126 435 269 741 56 369 208 243 248 879 511 499 306 536 313 626 336 714 361 196 678 861 618 909 366 410 676 365
118 20 7599 378 563 137 150 358 705 550 936 793 244 743 796 30 913 978 13 251 44 731 689 25 527 891 193 748 517 569 375 896 991 183 885 240 609 769 394 75 603 154 492
119 20 5352 236 738 375 564 178 378 404 127 145 376 36 131 423 610 292 529 290 418 867 617 460 420 845 712 141 434 500 518 46 488 187 45 746 723 359 881 133 621 27 422
120 20 6848 564 564 744 972 79 520 476 721 44 568 220 512 109 58 927 691 238 915 919 530 184 159 387 254 109 766 280 930 355 191 478 607 368 42 925 153 652 12 502 231
121 20 6208 538 274 361 905 451 823 293 56 171 593 64 514 775 207 68 733 350 444 681 225 516 802 516 554 480 27 229 675 8 191 375 593 338 795 248 305 754 834 545 587
122 20 5592 699 519 175 815 161 939 63 491 241 392 661 944 108 64 667 555 354 10 198 856 161 786 781 362 696 797 16 425 109 627 590 69 7 676 394 463 103 216 806 907
123 20 6172 386 737 281 222 125 581 589 330 92 567 282 176 231 329 140 314 607 323 935 540 316 241 255 144 724 188 480 400 325 778 332 389 527 783 255 720 222 864 611 72
124 20 7792 229 312 703 732 346 2 425 609 958 218 454 1 331 613 557 912 592 35 812 910 193 507 219 470 30 576 391 170 871 282 658 284 472 416 809 727 41 982 650 884
125 20 4801 310 536 213 935 787 852 314 518 180 328 310 482 517 788 362 503 191 950 17 473 26 73 294 230 231 76 559 4 565 292 185 772 47 848 462 394 41 629 391 728
126 20 5824 7 27 432 852 95 20 496 644 189 830 619 505 383 423 258 643 226 933 649 280 689 398 880 585 236 706 467 975 260 429 59 581 42 947 438 137 153 735 703 706
127 20 5500 723 16 23 334 822 280 668 455 54 181 644 205 58 723 280 592 342 952 126 345 525 476 600 722 123 259 177 774 658 842 105 563 20 241 771 804 24 241 133 81
128 20 5655 300 806 549 52 38 656 121 157 758 396 133 665 289 976 349 237 650 932 30 822 304 41 592 280 93 376 334 817 66 219 785 433 276 517 595 696 576 922 231 673
129 20 5760 662 906 346 323 421 309 492 892 225 868 161 716 131 863 227 69 98 552 413 340 160 810 182 967 934 818 526 902 677 604 854 182 177 161 229 886 270 341 15 541
130 20 6055 570 302 335 869 227 785 614 900 26 309 374 445 188 641 619 167 495 571 489 415 101 40 693 63 321 612 757 172 240 90 18 738 123 366 75 378 705 353 599 812
131 20 8704 434 649 725 486 13 1 397 986 659 920 757 403 107 339 773 866 644 797 845 126 338 447 495 86 857 749 335 479 388 583 993 653 324 543 626 38 654 356 516 954
132 20 6438 780 960 105 27 813 451 174 827 489 676 732 219 917 706 102 459 236 240 463 29 257 966 531 281 665 215 461 544 13 784 224 522 48 741 327 392 325 783 386 594
133 20 7498 215 514 117 561 239 290 308 760 482 51 22 326 500 834 348 525 896 739 194 391 343 647 563 890 977 783 760 678 893 175 240 340 971 511 937 188 221 195 147 558
134 20 5413 187 190 384 294 30 966 910 866 30 68 246 736 473 394 716 600 37 246 314 92 22 259 267 153 654 492 340 659 711 898 305 187 38 818 530 110 346 224 227 571
135 20 6267 590 249 296 938 489 114 169 121 626 993 684 346 805 495 119 124 501 406 159 209 141 228 342 830 914 552 444 865 219 669 86 240 423 357 132 526 519 55 176 39
136 20 7681 734 111 290 677 103 972 368 36 428 347 108 264 929 815 287 666 304 606 325 202 77 172 691 598 454 983 784 539 216 873 950 725 840 539 689 888 457 179 568 21
137 20 5024 39 219 388 499 4 639 3 563 201 910 361 614 520 801 238 669 110 817 79 233 300 50 898 581 433 832 658 546 549 419 228 892 295 326 275 23 425 228 277 72
138 20 5340 109 204 270 710 93 355 237 876 602 101 65 569 460 839 110 188 311 792 311 78 257 610 513 600 790 556 447 522 272 666 128 319 15 571 472 265 317 352 896 657
139 20 6104 751 801 148 668 148 801 699 165 762 129 114 955 69 583 56 273 706 768 933 982 359 432 124 67 272 477 753 723 233 6 209 796 282 653 310 416 346 546 357 684
140 20 6407 145 25 639 986 833 823 625 381 388 973 300 990 486 525 480 545 9 663 241 317 332 833 304 144 785 101 268 980 693 75 249 722 301 480 556 936 82 209 293 257
141 20 5265 455 766 205 670 377 580 266 965 92 495 258 411 93 845 309 60 107 416 81 136 858 423 731 257 198 444 239 162 69 228 571 99 161 339 851 675 540 870 121 113
142 20 6810 952 69 407 539 937 941 561 327 174 322 595 885 623 805 539 185 207 483 103 454 46 668 150 454 240 699 906 797 803 33 874 496 24 116 96 71 92 669 184 958
143 20 4679 547 824 67 543 184 106 29 200 351 324 120 797 43 532 30 250 887 397 698 824 40 166 81 790 654 21 239 617 243 101 477 361 770 892 90 98 28 685 271 827
144 20 6508 196 963 232 429 775 346 216 361 773 355 206 563 429 8 34 990 239 483 75 735 99 344 789 977 621 378 274 668 877 489 611 380 344 862 477 19 690 22 179 827
145 20 6550 364 468 462 114 823 755 24 955 286 792 398 669 241 200 92 791 841 691 350 654 846 597 151 711 413 662 80 20 370 209 109 600 206 83 483 118 674 730 975 184
146 20 5964 913 29 284 903 317 32 74 101 611 582 174 811 76 412 45 425 507 250 531 102 3 523 139 969 715 592 744 164 238 482 478 176 425 237 568 36 481 676 132 366
147 20 7645 56 739 48 126 593 460 331 456 622 570 975 144 816 27 279 645 419 504 692 578 401 814 296 573 817 790 774 44 729 111 2 99 580 249 77 727 712 146 338 426
148 20 5700 228 80 89 591 711 815 178 856 608 855 190 116 134 646 520 506 37 699 57 311 534 442 206 270 719 881 593 59 65 23 820 218 516 381 90 715 253 209 578 966
149 20 6921 89 220 341 198 261 548 795 156 524 689 766 839 168 591 221 64 551 248 457 536 800 477 590 266 520 778 641 991 319 574 65 355 178 414 733 191 188 350 445 552
150 20 7721 209 656 325 403 504 964 105 142 868 127 913 966 726 43 191 978 690 3 567 545 179 443 579 25 617 573 828 269 227 734 121 476 670 260 326 902 453 185 554 459
151 20 6289 225 849 740 733 246 92 114 80 42 238 175 914 663 790 236 589 100 766 611 187 977 599 871 842 437 370 69 582 786 268 463 795 200 677 49 642 668 508 190 637
152 20 7817 207 8 287 991 632 373 171 943 523 160 395 986 975 671 962 19 633 382 206 477 246 339 320 562 828 861 580 93 826 70 636 857 124 37 385 757 1 981 835 973
153 20 8144 214 272 620 195 886 131 691 506 667 495 408 73 119 593 190 942 292 312 950 508 571 620 403 958 8 224 543 619 589 68 747 780 282 702 602 346 796 42 602 712
154 20 6453 110 555 753 614 303 141 701 551 500 415 653 87 879 483 1 146 58 580 208 565 280 835 466 858 266 695 534 109 646 977 160 930 221 431 558 432 146 328 624 463
155 20 5844 354 763 485 307 770 943 47 208 411 618 43 274 142 675 801 598 274 134 30 654 791 297 697 933 14 514 299 643 77 736 64 957 677 139 222 631 858 326 249 999
156 20 6451 504 736 39 511 362 354 105 458 124 650 5 984 430 315 208 472 236 688 260 698 971 41 435 106 763 336 505 854 165 122 555 163 495 148 928 578 216 391 758 917
157 20 7747 266 221 654 338 16 42 579 370 159 392 160 917 662 115 810 225 75 593 203 468 719 512 644 248 579 982 480 586 797 329 901 789 593 19 281 530 435 246 671 284
158 20 5396 197 524 24 854 921 290 260 912 325 951 381 2 41 487 279 463 44 82 17 291 716 87 701 914 402 466 21 307 65 84 755 742 674 518 415 305 402 720 106 58
159 20 6516 909 312 113 528 268 73 66 669 162 478 345 559 403 962 385 587 282 209 464 594 248 702 770 131 334 310 664 960 334 870 467 666 526 304 774 706 296 89 336 666
160 20 6909 276 197 760 724 834 67 540 328 412 239 411 953 204 833 662 353 282 28 245 94 606 138 633 910 183 550 20 32 760 156 488 14 184 749 92 487 187 167 858 749
161 20 5819 55 241 948 53 399 393 49 705 491 991 523 8 349 559 164 649 431 956 167 361 730 404 373 735 551 27 410 523 539 573 45 586 75 775 327 558 427 819 221 432
162 20 7835 167 65 108 447 284 132 673 445 749 691 204 582 350 211 919 994 728 483 407 560 32 21 183 622 946 806 112 799 664 282 683 97 794 523 686 321 363 810 742 775
163 20 6795 118 325 60 99 129 450 740 524 751 914 190 791 210 241 579 938 668 431 27 985 528 974 620 272 448 845 201 914 563 231 260 356 503 407 699 978 616 903 584 331
164 20 7316 448 940 351 349 868 772 585 585 40 586 439 920 164 625 714 139 586 959 115 696 306 283 317 616 45 206 832 706 483 201 801 242 384 849 660 536 172 328 835 231
165 20 4484 173 457 130 389 302 32 245 64 93 681 549 351 653 483 223 875 166 630 261 327 82 682 245 291 418 823 537 416 467 222 148 50 500 774 67 410 276 460 70 239
166 20 5141 127 760 399 995 20 140 700 818 716 53 184 149 155 994 92 941 937 313 231 35 205 531 178 323 266 246 217 278 236 503 429 83 190 795 250 124 720 857 175 13
167 20 6826 1 42 5 264 746 312 562 555 130 467 468 61 727 81 226 454 32 172 942 127 145 625 384 806 740 994 156 79 822 54 950 349 263 817 69 443 691 509 474 109
168 20 5813 57 378 303 541 110 9 135 153 287 414 569 700 192 358 115 974 532 227 383 979 202 412 843 307 936 751 564 223 104 601 367 349 416 816 289 374 852 875 11 18
169 20 6144 883 960 273 738 376 400 557 184 520 209 56 254 900 550 573 941 690 480 173 453 215 568 395 586 57 40 482 263 29 340 15 667 92 822 528 870 195 974 671 254
170 20 6793 289 223 643 426 340 985 419 143 14 919 429 104 297 556 569 133 770 489 126 851 866 547 240 716 348 833 156 280 331 975 853 957 376 570 299 995 726 543 401 987
171 20 6180 275 867 72 306 84 534 228 799 540 189 788 950 594 820 420 328 320 479 644 235 201 280 238 831 415 551 701 859 209 170 319 155 600 537 238 724 389 881 450 711
172 20 7661 1 573 833 416 120 630 776 45 507 23 831 339 696 476 859 765 870 976 193 627 628 687 617 638 128 280 491 554 657 917 594 754 466 630 136 872 41 480 133 532
173 20 6105 254 718 533 846 307 672 379 993 707 855 483 44 221 971 239 115 269 820 78 989 715 346 41 854 154 962 649 680 349 971 5 727 932 769 699 433 397 894 221 136
174 20 5889 251 348 837 436 353 333 769 238 32 299 361 670 744 686 470 777 379 643 467 768 209 734 429 542 547 669 330 635 128 721 90 24 100 218 73 575 93 147 700 131
175 20 7354 853 773 512 927 294 556 632 3 648 178 809 115 373 154 832 283 667 494 292 240 651 705 555 473 239 855 491 904 214 207 26 695 512 495 212 584 103 830 278 816
176 20 6615 123 624 163 434 156 891 300 5 926 518 398 94 456 533 236 452 534 376 799 708 76 163 585 198 744 13 1 993 921 531 250 449 129 698 625 203 634 559 213 994
177 20 6654 528 197 133 477 16 296 585 736 13 115 452 809 247 28 408 494 759 638 643 613 867 503 278 264 33 858 582 498 612 475 109 379 744 482 308 916 173 486 828 233
178 20 6082 101 93 177 393 167 39 673 752 141 235 399 496 682 549 585 745 926 203 581 955 322 819 21 924 10 365 208 503 662 143 538 481 247 136 341 567 91 458 731 569
179 20 6990 943 490 869 765 498 410 250 286 733 539 159 515 293 116 340 310 733 391 177 272 65 981 507 647 8 28 491 295 459 581 745 10 363 680 891 977 84 739 130 952
180 20 5836 876 194 84 713 941 699 303 177 558 829 715 810 274 829 203 330 271 72 512 627 76 31 230 250 62 373 65 351 841 784 418 594 105 957 258 221 101 261 403 402
181 20 6659 558 828 625 537 530 991 458 170 326 976 579 561 567 458 610 195 319 541 55 789 9 473 841 665 232 307 672 644 38 294 6 267 547 827 246 717 253 812 853 51
182 20 6249 466 523 200 361 933 518 575 193 253 417 178 530 150 744 464 30 228 752 391 580 38 787 104 95 241 410 628 51 152 935 425 256 948 119 564 721 230 584 644 526
183 20 7237 943 416 596 491 722 446 409 405 58 990 671 982 441 317 184 144 30 628 461 369 291 782 739 75 337 192 365 827 551 311 57 597 559 195 631 773 149 133 853 331
184 20 4938 586 863 236 76 253 35 17 746 149 520 840 854 290 648 438 159 150 646 9 224 67 699 552 507 75 778 561 536 8 196 838 588 21 660 972 463 68 492 43 262
185 20 6770 685 696 4 420 664 795 277 919 195 229 177 465 148 72 775 511 612 496 564 210 672 336 704 836 518 267 268 336 148 380 541 820 371 15 518 814 202 554 420 168
186 20 6483 327 894 795 259 77 401 1 742 693 282 566 637 782 738 860 543 2 607 472 630 338 313 407 219 268 277 7 527 10 303 556 451 249 643 931 433 529 197 234 426
187 20 8348 545 558 704 535 890 559 451 555 394 90 735 362 182 730 200 966 537 453 373 27 382 444 697 569 787 846 341 485 607 529 455 373 449 230 886 73 624 67 197 508
188 20 7057 191 334 761 499 48 897 219 146 862 46 625 916 765 202 366 69 643 460 67 615 429 846 559 14 479 847 238 39 357 171 848 390 85 996 506 375 549 33 225 106
189 20 6856 598 583 351 861 141 208 669 47 545 918 329 409 12 190 261 741 432 331 524 536 634 591 767 448 43 734 38 547 692 714 518 302 59 489 801 448 690 308 466 277
190 20 6557 41 626 820 810 564 467 142 274 393 162 54 765 28 914 484 201 80 3 943 314 900 977 412 547 325 236 738 862 504 770 181 541 376 873 519 403 291 161 402 769
191 20 6098 244 697 163 551 24 792 334 205 736 988 264 376 514 63 695 173 965 15 79 998 178 839 483 487 472 465 370 64 702 841 81 546 302 892 85 778 744 514 188 545
192 20 6216 8 350 352 65 900 893 250 657 292 136 328 408 379 817 51 12 457 951 760 954 662 561 710 407 85 905 91 367 493 387 480 957 494 518 393 917 563 139 22 918
193 20 8303 944 540 730 172 387 610 713 158 135 348 629 467 532 951 416 784 434 41 746 994 544 847 282 343 191 864 714 820 425 512 202 289 810 187 543 99 231 643 771 555
194 20 7071 169 671 241 409 484 922 72 451 325 181 363 46 180 977 634 794 202 71 644 74 497 78 778 548 546 717 42 580 25 453 678 720 962 714 738 159 730 5 529 510
195 20 7180 649 814 182 185 664 708 473 603 468 424 917 84 351 682 720 64 381 183 438 811 934 493 243 848 389 297 537 673 589 126 35 228 197 869 99 372 412 876 298 94
196 20 6934 681 261 227 58 21 592 820 477 740 569 290 564 633 102 435 675 744 802 321 355 408 611 482 467 479 160 505 646 488 757 116 278 329 758 745 877 45 213 159 763
197 20 7333 108 572 41 679 899 914 667 652 554 82 402 955 451 665 161 432 784 717 28 363 418 551 664 566 519 827 139 719 252 963 698 376 791 510 871 378 653 669 67 697
198 20 6299 133 672 409 836 689 353 422 152 20 142 624 300 313 732 689 865 118 630 611 843 130 760 270 318 15 805 779 984 104 683 646 463 638 870 314 731 663 129 287 998
199 20 4772 574 963 288 251 151 390 372 816 28 929 154 912 340 148 657 473 285 333 686 145 97 727 433 796 338 888 463 834 101 282 5 144 361 142 15 755 28 777 590 341
200 20 6048 215 525 207 571 726 932 555 683 141 874 473 726 522 500 193 970 250 302 370 426 638 892 123 961 461 603 134 394 455 16 251 334 7 725 783 14 313 277 744 193
201 20 5878 368 916 70 191 90 578 259 855 568 831 429 24 544 651 133 930 504 589 506 329 515 704 498 820 210 28 819 30 626 167 234 70 10 676 248 825 144 295 573 932
202 20 5950 166 302 308 333 541 270 72 647 286 860 123 321 154 994 407 253 815 143 187 254 619 896 677 777 848 294 201 644 145 326 503 360 629 334 399 24 15 735 343 582
203 20 6310 143 898 316 519 888 883 880 120 505 189 298 233 276 595 487 886 38 425 442 658 264 143 657 84 364 597 515 88 364 552 18 570 24 267 328 763 247 75 834 920
204 20 4928 98 706 7 924 556 464 674 161 506 444 441 802 221 306 520 79 77 118 17 238 262 920 224 805 218 709 300 100 884 985 115 139 608 870 95 607 308 905 29 573
205 20 5707 210 604 932 486 298 45 850 221 508 750 132 792 282 953 619 713 308 994 772 461 90 527 299 112 124 921 286 836 288 979 145 972 95 803 49 503 183 93 664 698
206 20 6371 132 474 354 51 684 704 704 924 656 733 655 502 271 261 349 198 53 80 461 263 290 258 450 389 327 699 534 877 51 197 752 972 482 968 50 782 677 290 32 441
207 20 6772 775 580 67 911 522 135 109 652 359 534 559 234 579 541 155 56 577 948 657 154 334 757 159 488 571 49 446 638 241 800 536 426 533 378 342 12 720 9 224 224
208 20 5973 791 153 130 697 701 55 868 22 187 122 295 686 100 902 453 351 543 676 5 843 73 982 712 469 571 964 37 414 16 109 726 423 173 377 273 665 687 466 126 797
209 20 7263 839 31 965 152 341 980 730 983 839 696 427 62 587 484 84 940 411 50 621 826 145 700 161 982 76 530 210 600 473 152 797 434 150 150 448 77 234 753 541 466
210 20 5438 27 94 914 554 46 493 437 645 762 11 167 243 107 292 242 22 768 175 134 671 268 480 600 426 344 27 300 491 19 162 593 448 362 782 203 379 253 490 252 834
211 20 6570 794 174 537 936 427 674 470 708 724 73 42 692 535 96 915 716 185 870 174 633 461 349 92 689 27 212 249 262 571 394 294 589 375 259 731 679 150 869 460 400
212 20 6465 298 180 866 68 748 407 369 74 232 643 418 180 67 298 66 226 877 670 340 367 870 23 613 747 378 828 572 437 454 973 98 262 639 908 53 433 84 525 40 713
213 20 6484 432 267 742 763 642 270 453 770 90 571 665 28 681 243 522 923 319 392 119 485 389 934 91 617 662 159 433 898 406 531 739 185 186 837 407 532 86 363 42 924
214 20 7147 439 687 656 92 590 622 375 456 494 327 41 875 584 280 745 297 429 27 384 391 319 601 655 13 371 801 57 426 863 218 314 237 551 190 79 653 649 877 339 59
215 20 6184 177 932 630 396 357 274 851 470 283 276 89 250 106 495 317 211 830 989 617 589 206 783 935 174 664 457 616 977 198 197 76 323 254 180 94 793 87 250 344 684
216 20 6384 942 72 524 40 242 575 37 385 662 754 219 476 46 258 292 4 911 274 9 802 710 898 233 286 473 231 433 226 137 7 137 124 818 964 358 702 567 213 230 166
217 20 6003 205 670 836 353 866 635 249 665 471 10 200 727 453 120 426 740 174 113 51 41 410 113 759 36 281 638 450 688 665 628 306 394 292 451 334 18 1 770 75 245
218 20 5248 639 995 356 484 370 153 3 147 391 49 174 748 600 223 182 865 724 41 142 65 325 367 441 39 393 659 362 48 294 384 320 533 251 22 171 624 58 528 365 894
219 20 4486 285 354 238 582 13 935 653 520 22 384 346 861 347 123 373 600 441 521 369 570 113 784 391 20 454 475 360 366 351 914 201 26 15 654 177 46 437 620 22 211
220 20 6926 246 554 605 524 46 476 689 210 326 948 780 22 396 366 139 990 183 269 253 868 45 420 78 584 478 673 660 893 928 531 488 728 650 240 811 977 695 401 162 390
221 20 7204 592 665 651 510 429 810 255 559 328 191 232 272 391 124 418 694 256 350 563 27 742 21 883 563 178 690 589 780 377 134 100 771 583 722 206 504 869 29 364 171
222 20 5503 238 72 142 648 53 22 443 86 90 449 111 620 73 925 309 997 479 242 647 759 329 554 748 145 450 183 392 649 292 10 21 357 520 736 72 784 749 712 721 547
223 20 7756 715 621 881 81 422 718 605 292 336 740 581 352 57 187 471 425 26 630 901 790 810 68 271 209 357 324 273 42 396 843 773 35 210 621 703 427 359 15 548 688
224 20 6152 38 963 536 816 878 2 402 346 456 765 355 961 217 376 466 387 801 264 649 948 216 261 56 815 848 658 40 45 117 474 177 359 353 561 464 488 156 634 466 15
225 20 6887 203 804 525 603 200 229 126 591 680 997 992 662 729 372 597 725 72 681 411 760 432 120 811 810 561 365 471 647 628 616 271 151 215 744 539 134 41 6 105 437
226 20 7792 460 975 760 381 38 31 480 224 625 916 453 222 743 692 342 183 996 60 772 367 26 545 255 483 135 928 827 649 782 395 63 452 673 798 652 336 299 694 360 359
227 20 5380 612 918 657 196 266 353 381 161 29 978 58 965 359 122 101 971 295 450 144 784 345 209 138 104 495 796 589 319 696 692 212 912 372 975 309 729 94 460 573 696
228 20 6363 437 277 364 676 390 993 593 146 722 419 237 908 205 91 363 93 483 186 325 195 218 763 345 166 250 292 846 969 205 824 593 414 161 354 58 527 856 236 303 581
229 20 5755 748 683 730 939 949 262 572 126 321 623 86 829 257 267 257 258 360 803 125 124 624 846 268 75 42 78 767 614 204 919 93 116 37 115 145 592 70 745 539 408
230 20 5787 611 824 75 196 608 230 116 454 566 860 168 938 219 452 223 240 316 240 189 903 450 975 606 374 451 789 506 743 139 482 311 962 258 930 810 908 465 249 147 386
231 20 5556 192 343 143 191 574 271 524 824 57 164 801 809 18 984 210 155 231 69 563 999 631 37 91 815 860 337 16 623 318 273 88 609 124 869 476 188 173 283 855 594
232 20 6056 132 17 879 223 175 653 308 624 208 102 418 892 599 549 626 16 544 784 614 146 670 85 95 985 47 323 784 476 122 55 734 818 239 964 177 117 79 125 120 125
233 20 8153 484 69 317 324 586 783 605 718 312 837 97 125 111 496 598 796 322 132 46 296 752 71 535 725 946 659 58 766 707 112 721 581 710 387 620 97 903 375 762 711
234 20 4929 250 596 123 772 483 103 86 175 273 495 64 289 204 77 453 419 2 894 798 818 64 394 483 375 466 786 722 828 534 211 345 87 148 320 69 37 381 584 214 195
235 20 5780 325 960 34 797 744 763 842 269 698 350 398 962 37 408 126 103 356 921 718 848 914 225 31 951 146 485 1 534 208 753 531 93 133 650 222 557 414 489 348 532
236 20 4815 61 708 266 160 251 911 170 524 15 1000 578 238 423 817 935 8 110 460 720 46 733 840 105 703 98 968 87 592 224 798 187 494 299 375 120 149 14 90 623 384
237 20 6636 286 132 884 633 154 849 339 869 702 777 344 859 843 535 100 780 867 899 772 209 9 575 4 778 194 373 392 494 347 356 138 770 928 520 433 372 283 785 276 928
238 20 5588 841 639 381 980 76 917 124 645 759 102 69 305 395 453 433 937 873 968 216 47 95 234 835 182 544 514 79 377 117 770 637 26 61 775 156 209 21 8 274 162
239 20 5063 27 316 198 272 82 194 720 429 55 791 523 490 606 356 576 272 67 625 62 487 212 57 67 654 581 811 198 413 647 775 118 628 258 565 310 401 543 838 479 974
240 20 6476 45 539 614 771 587 448 299 545 439 269 43 365 80 983 469 454 349 72 182 281 645 786 544 617 517 39 547 428 535 81 232 100 875 100 240 811 609 428 244 793
241 20 6394 267 466 438 298 316 124 329 882 713 987 664 696 189 267 165 633 251 643 701 784 351 24 27 839 746 221 526 822 267 186 334 279 93 811 719 979 779 638 118 453
242 20 5432 956 903 649 331 201 313 222 919 600 440 572 666 254 166 254 940 411 389 148 994 233 5 664 239 193 903 58 579 233 916 191 816 219 536 149 631 19 64 565 654
243 20 7039 152 500 840 686 164 761 77 907 982 490 54 275 621 669 367 749 322 226 829 925 367 490 464 134 700 625 171 4 442 506 565 806 189 768 712 92 611 63 170 378
244 20 5754 310 347 71 393 221 626 617 969 548 844 246 819 231 490 89 585 172 283 127 477 769 463 568 694 216 156 118 969 494 570 640 303 305 849 473 166 633 583 345 902
245 20 7229 652 304 654 505 443 349 479 96 731 302 189 689 361 603 566 122 270 770 147 980 540 819 147 765 126 872 280 844 417 91 335 33 905 893 519 606 767 68 509 214
246 20 5873 522 257 801 238 69 256 761 899 18 104 650 469 658 965 87 622 693 289 914 183 293 51 269 72 87 338 10 792 221 947 209 684 120 598 244 894 594 552 122 785
247 20 7760 934 258 192 831 613 969 614 718 368 851 847 640 102 875 464 2 395 211 589 962 542 793 786 173 39 151 234 97 757 604 582 655 91 944 625 715 486 332 440 319
248 20 5643 541 139 241 158 674 846 559 322 299 823 681 652 201 210 108 84 83 100 124 610 239 461 425 695 493 675 418 447 48 782 705 115 205 872 153 747 543 301 314 413
249 20 6262 298 410 291 306 628 787 747 537 601 419 322 320 47 139 763 599 580 539 853 128 65 536 362 272 7 435 444 420 69 398 308 847 761 846 354 152 305 48 23 673
250 20 5595 962 968 131 405 81 445 102 47 72 668 348 314 130 345 827 848 460 573 2 475 635 483 41 895 387 410 27 820 387 313 395 967 313 432 238 7 881 669 575 252
251 20 6764 304 731 30 731 283 773 915 240 319 912 574 205 480 54 24 3 231 244 265 502 808 239 5 732 407 392 753 963 197 657 733 762 513 281 819 637 551 791 245 957
252 20 5144 149 214 502 31 16 539 293 239 108 793 710 61 464 981 398 55 230 135 612 25 217 744 43 985 130 423 694 558 235 722 372 815 402 398 377 517 414 236 65 911
253 20 4960 269 99 203 939 474 374 262 383 240 487 748 98 343 370 446 81 101 731 240 699 144 905 124 496 144 562 7 760 453 205 502 707 206 296 822 782 142 734 331 615
254 20 6005 557 379 254 537 539 275 452 442 428 910 152 665 309 26 296 411 99 98 824 790 230 918 369 870 37 453 741 807 51 876 678 140 242 742 214 70 426 894 609 686
255 20 6387 516 555 785 8 233 52 326 733 830 717 240 209 9 95 311 572 897 865 317 156 238 116 95 119 176 960 870 847 720 609 299 394 207 790 276 218 46 456 593 246
256 20 7000 456 906 30 977 877 702 806 872 547 171 358 291 182 621 105 399 479 496 164 680 726 810 592 897 464 773 633 347 409 24 540 863 70 897 418 302 153 834 742 664
257 20 6136 251 930 176 544 686 944 659 676 685 712 279 133 327 661 292 769 211 476 781 394 84 576 607 807 217 895 378 317 35 955 785 920 215 273 450 416 17 259 535 589
258 20 6456 711 829 46 896 693 231 262 319 504 861 224 64 192 44 125 818 80 954 734 791 673 521 305 238 546 783 189 100 216 936 699 268 532 274 151 775 331 95 858 646
259 20 7827 572 439 900 905 65 117 352 188 832 3 632 191 399 89 436 386 528 176 443 340 198 540 402 545 208 651 833 44 798 848 613 970 50 610 907 946 614 965 2 700
260 20 7159 136 428 752 291 224 709 196 762 289 567 461 768 445 734 659 440 883 391 435 527 351 106 775 953 528 899 86 108 324 237 150 866 475 631 246 853 705 828 829 724
261 20 5509 359 512 436 231 283 885 86 844 246 903 280 977 57 379 748 282 470 159 440 82 198 320 294 412 294 835 824 17 75 144 386 106 513 608 572 281 5 942 321 652
262 20 6054 762 357 160 987 498 360 171 780 368 437 704 961 51 581 32 628 472 535 188 595 292 983 136 97 463 131 276 92 446 858 619 874 550 225 807 270 33 915 540 468
263 20 6721 414 342 460 278 695 682 155 62 747 98 593 344 282 687 273 280 558 306 55 786 62 222 341 935 826 106 423 700 904 89 240 242 338 539 153 323 823 365 60 106
264 20 6712 814 415 452 677 826 41 541 277 544 554 458 566 804 382 548 723 5 652 34 843 166 61 818 625 199 794 147 697 210 535 378 404 727 609 655 301 25 801 39 642
265 20 7140 400 724 872 36 700 285 386 250 805 280 205 615 241 21 470 28 270 814 873 147 223 231 423 542 455 832 238 91 514 64 76 371 389 55 473 859 267 634 645 932
266 20 5557 902 152 12 624 300 784 32 941 626 911 232 841 440 347 331 959 600 698 711 815 121 382 20 263 27 462 214 189 306 723 891 498 76 197 642 461 433 712 31 157
267 20 6640 283 735 451 382 224 474 445 904 145 962 117 440 759 87 440 110 256 662 643 645 203 4 230 703 129 153 259 975 97 561 559 316 599 50 884 31 950 10 627 502
268 20 5122 232 673 819 374 91 272 498 562 422 363 222 474 257 810 226 92 720 939 187 278 216 245 474 43 781 809 44 311 131 947 50 875 174 988 266 664 354 933 239 478
269 20 7342 224 536 717 347 440 402 301 938 551 546 322 885 304 51 875 114 814 555 507 454 81 300 652 45 641 481 794 507 324 757 294 85 3 572 256 884 428 826 650 633
270 20 5601 6 864 857 111 220 272 755 383 530 782 243 226 370 475 356 130 454 346 542 164 323 300 239 786 54 641 574 207 317 599 103 914 333 740 347 626 35 380 344 756
271 20 6762 705 768 19 874 434 580 359 514 669 41 534 965 212 594 150 514 17 402 437 351 827 350 808 221 292 130 292 971 91 432 289 733 405 986 566 96 627 581 720 259
272 20 8032 882 536 634 88 151 430 872 839 214 481 336 728 580 297 341 873 241 933 585 379 567 186 873 611 720 626 913 605 219 6 21 208 527 596 801 15 131 672 433 480
273 20 6259 454 332 772 225 110 859 10 422 625 880 268 312 378 487 491 314 846 775 249 671 699 232 188 727 141 781 576 780 144 732 705 56 34 736 326 202 786 999 22 633
274 20 6345 474 523 290 68 259 634 938 689 275 50 101 718 155 719 607 364 430 697 91 742 954 453 741 760 50 375 662 100 391 153 523 769 316 389 184 505 85 132 406 454
275 20 6128 230 81 608 408 581 436 172 862 295 130 180 1 195 136 76 528 593 933 409 246 309 608 471 638 543 503 535 562 506 242 806 117 132 633 10 833 594 899 415 606
276 20 5872 67 954 518 378 785 476 71 175 303 449 631 216 282 800 183 333 440 733 326 149 237 369 159 953 490 385 547 36 702 986 10 989 723 621 80 635 685 353 101 208
277 20 7806 626 127 577 118 332 999 422 911 424 596 554 602 902 666 920 726 408 215 47 55 19 171 935 961 252 508 276 96 333 477 619 815 675 315 506 93 363 888 568 61
278 20 7154 741 836 451 622 690 313 329 354 107 18 595 355 1 14 152 296 92 152 351 477 634 579 480 406 246 79 345 659 347 7 300 23 792 618 649 70 776 90 865 41
279 20 6024 716 761 711 610 335 788 472 939 63 936 193 399 849 622 178 934 485 771 469 142 67 953 744 489 175 541 93 250 493 746 149 567 852 76 7 830 175 684 304 219
280 20 5750 158 647 450 779 86 418 529 973 367 279 759 703 431 950 814 889 310 639 83 948 623 362 75 787 664 844 105 644 68 734 376 951 341 752 5 597 576 582 368 452
281 20 5848 509 38 327 369 582 199 21 185 626 256 721 847 380 61 129 317 80 975 108 26 441 982 317 454 708 924 33 295 668 862 497 748 251 462 492 176 22 763 399 555
282 20 6580 382 161 751 915 356 549 68 638 945 72 374 646 279 937 451 183 378 964 59 602 47 33 693 163 27 248 752 707 313 187 28 492 433 96 737 420 818 996 335 397
283 20 6906 261 772 902 923 344 110 931 121 90 360 701 66 301 986 298 249 522 20 374 33 220 38 486 709 768 394 154 536 75 296 248 576 679 163 430 853 689 492 160 621
284 20 5113 407 766 252 146 233 702 684 109 156 190 294 67 183 32 236 735 339 8 431 329 769 113 900 970 107 440 199 61 254 416 216 964 126 769 339 139 246 802 21 187
285 20 6080 35 50 13 950 484 459 657 456 98 814 23 502 776 959 865 674 834 617 382 543 877 606 325 790 686 676 107 497 368 337 142 24 83 877 161 581 151 534 533 911
286 20 7787 787 861 450 925 188 433 530 544 142 898 354 910 501 316 254 898 959 389 114 563 609 806 691 24 515 824 250 310 498 628 416 450 616 994 602 169 929 35 329 721
287 20 5028 537 275 706 134 64 580 14 991 127 57 935 634 270 754 26 104 237 807 731 474 742 460 689 184 71 669 166 274 187 300 215 21 61 622 345 164 55 461 108 229
288 20 7708 492 183 867 295 827 872 129 294 953 738 269 387 819 70 683 992 99 93 73 308 208 35 20 238 449 177 730 345 301 463 621 891 491 466 595 857 500 687 509 456
289 20 6284 446 495 190 932 338 974 273 18 322 907 217 257 420 148 630 748 16 341 458 596 526 924 762 830 839 124 48 150 13 516 317 192 410 463 909 345 24 65 697 858
290 20 6625 717 619 380 897 222 577 839 43 614 931 666 942 434 150 558 627 99 96 779 567 147 822 196 788 432 489 8 56 308 22 487 792 374 980 355 327 221 210 446 730
291 20 6888 904 752 59 828 476 142 69 366 421 198 574 518 766 667 196 650 78 978 337 460 154 65 565 833 952 835 181 974 134 976 862 291 742 882 858 913 263 42 19 678
292 20 6346 131 816 395 267 809 110 921 790 216 301 50 507 68 648 119 909 79 810 850 403 166 586 36 416 950 280 286 57 990 700 112 542 206 799 886 396 3 955 660 559
293 20 8826 612 327 678 404 507 651 545 729 804 740 923 442 326 347 385 954 621 723 648 981 264 695 789 695 575 300 168 578 247 751 881 645 796 39 986 477 54 937 224 565
294 20 5169 581 594 376 64 160 425 367 933 469 630 468 765 709 852 28 730 230 993 311 458 66 865 255 967 86 345 150 98 107 63 709 182 490 110 245 906 233 391 422 841
295 20 6410 295 599 41 95 341 851 314 447 159 843 376 498 12 764 132 302 790 576 560 504 509 66 604 789 522 391 15 218 387 590 810 42 331 201 727 254 525 252 563 348
296 20 4732 446 421 780 462 32 626 262 12 125 105 498 837 91 892 262 697 502 393 581 706 104 347 318 515 151 292 874 391 23 976 255 980 138 855 335 197 66 706 73 598
297 20 5072 108 602 634 263 839 28 245 243 537 930 35 267 181 313 236 482 462 536 70 49 401 234 45 437 52 54 708 771 110 318 902 753 74 836 83 662 90 859 529 549
298 20 8152 519 229 667 139 331 537 630 253 624 266 539 335 697 384 881 284 979 649 793 711 121 587 663 864 163 115 457 359 177 663 153 463 238 864 756 520 212 535 591 981
299 20 6800 781 144 218 763 674 203 415 209 327 987 456 691 90 957 192 375 892 507 294 866 367 493 825 63 176 25 802 306 344 226 296 54 9 701 406 161 192 821 745 770
300 20 8448 42 349 717 281 579 844 532 925 921 44 636 734 740 20 436 634 587 618 693 335 148 849 553 998 646 781 713 313 364 261 652 916 155 459 351 354 549 101 547 329
