1 20 9529 144 172 834 259 216 586 242 568 856 269 566 89 547 660 610 401 543 800 702 297 690 657 936 334 130 852 671 572 548 189 640 166 937 833 829 354 741 877 530 197
2 20 9876 342 854 956 588 862 833 199 951 427 67 345 270 650 708 701 86 962 607 743 782 751 307 708 46 152 543 693 466 867 539 332 620 316 768 571 682 818 102 950 48
3 20 9304 982 795 219 643 392 933 503 928 927 437 672 944 966 202 770 731 484 776 773 886 639 553 184 412 268 887 791 605 65 476 634 475 872 769 770 63 266 637 454 796
4 20 9601 645 919 324 660 657 343 980 642 853 309 698 471 375 341 933 990 705 518 398 970 980 992 875 423 185 226 300 223 408 943 917 166 97 710 511 825 354 67 807 559
5 20 9249 361 223 448 157 295 203 981 450 789 124 785 490 801 71 480 810 822 468 845 990 711 813 615 256 237 297 406 927 670 312 173 225 384 119 870 498 801 719 88 119
6 20 9672 990 573 110 604 401 879 622 500 243 330 910 258 994 317 98 945 568 320 933 142 918 54 93 34 313 599 1000 6 788 898 379 209 632 963 316 982 855 207 928 489
7 20 11334 706 839 557 67 963 120 773 151 875 386 472 221 730 141 973 882 448 884 473 955 595 481 658 673 767 164 957 228 961 153 420 440 594 210 429 768 921 633 896 169
8 20 11251 789 407 695 898 724 150 736 536 877 959 798 751 798 865 932 915 318 711 940 840 595 200 867 860 233 297 787 198 657 782 926 394 235 92 412 59 790 415 955 564
9 20 8785 141 430 869 909 514 751 358 967 863 861 576 133 871 462 894 202 527 494 675 91 619 411 530 768 241 724 568 977 567 908 955 621 365 931 317 593 176 749 356 216
10 20 9564 134 869 820 737 833 142 783 506 261 320 458 515 883 36 364 65 757 946 812 236 262 130 665 906 376 506 465 429 502 19 879 67 248 838 973 419 868 948 612 123
11 20 10405 485 57 674 166 996 237 599 652 530 156 428 734 916 882 372 967 595 81 687 676 431 24 757 20 775 819 693 708 970 118 991 368 648 9 516 899 75 620 869 489
12 20 10807 722 300 408 892 768 530 979 776 623 632 931 741 875 525 976 494 595 99 747 793 237 531 828 682 552 933 297 966 398 201 997 381 839 329 480 542 969 552 288 20
13 20 10588 867 241 992 304 972 837 642 84 820 909 828 789 451 370 762 447 390 798 218 942 766 165 256 932 457 535 500 756 459 398 983 457 580 179 784 924 834 848 674 420
14 20 10165 790 325 638 900 341 439 430 705 851 678 951 53 914 738 484 946 654 916 895 840 384 839 850 454 965 355 578 222 736 864 533 913 703 345 157 481 425 149 428 921
15 20 9372 503 771 548 522 604 298 539 316 706 948 989 931 271 487 482 365 787 976 643 736 803 556 584 359 469 476 968 422 597 188 615 992 142 856 226 116 724 806 516 754
16 20 9900 31 157 593 555 790 658 695 322 580 1000 767 382 927 583 780 52 401 636 919 783 538 244 586 25 645 187 912 180 755 46 303 976 670 513 397 90 838 784 248 199
17 20 10048 730 808 749 181 179 371 998 315 879 558 221 153 188 681 895 51 906 543 686 720 850 474 515 196 758 949 730 53 315 80 510 794 369 366 667 834 426 257 989 724
18 20 9390 709 209 675 187 532 638 364 40 547 448 643 585 306 800 713 326 677 978 969 918 916 360 467 208 974 376 670 947 378 455 79 461 823 704 299 526 628 741 369 107
19 20 10589 548 16 604 55 490 384 658 494 931 567 606 303 996 163 416 9 958 155 964 490 812 69 938 630 749 232 422 846 961 41 147 960 721 269 427 952 366 59 523 301
20 20 7036 256 706 180 868 33 493 205 594 849 872 879 692 367 940 392 918 511 500 790 38 397 737 85 412 348 933 917 553 484 51 639 22 553 213 132 50 260 675 518 916
21 20 9681 886 152 632 217 801 983 379 638 711 624 631 140 721 255 650 251 415 557 398 15 813 636 685 101 375 560 683 201 545 427 775 369 865 50 379 824 726 473 32 404
22 20 10512 744 449 742 350 907 941 771 32 898 760 490 662 131 400 410 470 978 765 151 717 538 924 939 24 800 142 998 769 875 159 367 44 863 430 331 601 608 851 600 49
23 20 8350 763 849 426 367 330 7 653 341 824 651 315 340 290 633 816 447 396 797 540 589 603 281 259 398 898 22 506 640 433 906 155 98 789 262 778 40 326 619 338 99
24 20 9733 663 65 554 701 826 268 865 62 964 6 904 511 741 45 436 637 577 51 615 578 558 843 666 159 652 373 184 216 844 766 343 11 597 186 84 456 179 516 915 302
25 20 9389 911 428 713 717 463 534 433 685 534 550 55 146 880 59 799 890 538 959 648 674 199 866 809 212 992 647 587 762 811 95 257 736 936 962 120 607 707 626 345 700
26 20 10500 563 833 810 233 242 482 852 293 798 930 200 199 640 556 733 342 279 462 662 824 844 441 668 430 586 259 981 329 842 566 768 564 862 123 357 382 566 583 873 560
27 20 9348 711 815 585 315 426 813 676 141 878 274 743 681 466 504 387 746 795 1 857 518 756 944 479 150 719 350 127 676 407 729 528 177 558 620 391 952 338 423 859 694
28 20 5527 126 795 311 718 185 884 93 618 145 296 985 387 201 985 93 65 315 652 329 622 176 442 877 512 286 1 667 478 505 953 150 501 276 387 495 151 361 858 333 996
29 20 9540 828 741 493 918 811 844 764 376 709 586 714 217 298 2 364 853 378 919 364 543 974 176 647 906 935 499 137 221 456 343 122 318 996 715 419 291 628 497 888 751
30 20 9526 850 324 472 896 493 121 991 521 358 346 245 238 844 655 478 903 858 215 764 431 205 487 964 214 741 818 469 246 184 585 888 599 637 650 404 717 638 321 425 535
31 20 10106 758 1 89 826 982 780 55 975 755 769 478 823 858 396 735 653 374 571 859 350 946 231 30 125 807 445 997 239 536 708 642 77 665 42 958 182 522 880 587 851
32 20 9630 994 230 861 650 423 222 363 375 559 266 420 647 606 561 275 891 631 772 392 694 659 650 382 183 617 184 675 924 902 682 356 389 955 458 597 543 780 471 591 12
33 20 7344 220 475 577 337 183 122 74 591 337 360 758 832 312 502 435 155 306 810 847 838 123 409 433 783 661 275 423 34 676 916 902 359 729 817 943 641 147 883 95 592
34 20 11068 677 934 802 973 918 164 796 459 914 9 747 685 648 449 824 594 176 858 100 757 990 142 401 351 615 469 994 900 480 330 721 709 759 783 502 101 801 131 971 295
35 20 8136 595 865 261 960 484 271 476 907 483 624 165 99 808 150 620 798 133 874 265 636 997 949 66 103 826 89 850 951 83 899 114 661 815 267 891 666 521 5 718 487
36 20 9443 890 763 352 411 934 106 231 695 348 422 979 50 743 969 961 703 409 199 512 136 234 742 953 424 300 719 834 886 155 557 950 582 146 162 74 453 943 648 856 451
37 20 10210 550 366 941 671 394 763 962 186 241 31 275 70 210 547 711 597 965 642 502 6 405 131 977 694 857 235 786 790 209 338 813 540 213 453 876 933 935 134 941 903
38 20 9384 596 708 178 403 788 134 824 616 799 537 487 39 394 67 349 904 620 698 287 947 648 996 674 808 606 759 693 930 567 837 418 629 447 569 884 779 565 124 906 512
39 20 9309 909 797 545 247 520 432 954 23 786 735 969 279 550 710 524 299 164 932 663 101 696 760 226 147 383 442 726 399 559 311 881 98 260 563 477 780 387 310 458 653
40 20 7538 430 197 611 558 271 558 824 846 960 80 461 790 284 401 95 951 24 648 866 723 324 160 730 342 490 644 231 663 685 635 681 747 172 425 656 486 383 956 245 958
41 20 10739 471 788 640 395 801 743 694 3 600 123 786 309 615 950 728 368 610 979 974 41 839 905 991 285 773 800 911 144 469 129 738 55 760 113 81 263 274 658 669 956
42 20 8100 180 985 789 224 459 113 238 3 125 748 37 784 578 1000 865 578 485 593 964 308 48 288 797 928 698 678 822 156 810 319 217 517 550 205 503 650 690 550 270 33
43 20 10256 204 778 996 975 694 915 765 384 859 858 729 50 278 838 197 765 343 204 565 824 448 308 514 757 760 622 336 779 902 974 757 445 802 203 840 329 919 635 912 146
44 20 10337 808 966 798 713 873 815 967 957 635 455 676 857 75 893 325 982 920 937 597 658 638 537 505 510 861 498 873 106 944 291 377 817 535 763 556 731 804 736 155 766
45 20 8388 767 677 48 831 910 256 47 6 827 462 420 738 899 199 278 421 370 720 852 256 414 375 544 752 624 201 166 805 618 435 913 112 829 506 53 960 240 160 667 948
46 20 10789 473 706 211 605 847 379 906 948 603 148 859 802 462 899 600 107 814 713 901 330 59 632 937 365 799 788 895 534 842 566 750 431 410 151 799 459 848 595 472 748
47 20 11081 425 570 139 942 407 393 974 274 871 872 930 4 939 324 962 235 632 189 667 810 909 273 65 662 978 116 714 731 749 801 846 220 953 9 517 237 372 455 803 882
48 20 9618 941 561 799 613 161 184 47 870 934 328 511 303 136 914 587 747 511 635 225 621 706 488 471 665 838 229 421 158 966 434 998 412 233 282 784 220 757 578 997 346
49 20 9747 933 369 493 271 894 878 805 401 929 734 172 526 559 881 534 919 700 46 182 772 262 518 747 902 889 712 298 342 684 52 255 876 794 474 446 106 635 633 973 254
50 20 10452 656 359 709 402 986 544 895 660 731 421 502 612 550 125 949 190 733 291 852 614 379 395 620 500 434 371 749 724 947 267 694 1000 373 456 181 494 345 806 781 119
51 20 8548 448 644 766 979 276 680 234 148 374 395 486 556 79 111 894 834 529 873 759 826 965 305 318 928 937 49 883 732 638 267 154 503 296 832 143 227 850 245 656 369
52 20 8435 284 300 497 583 791 569 186 167 197 911 288 559 555 611 787 686 843 444 95 277 707 125 903 258 451 518 341 425 299 321 840 491 115 659 694 356 771 130 900 903
53 20 10088 66 616 855 558 505 622 917 650 800 361 887 978 952 52 743 110 947 288 358 939 648 821 236 799 941 580 549 218 537 778 965 365 636 570 179 438 338 132 551 758
54 20 7161 9 639 449 89 89 95 205 432 754 689 85 67 189 214 128 850 257 117 814 177 425 87 806 408 237 253 786 556 976 264 832 682 616 377 715 996 379 560 201 215
55 20 9606 810 901 476 187 778 782 772 80 568 92 433 64 168 801 603 887 209 426 606 170 878 762 519 945 690 69 207 216 828 70 817 595 571 726 939 642 902 858 234 815
56 20 10331 691 837 219 420 574 349 581 210 931 464 999 838 90 732 963 765 552 449 613 273 805 121 461 926 644 346 819 690 676 698 546 337 704 263 984 461 478 400 584 361
57 20 8753 681 395 967 579 506 75 451 114 241 6 846 685 919 468 290 921 747 943 100 95 652 37 179 357 792 978 926 14 480 353 727 81 331 171 106 554 392 165 609 669
58 20 8958 467 957 236 119 313 999 888 787 782 831 730 267 370 571 878 540 845 846 611 446 344 235 360 714 408 511 659 31 914 566 439 176 894 487 553 973 244 747 263 841
59 20 9045 510 790 873 992 455 403 990 878 417 816 443 151 697 943 201 945 983 518 146 16 169 973 886 532 770 313 672 469 49 684 476 268 548 140 463 14 915 392 644 281
60 20 9590 767 879 806 949 84 319 578 909 631 798 649 505 399 792 842 801 580 279 335 485 781 84 932 581 958 118 762 965 98 494 632 617 574 799 945 258 597 489 38 837
61 20 9756 458 351 400 302 656 29 456 95 702 51 916 60 529 949 252 654 919 197 977 617 433 872 866 40 238 521 475 975 856 394 670 809 854 202 774 366 174 237 591 544
62 20 9916 855 138 551 965 665 323 584 378 106 924 619 115 551 911 647 194 489 711 858 834 707 408 528 516 225 961 420 889 658 968 923 832 912 602 218 65 961 750 919 612
63 20 9558 832 134 993 323 323 959 870 239 479 523 471 44 219 201 481 614 576 397 860 680 505 902 499 914 466 131 557 324 653 517 951 867 954 993 193 163 662 510 404 402
64 20 9644 928 882 995 668 210 76 153 743 146 47 768 984 222 479 206 260 935 617 404 76 985 296 588 112 631 286 85 997 891 420 891 461 963 809 544 936 687 719 823 914
65 20 9595 510 846 892 266 407 505 272 653 758 860 489 741 477 450 487 18 661 987 517 398 942 612 798 315 490 342 928 682 549 703 829 482 371 269 27 707 769 489 821 993
66 20 8314 52 389 771 626 909 160 23 643 524 580 733 240 144 895 759 905 277 575 402 164 370 229 262 707 541 74 549 264 946 202 148 691 975 842 970 630 835 975 203 292
67 20 9516 820 30 328 717 177 764 445 182 384 723 936 509 578 932 659 565 894 532 378 753 712 531 690 957 111 143 789 453 895 626 219 591 842 264 773 272 644 795 622 327
68 20 8349 841 966 663 186 555 199 205 145 873 110 991 121 632 171 101 902 412 620 743 883 394 276 853 991 620 336 516 522 52 970 180 235 324 533 950 380 22 143 510 291
69 20 9854 150 705 488 370 591 681 525 923 563 822 533 129 652 302 377 442 857 588 627 35 621 86 749 1 749 533 868 144 360 180 387 355 929 920 489 249 992 570 811 577
70 20 9146 755 528 594 799 339 652 909 823 801 492 200 577 837 525 141 731 69 57 756 374 388 500 616 383 524 979 291 394 963 248 960 415 881 456 357 613 719 186 333 686
71 20 10440 450 287 891 763 438 231 914 20 775 435 968 44 896 163 836 587 498 551 672 251 994 773 478 807 200 237 685 140 390 367 517 25 636 777 564 419 342 489 907 167
72 20 10220 237 548 226 596 560 204 334 422 662 71 982 466 365 328 703 325 738 629 870 703 958 795 671 402 542 732 494 459 782 999 129 639 840 538 959 975 941 634 783 973
73 20 8960 920 559 688 163 185 701 802 598 965 306 772 868 843 500 769 608 433 941 720 25 254 637 295 312 312 223 529 733 555 310 221 922 20 575 999 409 577 184 342 672
74 20 9184 450 437 887 625 157 15 308 620 946 974 138 835 226 392 454 868 713 535 946 317 296 100 799 203 571 326 699 161 600 809 934 5 657 986 568 473 979 735 153 55
75 20 8073 579 599 496 138 896 380 540 817 645 784 90 686 76 926 717 928 143 467 450 999 753 172 69 931 817 50 569 428 263 40 483 586 764 120 981 63 264 593 497 762
76 20 10523 780 786 403 605 489 958 792 141 684 28 573 390 631 515 942 619 300 776 500 97 854 47 871 619 670 93 97 254 947 479 358 943 976 177 772 264 710 94 805 840
77 20 10429 733 819 115 436 402 891 949 385 891 204 756 498 142 640 225 451 657 765 568 949 874 534 518 238 813 772 913 207 518 751 933 892 649 80 970 846 568 611 843 633
78 20 7937 350 432 580 162 435 880 215 390 985 516 377 449 522 497 296 696 668 269 638 903 489 578 352 674 268 754 572 459 182 687 136 204 500 102 631 727 764 828 962 186
79 20 8650 984 37 541 171 808 634 238 961 455 630 164 802 220 449 889 543 344 478 840 386 157 802 599 132 647 2 879 279 1000 555 35 289 517 877 571 916 563 370 362 62
80 20 8287 665 869 512 929 762 31 853 556 993 343 37 60 102 892 490 641 212 514 501 603 238 970 966 791 832 14 348 362 635 170 815 959 668 853 9 940 282 941 439 97
81 20 7992 460 199 348 475 102 76 297 135 976 431 951 373 226 173 597 896 277 197 175 11 841 482 490 898 479 132 823 526 942 996 198 522 944 650 143 306 461 971 260 4
82 20 10256 785 900 371 155 848 155 821 153 380 967 715 478 565 481 523 722 903 35 977 304 142 111 707 900 534 414 151 410 792 501 894 479 896 406 595 967 707 873 515 843
83 20 7712 101 831 920 791 87 468 937 784 379 844 193 815 687 850 135 275 465 628 883 522 574 430 270 996 931 768 80 429 104 47 688 283 634 118 578 572 21 310 974 841
84 20 8956 748 266 1000 147 192 533 221 396 816 1 958 662 789 5 231 306 858 379 235 795 735 574 151 476 347 198 131 231 765 964 980 136 442 451 811 60 508 816 278 413
85 20 9971 670 756 880 96 409 925 616 328 504 395 597 170 718 6 720 141 431 379 567 729 102 775 614 306 471 899 670 612 828 379 927 227 956 12 994 715 254 928 536 976
86 20 10799 829 389 710 180 819 510 871 387 60 715 960 466 771 671 919 71 669 163 629 62 772 536 168 275 806 584 323 304 954 712 1000 151 245 631 362 841 944 865 688 774
87 20 10382 958 592 917 343 359 663 969 410 616 445 770 133 568 444 637 890 509 554 686 330 788 70 845 215 534 898 667 589 510 175 935 515 982 919 126 17 584 661 18 966
88 20 9772 232 911 745 547 340 388 672 414 732 57 259 658 810 164 224 247 796 70 790 218 913 114 331 906 415 169 452 849 764 196 601 901 701 298 976 887 608 978 855 560
89 20 9068 566 527 674 698 555 326 1000 340 397 601 958 849 199 243 838 62 410 635 334 207 728 561 560 185 288 253 195 75 782 121 944 882 188 698 618 131 197 72 905 330
90 20 9848 923 641 644 850 532 615 564 302 433 62 151 558 153 401 986 749 660 278 655 834 659 959 622 17 891 11 885 342 659 68 958 112 283 615 243 693 997 356 412 599
91 20 7160 516 751 868 753 741 342 352 965 410 326 219 184 394 339 273 538 334 795 851 6 177 291 400 374 500 148 75 843 277 480 918 486 92 22 482 141 938 520 134 120
92 20 9648 886 831 946 527 990 840 143 130 503 125 483 899 150 635 484 751 899 684 884 246 615 874 629 815 304 349 780 843 668 42 785 218 139 634 752 254 609 998 411 324
93 20 8070 178 390 958 510 893 607 196 707 694 913 537 733 774 624 609 777 298 517 813 354 308 73 557 760 154 473 493 177 412 437 467 187 652 234 142 209 576 581 377 894
94 20 8769 663 578 533 971 965 79 497 74 124 331 233 922 863 852 462 115 94 540 417 663 682 302 782 275 393 412 954 63 50 232 586 328 526 774 903 822 252 961 983 632
95 20 10052 528 140 764 978 820 755 857 278 934 830 417 777 701 374 314 367 361 218 768 594 253 501 862 900 817 460 813 526 536 802 376 908 703 498 635 412 919 824 187 235
96 20 10100 498 12 787 711 176 170 862 799 492 455 666 873 697 846 673 493 254 468 933 581 833 706 1000 622 648 143 350 185 520 72 589 835 783 42 535 449 894 319 436 798
97 20 8166 615 555 836 778 967 40 613 428 543 358 220 495 577 494 729 845 728 121 95 301 62 666 33 389 319 741 720 15 615 413 447 761 381 434 859 745 313 230 536 834
98 20 8957 695 219 825 710 232 482 735 265 383 447 968 828 757 492 636 366 842 590 547 594 734 567 704 405 844 862 359 644 495 751 116 377 51 931 791 960 262 694 221 587
99 20 8733 552 182 339 244 335 37 601 108 982 434 987 457 399 214 827 576 80 268 416 251 540 902 904 723 422 618 521 309 644 468 795 425 458 48 775 444 135 2 205 373
100 20 9845 675 920 688 997 303 396 571 821 858 642 376 609 471 207 145 987 883 823 513 815 612 258 807 611 691 807 685 626 118 487 834 345 780 558 931 887 801 384 565 305
101 20 9117 866 762 817 694 316 35 733 928 707 777 702 469 834 619 281 452 647 987 372 807 513 697 568 923 63 198 679 633 671 229 499 465 353 222 368 876 944 898 464 164
102 20 9488 558 216 757 446 541 353 518 107 484 339 458 334 777 617 191 169 800 632 715 708 916 500 344 667 54 492 484 510 941 987 355 428 962 923 941 305 352 480 713 454
103 20 9664 984 853 386 953 220 533 683 110 552 148 357 703 701 279 691 500 590 147 428 827 656 664 823 549 694 152 261 706 568 174 603 385 466 737 932 71 603 398 883 919
104 20 9771 252 455 857 235 323 557 465 802 958 949 100 837 444 970 654 801 442 380 883 69 507 40 968 53 819 968 594 544 748 143 351 966 747 102 529 615 635 690 938 45
105 20 11064 887 51 22 792 920 813 111 175 724 610 899 832 590 88 748 401 834 918 863 853 677 33 729 747 800 276 933 49 944 682 435 497 556 646 970 440 548 446 640 26
106 20 10543 789 667 963 403 702 84 830 268 43 226 797 449 438 196 813 779 893 458 549 84 930 33 915 792 499 128 974 459 612 238 500 172 344 545 637 29 413 817 538 172
107 20 9646 808 852 653 951 499 826 645 259 589 118 16 277 872 6 718 786 933 22 687 561 234 458 638 244 838 211 714 986 569 897 207 7 258 536 347 176 849 918 984 66
108 20 10402 888 548 608 78 952 385 841 684 463 418 123 2 690 869 118 253 376 888 857 332 341 433 891 691 487 506 676 357 933 712 979 243 981 663 407 990 480 570 912 331
109 20 8627 737 903 594 617 317 28 663 647 518 346 591 305 439 780 837 394 459 140 967 661 357 515 159 174 503 188 94 13 686 117 590 87 384 975 909 318 357 738 623 150
110 20 8971 377 106 995 187 319 72 450 108 900 840 312 849 580 179 747 832 411 502 751 746 688 874 369 907 455 856 268 10 713 614 616 412 565 747 933 36 476 252 289 633
111 20 9988 787 462 657 522 768 251 811 963 430 715 529 619 523 436 816 533 416 219 834 503 829 264 748 460 492 68 909 279 805 511 518 168 591 438 91 817 867 517 64 729
112 20 10970 168 408 931 537 617 792 594 958 723 377 952 770 642 264 584 398 758 714 684 678 518 660 982 55 917 452 989 422 645 792 553 329 681 11 578 999 247 348 950 317
113 20 9948 684 145 188 513 728 624 641 986 550 261 827 513 179 196 453 635 505 213 474 32 766 612 955 373 641 397 932 771 691 295 476 916 753 202 744 740 418 812 830 505
114 20 9976 758 765 995 502 277 942 840 415 606 924 238 743 868 667 832 682 830 355 502 153 516 756 365 574 202 546 983 28 348 683 643 566 974 793 423 46 842 626 428 61
115 20 8824 142 180 513 312 700 204 805 842 857 909 343 849 358 167 298 994 718 492 83 41 795 426 575 779 45 523 660 832 996 215 754 151 405 963 870 138 523 617 590 781
116 20 7554 685 606 343 501 380 193 603 476 562 153 124 492 208 78 322 881 861 170 533 828 788 349 382 131 748 77 997 207 119 593 278 901 500 414 546 330 260 380 204 896
117 20 10121 899 876 365 604 643 415 631 569 987 620 185 363 875 435 732 741 945 369 793 243 753 879 490 499 695 536 688 626 665 714 640 196 323 861 383 909 635 410 325 365
118 20 8416 623 563 864 150 643 705 451 936 208 244 258 796 971 913 23 13 750 44 270 689 976 527 110 193 253 517 432 375 105 991 818 885 761 609 232 394 926 603 847 492
119 20 10664 765 738 626 564 823 378 597 127 856 376 965 131 578 610 709 529 711 418 134 617 541 420 156 712 860 434 501 518 955 488 814 45 255 723 642 881 868 621 974 422
120 20 9168 437 564 257 972 922 520 525 721 957 568 781 512 892 58 74 691 763 915 82 530 817 159 614 254 892 766 721 930 646 191 523 607 633 42 76 153 349 12 499 231
121 20 9807 463 274 640 905 550 823 708 56 830 593 937 514 226 207 933 733 651 444 320 225 485 802 485 554 521 27 772 675 993 191 626 593 663 795 753 305 247 834 456 587
122 20 10424 302 519 826 815 840 939 938 491 760 392 340 944 893 64 334 555 647 10 803 856 840 786 220 362 305 797 985 425 892 627 411 69 994 676 607 463 898 216 195 907
123 20 9844 615 737 720 222 876 581 412 330 909 567 719 176 770 329 861 314 394 323 66 540 685 241 746 144 277 188 521 400 676 778 669 389 474 783 746 720 779 864 390 72
124 20 8223 772 312 298 732 655 2 576 609 43 218 547 1 670 613 444 912 409 35 189 910 808 507 782 470 971 576 610 170 130 282 343 284 529 416 192 727 960 982 351 884
125 20 11214 691 536 788 935 214 852 687 518 821 328 691 482 484 788 639 503 810 950 984 473 975 73 707 230 770 76 442 4 436 292 816 772 954 848 539 394 960 629 610 728
126 20 10191 994 27 569 852 906 20 505 644 812 830 382 505 618 423 743 643 775 933 352 280 312 398 121 585 765 706 534 975 741 429 942 581 959 947 563 137 848 735 298 706
127 20 10515 278 16 978 334 179 280 333 455 947 181 357 205 943 723 721 592 659 952 875 345 476 476 401 722 878 259 824 774 343 842 896 563 981 241 230 804 977 241 868 81
128 20 10360 701 806 452 52 963 656 880 157 243 396 868 665 712 976 652 237 351 932 971 822 697 41 409 280 908 376 667 817 935 219 216 433 725 517 406 696 425 922 770 673
129 20 10256 339 906 655 323 580 309 509 892 776 868 840 716 870 863 774 69 903 552 588 340 841 810 819 967 67 818 475 902 324 604 147 182 824 161 772 886 731 341 986 541
130 20 9960 431 302 666 869 774 785 387 900 975 309 627 445 813 641 382 167 506 571 512 415 900 40 308 63 680 612 244 172 761 90 983 738 878 366 926 378 296 353 402 812
131 20 7312 567 649 276 486 988 1 604 986 342 920 244 403 894 339 228 866 357 797 156 126 663 447 506 86 144 749 666 479 613 583 8 653 677 543 375 38 347 356 485 954
132 20 9577 221 960 896 27 188 451 827 827 512 676 269 219 84 706 899 459 765 240 538 29 744 966 470 281 336 215 540 544 988 784 777 522 953 741 674 392 676 783 615 594
133 20 8517 786 514 884 561 762 290 693 760 519 51 979 326 501 834 653 525 105 739 807 391 658 647 438 890 24 783 241 678 108 175 761 340 30 511 64 188 780 195 854 558
134 20 10602 814 190 617 294 971 966 91 866 971 68 755 736 528 394 285 600 964 246 687 92 979 259 734 153 347 492 661 659 290 898 696 187 963 818 471 110 655 224 774 571
135 20 9748 411 249 705 938 512 114 832 121 375 993 317 346 196 495 882 124 500 406 842 209 860 228 659 830 87 552 557 865 782 669 915 240 578 357 869 526 482 55 825 39
136 20 8334 267 111 711 677 898 972 633 36 573 347 893 264 72 815 714 666 697 606 676 202 924 172 310 598 547 983 217 539 785 873 51 725 161 539 312 888 544 179 433 21
137 20 10991 962 219 613 499 997 639 998 563 800 910 640 614 481 801 763 669 891 817 922 233 701 50 103 581 568 832 343 546 452 419 773 892 706 326 726 23 576 228 724 72
138 20 10676 892 204 731 710 908 355 764 876 399 101 936 569 541 839 891 188 690 792 690 78 744 610 488 600 211 556 554 522 729 666 873 319 986 571 529 265 684 352 105 657
139 20 9911 250 801 853 668 853 801 302 165 239 129 887 955 932 583 945 273 295 768 68 982 642 432 877 67 729 477 248 723 768 6 792 796 719 653 691 416 655 546 644 684
140 20 9608 856 25 362 986 168 823 376 381 613 973 701 990 515 525 521 545 992 663 760 317 669 833 697 144 216 101 733 980 308 75 752 722 700 480 445 936 919 209 708 257
141 20 10750 546 766 796 670 624 580 735 965 909 495 743 411 908 845 692 60 894 416 920 136 143 423 270 257 803 444 762 162 932 228 430 99 840 339 150 675 461 870 880 113
142 20 9205 49 69 594 539 64 941 440 327 827 322 406 885 378 805 462 185 794 483 898 454 955 668 851 454 761 699 95 797 198 33 127 496 977 116 905 71 909 669 817 958
143 20 11336 454 824 934 543 817 106 972 200 650 324 881 797 958 532 971 250 114 397 303 824 961 166 920 790 347 21 762 617 758 101 524 361 231 892 911 98 973 685 730 827
144 20 9507 805 963 769 429 226 346 785 361 228 355 795 563 572 8 967 990 762 483 926 735 902 344 212 977 380 378 727 668 124 489 390 380 657 862 524 19 311 22 822 827
145 20 9465 637 468 539 114 178 755 977 955 715 792 603 669 760 200 909 791 160 691 651 654 155 597 850 711 588 662 921 20 631 209 892 600 795 83 518 118 327 730 26 184
146 20 10052 88 29 717 903 684 32 927 101 390 582 827 811 925 412 956 425 494 250 470 102 998 523 862 969 286 592 257 164 763 482 523 176 576 237 433 36 520 676 869 366
147 20 8370 945 739 953 126 408 460 670 456 379 570 26 144 185 27 722 645 582 504 309 578 600 814 705 573 184 790 227 44 272 111 999 99 421 249 924 727 289 146 663 426
148 20 10315 773 80 912 591 290 815 823 856 393 855 811 116 867 646 481 506 964 699 944 311 467 442 795 270 282 881 408 59 936 23 181 218 485 381 911 715 748 209 423 966
149 20 9094 912 220 660 198 740 548 206 156 477 689 235 839 833 591 780 64 450 248 544 536 201 477 411 266 481 778 360 991 682 574 936 355 823 414 268 191 813 350 556 552
150 20 8294 792 656 676 403 497 964 896 142 133 127 88 966 275 43 810 978 311 3 434 545 822 443 422 25 384 573 173 269 774 734 880 476 331 260 675 902 548 185 447 459
151 20 9726 776 849 261 733 755 92 887 80 959 238 826 914 338 790 765 589 901 766 390 187 24 599 130 842 564 370 932 582 215 268 538 795 801 677 952 642 333 508 811 637
152 20 8198 794 8 714 991 369 373 830 943 478 160 606 986 26 671 39 19 368 382 795 477 755 339 681 562 173 861 421 93 175 70 365 857 877 37 616 757 1000 981 166 973
153 20 7872 787 272 381 195 115 131 310 506 334 495 593 73 882 593 811 942 709 312 51 508 430 620 598 958 993 224 458 619 412 68 254 780 719 702 399 346 205 42 399 712
154 20 9562 891 555 248 614 698 141 300 551 501 415 348 87 122 483 1000 146 943 580 793 565 721 835 535 858 735 695 467 109 355 977 841 930 780 431 443 432 855 328 377 463
155 20 10172 647 763 516 307 231 943 954 208 590 618 958 274 859 675 200 598 727 134 971 654 210 297 304 933 987 514 702 643 924 736 937 957 324 139 779 631 143 326 752 999
156 20 9564 497 736 962 511 639 354 896 458 877 650 996 984 571 315 793 472 765 688 741 698 30 41 566 106 238 336 496 854 836 122 446 163 506 148 73 578 785 391 243 917
157 20 8268 735 221 347 338 985 42 422 370 842 392 841 917 339 115 191 225 926 593 798 468 282 512 357 248 422 982 521 586 204 329 100 789 408 19 720 530 566 246 330 284
158 20 10619 804 524 977 854 80 290 741 912 676 951 620 2 960 487 722 463 957 82 984 291 285 87 300 914 599 466 980 307 936 84 246 742 327 518 586 305 599 720 895 58
159 20 9499 92 312 888 528 733 73 935 669 839 478 656 559 598 962 616 587 719 209 537 594 753 702 231 131 667 310 337 960 667 870 534 666 475 304 227 706 705 89 665 666
160 20 9106 725 197 241 724 167 67 461 328 589 239 590 953 797 833 339 353 719 28 756 94 395 138 368 910 818 550 981 32 241 156 513 14 817 749 909 487 814 167 143 749
161 20 10196 946 241 53 53 602 393 952 705 510 991 478 8 652 559 837 649 570 956 834 361 271 404 628 735 450 27 591 523 462 573 956 586 926 775 674 558 574 819 780 432
162 20 8180 834 65 893 447 717 132 328 445 252 691 797 582 651 211 82 994 273 483 594 560 969 21 818 622 55 806 889 799 337 282 318 97 207 523 315 321 638 810 259 775
163 20 9220 883 325 941 99 872 450 261 524 250 914 811 791 791 241 422 938 333 431 974 985 473 974 381 272 553 845 800 914 438 231 741 356 498 407 302 978 385 903 417 331
164 20 8700 553 940 650 349 133 772 416 585 961 586 562 920 837 625 287 139 415 959 886 696 695 283 684 616 956 206 169 706 518 201 200 242 617 849 341 536 829 328 166 231
165 20 11532 828 457 871 389 699 32 756 64 908 681 452 351 348 483 778 875 835 630 740 327 919 682 756 291 583 823 464 416 534 222 853 50 501 774 934 410 725 460 931 239
166 20 10874 874 760 602 995 981 140 301 818 285 53 817 149 846 994 909 941 64 313 770 35 796 531 823 323 735 246 784 278 765 503 572 83 811 795 751 124 281 857 826 13
167 20 9189 1000 42 996 264 255 312 439 555 871 467 533 61 274 81 775 454 969 172 59 127 856 625 617 806 261 994 845 79 179 54 51 349 738 817 932 443 310 509 527 109
168 20 10202 944 378 698 541 891 9 866 153 714 414 432 700 809 358 886 974 469 227 618 979 799 412 158 307 65 751 437 223 897 601 634 349 585 816 712 374 149 875 990 18
169 20 9872 118 960 728 738 625 400 444 184 481 209 945 254 101 550 428 941 311 480 828 453 786 568 606 586 944 40 519 263 972 340 986 667 909 822 473 870 806 974 330 254
170 20 9222 712 223 358 426 661 985 582 143 987 919 572 104 704 556 432 133 231 489 875 851 135 547 761 716 653 833 845 280 670 975 148 957 625 570 702 995 275 543 600 987
171 20 9836 726 867 929 306 917 534 773 799 461 189 213 950 407 820 581 328 681 479 357 235 800 280 763 831 586 551 300 859 792 170 682 155 401 537 763 724 612 881 551 711
172 20 8354 1000 573 168 416 881 630 225 45 494 23 170 339 305 476 142 765 131 976 808 627 373 687 384 638 873 280 510 554 344 917 407 754 535 630 865 872 960 480 868 532
173 20 9910 747 718 468 846 694 672 622 993 294 855 518 44 780 971 762 115 732 820 923 989 286 346 960 854 847 962 352 680 652 971 996 727 69 769 302 433 604 894 780 136
174 20 10126 750 348 164 436 648 333 232 238 969 299 640 670 257 686 531 777 622 643 534 768 792 734 572 542 454 669 671 635 873 721 911 24 901 218 928 575 908 147 301 131
175 20 8661 148 773 489 927 707 556 369 3 353 178 192 115 628 154 169 283 334 494 709 240 350 705 446 473 762 855 510 904 787 207 975 695 489 495 789 584 898 830 723 816
176 20 9400 878 624 838 434 845 891 701 5 75 518 603 94 545 533 765 452 467 376 202 708 925 163 416 198 257 13 1000 993 80 531 751 449 872 698 376 203 367 559 788 994
177 20 9361 473 197 868 477 985 296 416 736 988 115 549 809 754 28 593 494 242 638 358 613 134 503 723 264 968 858 419 498 389 475 892 379 257 482 693 916 828 486 173 233
178 20 9933 900 93 824 393 834 39 328 752 860 235 602 496 319 549 416 745 75 203 420 955 679 819 980 924 991 365 793 503 339 143 463 481 754 136 660 567 910 458 270 569
179 20 9025 58 490 132 765 503 410 751 286 268 539 842 515 708 116 661 310 268 391 824 272 936 981 494 647 993 28 510 295 542 581 256 10 638 680 110 977 917 739 871 952
180 20 10179 125 194 917 713 60 699 698 177 443 829 286 810 727 829 798 330 730 72 489 627 925 31 771 250 939 373 936 351 160 784 583 594 896 957 743 221 900 261 598 402
181 20 9356 443 828 376 537 471 991 543 170 675 976 422 561 434 458 391 195 682 541 946 789 992 473 160 665 769 307 329 644 963 294 995 267 454 827 755 717 748 812 148 51
182 20 9766 535 523 801 361 68 518 426 193 748 417 823 530 851 744 537 30 773 752 610 580 963 787 897 95 760 410 373 51 849 935 576 256 53 119 437 721 771 584 357 526
183 20 8778 58 416 405 491 279 446 592 405 943 990 330 982 560 317 817 144 971 628 540 369 710 782 262 75 664 192 636 827 450 311 944 597 442 195 370 773 852 133 148 331
184 20 11077 415 863 765 76 748 35 984 746 852 520 161 854 711 648 563 159 851 646 992 224 934 699 449 507 926 778 440 536 993 196 163 588 980 660 29 463 933 492 958 262
185 20 9245 316 696 997 420 337 795 724 919 806 229 824 465 853 72 226 511 389 496 437 210 329 336 297 836 483 267 733 336 853 380 460 820 630 15 483 814 799 554 581 168
186 20 9532 674 894 206 259 924 401 1000 742 308 282 435 637 219 738 141 543 999 607 529 630 663 313 594 219 733 277 994 527 991 303 445 451 752 643 70 433 472 197 767 426
187 20 7667 456 558 297 535 111 559 550 555 607 90 266 362 819 730 801 966 464 453 628 27 619 444 304 569 214 846 660 485 394 529 546 373 552 230 115 73 377 67 804 508
188 20 8958 810 334 240 499 953 897 782 146 139 46 376 916 236 202 635 69 358 460 934 615 572 846 442 14 522 847 763 39 644 171 153 390 916 996 495 375 452 33 776 106
189 20 9160 403 583 650 861 860 208 332 47 456 918 672 409 989 190 740 741 569 331 477 536 367 591 234 448 958 734 963 547 309 714 483 302 942 489 200 448 311 308 535 277
190 20 9458 960 626 181 810 437 467 859 274 608 162 947 765 973 914 517 201 921 3 58 314 101 977 589 547 676 236 263 862 497 770 820 541 625 873 482 403 710 161 599 769
191 20 9917 757 697 838 551 977 792 667 205 265 988 737 376 487 63 306 173 36 15 922 998 823 839 518 487 529 465 631 64 299 841 920 546 699 892 916 778 257 514 813 545
192 20 9800 993 350 649 65 101 893 751 657 709 136 673 408 622 817 950 12 544 951 241 954 339 561 291 407 916 905 910 367 508 387 521 957 507 518 608 917 438 139 979 918
193 20 7712 57 540 271 172 614 610 288 158 866 348 372 467 469 951 585 784 567 41 255 994 457 847 719 343 810 864 287 820 576 512 799 289 191 187 458 99 770 643 230 555
194 20 8944 832 671 760 409 517 922 929 451 676 181 638 46 821 977 367 794 799 71 357 74 504 78 223 548 455 717 959 580 976 453 323 720 39 714 263 159 271 5 472 510
195 20 8835 352 814 819 185 337 708 528 603 533 424 84 84 650 682 281 64 620 183 563 811 67 493 758 848 612 297 464 673 412 126 966 228 804 869 902 372 589 876 703 94
196 20 9081 320 261 774 58 980 592 181 477 261 569 711 564 368 102 566 675 257 802 680 355 593 611 519 467 522 160 496 646 513 757 885 278 672 758 256 877 956 213 842 763
197 20 8682 893 572 960 679 102 914 334 652 447 82 599 955 550 665 840 432 217 717 973 363 583 551 337 566 482 827 862 719 749 963 303 376 210 510 130 378 348 669 934 697
198 20 9716 868 672 592 836 312 353 579 152 981 142 377 300 688 732 312 865 883 630 390 843 871 760 731 318 986 805 222 984 897 683 355 463 363 870 687 731 338 129 714 998
199 20 11243 427 963 713 251 850 390 629 816 973 929 847 912 661 148 344 473 716 333 315 145 904 727 568 796 663 888 538 834 900 282 996 144 640 142 986 755 973 777 411 341
200 20 9967 786 525 794 571 275 932 446 683 860 874 528 726 479 500 808 970 751 302 631 426 363 892 878 961 540 603 867 394 546 16 750 334 994 725 218 14 688 277 257 193
201 20 10137 633 916 931 191 911 578 742 855 433 831 572 24 457 651 868 930 497 589 495 329 486 704 503 820 791 28 182 30 375 167 767 70 991 676 753 825 857 295 428 932
202 20 10065 835 302 693 333 460 270 929 647 715 860 878 321 847 994 594 253 186 143 814 254 382 896 324 777 153 294 800 644 856 326 498 360 372 334 602 24 986 735 658 582
203 20 9705 858 898 685 519 113 883 121 120 496 189 703 233 725 595 514 886 963 425 559 658 737 143 344 84 637 597 486 88 637 552 983 570 977 267 673 763 754 75 167 920
204 20 11088 903 706 994 924 445 464 327 161 495 444 560 802 780 306 481 79 924 118 984 238 739 920 777 805 783 709 701 100 117 985 886 139 393 870 906 607 693 905 972 573
205 20 10308 791 604 69 486 703 45 151 221 493 750 869 792 719 953 382 713 693 994 229 461 911 527 702 112 877 921 715 836 713 979 856 972 906 803 952 503 818 93 337 698
206 20 9644 869 474 647 51 317 704 297 924 345 733 346 502 730 261 652 198 948 80 540 263 711 258 551 389 674 699 467 877 950 197 249 972 519 968 951 782 324 290 969 441
207 20 9244 226 580 934 911 479 135 892 652 642 534 442 234 422 541 846 56 424 948 344 154 667 757 842 488 430 49 555 638 760 800 465 426 468 378 659 12 281 9 777 224
208 20 10042 210 153 871 697 300 55 133 22 814 122 706 686 901 902 548 351 458 676 996 843 928 982 289 469 430 964 964 414 985 109 275 423 828 377 728 665 314 466 875 797
209 20 8752 162 31 36 152 660 980 271 983 162 696 574 62 414 484 917 940 590 50 380 826 856 700 840 982 925 530 791 600 528 152 204 434 851 150 553 77 767 753 460 466
210 20 10577 974 94 87 554 955 493 564 645 239 11 834 243 894 292 759 22 233 175 867 671 733 480 401 426 657 27 701 491 982 162 408 448 639 782 798 379 748 490 749 834
211 20 9445 207 174 464 936 574 674 531 708 277 73 959 692 466 96 86 716 816 870 827 633 540 349 909 689 974 212 752 262 430 394 707 589 626 259 270 679 851 869 541 400
212 20 9550 703 180 135 68 253 407 632 74 769 643 583 180 934 298 935 226 124 670 661 367 131 23 388 747 623 828 429 437 547 973 903 262 362 908 948 433 917 525 961 713
213 20 9531 569 267 259 763 359 270 548 770 911 571 336 28 320 243 479 923 682 392 882 485 612 934 910 617 339 159 568 898 595 531 262 185 815 837 594 532 915 363 959 924
214 20 8868 562 687 345 92 411 622 626 456 507 327 960 875 417 280 256 297 572 27 617 391 682 601 346 13 630 801 944 426 138 218 687 237 450 190 922 653 352 877 662 59
215 20 9831 824 932 371 396 644 274 150 470 718 276 912 250 895 495 684 211 171 989 384 589 795 783 66 174 337 457 385 977 803 197 925 323 747 180 907 793 914 250 657 684
216 20 9632 59 72 477 40 759 575 964 385 339 754 782 476 955 258 709 4 90 274 992 802 291 898 768 286 528 231 568 226 864 7 864 124 183 964 643 702 434 213 771 166
217 20 10012 796 670 165 353 135 635 752 665 530 10 801 727 548 120 575 740 827 113 950 41 591 113 242 36 720 638 551 688 336 628 695 394 709 451 667 18 1000 770 926 245
218 20 10767 362 995 645 484 631 153 998 147 610 49 827 748 401 223 819 865 277 41 859 65 676 367 560 39 608 659 639 48 707 384 681 533 750 22 830 624 943 528 636 894
219 20 11529 716 354 763 582 988 935 348 520 979 384 655 861 654 123 628 600 560 521 632 570 888 784 610 20 547 475 641 366 650 914 800 26 986 654 824 46 564 620 979 211
220 20 9089 755 554 396 524 955 476 312 210 675 948 221 22 605 366 862 990 818 269 748 868 956 420 923 584 523 673 341 893 73 531 513 728 351 240 190 977 306 401 839 390
221 20 8811 409 665 350 510 572 810 746 559 673 191 769 272 610 124 583 694 745 350 438 27 259 21 118 563 823 690 412 780 624 134 901 771 418 722 795 504 132 29 637 171
222 20 10512 763 72 859 648 948 22 558 86 911 449 890 620 928 925 692 997 522 242 354 759 672 554 253 145 551 183 609 649 709 10 980 357 481 736 929 784 252 712 280 547
223 20 8260 286 621 120 81 579 718 396 292 665 740 420 352 944 187 530 425 975 630 100 790 191 68 730 209 644 324 728 42 605 843 228 35 791 621 298 427 642 15 453 688
224 20 9863 963 963 465 816 123 2 599 346 545 765 646 961 784 376 535 387 200 264 352 948 785 261 945 815 153 658 961 45 884 474 824 359 648 561 537 488 845 634 535 15
225 20 9128 798 804 476 603 801 229 875 591 321 997 9 662 272 372 404 725 929 681 590 760 569 120 190 810 440 365 530 647 373 616 730 151 786 744 462 134 960 6 896 437
226 20 8223 541 975 241 381 963 31 521 224 376 916 548 222 258 692 659 183 5 60 229 367 975 545 746 483 866 928 174 649 219 395 938 452 328 798 349 336 702 694 641 359
227 20 10636 389 918 344 196 735 353 620 161 972 978 943 965 642 122 900 971 706 450 857 784 656 209 863 104 506 796 412 319 305 692 789 912 629 975 692 729 907 460 428 696
228 20 9652 564 277 637 676 611 993 408 146 279 419 764 908 796 91 638 93 518 186 676 195 783 763 656 166 751 292 155 969 796 824 408 414 840 354 943 527 145 236 698 581
229 20 10260 253 683 271 939 52 262 429 126 680 623 915 829 744 267 744 258 641 803 876 124 377 846 733 75 959 78 234 614 797 919 908 116 964 115 856 592 931 745 462 408
230 20 10228 390 824 926 196 393 230 885 454 435 860 833 938 782 452 778 240 685 240 812 903 551 975 395 374 550 789 495 743 862 482 690 962 743 930 191 908 536 249 854 386
231 20 10460 809 343 858 191 427 271 477 824 944 164 200 809 983 984 791 155 770 69 438 999 370 37 910 815 141 337 985 623 683 273 913 609 877 869 525 188 828 283 146 594
232 20 9960 869 17 122 223 826 653 693 624 793 102 583 892 402 549 375 16 457 784 387 146 331 85 906 985 954 323 217 476 879 55 267 818 762 964 824 117 922 125 881 125
233 20 7862 517 69 684 324 415 783 396 718 689 837 904 125 890 496 403 796 679 132 955 296 249 71 466 725 55 659 943 766 294 112 280 581 291 387 381 97 98 375 239 711
234 20 11086 751 596 878 772 518 103 915 175 728 495 937 289 797 77 548 419 999 894 203 818 937 394 518 375 535 786 279 828 467 211 656 87 853 320 932 37 620 584 787 195
235 20 10235 676 960 967 797 257 763 159 269 303 350 603 962 964 408 875 103 645 921 283 848 87 225 970 951 855 485 1000 534 793 753 470 93 868 650 779 557 587 489 653 532
236 20 11200 940 708 735 160 750 911 831 524 986 1000 423 238 578 817 66 8 891 460 281 46 268 840 896 703 903 968 914 592 777 798 814 494 702 375 881 149 987 90 378 384
237 20 9380 715 132 117 633 847 849 662 869 299 777 657 859 158 535 901 780 134 899 229 209 992 575 997 778 807 373 609 494 654 356 863 770 73 520 568 372 718 785 725 928
238 20 10427 160 639 620 980 925 917 877 645 242 102 932 305 606 453 568 937 128 968 785 47 906 234 166 182 457 514 922 377 884 770 364 26 940 775 845 209 980 8 727 162
239 20 10952 974 316 803 272 919 194 281 429 946 791 478 490 395 356 425 272 934 625 939 487 789 57 934 654 420 811 803 413 354 775 883 628 743 565 691 401 458 838 522 974
240 20 9540 956 539 387 771 414 448 702 545 562 269 958 365 921 983 532 454 652 72 819 281 356 786 457 617 484 39 454 428 466 81 769 100 126 100 761 811 392 428 757 793
241 20 9621 734 466 563 298 685 124 672 882 288 987 337 696 812 267 836 633 750 643 300 784 650 24 974 839 255 221 475 822 734 186 667 279 908 811 282 979 222 638 883 453
242 20 10583 45 903 352 331 800 313 779 919 401 440 429 666 747 166 747 940 590 389 853 994 768 5 337 239 808 903 943 579 768 916 810 816 782 536 852 631 982 64 436 654
243 20 8976 849 500 161 686 837 761 924 907 19 490 947 275 380 669 634 749 679 226 172 925 634 490 537 134 301 625 830 4 559 506 436 806 812 768 289 92 390 63 831 378
244 20 10261 691 347 930 393 780 626 384 969 453 844 755 819 770 490 912 585 829 283 874 477 232 463 433 694 785 156 883 969 507 570 361 303 696 849 528 166 368 583 656 902
245 20 8786 349 304 347 505 558 349 522 96 270 302 812 689 640 603 435 122 731 770 854 980 461 819 854 765 875 872 721 844 584 91 666 33 96 893 482 606 234 68 492 214
246 20 10142 479 257 200 238 932 256 240 899 983 104 351 469 343 965 914 622 308 289 87 183 708 51 732 72 914 338 991 792 780 947 792 684 881 598 757 894 407 552 879 785
247 20 8256 67 258 809 831 388 969 387 718 633 851 154 640 899 875 537 2 606 211 412 962 459 793 215 173 962 151 767 97 244 604 419 655 910 944 376 715 515 332 561 319
248 20 10372 460 139 760 158 327 846 442 322 702 823 320 652 800 210 893 84 918 100 877 610 762 461 576 695 508 675 583 447 953 782 296 115 796 872 848 747 458 301 687 413
249 20 9753 703 410 710 306 373 787 254 537 400 419 679 320 954 139 238 599 421 539 148 128 936 536 639 272 994 435 557 420 932 398 693 847 240 846 647 152 696 48 978 673
250 20 10420 39 968 870 405 920 445 899 47 929 668 653 314 871 345 174 848 541 573 999 475 366 483 960 895 614 410 974 820 614 313 606 967 688 432 763 7 120 669 426 252
251 20 9251 697 731 971 731 718 773 86 240 682 912 427 205 521 54 977 3 770 244 736 502 193 239 996 732 594 392 248 963 804 657 268 762 488 281 182 637 450 791 756 957
252 20 10871 852 214 499 31 985 539 708 239 893 793 291 61 537 981 603 55 771 135 389 25 784 744 958 985 871 423 307 558 766 722 629 815 599 398 624 517 587 236 936 911
253 20 11055 732 99 798 939 527 374 739 383 761 487 253 98 658 370 555 81 900 731 761 699 857 905 877 496 857 562 994 760 548 205 499 707 795 296 179 782 859 734 670 615
254 20 10010 444 379 747 537 462 275 549 442 573 910 849 665 692 26 705 411 902 98 177 790 771 918 632 870 964 453 260 807 950 876 323 140 759 742 787 70 575 894 392 686
255 20 9628 485 555 216 8 768 52 675 733 171 717 761 209 992 95 690 572 104 865 684 156 763 116 906 119 825 960 131 847 281 609 702 394 794 790 725 218 955 456 408 246
256 20 9015 545 906 971 977 124 702 195 872 454 171 643 291 819 621 896 399 522 496 837 680 275 810 409 897 537 773 368 347 592 24 461 863 931 897 583 302 848 834 259 664
257 20 9880 750 930 825 544 315 944 342 676 316 712 722 133 674 661 709 769 790 476 220 394 917 576 394 807 784 895 623 317 966 955 216 920 786 273 551 416 984 259 466 589
258 20 9559 290 829 955 896 308 231 739 319 497 861 777 64 809 44 876 818 921 954 267 791 328 521 696 238 455 783 812 100 785 936 302 268 469 274 850 775 670 95 143 646
259 20 8188 429 439 101 905 936 117 649 188 169 3 369 191 602 89 565 386 473 176 558 340 803 540 599 545 793 651 168 44 203 848 388 970 951 610 94 946 387 965 999 700
260 20 8856 865 428 249 291 777 709 805 762 712 567 540 768 556 734 342 440 118 391 566 527 650 106 226 953 473 899 915 108 677 237 851 866 526 631 755 853 296 828 172 724
261 20 10506 642 512 565 231 718 885 915 844 755 903 721 977 944 379 253 282 531 159 561 82 803 320 707 412 707 835 177 17 926 144 615 106 488 608 429 281 996 942 680 652
262 20 9961 239 357 841 987 503 360 830 780 633 437 297 961 950 581 969 628 529 535 813 595 709 983 865 97 538 131 725 92 555 858 382 874 451 225 194 270 968 915 461 468
263 20 9294 587 342 541 278 306 682 846 62 254 98 408 344 719 687 728 280 443 306 946 786 939 222 660 935 175 106 578 700 97 89 761 242 663 539 848 323 178 365 941 106
264 20 9304 187 415 549 677 175 41 460 277 457 554 543 566 197 382 453 723 996 652 967 843 835 61 183 625 802 794 854 697 791 535 623 404 274 609 346 301 976 801 962 642
265 20 8876 601 724 129 36 301 285 615 250 196 280 796 615 760 21 531 28 731 814 128 147 778 231 578 542 546 832 763 91 487 64 925 371 612 55 528 859 734 634 356 932
266 20 10458 99 152 989 624 701 784 969 941 375 911 769 841 561 347 670 959 401 698 290 815 880 382 981 263 974 462 787 189 695 723 110 498 925 197 359 461 568 712 970 157
267 20 9376 718 735 550 382 777 474 556 904 856 962 884 440 242 87 561 110 745 662 358 645 798 4 771 703 872 153 742 975 904 561 442 316 402 50 117 31 51 10 374 502
268 20 10893 769 673 182 374 910 272 503 562 579 363 779 474 744 810 775 92 281 939 814 278 785 245 527 43 220 809 957 311 870 947 951 875 827 988 735 664 647 933 762 478
269 20 8673 777 536 284 347 561 402 700 938 450 546 679 885 697 51 126 114 187 555 494 454 920 300 349 45 360 481 207 507 677 757 707 85 998 572 745 884 573 826 351 633
270 20 10414 995 864 144 111 781 272 246 383 471 782 758 226 631 475 645 130 547 346 459 164 678 300 762 786 947 641 427 207 684 599 898 914 668 740 654 626 966 380 657 756
271 20 9253 296 768 982 874 567 580 642 514 332 41 467 965 789 594 851 514 984 402 564 351 174 350 193 221 709 130 709 971 910 432 712 733 596 986 435 96 374 581 281 259
272 20 7983 119 536 367 88 850 430 129 839 787 481 665 728 421 297 660 873 760 933 416 379 434 186 128 611 281 626 88 605 782 6 980 208 474 596 200 15 870 672 568 480
273 20 9756 547 332 229 225 891 859 991 422 376 880 733 312 623 487 510 314 155 775 752 671 302 232 813 727 860 781 425 780 857 732 296 56 967 736 675 202 215 999 979 633
274 20 9670 527 523 711 68 742 634 63 689 726 50 900 718 846 719 394 364 571 697 910 742 47 453 260 760 951 375 339 100 610 153 478 769 685 389 817 505 916 132 595 454
275 20 9888 771 81 393 408 420 436 829 862 706 130 821 1 806 136 925 528 408 933 592 246 692 608 530 638 458 503 466 562 495 242 195 117 869 633 991 833 407 899 586 606
276 20 10144 934 954 483 378 216 476 930 175 698 449 370 216 719 800 818 333 561 733 675 149 764 369 842 953 511 385 454 36 299 986 991 989 278 621 921 635 316 353 900 208
277 20 8209 375 127 424 118 669 999 579 911 577 596 447 602 99 666 81 726 593 215 954 55 982 171 66 961 749 508 725 96 668 477 382 815 326 315 495 93 638 888 433 61
278 20 8861 260 836 550 622 311 313 672 354 894 18 406 355 1000 14 849 296 909 152 650 477 367 579 521 406 755 79 656 659 654 7 701 23 209 618 352 70 225 90 136 41
279 20 9992 285 761 290 610 666 788 529 939 938 936 808 399 152 622 823 934 516 771 532 142 934 953 257 489 826 541 908 250 508 746 852 567 149 76 994 830 826 684 697 219
280 20 10265 843 647 551 779 915 418 472 973 634 279 242 703 570 950 187 889 691 639 918 948 378 362 926 787 337 844 896 644 933 734 625 951 660 752 996 597 425 582 633 452
281 20 10167 492 38 674 369 419 199 980 185 375 256 280 847 621 61 872 317 921 975 893 26 560 982 684 454 293 924 968 295 333 862 504 748 750 462 509 176 979 763 602 555
282 20 9435 619 161 250 915 645 549 933 638 56 72 627 646 722 937 550 183 623 964 942 602 954 33 308 163 974 248 249 707 688 187 973 492 568 96 264 420 183 996 666 397
283 20 9109 740 772 99 923 657 110 70 121 911 360 300 66 700 986 703 249 479 20 627 33 781 38 515 709 233 394 847 536 926 296 753 576 322 163 571 853 312 492 841 621
284 20 10902 594 766 749 146 768 702 317 109 845 190 707 67 818 32 765 735 662 8 570 329 232 113 101 970 894 440 802 61 747 416 785 964 875 769 662 139 755 802 980 187
285 20 9936 966 50 988 950 517 459 344 456 903 814 978 502 225 959 136 674 167 617 619 543 124 606 676 790 315 676 894 497 633 337 859 24 918 877 840 581 850 534 468 911
286 20 8228 214 861 551 925 813 433 471 544 859 898 647 910 500 316 747 898 42 389 887 563 392 806 310 24 486 824 751 310 503 628 585 450 385 994 399 169 72 35 672 721
287 20 10987 464 275 295 134 937 580 987 991 874 57 66 634 731 754 975 104 764 807 270 474 259 460 312 184 930 669 835 274 814 300 786 21 940 622 656 164 946 461 893 229
288 20 8308 509 183 134 295 174 872 872 294 48 738 732 387 182 70 318 992 902 93 928 308 793 35 981 238 552 177 271 345 700 463 380 891 510 466 406 857 501 687 492 456
289 20 9732 555 495 811 932 663 974 728 18 679 907 784 257 581 148 371 748 985 341 543 596 475 924 239 830 162 124 953 150 988 516 684 192 591 463 92 345 977 65 304 858
290 20 9390 284 619 621 897 779 577 162 43 387 931 335 942 567 150 443 627 902 96 222 567 854 822 805 788 569 489 993 56 693 22 514 792 627 980 646 327 780 210 555 730
291 20 9128 97 752 942 828 525 142 932 366 580 198 427 518 235 667 805 650 923 978 664 460 847 65 436 833 49 835 820 974 867 976 139 291 259 882 143 913 738 42 982 678
292 20 9669 870 816 606 267 192 110 80 790 785 301 951 507 933 648 882 909 922 810 151 403 835 586 965 416 51 280 715 57 11 700 889 542 795 799 115 396 998 955 341 559
293 20 7189 389 327 323 404 494 651 456 729 197 740 78 442 675 347 616 954 380 723 353 981 737 695 212 695 426 300 833 578 754 751 120 645 205 39 15 477 947 937 777 565
294 20 10846 420 594 625 64 841 425 634 933 532 630 533 765 292 852 973 730 771 993 690 458 935 865 746 967 915 345 851 98 894 63 292 182 511 110 756 906 768 391 579 841
295 20 9605 706 599 960 95 660 851 687 447 842 843 625 498 989 764 869 302 211 576 441 504 492 66 397 789 479 391 986 218 614 590 191 42 670 201 274 254 476 252 438 348
296 20 11283 555 421 221 462 969 626 739 12 876 105 503 837 910 892 739 697 499 393 420 706 897 347 683 515 850 292 127 391 978 976 746 980 863 855 666 197 935 706 928 598
297 20 10943 893 602 367 263 162 28 756 243 464 930 966 267 820 313 765 482 539 536 931 49 600 234 956 437 949 54 293 771 891 318 99 753 927 836 918 662 911 859 472 549
298 20 7863 482 229 334 139 670 537 371 253 377 266 462 335 304 384 120 284 22 649 208 711 880 587 338 864 838 115 544 359 824 663 848 463 763 864 245 520 789 535 410 981
299 20 9215 220 144 783 763 327 203 586 209 674 987 545 691 911 957 809 375 109 507 707 866 634 493 176 63 825 25 199 306 657 226 705 54 992 701 595 161 809 821 256 770
300 20 7567 959 349 284 281 422 844 469 925 80 44 365 734 261 20 565 634 414 618 308 335 853 849 448 998 355 781 288 313 637 261 349 916 846 459 650 354 452 101 454 329
