1 20 7602 857 172 549 38 406 109 742 295 415 602 759 568 145 269 100 617 24 29 912 776 454 660 531 200 515 89 600 89 201 506 704 32 344 520 667 30 149 170 429 350
2 20 6408 361 166 64 833 172 354 707 741 471 197 326 298 147 943 372 956 788 862 466 199 574 67 656 270 351 708 300 86 39 607 258 782 250 307 293 46 553 152 863 693
3 20 6436 535 722 462 198 381 905 685 768 893 137 530 305 319 740 335 322 19 795 782 643 609 933 498 928 74 437 329 944 35 202 426 770 227 68 162 617 517 776 228 886
4 20 7636 95 866 362 553 817 412 840 162 247 382 114 796 396 99 525 904 443 634 309 872 602 132 268 586 938 948 735 637 547 796 718 676 356 919 769 646 124 56 341 575
5 20 7003 192 242 658 599 499 980 250 853 415 698 175 375 571 281 152 579 68 990 296 518 603 970 21 992 126 423 816 226 701 223 783 408 682 917 142 80 700 701 904 710
6 20 7568 720 379 370 841 542 354 991 807 897 332 640 223 553 157 706 203 20 450 212 124 216 490 200 71 521 810 179 468 547 845 290 813 386 256 764 297 595 927 111 670
7 20 8208 689 62 776 150 882 806 131 498 578 440 300 385 282 274 882 990 701 110 738 401 379 500 959 8 73 269 671 677 91 258 7 317 903 945 433 320 68 142 718 918
8 20 7608 947 817 908 34 688 599 986 192 255 895 1 6 213 898 622 209 369 963 645 7 669 774 685 982 146 207 73 489 930 533 295 839 444 67 38 120 228 151 369 875
9 20 7784 615 836 529 221 680 730 807 646 134 592 119 591 553 884 348 473 406 481 343 673 234 164 44 228 752 172 528 420 836 119 496 291 791 912 572 768 639 921 304 896
10 20 6768 212 407 901 695 562 724 608 736 175 877 203 751 203 865 69 915 683 711 946 940 66 595 962 334 181 688 134 860 997 233 704 161 222 903 214 198 344 782 75 394
11 20 8391 590 412 704 790 592 955 809 16 721 141 866 273 375 794 92 465 250 738 643 967 652 33 541 316 140 37 868 933 600 871 313 894 384 182 549 716 474 494 326 91
12 20 8383 479 273 76 118 233 33 277 525 814 568 434 908 46 621 857 365 489 317 926 176 872 356 717 526 867 869 531 661 76 457 264 913 859 694 495 230 681 307 486 904
13 20 8364 474 364 771 757 189 236 739 130 336 906 773 57 620 472 625 506 536 429 816 502 734 159 342 849 934 117 163 261 582 816 53 898 389 123 537 540 516 57 327 166
14 20 7200 314 157 128 990 346 599 923 530 308 428 507 72 155 715 85 882 629 967 471 595 539 344 349 80 325 637 998 431 450 256 482 358 308 708 31 118 733 94 919 573
15 20 7754 353 9 485 899 713 457 76 32 381 944 720 869 287 764 977 722 414 408 424 768 867 315 870 112 371 386 369 676 260 469 126 525 879 326 230 815 25 494 866 595
16 20 6153 902 311 208 858 764 531 173 682 449 933 704 966 603 201 4 381 162 329 521 542 32 552 713 20 461 792 867 448 135 115 164 465 359 84 181 909 173 789 117 451
17 20 8910 631 864 239 447 611 798 783 942 235 165 745 932 544 535 501 756 983 289 366 720 542 398 18 457 421 179 217 924 837 834 663 674 784 293 845 197 497 720 676 658
18 20 8028 917 341 595 430 920 851 871 951 945 914 534 199 92 117 55 871 347 916 106 840 617 839 151 454 861 836 81 125 646 520 423 222 265 864 468 913 298 345 844 481
19 20 7960 926 428 548 128 498 771 453 522 397 298 462 316 295 948 12 931 543 271 499 482 493 787 884 643 820 803 501 584 620 469 362 968 701 597 250 21 301 946 386 992
20 20 6964 161 274 145 113 885 110 195 825 562 516 439 606 970 157 408 555 211 658 306 322 421 1000 234 382 74 583 221 52 600 636 846 919 749 622 106 217 757 919 415 25
21 20 7771 353 912 878 755 569 303 331 513 604 90 163 784 753 199 242 705 193 623 820 254 630 968 3 315 122 558 780 153 813 681 106 51 649 906 655 686 529 850 521 515
22 20 7004 805 604 52 315 121 395 921 538 207 459 632 366 334 834 575 257 12 724 538 796 292 209 326 187 469 638 876 517 177 574 961 4 553 260 416 247 201 756 288 326
23 20 7294 32 918 85 360 534 208 723 974 979 670 623 455 814 79 804 636 58 219 297 133 475 645 260 240 894 548 264 604 347 490 756 230 127 703 507 749 70 567 469 606
24 20 6252 698 901 5 163 585 9 43 155 37 490 189 69 63 630 252 232 461 422 359 411 200 625 40 41 854 960 280 269 358 427 635 59 590 523 601 292 745 706 821 868
25 20 9507 960 205 844 849 122 692 634 940 609 918 490 500 211 38 818 397 514 85 804 337 117 275 68 1 448 328 950 726 979 809 850 553 548 132 808 260 678 180 432 615
26 20 8096 19 374 849 688 784 435 18 800 622 638 863 711 667 631 268 211 283 982 544 57 197 662 746 229 750 9 444 310 986 618 121 813 800 685 697 886 22 386 441 215
27 20 7034 772 605 75 284 574 941 226 369 136 50 510 379 417 11 619 45 528 116 597 581 87 478 552 212 651 935 659 179 553 813 94 941 687 217 302 703 607 616 147 537
28 20 8280 405 131 800 180 161 385 850 717 463 924 549 332 80 214 745 998 296 875 173 367 802 863 839 331 536 608 198 600 353 50 574 763 575 367 671 7 348 341 932 824
29 20 7698 350 516 661 321 368 10 554 475 204 245 412 374 720 279 603 124 979 791 495 640 568 906 846 98 212 262 223 40 675 619 663 99 30 824 338 65 447 701 275 121
30 20 7596 175 268 136 62 37 6 721 904 500 100 74 320 956 991 565 637 424 51 386 578 807 558 785 191 273 345 335 159 349 373 707 184 894 844 339 95 43 541 990 869
31 20 8381 107 522 815 780 917 456 679 139 552 7 485 715 86 302 444 529 573 474 288 717 538 534 568 685 554 534 350 10 457 505 594 407 290 12 855 863 572 880 753 125
32 20 6453 926 167 304 390 111 983 463 959 353 674 802 866 192 212 9 647 414 762 190 95 744 736 65 962 263 120 743 37 161 710 898 707 395 71 330 803 656 700 48 474
33 20 6488 191 233 665 242 587 852 359 78 195 225 71 106 802 359 445 397 659 174 539 668 177 280 560 667 571 577 742 933 20 329 159 566 233 564 139 123 452 10 545 579
34 20 8055 435 583 880 873 121 934 290 815 991 143 456 775 416 315 575 813 325 141 795 161 292 771 123 274 258 681 535 504 642 387 792 393 295 118 456 756 522 150 870 719
35 20 10240 651 890 874 676 594 729 473 177 443 620 610 952 342 249 432 364 663 423 669 859 404 689 875 795 690 718 816 884 908 618 856 296 754 985 153 201 908 65 686 652
36 20 7254 141 305 379 744 825 442 124 512 715 1 334 478 496 953 851 501 725 387 506 151 640 858 668 996 612 529 260 359 83 447 190 844 237 376 292 586 287 217 703 2
37 20 6796 208 569 148 855 623 919 637 543 27 176 354 906 66 499 864 221 545 343 879 318 5 715 582 291 373 497 113 751 421 163 677 674 105 101 880 903 10 521 978 358
38 20 8416 655 461 763 773 157 655 523 903 143 215 237 431 796 487 860 964 568 741 301 469 532 184 692 888 928 7 567 304 351 888 597 717 363 321 78 425 712 40 697 758
39 20 5934 1000 253 263 160 571 179 26 690 232 711 523 823 143 396 266 653 627 571 142 350 55 231 647 30 880 122 642 948 194 445 4 239 465 708 359 77 336 42 43 182
40 20 7269 414 851 21 861 239 257 183 177 779 246 626 445 990 559 526 420 517 606 885 514 66 28 110 580 229 268 515 392 579 330 96 773 351 552 818 736 817 445 326 924
41 20 9264 690 356 538 955 876 597 801 359 123 224 530 893 466 591 308 547 781 475 424 337 818 122 927 591 664 360 243 832 689 502 901 435 787 306 548 847 316 226 151 824
42 20 5704 903 433 340 275 578 34 325 916 99 359 272 817 58 641 186 70 570 277 118 378 906 592 767 186 67 382 28 737 837 630 205 459 87 9 254 685 353 449 177 594
43 20 8675 736 100 863 491 58 374 859 498 650 836 386 469 7 900 521 330 610 721 846 55 56 831 218 233 927 971 565 425 406 865 740 960 517 271 525 907 518 624 836 99
44 20 7696 186 620 704 11 245 995 868 874 910 265 789 997 92 66 943 826 125 850 80 83 682 371 254 45 340 956 186 267 976 891 376 196 443 540 480 5 283 487 658 60
45 20 7649 649 411 607 237 311 646 954 934 661 231 750 667 138 583 626 348 425 979 200 743 40 703 592 199 489 136 946 234 720 7 30 791 48 424 701 719 331 834 344 155
46 20 8058 331 146 712 508 95 637 927 453 58 648 227 856 500 485 451 366 983 771 25 979 60 671 925 394 759 216 187 470 815 393 970 149 931 284 791 547 290 597 36 642
47 20 9200 759 405 515 977 247 857 767 786 191 209 791 813 987 213 705 876 481 96 111 620 66 134 60 903 962 188 293 913 823 403 856 788 846 824 706 799 462 487 873 133
48 20 6811 512 328 293 181 934 564 97 124 303 617 714 947 353 996 327 808 395 759 521 96 638 723 71 809 434 837 583 629 554 569 117 779 592 613 191 691 793 815 92 797
49 20 7074 98 701 754 565 569 506 654 954 474 443 109 118 266 781 32 279 451 710 477 299 837 932 496 769 32 557 338 101 305 760 570 226 958 383 794 79 354 884 275 399
50 20 8585 185 545 690 402 903 466 438 615 221 459 614 310 543 653 601 700 571 197 390 558 730 558 177 846 41 80 743 67 95 676 431 461 873 284 699 95 977 648 810 691
51 20 7172 135 723 677 160 969 697 129 217 659 409 357 277 338 473 366 711 254 328 576 252 515 353 45 278 43 471 682 640 932 801 526 694 753 600 241 786 496 615 273 368
52 20 7524 332 190 22 866 430 991 306 773 206 911 690 469 338 738 365 142 205 730 888 792 920 263 958 359 172 59 343 607 45 8 507 239 16 411 777 367 888 349 998 44
53 20 7248 974 37 397 578 951 865 695 434 336 425 408 766 37 308 953 288 204 928 303 678 179 156 191 319 784 517 451 205 498 650 311 550 731 33 430 164 223 754 5 975
54 20 6785 236 384 142 858 272 50 341 278 682 197 658 204 436 824 553 308 487 757 241 622 631 336 825 406 100 699 27 820 244 445 765 802 403 840 328 919 220 912 891 680
55 20 6658 536 281 35 57 288 522 186 880 34 957 366 455 325 857 926 893 676 982 81 937 568 597 918 638 358 505 892 861 282 873 570 571 135 867 57 291 624 817 466 763
56 20 7771 423 804 546 155 197 509 234 677 953 831 91 256 954 6 174 462 581 738 102 199 743 278 545 77 467 104 281 208 745 403 626 475 457 752 377 201 835 805 383 435
57 20 6889 516 261 762 53 761 160 334 948 908 183 295 901 790 605 154 379 95 948 398 148 142 802 539 899 401 107 187 713 100 330 942 632 64 365 202 788 106 534 916 483
58 20 7472 159 566 251 431 560 204 39 186 850 869 542 733 406 673 253 80 559 192 431 221 59 545 608 928 713 295 117 871 570 930 992 939 602 615 52 846 766 622 812 771
59 20 6418 853 377 5 719 801 909 744 389 337 65 431 915 21 23 270 186 200 236 203 533 102 611 729 517 301 372 554 803 349 20 60 561 202 613 840 184 954 870 67 328
60 20 8149 312 52 737 286 87 322 414 747 730 511 556 225 821 706 165 471 401 49 232 958 163 229 833 421 685 966 577 998 470 34 738 99 719 772 781 457 698 781 68 369
61 20 8128 413 894 196 401 72 734 829 526 624 559 317 534 524 103 235 781 955 796 819 772 739 518 254 902 913 889 597 360 299 354 703 342 317 52 314 60 140 613 900 255
62 20 6029 125 464 527 817 555 106 366 633 28 254 874 476 377 656 308 848 47 826 292 402 15 544 281 895 340 731 834 229 190 631 389 42 999 131 131 802 710 911 149 614
63 20 8344 846 620 989 434 391 749 564 183 374 819 734 975 307 1000 628 456 879 181 901 345 220 119 142 164 357 619 22 726 725 680 384 392 63 230 853 326 606 47 445 801
64 20 7289 243 920 922 111 107 834 472 873 242 826 317 965 669 172 434 102 73 22 640 638 350 488 41 76 498 168 169 368 774 179 756 297 632 284 806 497 813 791 154 648
65 20 9009 815 167 804 911 713 559 885 555 913 97 504 341 315 353 557 854 906 277 294 125 98 258 550 518 660 425 702 321 161 491 886 659 307 356 230 130 101 903 861 168
66 20 7415 146 558 496 622 882 917 141 365 243 513 640 84 23 217 949 69 891 553 54 288 643 939 353 821 765 799 60 580 452 218 464 778 954 965 377 360 371 943 365 570
67 20 9614 736 472 235 887 663 132 450 758 181 933 992 639 552 89 912 95 796 432 439 653 6 524 312 843 916 67 812 214 524 144 152 918 873 850 827 257 855 814 785 425
68 20 7383 622 237 615 634 82 298 215 556 25 264 169 682 385 377 286 996 622 560 940 201 744 581 191 901 525 187 223 782 229 80 433 92 568 64 922 168 878 603 555 68
69 20 7900 792 426 395 170 123 762 897 519 311 69 794 216 173 70 641 817 765 571 427 939 771 192 72 531 143 530 767 815 44 745 164 37 581 474 652 133 626 999 738 274
70 20 8071 911 732 38 765 449 449 388 273 196 121 540 926 357 346 358 819 353 676 791 546 900 704 751 984 793 96 672 135 601 374 417 361 216 933 693 681 635 967 30 506
71 20 8972 34 629 887 278 995 851 155 685 82 468 711 921 254 943 901 95 349 37 822 357 918 404 85 311 23 385 987 406 648 112 920 5 830 287 447 299 836 770 332 467
72 20 7944 44 682 765 119 688 999 885 888 788 782 271 267 631 571 123 540 156 846 390 446 657 235 641 714 674 408 783 659 335 914 968 935 14 497 562 176 107 487 448 973
73 20 7086 589 66 254 324 160 522 31 327 211 381 9 816 898 209 297 729 546 403 11 878 584 816 558 151 304 943 800 945 18 518 855 16 832 973 797 886 677 770 427 672
74 20 7720 532 820 952 684 525 268 453 140 538 14 86 392 357 281 976 314 234 879 195 949 917 319 423 909 370 798 926 142 23 171 496 24 209 19 200 319 722 283 516 892
75 20 7402 706 932 513 958 866 150 286 37 36 666 314 98 775 33 335 340 369 617 427 799 767 945 202 597 243 38 191 305 543 351 601 302 345 29 545 95 299 51 890 916
76 20 7129 941 986 472 949 624 272 212 82 347 315 320 433 135 40 763 521 526 975 145 394 331 809 147 202 227 366 756 174 933 591 684 760 146 138 450 965 336 323 417 378
77 20 6588 789 619 250 551 354 194 512 711 143 834 573 86 391 834 109 707 712 528 822 225 581 889 343 968 78 832 89 602 783 65 40 750 82 612 516 957 559 832 509 63
78 20 6042 717 833 9 125 678 97 42 816 131 239 519 220 159 683 478 759 530 44 782 201 520 614 425 397 141 680 496 902 502 914 535 131 444 324 348 517 50 867 47 993
79 20 8752 70 989 808 163 339 510 597 402 395 995 858 210 592 153 893 146 867 43 48 47 17 646 779 479 795 260 66 617 872 404 897 80 83 157 705 322 889 923 370 286
80 20 8081 819 891 939 891 325 963 762 544 314 719 178 914 82 965 491 846 674 892 611 366 190 773 594 505 729 653 906 758 644 564 36 161 260 94 551 13 983 41 14 236
81 20 8589 456 942 724 798 351 269 43 119 659 886 73 682 452 703 916 829 322 424 23 530 732 950 892 52 570 553 974 707 232 489 180 993 892 695 949 389 916 771 381 909
82 20 9559 841 836 978 643 477 580 268 240 857 895 242 905 724 575 706 40 680 268 837 476 631 229 140 262 661 1 63 514 723 541 879 549 813 946 477 696 99 940 853 691
83 20 9852 616 970 519 835 798 292 616 413 971 111 284 273 237 391 819 992 617 723 599 936 759 578 952 659 956 894 979 378 600 712 357 416 186 468 44 45 858 146 548 754
84 20 6674 577 219 533 842 237 396 284 773 228 272 357 795 379 327 273 804 35 30 815 532 446 199 796 145 128 110 502 991 317 632 290 101 589 620 891 743 258 394 408 176
85 20 8510 148 991 862 620 970 516 441 52 821 235 677 533 51 380 979 143 491 291 272 144 296 917 932 105 377 150 631 766 320 979 639 525 438 822 606 533 681 856 6 528
86 20 7367 624 442 144 588 492 627 800 41 234 646 915 470 1000 756 252 533 133 144 641 180 614 355 422 929 405 489 323 992 31 811 772 485 246 528 407 799 662 652 92 823
87 20 7598 50 263 509 302 801 577 164 525 394 372 111 878 860 731 822 64 488 847 932 57 817 756 638 388 510 616 500 524 710 394 38 248 176 496 130 463 41 415 807 881
88 20 9632 545 217 388 144 815 440 315 450 609 891 486 438 689 914 939 253 45 255 424 896 717 836 355 498 382 672 571 994 750 478 654 200 763 685 925 390 813 517 855 636
89 20 7797 224 291 582 498 512 104 764 548 775 596 441 204 667 422 339 71 19 466 636 328 298 325 263 629 652 870 792 958 203 671 834 542 918 79 284 355 542 50 2 441
90 20 8492 909 840 725 959 947 941 985 783 429 643 81 559 817 602 224 169 838 355 816 701 199 598 36 306 229 868 158 500 232 608 568 941 281 25 747 637 706 312 689 223
91 20 9099 74 990 677 529 951 124 347 827 446 310 780 922 937 20 968 999 684 461 177 467 75 577 618 342 935 280 551 437 114 625 844 15 251 308 840 262 375 919 730 946
92 20 8024 27 827 863 835 775 392 547 868 288 535 55 317 705 100 202 203 430 326 302 161 401 809 67 5 972 39 409 989 889 657 433 473 844 979 678 153 722 666 422 599
93 20 10584 978 54 466 549 621 708 461 817 356 784 882 90 834 76 284 928 836 143 787 450 248 172 932 931 184 50 919 569 765 53 677 999 738 40 879 483 966 338 418 238
94 20 8336 525 981 933 264 899 210 261 868 504 762 57 869 215 456 396 420 43 115 860 419 973 577 611 659 370 515 719 942 645 300 517 500 753 854 614 202 143 147 382 811
95 20 6730 280 156 908 790 904 254 54 479 643 943 25 177 229 264 291 94 196 840 422 91 182 227 565 422 110 321 616 70 797 477 503 268 361 458 550 894 344 765 433 949
96 20 8556 346 55 467 459 763 43 229 904 794 793 336 518 778 82 307 649 587 74 244 55 155 871 539 568 453 843 495 173 651 432 421 162 996 435 341 215 986 481 808 500
97 20 8841 624 449 479 497 705 696 333 269 363 903 512 578 301 352 762 268 569 572 960 182 865 204 501 102 370 727 237 828 39 186 875 636 69 438 830 990 757 808 901 238
98 20 8268 40 257 371 661 837 802 781 449 112 543 657 478 161 386 844 802 402 132 354 2 555 879 456 1000 987 35 835 517 625 63 104 604 85 602 631 83 939 189 560 85
99 20 8932 751 495 284 944 760 512 482 8 654 690 239 31 148 556 8 343 964 60 899 892 511 641 789 514 500 603 784 156 563 576 763 970 35 791 699 832 851 348 482 635
100 20 6778 831 836 42 49 148 31 61 177 60 491 904 117 241 547 802 42 526 269 925 976 704 135 688 976 139 576 21 739 50 373 775 173 404 896 724 197 392 279 36 415
101 20 6080 160 482 511 898 631 353 126 525 869 748 682 823 191 66 8 275 5 902 386 198 745 174 136 504 351 781 541 568 134 365 695 225 30 493 216 900 861 326 323 762
102 20 7250 463 848 868 528 123 636 848 897 621 967 286 478 436 481 478 722 98 35 24 304 859 111 294 900 467 414 850 410 538 792 439 310 338 844 522 560 105 406 406 967
103 20 5009 237 515 219 252 170 687 210 756 914 468 64 784 413 204 70 888 642 568 4 195 157 140 186 805 151 13 726 502 373 211 479 136 571 37 5 711 70 768 601 80
104 20 8020 572 229 954 700 313 283 367 118 423 572 980 310 27 841 201 466 966 748 212 355 200 192 793 221 881 816 726 77 181 636 339 917 212 5 770 306 143 379 766 795
105 20 7450 781 795 59 14 525 200 803 266 980 703 78 140 770 22 37 644 865 297 550 689 941 711 185 5 588 99 150 438 245 867 121 96 349 409 385 328 497 395 404 170
106 20 6353 551 119 538 878 281 141 570 379 434 729 899 775 63 497 15 684 695 70 102 85 389 722 733 956 375 994 551 254 465 976 521 710 366 843 82 866 182 510 130 387
107 20 8148 884 202 12 74 535 800 330 265 930 312 838 774 372 62 229 536 840 168 979 806 375 323 733 954 801 1000 183 245 729 362 57 865 313 774 178 917 100 359 767 53
108 20 8167 32 410 385 445 694 770 862 568 941 637 372 518 204 314 447 249 671 319 130 517 230 900 467 898 334 589 506 130 241 566 974 510 853 935 775 524 147 886 944 982
109 20 8084 82 107 984 26 340 883 983 966 687 190 90 282 454 350 613 246 587 820 944 804 742 658 191 164 903 200 244 277 754 934 440 796 397 258 372 224 211 218 88 114
110 20 6736 628 415 431 452 918 764 292 601 300 298 25 887 393 978 146 560 406 638 474 70 303 351 971 397 448 712 82 205 152 318 758 931 163 62 591 635 667 207 273 561
111 20 7030 843 162 287 248 748 565 806 75 219 121 57 882 572 188 795 618 256 108 55 119 929 844 96 330 228 781 78 641 357 850 469 615 437 302 977 183 464 915 115 433
112 20 7886 939 114 443 996 848 401 15 749 848 552 174 728 723 984 346 834 342 959 379 17 395 891 798 885 277 282 203 167 933 925 43 112 718 615 758 693 615 997 61 412
113 20 10183 402 516 565 868 299 741 285 352 982 410 588 112 235 861 782 184 913 394 980 273 872 443 62 977 667 795 917 851 780 177 992 400 781 131 309 801 572 500 746 75
114 20 7965 158 1000 724 480 83 486 909 22 631 482 454 938 302 134 938 241 625 886 621 85 164 179 690 90 699 990 213 143 912 203 240 591 876 85 102 199 366 626 250 459
115 20 7900 117 246 386 874 372 815 697 349 221 843 333 42 216 218 862 634 993 752 872 280 106 443 3 947 590 324 302 372 488 893 790 196 564 694 464 733 943 774 556 609
116 20 9328 224 922 703 517 188 354 925 308 531 157 588 861 444 760 624 521 24 164 528 373 824 362 564 440 814 42 767 148 792 672 143 576 789 377 357 976 871 663 960 533
117 20 8655 30 749 922 658 547 247 16 95 927 69 670 928 768 922 138 852 539 115 907 540 584 663 898 682 611 440 238 505 28 745 608 412 47 63 951 232 415 328 975 33
118 20 6743 839 195 15 501 165 526 544 53 509 127 179 936 214 271 277 919 749 961 18 632 310 904 473 140 988 764 181 755 792 274 453 61 290 417 659 146 147 208 627 201
119 20 7047 640 218 233 594 748 501 139 900 184 460 188 526 465 802 932 376 559 86 288 647 503 215 589 761 82 824 814 235 331 905 503 12 214 711 825 170 139 799 433 263
120 20 7686 509 455 335 873 304 846 993 673 912 254 742 15 183 121 420 875 168 706 1 622 353 143 651 185 683 520 869 343 357 396 412 835 218 42 466 449 107 319 925 521
121 20 9880 565 798 570 991 386 555 856 836 483 967 561 613 826 543 403 220 755 598 168 188 507 83 156 270 880 659 906 301 939 666 705 33 965 319 491 175 243 584 986 66
122 20 6653 554 761 620 434 142 745 688 230 599 536 552 816 639 695 564 825 352 232 718 735 473 771 43 138 554 774 33 828 244 492 365 366 159 590 454 594 267 567 297 405
123 20 9941 170 95 139 154 357 960 506 751 885 377 950 931 210 960 739 694 780 587 398 462 819 142 757 461 666 37 865 601 827 982 479 987 776 399 586 827 590 80 928 416
124 20 7706 750 784 461 902 621 250 143 919 97 723 121 422 930 521 418 583 113 75 533 175 576 467 543 48 226 444 467 135 777 205 715 396 701 675 313 997 698 396 430 821
125 20 8520 776 376 834 471 531 284 35 363 14 935 118 823 531 354 254 455 186 118 743 487 194 611 310 807 761 685 576 118 691 834 908 780 842 931 579 801 937 565 830 819
126 20 7214 495 817 270 316 525 342 353 732 268 928 861 707 383 702 187 33 240 425 167 619 720 452 354 987 751 372 559 513 602 568 410 373 372 111 803 541 368 716 330 229
127 20 7358 577 353 693 368 57 898 791 464 525 893 443 216 244 446 460 353 483 107 452 484 579 458 857 112 212 433 224 617 810 169 575 456 53 493 369 152 293 573 501 416
128 20 7563 947 492 517 510 60 987 646 428 797 962 209 941 378 335 116 225 521 826 240 984 435 386 781 533 318 110 748 552 547 357 432 701 342 768 65 822 501 110 854 301
129 20 7700 986 656 788 823 102 694 447 261 563 255 324 489 827 560 616 121 264 725 926 932 40 616 181 338 603 570 82 252 677 857 679 224 147 840 678 557 653 465 43 949
130 20 5635 20 1 164 48 31 517 200 400 621 796 932 505 643 238 236 789 461 290 96 895 182 968 407 544 757 748 929 351 254 102 472 615 366 690 63 45 112 692 98 116
131 20 6172 81 813 890 175 277 610 640 899 105 590 674 748 346 834 923 863 324 33 272 747 201 276 68 49 57 682 566 497 445 646 31 440 453 446 361 26 24 213 977 702
132 20 7063 499 191 389 177 775 362 552 258 805 119 222 699 108 458 452 84 71 33 971 915 284 138 23 699 502 128 27 459 389 238 501 172 722 344 659 637 415 413 463 172
133 20 8247 193 852 580 653 502 826 892 645 249 589 548 16 997 872 705 718 340 849 43 789 979 860 314 561 767 458 375 638 446 789 99 270 790 754 15 994 900 569 575 207
134 20 7759 994 280 465 594 654 176 152 918 17 66 348 604 453 989 393 78 49 385 160 684 985 463 958 123 858 104 673 673 132 177 748 64 113 627 669 106 568 304 310 950
135 20 7512 489 642 30 309 653 979 933 981 903 687 80 173 11 927 521 570 89 331 472 900 264 903 917 594 325 280 198 335 973 285 354 233 655 396 696 273 221 244 607 535
136 20 8097 34 661 644 515 842 174 498 188 907 13 315 117 411 87 785 212 386 477 26 388 683 780 644 738 903 412 228 438 963 377 571 370 43 743 6 187 682 72 551 108
137 20 8364 811 312 454 580 790 747 805 399 96 337 499 444 255 559 127 783 632 907 546 856 733 10 288 614 501 2 899 586 385 412 436 747 68 36 525 252 712 633 893 657
138 20 7012 479 806 233 251 190 963 571 715 472 619 478 436 185 533 585 219 167 503 172 264 253 460 509 68 567 42 328 146 722 462 490 687 483 168 410 438 674 91 798 133
139 20 8440 134 517 937 729 570 496 715 168 669 931 554 617 515 594 761 723 485 724 17 363 231 305 737 516 603 437 287 3 323 63 208 136 515 355 741 645 871 553 677 681
140 20 8461 990 994 423 999 754 348 806 950 96 901 317 145 813 513 273 624 249 641 451 261 174 513 949 179 714 453 330 505 488 474 570 766 926 955 238 641 1000 803 16 323
141 20 6255 310 295 525 916 865 753 186 744 520 418 430 830 886 20 243 765 6 502 724 942 161 415 395 924 118 448 287 808 763 743 133 667 169 682 171 355 800 761 127 294
142 20 8416 485 756 636 574 799 546 945 983 333 348 936 643 580 974 335 4 655 832 578 46 159 626 573 61 467 113 821 598 488 312 733 700 344 86 403 633 159 600 92 272
143 20 8406 991 358 656 298 283 492 918 41 206 426 426 779 956 523 341 832 783 572 17 524 786 226 850 627 38 524 131 138 478 617 792 590 402 804 316 606 783 400 355 359
144 20 9414 818 380 847 603 410 562 910 124 779 208 887 322 140 170 468 828 213 349 619 131 993 748 453 997 161 119 771 278 576 500 741 546 283 260 962 204 635 971 102 876
145 20 6969 163 392 636 604 358 415 370 569 669 987 551 489 18 159 638 787 126 435 269 741 56 369 714 104 570 492 809 457 197 535 758 957 248 879 912 238 148 319 502 506
146 20 8597 313 626 957 665 361 196 678 861 618 909 366 410 676 365 90 562 438 540 851 240 296 900 550 936 793 244 743 796 736 252 446 992 620 971 135 795 92 102 988 756
147 20 6832 77 704 251 44 777 1 388 344 312 997 582 976 964 2 589 58 808 472 484 413 626 309 10 98 116 736 240 609 769 394 75 603 154 492 338 961 606 765 375 564
148 20 6959 254 198 184 506 874 766 145 376 776 965 185 578 502 709 454 240 329 642 583 200 384 675 581 357 289 201 567 561 500 518 46 488 187 45 746 723 359 881 754 384
149 20 7584 133 621 27 422 701 282 437 686 744 972 79 520 372 525 914 957 406 781 916 892 201 74 931 763 762 401 300 559 919 530 184 159 153 614 563 892 383 721 355 191
150 20 7171 883 428 113 794 368 42 925 153 663 349 682 499 386 989 544 63 21 205 727 293 96 24 178 781 331 937 292 162 212 378 350 444 681 225 516 802 516 554 480 27
151 20 7158 221 115 183 626 493 663 619 753 607 247 635 456 533 28 699 519 867 826 161 939 63 491 241 392 661 944 108 64 667 555 354 10 198 856 161 786 781 362 696 797
152 20 5965 536 329 225 150 109 627 590 69 897 105 253 816 7 676 394 463 764 898 281 95 663 130 386 737 281 222 125 581 589 330 92 567 708 214 44 680 282 176 231 329
153 20 9528 954 394 830 66 754 685 985 746 706 530 64 232 813 559 480 400 325 778 332 389 527 783 255 720 939 779 985 296 48 41 929 772 428 28 508 698 703 732 346 2
154 20 7841 135 754 392 19 783 442 363 127 266 602 89 995 679 409 469 189 193 507 219 470 30 576 391 170 930 130 952 232 130 288 717 653 585 990 809 727 670 960 1000 351
155 20 8312 117 691 764 788 321 214 588 25 437 507 483 974 988 821 724 364 208 709 519 509 517 788 362 503 435 810 746 39 783 975 178 707 678 770 156 442 805 436 582 40
156 20 7023 185 772 47 848 462 394 41 629 715 1 500 878 477 610 678 882 505 994 954 569 449 906 804 505 611 812 444 382 447 375 76 446 578 765 258 643 226 933 322 102
157 20 9067 991 352 456 312 697 121 784 765 345 534 764 741 659 942 295 959 438 137 153 735 946 298 498 925 723 16 570 80 202 328 667 99 721 411 668 455 624 469 133 654
158 20 7537 644 205 58 723 804 721 431 665 59 44 49 578 888 118 35 471 656 219 525 375 279 739 742 467 227 310 658 842 105 563 20 241 729 230 732 241 908 868 873 476
159 20 7424 179 102 195 912 549 52 38 656 121 157 758 396 133 665 289 976 349 237 650 932 911 386 304 41 675 409 801 642 167 123 625 192 184 924 782 852 847 216 724 725
160 20 8030 484 610 305 69 79 40 328 339 858 655 781 580 841 509 492 776 538 840 153 27 527 703 908 526 230 96 138 671 932 887 98 552 446 198 343 398 661 646 896 841
161 20 6562 191 766 34 19 183 772 526 902 677 604 854 182 177 161 229 886 926 731 655 761 37 698 460 455 276 329 699 744 132 508 216 319 614 900 415 975 677 627 225 813
162 20 8035 360 413 834 416 430 555 586 52 961 963 355 349 7 527 938 845 321 612 757 172 240 90 18 738 123 366 75 378 705 353 599 812 935 207 352 32 789 604 659 920
163 20 9845 593 894 627 228 741 357 547 156 903 663 341 506 826 144 747 666 546 613 539 8 918 677 658 375 888 94 483 689 654 356 516 954 821 90 41 552 105 27 813 451
164 20 7991 596 131 135 257 325 359 782 39 295 750 542 720 761 434 531 281 850 336 772 540 799 988 84 271 329 760 308 674 894 676 736 615 679 492 215 514 117 561 239 290
165 20 7698 62 489 241 161 950 588 22 326 500 834 348 525 896 739 194 391 343 647 563 890 673 243 507 129 218 145 323 920 893 175 240 340 971 511 232 64 977 780 470 854
166 20 7262 443 814 352 22 712 77 89 91 30 68 333 755 810 528 606 285 869 964 220 687 532 979 24 734 609 494 133 108 509 128 342 295 103 588 832 471 654 655 876 774
167 20 7224 430 411 921 76 390 174 63 368 809 375 684 346 502 196 740 882 950 169 87 699 595 907 159 209 141 228 342 830 914 552 444 865 219 669 86 240 423 357 132 526
168 20 8781 430 669 808 665 777 267 881 711 561 548 69 771 29 452 965 78 654 785 737 238 186 593 335 819 395 152 799 932 77 172 691 598 633 547 784 539 216 873 950 725
169 20 6571 340 291 462 867 689 888 457 179 588 433 437 83 39 219 388 499 644 997 229 563 355 260 373 689 201 910 361 614 677 481 238 669 337 891 233 922 331 13 835 140
170 20 7557 898 581 433 832 658 546 923 452 590 773 261 677 162 84 675 629 275 23 778 576 762 395 150 757 277 72 470 839 109 204 691 731 288 908 786 312 136 542 125 611
171 20 6793 811 252 195 742 65 569 460 839 110 188 311 792 311 78 313 744 184 488 346 211 948 554 372 269 39 792 335 175 789 363 360 718 214 529 758 684 641 105 930 454
172 20 7164 726 345 15 886 148 668 267 780 49 595 200 391 836 827 756 1 492 409 168 269 481 463 418 192 56 273 463 295 933 982 695 642 890 526 156 881 934 866 272 477
173 20 6564 189 38 278 560 732 719 486 691 420 104 494 349 455 873 357 684 178 25 976 574 639 986 369 401 312 342 178 250 620 13 28 534 11 155 476 591 511 521 496 992
174 20 9270 338 541 684 944 361 211 533 440 168 499 857 330 900 996 776 733 693 75 873 752 937 700 879 263 352 200 65 394 792 101 744 546 554 257 330 637 331 765 421 573
175 20 5818 92 495 934 743 516 908 78 692 292 894 166 649 40 602 865 958 622 143 688 270 493 648 151 169 557 30 256 430 667 840 167 456 111 237 326 106 131 846 121 113
176 20 8261 952 69 823 594 854 146 460 834 627 64 803 440 368 827 796 140 541 840 850 406 438 252 428 247 196 789 539 185 207 483 103 454 46 668 150 454 240 699 906 797
177 20 7732 819 127 915 494 38 99 709 909 156 817 753 326 177 230 458 16 851 149 431 145 677 534 120 797 43 532 30 250 887 397 698 824 40 166 731 920 159 347 973 129
178 20 8231 239 617 243 101 765 524 557 231 612 911 472 344 874 730 835 4 196 963 232 429 775 346 995 785 459 36 519 73 646 340 206 563 429 8 764 967 452 562 19 235
179 20 6959 75 735 99 344 789 977 621 378 274 668 877 489 611 380 344 862 477 19 690 22 917 669 63 48 174 637 837 255 10 730 887 166 246 847 24 955 286 792 398 669
180 20 8923 207 150 362 412 210 9 310 527 347 907 846 597 151 711 858 588 793 921 634 631 934 892 956 795 933 54 271 325 883 293 271 25 817 88 980 717 317 32 74 101
181 20 6623 43 502 419 932 174 811 679 455 247 331 24 494 315 470 552 998 586 9 106 872 139 969 715 592 456 377 155 367 837 39 519 697 253 523 875 576 705 433 480 520
182 20 7668 325 641 635 508 196 998 56 739 48 126 593 460 331 456 622 570 975 144 816 27 279 645 419 504 692 578 401 814 296 573 817 790 774 44 729 111 2 99 580 249
183 20 5960 177 289 972 663 540 430 800 773 533 912 234 420 28 469 186 477 145 646 415 393 431 811 104 287 418 159 355 739 520 506 37 699 57 311 884 467 366 505 248 612
184 20 8916 719 881 593 59 65 23 820 218 949 281 201 93 138 748 498 423 286 660 833 740 599 206 695 477 804 235 771 692 86 172 410 866 937 39 753 1 465 29 524 632
185 20 8094 777 481 720 360 319 574 65 355 918 823 114 268 556 813 834 738 36 902 445 552 394 743 345 313 598 631 504 964 105 142 868 127 913 966 726 43 191 978 690 3
186 20 7441 110 717 567 545 542 505 176 977 179 443 579 25 617 573 514 410 243 173 732 845 849 774 716 880 156 506 228 985 670 260 652 675 275 548 528 447 619 131 350 776
187 20 8028 152 76 268 610 909 870 114 80 274 583 66 718 763 327 896 826 552 338 818 589 162 362 412 921 100 766 611 187 977 599 871 842 437 370 69 582 786 268 799 538
188 20 8317 206 49 324 67 359 430 493 218 364 794 722 714 922 733 47 764 632 373 171 943 237 478 567 606 975 671 962 19 465 368 964 377 362 539 524 806 662 738 439 410
189 20 10178 580 93 826 70 636 857 909 644 132 888 124 37 615 616 904 1000 835 973 697 155 729 126 806 145 870 631 691 506 667 495 236 85 699 921 846 593 413 154 508 530
190 20 7647 190 942 292 312 884 51 781 141 276 152 381 168 43 827 8 224 543 619 840 498 284 41 933 237 221 611 996 39 210 427 299 703 862 399 747 205 563 495 206 613
191 20 6796 128 17 446 89 387 867 303 141 644 467 28 541 450 929 500 415 653 87 879 483 1 146 919 943 133 793 482 721 551 535 397 104 80 416 266 695 740 467 509 355
192 20 8124 24 341 71 937 876 416 314 644 570 780 558 432 885 855 856 377 442 547 453 647 462 516 530 17 175 357 58 313 793 609 863 859 314 200 721 727 689 971 502 33
193 20 6044 791 297 544 141 571 28 68 710 659 987 367 208 223 621 358 838 265 863 64 957 677 139 222 631 858 326 249 999 8 298 265 318 490 604 647 391 105 458 124 650
194 20 6288 430 315 208 472 236 688 260 698 971 41 435 106 763 336 505 854 165 122 556 446 367 843 55 252 853 106 423 544 610 121 84 278 3 913 266 221 654 338 16 42
195 20 9598 713 842 482 841 662 115 465 479 5 933 869 126 572 239 754 798 593 282 749 357 556 422 480 586 797 329 901 789 778 225 57 946 593 19 281 530 990 566 701 301
196 20 8188 671 284 763 508 921 290 260 912 325 951 381 2 904 960 449 722 499 185 10 133 742 285 529 300 313 599 705 980 386 936 486 246 536 508 267 829 674 518 415 305
197 20 7976 699 895 467 186 909 312 359 212 120 997 113 528 395 2 284 136 928 863 66 669 162 478 345 559 853 46 717 651 39 945 385 587 961 719 646 537 970 753 553 231
198 20 9420 870 706 691 982 830 225 477 506 664 960 334 870 467 666 805 311 436 496 697 199 295 158 912 792 335 725 522 230 491 739 760 724 834 67 540 328 626 253 189 499
199 20 7216 411 953 668 797 344 88 283 577 648 674 973 706 245 94 606 138 282 368 460 796 79 732 183 550 20 32 760 156 488 14 184 749 92 487 955 814 606 23 733 363
200 20 7801 48 922 998 946 944 462 303 161 948 312 426 204 396 77 10 493 356 837 581 570 167 361 730 404 373 735 551 27 410 523 652 462 945 39 573 369 115 100 226 166
201 20 6342 427 819 221 432 202 452 301 449 108 447 284 132 673 445 749 691 204 582 534 651 224 82 728 483 407 560 32 21 183 622 801 55 778 275 296 708 112 799 664 282
202 20 8484 521 477 904 429 478 749 574 113 478 307 680 692 191 216 226 883 597 941 816 372 106 808 129 450 740 524 751 914 190 791 210 241 579 938 832 333 654 974 949 42
203 20 8566 528 974 310 381 833 553 718 800 440 438 387 741 947 498 456 302 616 903 776 417 784 153 448 940 873 68 344 873 351 349 337 188 18 35 229 294 948 562 365 837
204 20 8232 376 256 862 468 42 454 577 886 414 695 292 481 62 404 862 169 852 518 723 200 910 887 23 350 152 361 465 816 673 318 770 828 747 268 59 624 612 708 818 908
205 20 7064 320 885 549 351 653 483 223 875 166 630 261 327 82 682 245 291 418 823 537 416 467 222 828 853 655 501 667 38 210 831 591 144 541 299 799 305 378 288 241 955
206 20 7740 189 721 6 240 861 238 183 100 866 846 92 941 937 313 852 701 164 660 901 203 439 824 678 498 755 601 217 278 236 503 429 83 190 795 986 751 184 281 510 119
207 20 7664 175 13 281 600 1 42 5 264 746 312 511 439 874 871 783 533 500 274 565 775 356 825 39 282 829 868 266 59 826 856 399 617 638 261 786 845 403 179 598 51
208 20 7848 652 404 184 656 558 85 492 616 474 109 287 149 623 621 412 698 984 891 633 568 68 772 848 285 587 560 301 179 643 709 27 311 774 520 22 929 900 799 342 158
209 20 9545 694 951 949 34 540 54 250 829 847 437 634 897 839 634 633 417 265 774 416 816 425 712 825 149 704 990 717 153 782 118 273 738 712 180 494 902 376 400 557 184
210 20 7621 589 945 465 101 939 27 309 630 573 941 513 620 139 545 521 456 173 453 215 568 941 217 234 488 415 212 961 29 741 986 861 439 36 818 179 545 528 870 195 974
211 20 8561 76 511 747 712 982 358 865 661 419 143 14 919 429 104 297 556 569 133 770 489 126 851 866 547 240 716 348 833 156 280 913 670 853 957 376 570 930 702 726 543
212 20 8533 569 617 134 504 411 773 172 461 938 213 691 787 92 843 998 407 884 581 517 681 973 443 205 125 766 530 201 280 238 831 568 586 314 300 704 142 461 674 831 748
213 20 8803 431 401 526 763 817 612 450 711 316 168 750 326 341 980 120 630 776 45 507 23 831 339 696 476 859 765 870 976 193 627 628 687 617 638 128 280 491 554 657 917
214 20 6655 293 717 594 754 466 630 136 872 41 480 133 532 55 920 254 718 533 846 995 694 420 622 956 294 648 834 2 177 957 399 995 456 303 759 30 979 239 115 269 820
215 20 8237 547 506 12 390 27 847 182 352 710 652 5 727 932 769 699 433 397 894 686 568 46 861 865 750 793 246 32 42 565 694 668 970 769 238 905 969 968 640 489 257
216 20 6321 315 684 224 633 379 643 467 768 209 734 903 452 115 938 429 542 547 669 330 635 128 721 90 24 250 901 632 928 617 908 629 58 486 251 870 444 54 183 228 91
217 20 8396 294 556 632 3 762 411 95 443 823 269 886 307 7 705 832 283 667 494 292 240 651 705 555 473 978 762 673 510 214 207 893 511 211 472 306 975 512 495 212 584
218 20 7255 109 723 294 35 123 624 108 838 305 845 182 143 341 367 996 182 483 228 907 923 456 533 236 452 908 467 468 301 375 355 293 419 838 595 803 640 820 724 24 342
219 20 7796 1 993 921 531 250 449 129 698 625 203 634 559 213 994 110 165 191 985 992 425 321 453 720 549 522 56 156 323 973 653 507 596 759 638 874 358 672 250 176 990
220 20 7043 828 723 402 191 289 724 33 858 582 498 612 475 705 892 391 257 787 226 138 901 308 916 173 486 828 233 505 121 548 834 382 328 463 860 151 232 280 846 399 496
221 20 7301 954 118 37 588 256 225 798 796 581 955 666 25 708 320 182 677 21 924 496 235 647 793 359 339 988 130 400 263 520 906 247 136 341 567 91 458 731 569 104 791
222 20 8864 175 912 839 58 780 132 652 503 699 751 934 268 929 842 566 708 508 661 803 268 731 824 699 331 54 286 20 467 267 510 696 542 758 256 592 122 58 627 321 16
223 20 7604 84 739 908 871 196 790 876 194 772 917 336 60 857 698 820 443 508 286 494 28 663 507 274 829 516 798 773 226 277 651 271 72 512 627 76 31 230 250 62 373
224 20 6772 148 478 650 50 217 21 407 197 44 87 534 155 36 586 484 598 587 628 558 828 880 62 215 5 464 663 10 98 831 787 326 976 579 561 567 458 610 195 319 541
225 20 6679 775 992 912 21 586 129 336 378 232 307 352 329 445 492 38 883 38 294 6 267 547 827 134 755 304 748 828 212 61 255 844 157 300 363 478 794 200 361 933 518
226 20 8336 607 601 132 635 253 417 178 530 150 744 583 537 997 773 562 610 515 963 858 897 866 760 384 610 205 499 483 576 448 53 964 437 651 771 604 106 392 966 589 357
227 20 8181 475 80 346 127 585 613 510 260 555 541 873 330 441 317 184 144 30 628 461 369 291 782 739 75 337 192 986 232 393 352 174 593 322 442 898 370 671 852 956 492
228 20 8868 853 331 737 342 138 344 925 572 759 852 639 161 290 648 438 159 602 851 619 992 291 934 844 449 633 926 136 440 447 130 389 811 8 196 440 163 976 980 921 455
229 20 7335 972 463 68 492 43 262 147 555 367 337 767 724 375 806 668 824 248 853 745 226 847 44 102 438 505 249 791 453 296 329 539 414 265 64 165 666 518 267 741 733
230 20 6292 665 803 148 380 541 820 371 15 220 223 221 711 518 814 202 554 420 168 139 673 107 359 124 1000 127 308 720 301 327 62 364 809 782 738 301 141 658 90 911 529
231 20 6626 371 838 338 313 407 219 268 277 7 527 10 303 556 451 249 643 931 433 529 197 234 426 282 833 545 558 704 535 890 559 451 555 394 90 735 362 182 730 200 966
232 20 8891 337 144 533 607 974 830 382 444 697 569 787 846 341 485 656 120 10 800 607 529 455 373 449 230 754 115 667 377 807 804 618 862 943 810 519 689 57 20 521 782
233 20 8116 855 822 862 46 625 916 765 202 366 69 643 460 887 688 167 406 386 692 429 846 559 14 479 847 238 39 357 171 848 390 85 996 506 375 549 33 225 106 314 940
234 20 8096 868 650 383 188 482 433 793 137 954 80 83 358 523 740 457 569 653 477 580 367 562 25 443 381 444 963 284 97 310 353 287 1000 518 302 59 489 754 200 684 311
235 20 7940 693 574 724 960 446 16 212 997 820 810 564 467 142 274 393 162 54 765 28 914 484 201 80 3 903 58 794 101 412 547 325 236 738 862 641 497 713 820 759 391
236 20 7600 963 625 519 403 778 710 196 599 468 863 244 697 163 551 24 792 334 205 948 265 264 376 514 63 695 173 965 15 79 998 178 839 756 518 592 325 285 89 536 236
237 20 7932 702 841 81 546 302 892 85 778 744 514 779 138 497 858 456 993 724 649 807 555 173 778 897 101 403 207 148 378 344 132 865 697 593 592 678 622 588 177 50 901
238 20 5463 107 544 357 241 662 561 710 407 85 905 91 367 493 387 708 94 671 162 44 617 494 518 393 917 230 374 138 657 44 854 22 918 2 233 461 822 730 172 387 610
239 20 9794 846 275 277 576 653 387 534 638 532 951 787 585 268 567 822 268 473 798 746 994 544 847 282 343 915 810 382 287 857 576 418 799 885 191 689 286 431 658 902 371
240 20 7432 771 555 534 454 169 671 241 409 884 517 72 451 621 676 249 638 492 71 601 203 24 328 207 83 930 186 927 878 475 504 687 223 634 413 65 161 284 875 424 323
241 20 9243 281 907 222 204 279 4 287 481 842 410 996 526 491 352 582 819 300 337 922 528 763 103 247 104 577 197 917 532 319 844 931 107 653 249 937 679 818 732 190 619
242 20 8537 962 68 724 596 243 848 389 297 972 22 735 960 537 673 589 126 35 228 460 461 26 863 569 804 575 902 577 589 918 703 497 697 681 261 700 774 341 667 142 849
243 20 7673 745 181 951 258 156 330 432 607 437 924 633 102 804 566 756 257 592 257 354 922 321 355 408 611 482 467 706 522 473 454 54 33 355 829 488 757 116 278 329 758
244 20 7266 592 210 63 269 788 478 238 7 656 333 285 14 105 163 87 130 349 979 554 82 596 599 271 550 836 5 494 491 569 381 551 583 294 337 553 482 670 862 532 749
245 20 7390 38 520 625 572 791 510 871 378 653 669 464 519 207 256 304 868 659 592 542 258 126 941 409 312 770 457 130 583 985 387 187 461 701 724 269 92 136 288 371 335
246 20 7697 508 809 29 956 130 760 270 318 15 805 897 222 414 897 836 355 844 363 713 687 699 59 12 421 872 757 287 998 289 686 937 427 288 251 151 390 855 629 576 973
247 20 5920 72 916 89 364 853 300 528 261 668 133 897 47 382 800 648 568 371 571 228 300 113 806 463 834 101 282 5 144 361 142 15 755 28 777 590 341 773 972 215 525
248 20 6692 539 275 555 683 141 874 815 528 479 760 26 137 501 850 31 278 699 630 370 426 638 892 123 961 461 603 134 394 864 546 468 160 280 690 212 218 632 688 397 11
249 20 7667 861 257 922 123 368 916 70 191 90 578 259 855 568 831 899 518 210 766 624 49 167 211 977 349 350 273 71 78 412 257 672 410 297 947 498 820 699 791 570 44
250 20 8511 819 30 626 167 921 767 650 991 733 753 378 857 91 428 408 13 166 302 858 693 181 460 790 929 836 720 1 748 141 511 680 425 7 274 748 126 858 162 747 262
251 20 7730 677 777 987 183 366 937 792 153 685 800 335 370 142 124 145 326 503 360 629 334 399 24 15 735 343 582 615 478 143 898 316 519 888 883 880 120 505 189 298 233
252 20 8236 743 40 406 710 487 886 38 425 442 658 264 143 657 84 895 637 338 486 538 637 763 53 475 977 574 673 699 258 148 352 567 360 291 185 926 356 81 903 963 130
253 20 7368 863 994 556 464 674 161 670 495 926 560 308 780 928 479 41 588 520 79 77 118 421 984 563 259 292 686 262 920 790 777 218 709 148 701 230 117 115 139 608 870
254 20 8234 295 693 675 121 850 570 672 106 578 739 397 204 515 564 956 205 780 685 926 493 551 869 179 719 619 713 308 994 189 229 680 911 279 702 270 877 286 836 288 979
255 20 5989 95 803 49 503 183 93 664 698 76 859 132 474 354 51 684 704 710 102 277 173 77 228 268 902 655 502 271 261 506 652 804 948 169 540 707 711 467 551 339 674
256 20 7629 302 521 124 268 804 215 29 925 850 519 50 782 677 290 32 441 807 383 421 113 90 197 821 220 449 303 467 657 767 226 460 465 654 846 740 424 378 344 615 667
257 20 8440 244 490 513 514 952 504 394 555 369 760 198 465 425 468 682 659 740 311 336 708 720 9 224 224 900 919 791 153 130 697 701 55 868 22 187 122 935 706 241 901
258 20 6852 99 60 650 970 543 676 901 996 414 184 17 458 19 485 532 787 571 964 865 964 955 2 246 176 283 461 726 423 173 377 273 665 687 466 344 679 63 454 204 162
259 20 7487 970 186 849 655 21 137 18 956 999 162 971 574 724 512 222 999 587 484 84 940 812 647 23 486 411 50 621 826 145 700 161 982 76 530 210 600 473 152 982 652
260 20 6526 756 524 171 355 567 727 150 150 448 77 234 753 541 466 194 87 714 728 19 340 508 454 356 253 671 74 8 311 709 866 979 479 324 733 171 390 63 217 575 613
261 20 7725 300 491 925 982 272 408 604 639 700 510 62 869 622 696 511 650 167 207 686 506 40 869 669 464 397 270 425 403 327 504 293 160 744 466 595 86 718 816 600 161
262 20 9244 174 633 461 349 773 909 951 283 130 764 789 302 739 451 607 338 412 346 375 259 731 679 150 869 460 400 887 237 821 855 866 68 752 253 548 632 393 769 537 583
263 20 7617 821 551 67 298 66 226 877 670 877 242 177 473 634 811 870 23 613 747 378 828 572 437 454 973 829 203 266 581 739 211 93 852 568 739 476 982 40 713 105 1
264 20 7692 63 259 642 270 453 770 700 60 520 541 430 497 973 786 681 243 798 479 319 392 119 485 389 934 91 617 662 159 728 568 471 595 417 262 586 629 47 451 526 815
265 20 9142 164 587 469 909 298 311 439 687 656 92 590 622 995 342 169 112 545 346 507 417 893 270 309 167 704 642 974 268 610 276 319 601 976 346 758 630 541 944 512 138
266 20 9463 783 464 764 685 551 190 808 922 945 54 539 551 124 135 942 824 630 396 539 644 740 232 19 22 531 757 538 275 460 622 770 9 687 684 494 171 956 213 9 279
267 20 7024 206 783 604 66 986 485 248 527 544 389 24 917 198 197 76 323 254 180 94 793 87 250 344 684 920 193 929 315 995 964 167 501 109 298 247 236 955 709 794 90
268 20 8230 710 898 233 286 920 528 731 568 828 864 390 482 187 810 870 864 461 183 358 702 567 213 230 166 585 274 331 121 648 859 866 635 249 665 471 10 200 727 453 120
269 20 7571 372 827 206 950 336 591 267 242 688 88 265 303 363 637 450 688 665 628 306 394 292 451 759 667 796 1000 302 926 207 693 639 995 948 518 238 97 517 34 848 474
270 20 6754 486 205 280 760 566 418 196 459 778 879 182 865 724 41 142 65 325 367 778 267 270 209 962 695 342 395 953 707 294 384 320 533 251 22 171 624 58 528 365 894
271 20 7808 285 354 735 763 899 988 14 348 839 979 130 655 356 654 482 70 444 786 401 917 441 521 369 570 113 784 391 20 744 15 736 726 526 895 697 641 666 95 492 572
272 20 7674 856 800 448 986 664 824 458 564 732 979 44 384 246 554 605 524 620 955 920 312 990 675 780 22 396 366 139 990 183 269 253 868 45 420 78 584 478 673 658 341
273 20 6638 108 157 470 927 843 560 143 954 596 513 467 10 70 171 761 266 24 352 600 891 611 409 413 529 127 978 889 215 441 137 491 689 429 810 255 559 328 191 232 272
274 20 7586 341 583 819 745 548 438 904 259 506 118 883 823 579 31 20 284 221 475 377 134 954 901 671 243 152 579 279 171 497 934 869 29 364 171 119 764 238 72 142 648
275 20 6199 211 972 979 881 443 86 90 449 111 620 73 925 309 997 479 242 647 759 329 554 748 145 450 183 204 609 342 195 33 189 991 877 21 357 824 172 200 677 265 771
276 20 7967 66 252 691 505 126 480 454 521 29 629 715 621 881 81 422 718 605 292 336 740 896 420 870 944 555 464 157 562 576 669 390 975 926 369 243 77 211 739 810 68
277 20 7760 283 644 739 728 846 217 409 632 158 289 938 293 317 853 703 427 359 15 548 688 264 260 211 353 185 974 878 2 402 346 575 545 401 646 217 376 466 387 801 264
278 20 6989 216 261 56 815 848 658 40 45 117 474 955 824 424 289 430 503 440 324 513 632 156 634 466 15 155 383 197 162 398 733 830 321 97 9 914 272 574 404 911 929
279 20 7228 320 686 411 760 927 569 493 190 603 440 823 530 577 373 629 730 432 786 169 253 158 365 539 134 41 6 973 422 272 332 564 108 475 437 26 894 553 446 50 3
280 20 7676 840 963 202 208 538 432 777 99 85 659 868 36 244 47 779 631 826 16 462 376 309 94 818 318 996 60 564 86 157 369 286 746 182 464 238 772 73 220 352 417
281 20 7854 369 427 606 779 975 938 879 494 26 883 956 328 646 31 781 195 665 198 307 761 491 641 654 682 612 918 657 196 266 353 381 161 29 978 58 965 359 122 101 971
282 20 7853 308 857 209 656 341 179 564 630 897 898 495 796 589 319 696 692 212 912 878 229 485 764 372 975 309 729 94 460 573 696 405 837 761 545 8 49 724 797 897 637
283 20 6961 325 691 8 625 593 146 722 419 237 908 205 91 363 93 753 115 341 694 815 399 806 10 238 403 835 604 709 284 32 179 177 569 587 754 161 354 682 101 113 785
284 20 8870 174 145 842 698 616 581 748 683 630 271 924 52 814 429 471 680 369 915 728 744 634 162 269 330 743 813 360 803 125 124 777 377 541 733 430 959 162 234 731 797
285 20 7596 82 718 371 856 275 931 539 408 510 422 177 622 805 745 608 230 478 885 707 435 168 938 905 782 644 778 597 685 640 812 524 551 606 374 214 550 506 743 139 482
286 20 8215 185 743 810 908 465 249 147 386 995 669 919 809 443 858 226 23 219 598 573 427 897 477 696 944 290 200 805 4 210 155 231 69 563 999 631 37 91 815 873 141
287 20 6854 334 133 163 334 728 819 88 609 124 869 191 525 943 828 910 146 646 331 132 17 879 223 257 826 825 693 353 110 321 869 208 102 704 215 112 861 426 87 224 527
288 20 8186 599 549 503 375 688 457 331 13 173 566 614 146 670 85 568 906 47 323 784 476 122 55 734 818 239 964 177 117 79 125 120 125 991 505 932 462 960 684 902 415
289 20 9396 218 130 283 319 164 229 634 403 875 679 476 955 962 867 63 474 930 973 535 725 946 659 989 334 26 900 58 766 809 64 731 475 889 756 721 581 602 291 834 186
290 20 8548 620 97 903 375 762 711 107 712 949 751 254 878 483 103 86 175 273 495 771 58 526 395 64 289 865 797 546 548 665 999 222 203 849 937 900 81 215 506 626 267
291 20 6622 722 828 534 211 345 87 148 320 69 37 343 620 449 787 608 300 325 960 34 797 744 763 842 269 698 350 398 962 941 964 360 875 438 449 47 444 80 189 153 632
292 20 6955 796 970 317 450 290 28 156 793 470 470 463 868 252 779 464 311 80 766 512 872 648 55 453 758 469 940 289 735 792 717 130 760 631 750 520 831 384 986 578 238
293 20 7702 935 8 110 460 720 46 733 840 105 703 98 968 87 592 224 798 187 494 974 125 340 801 947 112 468 284 299 375 120 149 184 987 935 378 992 157 286 132 884 633
294 20 7363 86 474 154 849 339 869 702 777 344 859 843 535 100 780 765 134 772 209 9 575 683 997 197 807 562 11 371 933 392 494 733 654 945 642 141 965 138 770 928 520
295 20 8956 981 718 706 725 811 985 574 160 924 620 76 917 124 645 759 102 942 416 186 138 696 18 548 461 64 255 33 624 631 166 717 457 806 922 986 262 400 104 231 170
296 20 6903 61 775 156 209 894 140 527 861 21 8 274 162 28 905 685 766 830 132 61 341 66 281 877 946 82 478 751 164 349 589 645 413 726 939 759 789 526 249 311 608
297 20 7086 381 420 198 413 727 3 398 908 647 775 118 628 725 743 986 170 362 132 600 292 163 607 27 956 260 42 276 550 230 533 553 316 456 622 933 921 469 454 349 72
298 20 8451 827 356 830 632 174 673 544 617 517 39 801 454 406 166 177 165 920 791 232 100 875 100 240 811 609 428 244 793 11 94 535 567 703 224 877 689 329 882 713 987
299 20 6765 431 812 813 836 509 750 622 300 791 650 787 981 2 919 27 839 746 221 270 238 364 464 179 957 267 186 334 279 908 385 284 523 190 463 22 135 363 281 548 45
300 20 5574 98 318 670 796 688 628 82 88 561 857 393 429 420 747 150 747 478 590 265 853 233 5 664 239 847 342 255 260 98 112 422 758 85 710 191 816 219 536 149 631
