1001 22 8207 595 834 172 452 216 295 951 617 486 610 808 38 547 514 89 401 856 457 977 566 61 568 28 776 731 200 144 2 109 259 660 470 586 120 602 242 800 702 543 89 269 901 29 89
2001 22 8207 543 89 269 901 109 259 29 89 216 295 808 38 89 401 547 514 800 702 586 120 977 566 856 457 61 568 595 834 660 470 28 776 144 2 602 242 731 200 172 452 486 610 951 617
1002 22 8406 197 675 162 877 829 70 602 978 530 235 671 170 30 852 954 956 32 657 354 294 59 833 166 937 943 629 854 549 334 130 342 298 640 790 654 741 297 690 936 520 350 189 572 548
2002 22 8406 334 130 654 741 671 170 350 189 829 70 936 520 530 235 32 657 943 629 954 956 162 877 30 852 854 549 602 978 297 690 640 790 59 833 354 294 166 937 197 675 572 548 342 298
1003 22 9154 782 751 722 539 708 813 332 198 951 427 701 248 46 448 466 867 270 650 634 708 588 862 691 307 592 67 744 152 693 780 345 72 199 216 138 543 86 962 535 833 477 607 743 454
2003 22 9154 345 72 782 751 46 448 951 427 743 454 744 152 722 539 86 962 693 780 535 833 634 708 466 867 708 813 588 862 477 607 592 67 691 307 270 650 199 216 701 248 332 198 138 543
1004 22 8852 928 927 672 638 219 100 208 202 516 437 503 313 768 108 322 982 471 571 261 933 575 801 305 682 102 950 330 137 818 740 316 175 666 48 643 392 379 795 350 905 770 774 944 966
2004 22 8852 643 392 666 48 516 437 944 966 316 175 503 313 305 682 208 202 330 137 350 905 102 950 575 801 379 795 672 638 471 571 322 982 261 933 768 108 219 100 928 927 818 740 770 774
1005 22 8680 260 412 65 99 796 605 872 399 769 132 553 184 68 839 228 617 692 475 784 634 773 906 161 628 268 382 776 773 639 409 162 754 96 866 904 558 138 886 476 188 887 791 484 102
2005 22 8680 476 188 904 558 887 791 769 132 260 412 162 754 268 382 553 184 773 906 68 839 639 409 784 634 138 886 692 475 796 605 96 866 161 628 484 102 65 99 228 617 872 399 776 773
1006 22 9512 63 383 125 637 877 324 435 676 853 586 577 809 863 980 343 114 599 502 657 242 454 264 919 232 751 642 796 283 56 660 635 646 171 575 645 528 44 890 309 698 948 266 770 586
2006 22 9512 877 324 56 660 919 232 599 502 44 890 657 242 751 642 645 528 435 676 948 266 343 114 171 575 770 586 635 646 309 698 125 637 863 980 853 586 454 264 577 809 796 283 63 383
1007 22 8701 423 185 232 226 245 943 223 434 970 980 185 911 398 503 167 579 265 518 319 663 917 859 75 909 281 849 457 992 471 375 777 408 430 341 990 705 875 553 944 218 300 463 933 194
2007 22 8701 167 579 398 503 875 553 232 226 471 375 300 463 319 663 933 194 990 705 281 849 430 341 777 408 265 518 423 185 457 992 245 943 970 980 223 434 917 859 75 909 944 218 185 911
1008 22 7256 67 807 281 825 539 841 459 925 80 301 534 223 387 701 448 631 823 71 332 361 785 167 529 203 157 295 354 10 379 631 710 511 450 789 490 801 97 183 84 124 981 288 104 559
2008 22 7256 281 825 448 631 332 361 450 789 534 223 823 71 490 801 379 631 529 203 84 124 67 807 387 701 80 301 981 288 157 295 104 559 97 183 785 167 459 925 710 511 354 10 539 841
1009 22 8236 670 498 444 256 297 406 312 173 237 366 52 810 119 509 468 454 711 403 384 150 118 990 801 385 62 225 806 870 440 701 822 402 813 615 243 927 326 498 857 845 890 947 423 789
2009 22 8236 326 498 297 406 801 385 312 173 670 498 237 366 62 225 440 701 468 454 890 947 384 150 119 509 423 789 857 845 243 927 118 990 806 870 813 615 711 403 52 810 822 402 444 256
1010 22 7716 879 378 462 500 88 274 320 933 573 110 170 142 994 340 677 910 243 269 8 928 42 659 330 348 296 258 940 386 119 443 4 945 263 604 401 234 568 642 990 300 962 622 317 98
2010 22 7716 401 234 42 659 263 604 568 642 462 500 879 378 677 910 330 348 8 928 119 443 317 98 243 269 170 142 940 386 88 274 990 300 320 933 994 340 573 110 962 622 296 258 4 945
1011 22 6748 192 746 1 207 209 632 6 788 429 898 976 313 356 660 15 276 982 855 34 253 379 260 289 817 98 963 316 324 852 54 7 332 801 895 93 58 1000 324 429 774 580 918 392 599
2011 22 6748 192 746 580 918 316 324 7 332 34 253 1 207 982 855 429 898 289 817 801 895 392 599 976 313 98 963 6 788 356 660 209 632 15 276 93 58 429 774 379 260 852 54 1000 324
1012 22 9012 151 632 221 321 533 706 537 489 773 557 973 592 882 175 151 884 653 904 71 150 472 386 591 448 646 867 781 839 67 963 472 501 765 730 557 348 602 120 896 875 194 141 278 836
2012 22 9012 67 963 221 321 653 904 591 448 557 348 472 386 537 489 278 836 896 875 71 150 646 867 151 884 773 557 973 592 151 632 765 730 533 706 194 141 882 175 602 120 472 501 781 839
1013 22 7158 188 228 595 635 633 896 594 291 164 957 120 815 481 658 172 494 912 429 921 697 302 955 249 524 210 385 165 440 961 473 767 590 362 780 119 505 153 420 376 999 421 768 83 673
2013 22 7158 164 957 594 291 961 473 376 999 83 673 767 590 421 768 921 697 362 780 633 896 249 524 481 658 153 420 188 228 119 505 172 494 165 440 210 385 912 429 302 955 120 815 595 635
1014 22 9267 959 116 865 932 407 100 75 915 711 55 789 415 826 536 200 334 169 898 904 798 3 751 318 238 798 416 376 695 150 736 413 940 877 163 935 840 439 898 595 39 724 393 51 851
2014 22 9267 318 238 376 695 200 334 826 536 3 751 724 393 798 416 865 932 439 898 711 55 595 39 150 736 904 798 51 851 75 915 959 116 407 100 789 415 169 898 877 163 935 840 413 940
1015 22 8232 798 979 564 16 926 165 860 4 161 779 394 235 867 11 412 297 141 135 316 688 59 790 411 92 280 754 198 657 450 782 430 273 955 192 409 415 376 233 200 903 297 297 787 168
2015 22 8232 798 979 955 192 409 415 59 790 200 903 297 297 412 297 394 235 280 754 141 135 376 233 411 92 564 16 787 168 198 657 867 11 161 779 926 165 860 4 430 273 450 782 316 688
1016 22 10100 613 33 202 182 675 451 299 738 465 751 967 349 857 871 133 566 869 794 316 861 933 401 358 543 688 462 522 411 91 619 452 19 716 527 894 617 460 863 576 37 630 494 909 514
2016 22 10100 299 738 316 861 857 871 933 401 967 349 358 543 613 33 133 566 576 37 91 619 202 182 909 514 522 411 460 863 675 451 630 494 465 751 688 462 716 527 869 794 452 19 894 617
1017 22 8168 141 621 43 977 176 129 470 849 39 869 661 925 241 33 75 593 525 187 931 317 908 955 118 768 526 134 820 457 284 216 724 105 365 512 749 356 567 512 925 530 144 505 779 568
2017 22 8168 526 134 43 977 39 869 820 457 144 505 118 768 925 530 176 129 749 356 284 216 75 593 525 187 931 317 141 621 661 925 724 105 908 955 241 33 365 512 567 512 779 568 470 849
1018 22 7215 230 65 694 506 130 665 720 236 946 812 833 913 376 364 142 783 307 515 4 472 261 230 320 458 43 876 262 436 913 364 228 558 883 904 757 570 36 527 506 465 57 381 371 906
2018 22 7215 320 458 57 381 371 906 833 913 228 558 142 783 913 364 43 876 946 812 130 665 262 436 230 65 757 570 376 364 307 515 694 506 36 527 883 904 720 236 261 230 506 465 4 472
1019 22 8541 429 185 237 157 612 122 771 502 57 674 873 743 159 659 246 540 996 687 117 838 67 248 123 464 816 948 267 19 419 868 309 166 280 570 485 332 973 261 879 849 990 655 572 898
2019 22 8541 879 849 429 185 612 122 267 19 990 655 123 464 117 838 246 540 973 261 280 570 572 898 237 157 873 743 309 166 159 659 996 687 419 868 57 674 816 948 67 248 485 332 771 502
1020 22 10716 462 81 693 156 967 229 428 494 599 78 846 259 757 358 734 72 344 652 676 56 652 530 323 431 637 3 687 80 715 916 551 24 899 595 812 882 965 530 372 294 20 775 256 519
2020 22 10716 965 530 967 229 757 358 846 259 372 294 256 519 652 530 687 80 20 775 599 78 428 494 812 882 344 652 462 81 715 916 551 24 734 72 899 595 637 3 323 431 676 56 693 156
1021 22 8693 568 708 457 925 82 368 607 94 573 991 288 735 764 24 620 484 648 496 640 968 714 489 735 869 7 653 944 281 9 516 970 249 75 32 375 939 754 991 118 268 100 899 819 693
2021 22 8693 640 968 735 869 75 32 573 991 118 268 568 708 375 939 100 899 607 94 620 484 9 516 714 489 819 693 970 249 7 653 754 991 457 925 648 496 764 24 944 281 288 735 82 368
1022 22 8860 495 326 771 130 768 134 300 408 713 979 577 892 131 776 134 469 722 587 815 976 676 741 525 122 537 494 595 37 632 931 530 315 99 747 875 907 311 793 135 406 112 630 623 386
2022 22 8860 530 315 632 931 623 386 300 408 495 326 768 134 815 976 722 587 525 122 99 747 134 469 135 406 577 892 595 37 131 776 676 741 537 494 311 793 771 130 112 630 713 979 875 907
1023 22 9197 858 237 450 329 828 753 448 866 997 14 867 792 542 969 320 924 682 552 369 201 426 933 20 540 972 115 288 140 134 304 480 561 966 398 540 552 297 167 381 839 391 531 241 992
2023 22 9197 480 561 288 140 320 924 426 933 134 304 391 531 297 167 369 201 858 237 450 329 542 969 241 992 828 753 381 839 997 14 972 115 682 552 448 866 867 792 20 540 966 398 540 552
1024 22 8507 871 165 512 909 762 123 24 535 500 673 15 798 789 884 218 37 447 390 642 336 84 820 364 370 756 18 256 158 155 999 942 766 932 457 89 864 81 465 828 784 978 451 389 934
2024 22 8507 789 884 89 864 500 673 828 784 447 390 364 370 155 999 15 798 978 451 24 535 642 336 81 465 512 909 932 457 389 934 756 18 942 766 871 165 84 820 762 123 218 37 256 158
1025 22 9077 299 658 387 720 179 784 496 197 164 657 716 924 834 63 889 674 900 991 289 635 217 420 293 156 848 338 857 13 411 457 398 213 459 348 720 325 580 474 766 983 141 909 504 790
2025 22 9077 834 63 217 420 766 983 504 790 299 658 179 784 889 674 857 13 459 348 164 657 293 156 141 909 720 325 496 197 848 338 289 635 900 991 398 213 411 457 580 474 716 924 387 720
1026 22 8360 665 454 836 920 117 946 738 199 909 484 678 951 90 900 839 850 439 430 654 301 914 467 341 406 851 130 81 705 78 928 84 349 140 507 916 895 56 53 530 871 111 840 384 402
2026 22 8360 111 840 914 467 117 946 81 705 851 130 140 507 56 53 839 850 738 199 909 484 916 895 84 349 530 871 836 920 678 951 439 430 341 406 384 402 90 900 78 928 654 301 665 454
1027 22 7508 452 345 157 222 298 539 706 625 921 128 428 453 913 703 604 574 533 138 578 101 481 425 695 316 302 864 84 957 174 520 503 334 125 355 75 149 771 548 357 522 222 736 7 673
2027 22 7508 578 101 604 574 428 453 302 864 157 222 84 957 771 548 75 149 706 625 533 138 921 128 913 703 452 345 7 673 174 520 481 425 695 316 357 522 503 334 222 736 125 355 298 539
1028 22 10086 968 300 21 700 502 487 989 390 992 389 482 508 365 787 615 114 639 476 931 108 584 381 74 976 422 597 117 677 856 458 643 181 359 469 751 188 736 803 500 556 334 946 728 271
2028 22 10086 334 946 500 556 992 389 736 803 584 381 74 976 21 700 365 787 751 188 856 458 482 508 359 469 968 300 728 271 117 677 643 181 989 390 639 476 422 597 615 114 931 108 502 487
1029 22 10100 555 790 724 110 994 439 597 1000 606 31 752 583 676 516 52 401 322 580 1 157 780 224 382 927 856 226 142 274 562 754 826 658 593 36 825 371 695 346 767 5 806 646 113 116
2029 22 10100 1 157 806 646 606 31 856 226 780 224 695 346 562 754 597 1000 826 658 593 36 555 790 676 516 825 371 767 5 994 439 142 274 322 580 113 116 52 401 724 110 752 583 382 927
1030 22 9347 252 783 838 272 755 432 979 397 645 648 548 976 244 633 670 96 513 100 919 586 784 248 636 155 759 730 490 25 123 180 187 912 168 90 263 199 46 303 622 895 705 919 538 217
2030 22 9347 759 730 513 100 919 586 636 155 187 912 490 25 538 217 979 397 548 976 168 90 622 895 838 272 252 783 784 248 755 432 244 633 670 96 263 199 645 648 705 919 46 303 123 180
1031 22 10180 371 483 465 315 82 196 879 591 623 181 968 392 850 480 558 221 179 254 993 998 808 749 543 686 949 730 472 720 188 38 474 515 906 346 758 604 110 153 352 727 681 895 516 51
2031 22 10180 879 591 472 720 82 196 465 315 110 153 352 727 906 346 758 604 949 730 371 483 850 480 558 221 516 51 968 392 188 38 543 686 179 254 681 895 474 515 808 749 623 181 993 998
1032 22 9695 880 315 125 257 395 80 978 675 598 366 54 187 824 364 989 567 638 125 532 244 794 8 459 369 209 246 510 538 393 517 574 40 180 796 724 463 834 426 667 346 709 84 53 772
2032 22 9695 598 366 709 84 880 315 824 364 724 463 209 246 978 675 459 369 574 40 53 772 834 426 54 187 395 80 510 538 532 244 989 567 638 125 180 796 393 517 667 346 794 8 125 257
1033 22 8398 713 555 326 677 4 448 369 455 247 800 947 378 187 447 643 260 585 306 467 209 208 278 737 974 670 579 65 756 943 823 918 916 22 376 969 164 79 197 792 978 146 360 461 636
2033 22 8398 670 579 713 555 187 447 947 378 4 448 585 306 247 800 969 164 146 360 918 916 208 278 943 823 792 978 461 636 22 376 79 197 369 455 326 677 737 974 65 756 467 209 643 260
1034 22 9846 230 874 658 703 741 369 737 16 532 879 945 931 799 163 240 107 494 170 245 384 303 170 901 996 256 548 842 567 906 468 606 18 704 299 133 526 55 490 604 654 749 187 628 645
2034 22 9846 842 567 494 170 606 18 245 384 55 490 256 548 240 107 303 170 628 645 704 299 532 879 737 16 230 874 749 187 604 654 741 369 133 526 799 163 658 703 901 996 945 931 906 468
1035 22 7803 155 964 54 846 812 372 326 625 175 976 813 422 411 801 721 632 642 877 961 350 232 540 41 147 355 973 703 490 69 938 749 549 103 9 276 960 16 630 913 427 269 643 958 614
2035 22 7803 103 9 749 549 703 490 961 350 155 964 16 630 958 614 411 801 232 540 269 643 326 625 355 973 54 846 276 960 41 147 175 976 812 372 642 877 721 632 913 427 69 938 813 422
1036 22 8464 367 227 465 692 183 662 157 594 523 400 872 879 33 41 38 59 493 205 849 243 940 392 511 542 397 487 411 780 301 292 840 38 706 180 419 918 368 868 500 790 256 118 952 366
2036 22 8464 706 180 493 205 33 41 872 879 465 692 301 292 419 918 38 59 367 227 183 662 940 392 523 400 157 594 511 542 840 38 952 366 500 790 256 118 411 780 368 868 397 487 849 243
1037 22 8344 917 1 688 217 453 213 412 337 275 933 152 632 180 569 323 675 85 197 518 615 407 553 639 726 50 260 801 435 132 193 22 548 809 151 553 484 886 374 916 982 328 51 884 348
2037 22 8344 884 348 275 933 917 1 453 213 22 548 323 675 412 337 553 484 132 193 916 982 85 197 639 726 180 569 801 435 518 615 328 51 407 553 886 374 688 217 50 260 152 632 809 151
1038 22 8488 379 434 951 813 9 557 201 636 662 255 140 800 334 624 15 266 101 886 251 415 804 721 650 229 638 138 982 457 497 711 140 211 618 880 685 304 806 57 718 763 631 733 398 310
2038 22 8488 631 733 101 886 9 557 662 255 650 229 806 57 497 711 638 138 15 266 951 813 982 457 251 415 718 763 334 624 618 880 398 310 804 721 685 304 201 636 140 800 379 434 140 211
1039 22 9076 753 379 116 404 427 154 500 581 229 569 50 491 473 32 545 284 865 407 478 449 584 824 11 382 961 775 215 201 560 683 20 369 914 744 941 745 998 463 605 926 375 386 726 45
2039 22 9076 865 407 11 382 914 744 229 569 545 284 116 404 50 491 375 386 961 775 753 379 726 45 584 824 478 449 941 745 215 201 560 683 427 154 500 581 20 369 605 926 473 32 998 463
1040 22 10334 840 410 372 813 898 394 537 490 854 83 699 771 907 563 703 32 941 314 509 935 179 448 385 470 342 621 760 616 841 217 978 62 69 717 400 180 212 350 765 151 131 201 596 662
2040 22 10334 760 616 978 62 907 563 212 350 385 470 596 662 941 314 537 490 840 410 841 217 400 180 342 621 69 717 765 151 854 83 898 394 372 813 131 201 703 32 509 935 699 771 179 448
1041 22 8204 600 648 403 367 162 430 427 884 256 142 939 214 49 50 253 924 332 921 998 705 331 465 601 608 769 875 828 159 24 800 367 199 803 928 44 863 763 190 849 426 452 771 5 851
2041 22 8204 452 771 763 190 49 50 367 199 803 928 331 465 253 924 600 648 5 851 828 159 24 800 44 863 403 367 939 214 427 884 256 142 849 426 162 430 332 921 601 608 998 705 769 875
1042 22 7702 447 396 605 651 495 906 377 791 155 370 589 603 653 45 506 609 816 10 374 281 341 69 398 898 315 516 586 824 475 797 272 7 640 433 340 290 321 633 259 279 540 245 124 22
2042 22 7702 447 396 341 69 495 906 589 603 398 898 586 824 272 7 540 245 321 633 653 45 374 281 259 279 475 797 640 433 816 10 124 22 315 516 506 609 377 791 340 290 155 370 605 651
1043 22 10654 280 564 927 741 387 268 262 778 554 615 511 100 619 338 789 713 904 501 370 65 701 726 326 443 62 964 325 99 971 419 904 121 845 6 825 40 824 663 747 826 320 45 865 461
2043 22 10654 387 268 511 100 370 65 619 338 747 826 326 443 62 964 971 419 865 461 280 564 554 615 262 778 927 741 701 726 824 663 845 6 904 501 325 99 904 121 825 40 789 713 320 45
1044 22 9284 766 95 160 578 113 895 107 216 558 216 194 840 958 343 701 184 577 270 991 436 844 662 628 159 373 129 652 760 150 989 697 972 961 294 728 10 209 637 843 191 345 666 51 615
2044 22 9284 652 760 160 578 843 191 209 637 345 666 697 972 961 294 701 184 577 270 150 989 558 216 113 895 766 95 844 662 728 10 991 436 107 216 958 343 628 159 194 840 51 615 373 129
1045 22 7669 11 474 449 179 522 186 428 182 534 433 474 713 72 717 915 632 84 81 911 529 7 516 894 597 365 780 447 801 625 139 302 557 869 507 51 685 534 651 174 715 463 218 456 322
2045 22 7669 365 780 447 801 911 529 84 81 428 182 522 186 11 474 463 218 474 713 534 433 625 139 174 715 51 685 534 651 894 597 449 179 302 557 456 322 869 507 915 632 7 516 72 717
1046 22 7000 674 199 74 959 746 880 10 544 32 866 146 285 167 697 890 806 648 653 407 664 125 849 799 390 218 647 248 59 212 992 809 294 55 12 407 711 983 538 75 347 863 429 162 505
2046 22 7000 809 294 75 347 32 866 407 711 983 538 799 390 125 849 74 959 212 992 407 664 162 505 863 429 218 647 674 199 746 880 167 697 890 806 55 12 648 653 248 59 10 544 146 285
1047 22 9543 258 607 811 302 397 736 414 482 707 606 37 840 953 563 962 738 844 242 937 120 671 415 936 743 810 489 803 345 626 71 233 336 95 257 474 833 92 710 359 762 407 700 103 688
2047 22 9543 92 710 37 840 95 257 414 482 671 415 397 736 811 302 937 120 707 606 103 688 474 833 359 762 233 336 626 71 962 738 844 242 407 700 810 489 258 607 936 743 803 345 953 563
1048 22 9983 586 577 889 329 930 200 862 361 668 824 642 293 556 733 640 359 34 564 259 3 279 174 78 806 844 280 397 342 933 981 106 199 667 430 441 668 566 768 842 816 798 225 462 662
2048 22 9983 862 361 279 174 642 293 586 577 397 342 640 359 441 668 798 225 667 430 844 280 34 564 462 662 556 733 889 329 106 199 566 768 930 200 259 3 668 824 933 981 842 816 78 806
1049 22 9237 545 319 202 143 382 566 1000 676 775 585 206 569 426 386 357 579 813 17 815 10 560 934 751 583 698 141 10 456 161 709 549 830 312 771 711 840 121 541 873 880 402 315 878 724
2049 22 9237 121 541 815 10 312 771 873 880 813 17 206 569 357 579 1000 676 202 143 10 456 751 583 545 319 426 386 382 566 878 724 402 315 161 709 698 141 560 934 775 585 711 840 549 830
1050 22 7902 696 350 57 890 746 393 359 813 546 945 88 729 493 944 706 795 177 558 479 288 676 407 118 1 681 466 387 209 528 140 518 756 127 37 149 504 597 719 857 545 150 131 743 671
2050 22 7902 127 37 743 671 696 350 150 131 493 944 479 288 518 756 706 795 857 545 676 407 597 719 681 466 88 729 177 558 118 1 387 209 746 393 359 813 546 945 57 890 149 504 528 140
1051 22 7144 597 694 251 887 387 201 337 884 718 185 247 513 105 296 63 973 311 150 249 569 985 848 689 126 93 158 618 145 49 795 338 374 620 391 19 364 659 864 423 332 624 859 549 952
2051 22 7144 624 859 247 513 718 185 105 296 338 374 689 126 49 795 19 364 618 145 311 150 249 569 93 158 620 391 659 864 423 332 597 694 549 952 985 848 337 884 251 887 63 973 387 201
1052 22 7692 155 512 505 445 112 65 176 173 860 329 858 333 220 996 305 622 670 478 361 534 985 93 387 495 286 334 315 178 360 151 397 744 953 150 1 667 652 405 340 501 276 483 442 877
2052 22 7692 985 93 670 478 315 178 155 512 360 151 1 667 397 744 505 445 220 996 276 483 361 534 858 333 442 877 340 501 176 173 860 329 953 150 652 405 387 495 305 622 112 65 286 334
1053 22 10075 280 543 569 853 298 378 586 714 2 156 811 37 176 647 709 695 935 937 828 529 974 714 793 364 710 855 359 918 378 182 649 376 572 217 441 906 20 447 741 493 919 364 844 764
2053 22 10075 572 217 649 376 569 853 793 364 176 647 359 918 586 714 741 493 811 37 2 156 20 447 298 378 709 695 919 364 378 182 828 529 844 764 710 855 935 937 280 543 974 714 441 906
1054 22 8204 358 232 850 163 291 628 622 715 419 612 121 414 996 991 318 996 324 472 888 251 137 84 670 497 221 456 23 249 430 343 122 124 751 580 674 896 346 245 903 893 493 101 298 521
2054 22 8204 622 715 221 456 850 163 430 343 670 497 358 232 298 521 751 580 493 101 291 628 318 996 419 612 122 124 137 84 23 249 674 896 888 251 324 472 996 991 121 414 346 245 903 893
1055 22 9306 469 469 478 361 302 655 888 73 894 205 431 70 309 585 903 858 964 433 434 637 157 487 304 650 700 818 604 215 821 308 246 184 599 7 764 794 773 844 238 518 214 741 141 436
2055 22 9306 304 650 141 436 773 844 157 487 903 858 431 70 478 361 964 433 434 637 894 205 604 215 700 818 302 655 599 7 214 741 764 794 246 184 821 308 238 518 309 585 888 73 469 469
1056 22 8700 638 237 89 253 823 858 983 425 160 430 277 1 826 982 40 304 380 711 644 758 975 755 690 769 289 535 735 643 336 717 888 404 249 905 478 426 738 780 262 396 55 179 321 923
2056 22 8700 40 304 160 430 644 758 735 643 262 396 975 755 823 858 321 923 983 425 89 253 249 905 826 982 277 1 289 535 638 237 888 404 738 780 336 717 380 711 478 426 690 769 55 179
1057 22 8459 908 239 121 125 708 642 163 350 374 266 17 77 536 726 345 948 807 233 445 997 889 30 571 859 42 958 946 395 665 109 163 182 931 354 522 231 288 990 231 82 780 31 122 359
2057 22 8459 345 948 536 726 42 958 122 359 931 354 908 239 374 266 946 395 780 31 163 350 445 997 121 125 17 77 708 642 163 182 288 990 665 109 571 859 522 231 231 82 807 233 889 30
1058 22 8454 742 392 606 116 935 275 11 569 561 514 133 445 994 980 28 891 851 283 268 486 484 647 772 20 222 363 257 818 762 650 266 420 631 580 230 861 587 665 246 375 559 475 423 177
2058 22 8454 935 275 268 486 559 475 246 375 423 177 561 514 484 647 762 650 851 283 222 363 28 891 257 818 266 420 606 116 230 861 631 580 11 569 742 392 133 445 772 20 587 665 994 980
1059 22 8513 356 463 924 902 12 547 591 693 543 359 905 659 535 927 145 445 183 617 311 682 382 552 736 184 773 650 389 955 878 780 675 507 224 471 694 330 220 157 125 458 444 893 597 200
2059 22 8513 224 471 675 507 220 157 736 184 773 650 311 682 183 617 591 693 356 463 444 893 382 552 694 330 543 359 535 927 125 458 145 445 878 780 389 955 597 200 905 659 924 902 12 547
1060 22 8526 850 487 758 123 629 275 577 545 231 502 435 214 289 122 423 618 847 685 453 810 824 123 155 306 74 154 433 52 337 183 101 360 100 333 98 409 783 661 832 312 591 337 838 226
2060 22 8526 100 333 98 409 435 214 155 306 231 502 847 685 838 226 783 661 758 123 423 618 337 183 453 810 850 487 74 154 591 337 289 122 629 275 577 545 824 123 433 52 101 360 832 312
1061 22 9941 147 277 815 928 186 934 459 914 916 902 378 95 747 772 234 677 123 592 791 641 729 84 676 134 817 943 737 164 70 431 973 918 149 359 370 630 796 634 629 9 883 30 802 382
2061 22 9941 883 30 234 677 802 382 796 634 123 592 817 943 186 934 147 277 676 134 973 918 459 914 729 84 916 902 737 164 70 431 629 9 149 359 370 630 747 772 791 641 815 928 378 95
1062 22 8321 98 836 858 100 55 945 804 900 480 353 449 824 498 351 783 502 491 943 65 998 759 831 648 766 155 709 176 265 138 757 724 721 469 994 615 83 142 401 330 391 675 594 990 374
2062 22 8321 55 945 759 831 98 836 176 265 138 757 804 900 858 100 449 824 480 353 615 83 65 998 155 709 498 351 648 766 990 374 469 994 724 721 491 943 675 594 142 401 783 502 330 391
1063 22 6972 101 801 203 960 624 409 297 798 971 436 961 165 295 425 595 336 62 866 74 131 555 995 11 756 150 620 353 907 865 261 483 58 271 476 315 99 484 179 104 798 133 295 808 815
2063 22 6972 11 756 133 295 203 960 62 866 271 476 101 801 353 907 150 620 808 815 555 995 483 58 315 99 295 425 961 165 971 436 297 798 624 409 484 179 104 798 865 261 74 131 595 336
1064 22 8864 319 762 558 287 114 45 187 267 66 58 661 558 977 83 876 89 103 826 909 949 850 510 951 921 636 997 956 815 91 441 371 747 69 899 666 196 25 255 891 625 265 212 540 521
2064 22 8864 69 899 187 267 25 255 103 826 558 287 956 815 876 89 951 921 91 441 977 83 909 949 66 58 319 762 265 212 661 558 891 625 540 521 114 45 636 997 850 510 666 196 371 747
1065 22 8967 343 890 60 763 340 106 231 251 352 328 50 743 576 422 820 237 147 487 583 375 979 801 646 47 411 394 388 934 703 409 863 338 690 134 695 667 961 832 501 969 865 348 5 718
2065 22 8967 865 348 695 667 703 409 961 832 343 890 576 422 411 394 583 375 646 47 352 328 979 801 863 338 50 743 340 106 231 251 690 134 820 237 60 763 5 718 388 934 147 487 501 969
1066 22 8764 943 873 39 770 162 508 791 953 853 834 146 289 637 74 55 280 670 582 316 136 906 281 657 886 136 453 155 379 557 950 971 601 199 512 719 670 768 424 742 7 234 281 300 277
2066 22 8764 557 950 155 379 146 289 670 582 742 7 637 74 791 953 768 424 943 873 300 277 316 136 971 601 39 770 199 512 719 670 162 508 136 453 906 281 234 281 853 834 55 280 657 886
1067 22 8750 965 863 40 284 547 711 814 962 394 242 366 18 550 596 856 501 210 116 763 216 592 671 76 658 774 965 451 485 158 597 241 393 470 186 536 771 979 941 976 104 31 275 149 70
2067 22 8750 547 711 149 70 592 671 210 116 76 658 241 393 394 242 976 104 550 596 814 962 40 284 470 186 451 485 366 18 536 771 158 597 965 863 856 501 979 941 31 275 774 965 763 216
1068 22 11307 913 178 694 857 210 338 6 405 903 39 977 754 486 131 420 134 813 14 596 188 933 96 786 810 876 520 296 453 234 235 502 242 790 209 620 935 890 368 540 213 941 706 708 628
2068 22 11307 694 857 933 96 420 134 210 338 502 242 708 628 941 706 977 754 813 14 596 188 786 810 486 131 913 178 296 453 876 520 890 368 6 405 790 209 620 935 540 213 234 235 903 39
1069 22 9404 674 628 39 133 947 648 708 394 155 134 487 128 539 537 287 156 185 617 578 759 403 145 904 620 124 698 181 67 775 788 905 328 824 295 808 606 699 996 616 799 349 564 569 489
2069 22 9404 904 620 674 628 775 788 708 394 824 295 287 156 181 67 124 698 349 564 578 759 616 799 947 648 905 328 155 134 808 606 185 617 39 133 487 128 699 996 539 537 403 145 569 489
1070 22 8173 569 884 565 432 889 96 837 418 723 930 637 779 131 903 80 629 363 693 124 906 408 797 815 909 567 592 409 785 545 701 447 360 15 506 460 809 208 512 613 810 247 520 565 691
2070 22 8173 565 691 569 884 208 512 15 506 815 909 545 701 124 906 637 779 567 592 408 797 131 903 80 629 723 930 447 360 613 810 409 785 565 432 247 520 837 418 889 96 363 693 460 809
1071 22 10587 299 299 550 360 527 23 165 101 786 118 786 226 781 969 735 337 43 147 932 382 969 3 696 148 383 207 483 279 760 431 443 892 717 954 557 663 710 524 939 505 164 41 809 769
2071 22 10587 760 431 527 23 786 118 696 148 550 360 710 524 809 769 164 41 557 663 939 505 781 969 735 337 43 147 383 207 483 279 786 226 932 382 443 892 299 299 165 101 969 3 717 954
1072 22 7565 153 846 399 401 79 647 558 824 653 400 430 116 98 260 545 311 458 601 233 310 271 459 466 563 123 884 726 14 197 611 881 402 816 559 424 558 231 700 780 134 477 615 459 387
2072 22 7565 399 401 153 846 545 311 98 260 558 824 197 611 424 558 233 310 816 559 459 387 477 615 231 700 653 400 881 402 430 116 123 884 466 563 726 14 79 647 458 601 780 134 271 459
1073 22 7775 317 160 67 906 401 676 723 324 955 1 258 585 790 284 302 401 951 24 113 912 570 802 866 768 191 519 691 902 83 874 697 872 451 80 83 648 622 960 461 128 32 460 95 140
2073 22 7775 691 902 32 460 570 802 258 585 67 906 451 80 955 1 302 401 723 324 866 768 622 960 83 648 95 140 83 874 113 912 317 160 951 24 790 284 191 519 461 128 697 872 401 676
1074 22 8386 694 248 172 328 319 788 217 342 286 471 644 231 685 473 425 656 490 409 383 353 395 801 252 486 786 505 640 69 3 600 475 743 711 747 956 245 635 681 760 123 278 958 277 663
2074 22 8386 640 69 217 342 475 743 685 473 319 788 383 353 490 409 277 663 956 245 635 681 425 656 644 231 252 486 278 958 786 505 760 123 694 248 286 471 395 801 172 328 711 747 3 600
1075 22 10520 636 55 142 796 1000 81 800 911 113 177 129 738 615 231 792 86 469 663 773 795 760 730 866 41 120 669 610 190 114 263 839 571 532 368 311 144 979 974 950 728 905 991 695 285
2075 22 10520 120 669 839 571 113 177 905 991 792 86 610 190 950 728 800 911 129 738 615 231 866 41 1000 81 311 144 773 795 142 796 979 974 469 663 532 368 114 263 760 730 636 55 695 285
1076 22 7871 63 784 434 665 125 44 669 607 349 3 306 578 1000 50 411 224 180 239 748 27 397 865 829 274 604 939 307 359 985 789 578 283 8 494 113 238 459 367 259 37 59 658 956 777
2076 22 7871 63 784 59 658 748 27 434 665 307 359 459 367 306 578 956 777 180 239 8 494 113 238 604 939 349 3 259 37 578 283 669 607 1000 50 985 789 125 44 829 274 397 865 411 224
1077 22 8388 822 748 797 805 779 319 122 288 650 690 608 678 778 316 270 248 425 593 503 44 156 810 204 164 238 766 517 550 251 550 754 400 33 571 162 205 217 237 928 698 308 48 964 710
2077 22 8388 156 810 517 550 162 205 608 678 238 766 204 164 503 44 122 288 251 550 33 571 779 319 754 400 425 593 928 698 822 748 270 248 650 690 308 48 797 805 778 316 217 237 964 710
1078 22 9697 197 10 80 204 191 622 916 858 370 614 996 439 779 406 50 660 514 351 729 193 567 308 765 343 975 694 336 176 954 278 384 859 824 448 319 838 765 325 757 760 89 915 565 728
2078 22 9697 319 838 567 308 370 614 765 325 729 193 80 204 975 694 514 351 191 622 565 728 996 439 765 343 916 858 954 278 779 406 757 760 50 660 824 448 197 10 336 176 89 915 384 859
1079 22 11019 236 525 714 984 974 289 967 696 820 757 110 146 713 873 726 445 522 815 635 912 465 808 798 57 673 329 203 840 281 966 93 929 584 880 802 598 919 781 902 699 957 635 680 110
2079 22 11019 93 929 584 880 110 146 635 912 798 57 714 984 465 808 281 966 203 840 522 815 680 110 967 696 726 445 713 873 974 289 919 781 802 598 957 635 673 329 902 699 236 525 820 757
1080 22 9263 944 589 537 505 507 867 75 159 83 658 920 75 571 866 291 377 638 643 529 817 893 325 431 106 702 597 937 433 763 556 535 177 85 982 861 719 455 676 109 510 215 857 498 873
2080 22 9263 83 658 498 873 537 505 109 510 944 589 75 159 535 177 215 857 507 867 455 676 937 433 920 75 431 106 291 377 638 643 861 719 85 982 702 597 893 325 571 866 763 556 529 817
1081 22 7632 462 420 155 59 247 509 199 258 899 588 455 736 677 48 910 951 644 278 256 47 77 534 168 6 731 804 158 838 626 738 4 683 766 804 767 169 31 831 26 747 827 83 456 421
2081 22 7632 626 738 158 838 456 421 767 169 899 588 155 59 644 278 77 534 247 509 26 747 462 420 455 736 766 804 731 804 910 951 168 6 31 831 199 258 4 683 256 47 677 48 827 83
1082 22 7963 104 720 752 624 256 414 203 475 667 321 53 54 706 217 544 645 68 485 852 208 137 435 354 201 473 183 166 316 403 375 239 506 948 93 960 240 239 160 913 261 112 829 805 618
2082 22 7963 948 93 805 618 104 720 68 485 667 321 544 645 137 435 239 160 913 261 752 624 53 54 960 240 706 217 112 829 203 475 256 414 166 316 239 506 403 375 473 183 354 201 852 208
1083 22 9984 826 713 901 711 292 148 859 154 330 59 297 379 365 799 154 788 211 136 906 828 948 603 107 814 605 847 895 876 937 695 600 662 598 483 299 899 785 842 230 632 802 462 534 85
2083 22 9984 534 85 948 603 826 713 598 483 297 379 802 462 785 842 107 814 895 876 330 59 906 828 901 711 230 632 937 695 211 136 605 847 292 148 365 799 600 662 859 154 154 788 299 899
1084 22 9209 566 750 288 699 595 472 410 186 848 733 942 407 653 431 974 884 151 799 610 928 139 221 673 748 545 393 204 962 274 871 442 425 970 80 295 706 441 883 869 459 192 570 431 872
2084 22 9209 295 706 610 928 192 570 595 472 970 80 431 872 139 221 869 459 441 883 151 799 442 425 288 699 942 407 204 962 545 393 848 733 974 884 274 871 410 186 653 431 566 750 673 748
1085 22 9009 273 389 771 810 23 731 978 570 664 65 324 615 939 399 148 394 949 962 377 996 846 235 980 714 9 4 749 186 632 622 189 667 200 510 909 257 65 662 743 973 378 719 116 915
2085 22 9009 743 973 116 915 189 667 771 810 23 731 939 399 749 186 909 257 846 235 378 719 949 962 9 4 377 996 664 65 632 622 978 570 324 615 148 394 200 510 980 714 65 662 273 389
1086 22 7928 63 613 798 9 184 47 220 953 533 899 161 318 272 809 447 455 151 611 52 264 328 511 156 870 803 652 941 900 517 700 882 20 136 286 689 303 846 236 237 372 934 608 561 799
2086 22 7928 272 809 151 611 803 652 846 236 941 900 798 9 220 953 882 20 136 286 63 613 237 372 447 455 328 511 517 700 533 899 934 608 156 870 52 264 161 318 184 47 561 799 689 303
1087 22 9350 158 966 799 511 421 316 941 271 587 598 412 34 263 233 99 282 769 74 471 600 958 838 836 488 225 180 595 229 424 434 168 669 445 635 665 49 998 531 621 706 747 464 86 322
2087 22 9350 445 635 621 706 595 229 263 233 769 74 168 669 958 838 421 316 99 282 471 600 158 966 412 34 587 598 799 511 747 464 941 271 665 49 225 180 836 488 424 434 998 531 86 322
1088 22 10134 401 929 172 85 904 559 919 103 684 881 606 734 805 815 493 588 757 457 781 46 303 346 18 878 534 477 526 377 772 220 182 273 578 997 817 369 781 933 271 894 766 700 598 796
2088 22 10134 172 85 904 559 598 796 493 588 757 457 919 103 578 997 18 878 401 929 303 346 182 273 526 377 271 894 772 220 684 881 805 815 781 46 766 700 606 734 534 477 817 369 781 933
1089 22 9836 474 648 794 464 817 446 861 101 988 298 354 124 262 278 889 404 702 78 613 101 845 60 251 902 298 876 518 747 88 610 684 739 712 360 535 255 668 106 75 342 52 687 815 544
2089 22 9836 794 464 354 124 88 610 52 687 712 360 251 902 668 106 613 101 75 342 861 101 889 404 988 298 298 876 262 278 535 255 845 60 815 544 817 446 684 739 474 648 702 78 518 747
1090 22 9757 826 709 807 402 550 42 656 693 2 190 986 53 954 462 78 633 254 127 125 949 731 167 359 848 77 476 631 612 811 502 544 720 624 822 247 906 880 895 421 229 973 227 661 660
2090 22 9757 2 190 77 476 826 709 78 633 973 227 359 848 811 502 807 402 624 822 661 660 631 612 880 895 954 462 421 229 125 949 656 693 247 906 544 720 731 167 254 127 986 53 550 42
1091 22 9328 870 733 802 291 494 345 724 183 749 437 1000 373 54 806 620 12 181 100 819 267 48 924 852 294 572 975 122 503 21 911 694 251 155 395 500 434 614 379 533 456 610 371 627 947
2091 22 9328 627 947 181 100 155 395 54 806 122 503 610 371 48 924 852 294 749 437 500 434 724 183 620 12 614 379 870 733 572 975 694 251 802 291 494 345 1000 373 533 456 819 267 21 911
1092 22 9600 920 79 979 400 894 317 834 529 392 938 859 448 99 903 164 644 726 276 758 33 66 873 486 47 617 835 234 230 148 374 326 395 801 372 556 540 766 619 824 119 80 111 471 680
2092 22 9600 556 540 148 374 824 119 834 529 80 111 392 938 979 400 766 619 726 276 801 372 486 47 99 903 234 230 617 835 326 395 471 680 66 873 859 448 894 317 920 79 758 33 164 644
1093 22 8452 937 22 965 332 49 883 102 928 638 651 195 300 684 872 960 154 850 179 361 732 297 369 567 318 497 188 368 227 305 172 267 488 296 168 832 143 178 826 896 284 76 503 245 656
2093 22 8452 267 488 178 826 567 318 49 883 305 172 296 168 684 872 965 332 361 732 245 656 76 503 832 143 638 651 497 188 896 284 102 928 937 22 195 300 850 179 297 369 368 227 960 154
1094 22 8839 518 341 341 686 611 97 81 167 116 613 197 394 321 917 497 787 125 903 870 258 569 648 555 88 68 277 911 288 791 847 707 768 843 353 451 89 444 131 813 186 854 95 366 559
2094 22 8839 569 648 911 288 497 787 813 186 116 613 81 167 444 131 197 394 341 686 366 559 451 89 611 97 125 903 68 277 321 917 518 341 870 258 555 88 854 95 843 353 707 768 791 847
1095 22 8638 903 140 361 887 331 659 860 650 565 917 365 758 356 771 622 119 800 513 66 168 140 558 68 773 505 359 398 130 694 48 408 321 491 115 84 978 616 855 425 299 840 372 900 927
2095 22 8638 800 513 408 321 66 168 491 115 365 758 68 773 622 119 425 299 361 887 900 927 398 130 565 917 903 140 356 771 140 558 505 359 840 372 331 659 616 855 84 978 860 650 694 48
1096 22 8267 551 778 553 947 218 537 254 821 799 941 375 570 943 636 217 52 47 381 630 389 358 407 965 624 939 648 743 69 753 580 549 713 236 75 438 472 110 95 365 360 179 265 112 288
2096 22 8267 553 947 358 407 943 636 179 265 549 713 110 95 236 75 438 472 743 69 254 821 112 288 218 537 630 389 365 360 939 648 217 52 551 778 799 941 753 580 965 624 47 381 375 570
1097 22 7103 477 858 524 689 178 843 85 210 86 639 836 653 296 95 651 887 132 551 67 189 820 577 205 150 933 9 338 112 160 918 89 89 432 562 633 758 995 754 349 214 449 536 144 849
2097 22 7103 296 95 524 689 449 536 349 214 67 189 89 89 933 9 86 639 338 112 633 758 820 577 432 562 205 150 995 754 477 858 178 843 132 551 836 653 160 918 651 887 144 849 85 210
1098 22 6752 377 715 87 806 976 580 560 61 117 809 253 634 117 814 707 556 141 682 264 832 919 77 174 524 257 146 616 89 237 386 425 273 159 850 216 177 379 408 298 786 783 996 379 459
2098 22 6752 379 408 560 61 298 786 174 524 117 814 425 273 377 715 159 850 379 459 237 386 117 809 264 832 707 556 976 580 919 77 783 996 87 806 141 682 257 146 616 89 253 634 216 177
1099 22 8520 568 622 642 80 92 433 168 123 604 187 446 887 778 311 878 619 801 603 635 170 5 64 581 519 901 476 201 257 782 772 79 473 426 606 68 866 762 104 215 581 209 30 810 864
2099 22 8520 92 433 215 581 68 866 778 311 762 104 426 606 642 80 810 864 901 476 801 603 635 170 568 622 79 473 201 257 878 619 782 772 446 887 581 519 5 64 209 30 604 187 168 123
1100 22 8771 234 85 945 690 595 571 531 858 133 210 207 345 360 651 10 69 216 828 929 902 574 474 574 726 815 957 939 230 349 581 691 745 837 219 817 236 642 192 185 530 344 70 37 420
2100 22 8771 360 651 207 345 10 69 815 957 595 571 349 581 642 192 185 530 691 745 817 236 133 210 939 230 531 858 945 690 216 828 929 902 37 420 234 85 574 474 344 70 574 726 837 219
