1001 5 6303 718 1147 6 506 858 1272 2257 2532 4040 4136
2001 5 6303 4040 4136 6 506 2257 2532 718 1147 858 1272
3001 5 6303 4040 4136 2257 2532 6 506 718 1147 858 1272
4001 5 6303 6 506 2257 2532 718 1147 4040 4136 858 1272
5001 5 6303 6 506 4040 4136 858 1272 2257 2532 718 1147
6001 5 6303 4040 4136 718 1147 6 506 858 1272 2257 2532
7001 5 6303 2257 2532 858 1272 6 506 718 1147 4040 4136
8001 5 6303 2257 2532 4040 4136 718 1147 858 1272 6 506
9001 5 6303 858 1272 718 1147 6 506 2257 2532 4040 4136
10001 5 6303 6 506 2257 2532 858 1272 718 1147 4040 4136
1002 5 8044 543 989 4168 4251 1080 1472 2973 3175 1292 1662
2002 5 8044 1080 1472 543 989 1292 1662 2973 3175 4168 4251
3002 5 8044 2973 3175 4168 4251 1080 1472 1292 1662 543 989
4002 5 8044 2973 3175 4168 4251 543 989 1080 1472 1292 1662
5002 5 8044 2973 3175 1080 1472 4168 4251 543 989 1292 1662
6002 5 8044 2973 3175 543 989 1292 1662 4168 4251 1080 1472
7002 5 8044 4168 4251 543 989 1080 1472 2973 3175 1292 1662
8002 5 8044 1292 1662 4168 4251 1080 1472 2973 3175 543 989
9002 5 8044 4168 4251 2973 3175 543 989 1292 1662 1080 1472
10002 5 8044 1080 1472 1292 1662 543 989 2973 3175 4168 4251
1003 5 6434 1210 1589 3006 3206 599 1039 302 772 2926 3133
2003 5 6434 599 1039 2926 3133 302 772 3006 3206 1210 1589
3003 5 6434 1210 1589 2926 3133 3006 3206 599 1039 302 772
4003 5 6434 3006 3206 302 772 1210 1589 599 1039 2926 3133
5003 5 6434 2926 3133 1210 1589 599 1039 302 772 3006 3206
6003 5 6434 1210 1589 2926 3133 599 1039 3006 3206 302 772
7003 5 6434 3006 3206 1210 1589 302 772 2926 3133 599 1039
8003 5 6434 3006 3206 599 1039 2926 3133 1210 1589 302 772
9003 5 6434 1210 1589 2926 3133 302 772 599 1039 3006 3206
10003 5 6434 599 1039 302 772 3006 3206 2926 3133 1210 1589
1004 5 13731 4279 4351 1344 1710 4752 4777 4505 4555 2284 2555
2004 5 13731 4279 4351 4505 4555 2284 2555 4752 4777 1344 1710
3004 5 13731 2284 2555 1344 1710 4505 4555 4279 4351 4752 4777
4004 5 13731 1344 1710 2284 2555 4279 4351 4505 4555 4752 4777
5004 5 13731 4752 4777 4279 4351 2284 2555 1344 1710 4505 4555
6004 5 13731 4752 4777 2284 2555 4279 4351 1344 1710 4505 4555
7004 5 13731 4279 4351 4752 4777 4505 4555 2284 2555 1344 1710
8004 5 13731 2284 2555 4752 4777 1344 1710 4505 4555 4279 4351
9004 5 13731 2284 2555 1344 1710 4279 4351 4505 4555 4752 4777
10004 5 13731 4505 4555 1344 1710 4279 4351 4752 4777 2284 2555
1005 5 6750 2826 3043 145 631 140 626 4885 4896 442 898
2005 5 6750 145 631 442 898 2826 3043 140 626 4885 4896
3005 5 6750 2826 3043 140 626 442 898 4885 4896 145 631
4005 5 6750 145 631 140 626 442 898 2826 3043 4885 4896
5005 5 6750 4885 4896 145 631 140 626 442 898 2826 3043
6005 5 6750 4885 4896 2826 3043 140 626 145 631 442 898
7005 5 6750 140 626 2826 3043 442 898 4885 4896 145 631
8005 5 6750 140 626 145 631 2826 3043 442 898 4885 4896
9005 5 6750 140 626 4885 4896 442 898 2826 3043 145 631
10005 5 6750 442 898 4885 4896 140 626 2826 3043 145 631
1006 5 11678 2734 2960 2347 2613 3297 3467 3652 3786 2568 2811
2006 5 11678 2347 2613 3297 3467 2568 2811 2734 2960 3652 3786
3006 5 11678 2734 2960 2347 2613 2568 2811 3297 3467 3652 3786
4006 5 11678 2568 2811 2347 2613 3652 3786 2734 2960 3297 3467
5006 5 11678 2734 2960 2568 2811 3297 3467 2347 2613 3652 3786
6006 5 11678 3652 3786 3297 3467 2734 2960 2347 2613 2568 2811
7006 5 11678 2347 2613 2568 2811 3652 3786 2734 2960 3297 3467
8006 5 11678 2568 2811 3297 3467 3652 3786 2734 2960 2347 2613
9006 5 11678 2734 2960 3652 3786 3297 3467 2347 2613 2568 2811
10006 5 11678 3652 3786 3297 3467 2568 2811 2347 2613 2734 2960
1007 5 8511 2713 2942 2005 2304 3049 3244 2427 2684 445 901
2007 5 8511 2005 2304 2427 2684 2713 2942 445 901 3049 3244
3007 5 8511 2427 2684 2005 2304 445 901 2713 2942 3049 3244
4007 5 8511 445 901 2713 2942 3049 3244 2427 2684 2005 2304
5007 5 8511 2713 2942 3049 3244 445 901 2005 2304 2427 2684
6007 5 8511 445 901 2427 2684 3049 3244 2713 2942 2005 2304
7007 5 8511 2713 2942 2005 2304 445 901 3049 3244 2427 2684
8007 5 8511 3049 3244 2427 2684 2713 2942 445 901 2005 2304
9007 5 8511 2713 2942 3049 3244 2427 2684 2005 2304 445 901
10007 5 8511 2713 2942 2005 2304 445 901 3049 3244 2427 2684
1008 5 11973 3449 3604 1481 1833 2529 2776 3999 4099 3509 3659
2008 5 11973 1481 1833 3999 4099 3509 3659 2529 2776 3449 3604
3008 5 11973 3509 3659 3449 3604 1481 1833 3999 4099 2529 2776
4008 5 11973 2529 2776 3999 4099 3449 3604 1481 1833 3509 3659
5008 5 11973 3999 4099 2529 2776 3449 3604 1481 1833 3509 3659
6008 5 11973 2529 2776 3449 3604 3509 3659 1481 1833 3999 4099
7008 5 11973 1481 1833 3509 3659 3449 3604 3999 4099 2529 2776
8008 5 11973 1481 1833 2529 2776 3449 3604 3509 3659 3999 4099
9008 5 11973 3999 4099 1481 1833 3449 3604 3509 3659 2529 2776
10008 5 11973 1481 1833 3449 3604 2529 2776 3509 3659 3999 4099
1009 5 10296 3282 3454 1667 2000 4677 4709 2597 2837 648 1083
2009 5 10296 648 1083 4677 4709 2597 2837 3282 3454 1667 2000
3009 5 10296 1667 2000 2597 2837 648 1083 3282 3454 4677 4709
4009 5 10296 1667 2000 2597 2837 4677 4709 3282 3454 648 1083
5009 5 10296 4677 4709 1667 2000 3282 3454 648 1083 2597 2837
6009 5 10296 1667 2000 3282 3454 648 1083 4677 4709 2597 2837
7009 5 10296 3282 3454 4677 4709 648 1083 2597 2837 1667 2000
8009 5 10296 4677 4709 648 1083 1667 2000 2597 2837 3282 3454
9009 5 10296 4677 4709 3282 3454 1667 2000 2597 2837 648 1083
10009 5 10296 648 1083 4677 4709 1667 2000 2597 2837 3282 3454
1010 5 11243 4260 4334 2739 2965 3352 3517 2856 3070 847 1262
2010 5 11243 3352 3517 4260 4334 847 1262 2739 2965 2856 3070
3010 5 11243 3352 3517 2856 3070 4260 4334 2739 2965 847 1262
4010 5 11243 847 1262 2739 2965 2856 3070 4260 4334 3352 3517
5010 5 11243 2739 2965 2856 3070 847 1262 4260 4334 3352 3517
6010 5 11243 2856 3070 3352 3517 2739 2965 847 1262 4260 4334
7010 5 11243 847 1262 2739 2965 3352 3517 2856 3070 4260 4334
8010 5 11243 847 1262 2739 2965 2856 3070 3352 3517 4260 4334
9010 5 11243 847 1262 3352 3517 4260 4334 2856 3070 2739 2965
10010 5 11243 3352 3517 4260 4334 2856 3070 2739 2965 847 1262
1011 5 12788 4887 4898 3198 3379 3950 4055 3006 3205 944 1350
2011 5 12788 3006 3205 3198 3379 3950 4055 4887 4898 944 1350
3011 5 12788 3950 4055 944 1350 3006 3205 3198 3379 4887 4898
4011 5 12788 3950 4055 3006 3205 3198 3379 944 1350 4887 4898
5011 5 12788 3006 3205 4887 4898 944 1350 3950 4055 3198 3379
6011 5 12788 4887 4898 3198 3379 3950 4055 944 1350 3006 3205
7011 5 12788 3950 4055 3198 3379 944 1350 4887 4898 3006 3205
8011 5 12788 3006 3205 3198 3379 944 1350 4887 4898 3950 4055
9011 5 12788 3198 3379 4887 4898 3950 4055 3006 3205 944 1350
10011 5 12788 4887 4898 944 1350 3006 3205 3950 4055 3198 3379
1012 5 10900 4681 4713 293 764 347 812 4161 4245 4144 4229
2012 5 10900 4161 4245 347 812 4144 4229 4681 4713 293 764
3012 5 10900 4161 4245 4144 4229 4681 4713 293 764 347 812
4012 5 10900 347 812 4144 4229 4681 4713 4161 4245 293 764
5012 5 10900 347 812 4144 4229 4681 4713 4161 4245 293 764
6012 5 10900 293 764 4681 4713 4161 4245 347 812 4144 4229
7012 5 10900 293 764 4161 4245 4681 4713 4144 4229 347 812
8012 5 10900 347 812 293 764 4161 4245 4144 4229 4681 4713
9012 5 10900 347 812 4681 4713 4144 4229 293 764 4161 4245
10012 5 10900 4681 4713 4144 4229 347 812 4161 4245 293 764
1013 5 10906 1466 1819 4385 4446 810 1229 3270 3443 3702 3832
2013 5 10906 1466 1819 810 1229 3270 3443 3702 3832 4385 4446
3013 5 10906 810 1229 3270 3443 4385 4446 1466 1819 3702 3832
4013 5 10906 810 1229 3270 3443 3702 3832 4385 4446 1466 1819
5013 5 10906 3702 3832 3270 3443 810 1229 1466 1819 4385 4446
6013 5 10906 1466 1819 4385 4446 3270 3443 810 1229 3702 3832
7013 5 10906 4385 4446 1466 1819 3702 3832 3270 3443 810 1229
8013 5 10906 4385 4446 810 1229 3270 3443 3702 3832 1466 1819
9013 5 10906 3702 3832 1466 1819 810 1229 4385 4446 3270 3443
10013 5 10906 1466 1819 810 1229 3270 3443 4385 4446 3702 3832
1014 5 6976 3372 3534 983 1385 1171 1554 1487 1839 1707 2036
2014 5 6976 1487 1839 983 1385 1171 1554 1707 2036 3372 3534
3014 5 6976 3372 3534 1487 1839 1707 2036 983 1385 1171 1554
4014 5 6976 3372 3534 983 1385 1487 1839 1707 2036 1171 1554
5014 5 6976 1171 1554 1707 2036 3372 3534 983 1385 1487 1839
6014 5 6976 1707 2036 1487 1839 983 1385 1171 1554 3372 3534
7014 5 6976 983 1385 1171 1554 1487 1839 3372 3534 1707 2036
8014 5 6976 983 1385 3372 3534 1707 2036 1487 1839 1171 1554
9014 5 6976 983 1385 1171 1554 1707 2036 1487 1839 3372 3534
10014 5 6976 1171 1554 1487 1839 1707 2036 983 1385 3372 3534
1015 5 16116 4776 4798 3141 3327 4715 4744 4768 4791 2745 2970
2015 5 16116 4776 4798 4715 4744 3141 3327 2745 2970 4768 4791
3015 5 16116 3141 3327 4776 4798 4715 4744 2745 2970 4768 4791
4015 5 16116 4768 4791 4715 4744 2745 2970 3141 3327 4776 4798
5015 5 16116 4768 4791 4776 4798 3141 3327 4715 4744 2745 2970
6015 5 16116 2745 2970 4715 4744 4776 4798 4768 4791 3141 3327
7015 5 16116 4768 4791 4715 4744 3141 3327 2745 2970 4776 4798
8015 5 16116 4776 4798 4768 4791 2745 2970 3141 3327 4715 4744
9015 5 16116 4776 4798 2745 2970 4715 4744 3141 3327 4768 4791
10015 5 16116 4768 4791 3141 3327 2745 2970 4715 4744 4776 4798
1016 5 12057 4161 4245 991 1392 2936 3143 4310 4379 2674 2907
2016 5 12057 4161 4245 2674 2907 2936 3143 991 1392 4310 4379
3016 5 12057 991 1392 2674 2907 4310 4379 2936 3143 4161 4245
4016 5 12057 4310 4379 4161 4245 2674 2907 2936 3143 991 1392
5016 5 12057 991 1392 2674 2907 4161 4245 4310 4379 2936 3143
6016 5 12057 991 1392 4161 4245 2936 3143 2674 2907 4310 4379
7016 5 12057 4310 4379 2674 2907 2936 3143 4161 4245 991 1392
8016 5 12057 2674 2907 991 1392 2936 3143 4310 4379 4161 4245
9016 5 12057 4161 4245 991 1392 2674 2907 4310 4379 2936 3143
10016 5 12057 991 1392 4161 4245 2674 2907 4310 4379 2936 3143
1017 5 9524 4754 4778 1725 2052 2958 3162 2134 2421 334 801
2017 5 9524 2134 2421 1725 2052 2958 3162 334 801 4754 4778
3017 5 9524 2958 3162 4754 4778 1725 2052 334 801 2134 2421
4017 5 9524 4754 4778 2958 3162 334 801 1725 2052 2134 2421
5017 5 9524 334 801 4754 4778 2958 3162 2134 2421 1725 2052
6017 5 9524 2958 3162 334 801 1725 2052 2134 2421 4754 4778
7017 5 9524 1725 2052 334 801 4754 4778 2958 3162 2134 2421
8017 5 9524 334 801 2134 2421 4754 4778 2958 3162 1725 2052
9017 5 9524 4754 4778 334 801 2958 3162 1725 2052 2134 2421
10017 5 9524 1725 2052 2134 2421 4754 4778 2958 3162 334 801
1018 5 11843 3539 3685 3168 3351 3502 3652 1349 1714 3246 3422
2018 5 11843 3502 3652 3246 3422 1349 1714 3168 3351 3539 3685
3018 5 11843 3502 3652 1349 1714 3539 3685 3168 3351 3246 3422
4018 5 11843 3246 3422 3168 3351 3539 3685 1349 1714 3502 3652
5018 5 11843 3539 3685 3502 3652 1349 1714 3168 3351 3246 3422
6018 5 11843 3246 3422 3168 3351 3502 3652 3539 3685 1349 1714
7018 5 11843 3539 3685 3168 3351 3502 3652 3246 3422 1349 1714
8018 5 11843 3539 3685 3246 3422 3168 3351 1349 1714 3502 3652
9018 5 11843 3168 3351 1349 1714 3246 3422 3539 3685 3502 3652
10018 5 11843 3539 3685 3168 3351 1349 1714 3246 3422 3502 3652
1019 5 11496 3713 3842 3032 3229 2385 2647 430 887 4810 4829
2019 5 11496 3032 3229 3713 3842 4810 4829 430 887 2385 2647
3019 5 11496 4810 4829 3713 3842 2385 2647 3032 3229 430 887
4019 5 11496 4810 4829 430 887 3032 3229 3713 3842 2385 2647
5019 5 11496 2385 2647 4810 4829 3032 3229 430 887 3713 3842
6019 5 11496 2385 2647 430 887 4810 4829 3713 3842 3032 3229
7019 5 11496 3032 3229 4810 4829 430 887 2385 2647 3713 3842
8019 5 11496 3032 3229 4810 4829 3713 3842 2385 2647 430 887
9019 5 11496 4810 4829 3032 3229 2385 2647 3713 3842 430 887
10019 5 11496 4810 4829 430 887 3713 3842 3032 3229 2385 2647
1020 5 12948 1533 1879 3537 3683 3753 3878 3908 4018 3454 3609
2020 5 12948 3908 4018 3454 3609 3537 3683 1533 1879 3753 3878
3020 5 12948 1533 1879 3908 4018 3454 3609 3537 3683 3753 3878
4020 5 12948 3908 4018 3454 3609 3537 3683 1533 1879 3753 3878
5020 5 12948 3537 3683 3753 3878 3454 3609 1533 1879 3908 4018
6020 5 12948 3454 3609 3908 4018 1533 1879 3537 3683 3753 3878
7020 5 12948 3454 3609 3753 3878 3537 3683 3908 4018 1533 1879
8020 5 12948 1533 1879 3908 4018 3537 3683 3753 3878 3454 3609
9020 5 12948 3537 3683 3908 4018 3753 3878 1533 1879 3454 3609
10020 5 12948 3454 3609 3908 4018 1533 1879 3753 3878 3537 3683
1021 5 6106 2238 2514 230 707 760 1184 3716 3844 689 1120
2021 5 6106 689 1120 760 1184 3716 3844 2238 2514 230 707
3021 5 6106 3716 3844 2238 2514 760 1184 689 1120 230 707
4021 5 6106 689 1120 3716 3844 760 1184 2238 2514 230 707
5021 5 6106 689 1120 2238 2514 230 707 760 1184 3716 3844
6021 5 6106 689 1120 2238 2514 230 707 3716 3844 760 1184
7021 5 6106 760 1184 230 707 3716 3844 689 1120 2238 2514
8021 5 6106 2238 2514 760 1184 689 1120 230 707 3716 3844
9021 5 6106 230 707 760 1184 689 1120 2238 2514 3716 3844
10021 5 6106 760 1184 2238 2514 230 707 689 1120 3716 3844
1022 5 14106 3461 3615 4334 4401 2328 2595 3900 4010 3610 3749
2022 5 14106 4334 4401 3900 4010 3610 3749 2328 2595 3461 3615
3022 5 14106 3900 4010 4334 4401 3461 3615 3610 3749 2328 2595
4022 5 14106 2328 2595 3610 3749 3900 4010 3461 3615 4334 4401
5022 5 14106 2328 2595 3461 3615 3610 3749 4334 4401 3900 4010
6022 5 14106 2328 2595 3610 3749 4334 4401 3900 4010 3461 3615
7022 5 14106 2328 2595 3461 3615 4334 4401 3610 3749 3900 4010
8022 5 14106 3900 4010 2328 2595 3461 3615 3610 3749 4334 4401
9022 5 14106 2328 2595 4334 4401 3461 3615 3900 4010 3610 3749
10022 5 14106 3461 3615 3610 3749 3900 4010 2328 2595 4334 4401
1023 5 9616 1660 1994 3099 3289 1750 2075 4522 4570 989 1390
2023 5 9616 1660 1994 4522 4570 1750 2075 989 1390 3099 3289
3023 5 9616 1660 1994 1750 2075 989 1390 3099 3289 4522 4570
4023 5 9616 1660 1994 989 1390 3099 3289 4522 4570 1750 2075
5023 5 9616 989 1390 1660 1994 1750 2075 4522 4570 3099 3289
6023 5 9616 3099 3289 4522 4570 1660 1994 989 1390 1750 2075
7023 5 9616 989 1390 1750 2075 1660 1994 4522 4570 3099 3289
8023 5 9616 3099 3289 1750 2075 1660 1994 4522 4570 989 1390
9023 5 9616 4522 4570 1750 2075 989 1390 1660 1994 3099 3289
10023 5 9616 4522 4570 989 1390 1660 1994 3099 3289 1750 2075
1024 5 6064 3840 3956 684 1116 1647 1982 537 983 873 1286
2024 5 6064 3840 3956 537 983 1647 1982 873 1286 684 1116
3024 5 6064 537 983 873 1286 3840 3956 684 1116 1647 1982
4024 5 6064 537 983 873 1286 684 1116 3840 3956 1647 1982
5024 5 6064 1647 1982 684 1116 537 983 873 1286 3840 3956
6024 5 6064 873 1286 537 983 3840 3956 1647 1982 684 1116
7024 5 6064 3840 3956 1647 1982 537 983 873 1286 684 1116
8024 5 6064 537 983 873 1286 684 1116 3840 3956 1647 1982
9024 5 6064 537 983 3840 3956 684 1116 1647 1982 873 1286
10024 5 6064 873 1286 3840 3956 537 983 1647 1982 684 1116
1025 5 12459 4090 4181 2855 3069 1521 1869 3699 3829 3409 3568
2025 5 12459 3409 3568 3699 3829 4090 4181 2855 3069 1521 1869
3025 5 12459 4090 4181 1521 1869 3699 3829 3409 3568 2855 3069
4025 5 12459 4090 4181 3699 3829 1521 1869 2855 3069 3409 3568
5025 5 12459 4090 4181 3409 3568 3699 3829 1521 1869 2855 3069
6025 5 12459 3699 3829 3409 3568 1521 1869 2855 3069 4090 4181
7025 5 12459 3699 3829 3409 3568 4090 4181 2855 3069 1521 1869
8025 5 12459 2855 3069 3409 3568 1521 1869 3699 3829 4090 4181
9025 5 12459 3409 3568 3699 3829 1521 1869 4090 4181 2855 3069
10025 5 12459 2855 3069 3409 3568 3699 3829 1521 1869 4090 4181
1026 5 11860 236 712 4906 4916 4746 4771 1608 1947 3329 3496
2026 5 11860 3329 3496 4746 4771 1608 1947 4906 4916 236 712
3026 5 11860 236 712 4746 4771 4906 4916 3329 3496 1608 1947
4026 5 11860 4906 4916 236 712 3329 3496 1608 1947 4746 4771
5026 5 11860 3329 3496 4746 4771 1608 1947 236 712 4906 4916
6026 5 11860 4746 4771 3329 3496 1608 1947 4906 4916 236 712
7026 5 11860 236 712 4746 4771 1608 1947 3329 3496 4906 4916
8026 5 11860 236 712 1608 1947 3329 3496 4906 4916 4746 4771
9026 5 11860 4746 4771 1608 1947 236 712 4906 4916 3329 3496
10026 5 11860 236 712 4906 4916 1608 1947 4746 4771 3329 3496
1027 5 8590 1958 2262 3211 3390 3975 4077 1094 1485 500 950
2027 5 8590 500 950 3211 3390 1958 2262 3975 4077 1094 1485
3027 5 8590 3975 4077 1094 1485 3211 3390 1958 2262 500 950
4027 5 8590 3211 3390 3975 4077 1958 2262 1094 1485 500 950
5027 5 8590 500 950 3211 3390 1958 2262 1094 1485 3975 4077
6027 5 8590 3211 3390 500 950 3975 4077 1094 1485 1958 2262
7027 5 8590 3211 3390 1958 2262 500 950 3975 4077 1094 1485
8027 5 8590 3211 3390 500 950 1958 2262 1094 1485 3975 4077
9027 5 8590 1958 2262 500 950 1094 1485 3211 3390 3975 4077
10027 5 8590 3211 3390 3975 4077 1094 1485 1958 2262 500 950
1028 5 14404 2512 2761 4637 4674 4662 4696 4631 4668 1563 1907
2028 5 14404 4662 4696 2512 2761 4631 4668 4637 4674 1563 1907
3028 5 14404 1563 1907 2512 2761 4662 4696 4631 4668 4637 4674
4028 5 14404 4662 4696 1563 1907 4637 4674 2512 2761 4631 4668
5028 5 14404 4637 4674 4662 4696 1563 1907 4631 4668 2512 2761
6028 5 14404 4631 4668 2512 2761 1563 1907 4662 4696 4637 4674
7028 5 14404 4631 4668 4662 4696 4637 4674 2512 2761 1563 1907
8028 5 14404 1563 1907 4637 4674 4631 4668 4662 4696 2512 2761
9028 5 14404 4637 4674 4631 4668 1563 1907 4662 4696 2512 2761
10028 5 14404 1563 1907 4631 4668 4662 4696 2512 2761 4637 4674
1029 5 14622 4717 4745 3189 3370 3360 3524 4828 4845 2184 2466
2029 5 14622 4828 4845 3189 3370 2184 2466 4717 4745 3360 3524
3029 5 14622 3189 3370 2184 2466 4717 4745 4828 4845 3360 3524
4029 5 14622 4717 4745 2184 2466 3360 3524 3189 3370 4828 4845
5029 5 14622 4717 4745 3189 3370 4828 4845 2184 2466 3360 3524
6029 5 14622 4717 4745 3360 3524 2184 2466 3189 3370 4828 4845
7029 5 14622 4717 4745 4828 4845 3189 3370 2184 2466 3360 3524
8029 5 14622 3360 3524 2184 2466 4717 4745 4828 4845 3189 3370
9029 5 14622 3189 3370 4828 4845 4717 4745 3360 3524 2184 2466
10029 5 14622 2184 2466 4828 4845 3189 3370 3360 3524 4717 4745
1030 5 12478 4001 4101 3870 3983 2874 3087 1007 1406 3846 3962
2030 5 12478 2874 3087 3870 3983 1007 1406 3846 3962 4001 4101
3030 5 12478 4001 4101 2874 3087 1007 1406 3846 3962 3870 3983
4030 5 12478 4001 4101 3846 3962 1007 1406 3870 3983 2874 3087
5030 5 12478 1007 1406 3846 3962 4001 4101 2874 3087 3870 3983
6030 5 12478 3846 3962 3870 3983 4001 4101 1007 1406 2874 3087
7030 5 12478 4001 4101 3870 3983 2874 3087 3846 3962 1007 1406
8030 5 12478 2874 3087 4001 4101 3870 3983 3846 3962 1007 1406
9030 5 12478 3870 3983 2874 3087 4001 4101 3846 3962 1007 1406
10030 5 12478 4001 4101 3870 3983 1007 1406 3846 3962 2874 3087
1031 5 8941 1138 1524 340 806 2419 2677 4195 4275 3085 3277
2031 5 8941 340 806 4195 4275 1138 1524 3085 3277 2419 2677
3031 5 8941 4195 4275 3085 3277 2419 2677 340 806 1138 1524
4031 5 8941 340 806 4195 4275 1138 1524 2419 2677 3085 3277
5031 5 8941 4195 4275 3085 3277 1138 1524 340 806 2419 2677
6031 5 8941 1138 1524 340 806 4195 4275 2419 2677 3085 3277
7031 5 8941 4195 4275 1138 1524 2419 2677 340 806 3085 3277
8031 5 8941 340 806 1138 1524 3085 3277 4195 4275 2419 2677
9031 5 8941 4195 4275 340 806 3085 3277 2419 2677 1138 1524
10031 5 8941 1138 1524 3085 3277 2419 2677 4195 4275 340 806
1032 5 13374 3861 3975 687 1118 4429 4486 3862 3976 3879 3991
2032 5 13374 4429 4486 3879 3991 3861 3975 3862 3976 687 1118
3032 5 13374 3861 3975 687 1118 4429 4486 3862 3976 3879 3991
4032 5 13374 3862 3976 4429 4486 3879 3991 687 1118 3861 3975
5032 5 13374 3862 3976 3861 3975 687 1118 4429 4486 3879 3991
6032 5 13374 3862 3976 687 1118 3879 3991 4429 4486 3861 3975
7032 5 13374 3862 3976 687 1118 3861 3975 4429 4486 3879 3991
8032 5 13374 3879 3991 4429 4486 3862 3976 687 1118 3861 3975
9032 5 13374 3861 3975 3862 3976 3879 3991 4429 4486 687 1118
10032 5 13374 3879 3991 687 1118 4429 4486 3861 3975 3862 3976
1033 5 10248 480 932 4329 4397 2044 2340 3193 3374 2764 2988
2033 5 10248 2044 2340 2764 2988 4329 4397 480 932 3193 3374
3033 5 10248 480 932 4329 4397 2764 2988 3193 3374 2044 2340
4033 5 10248 2764 2988 2044 2340 4329 4397 3193 3374 480 932
5033 5 10248 2044 2340 480 932 2764 2988 4329 4397 3193 3374
6033 5 10248 4329 4397 480 932 2764 2988 2044 2340 3193 3374
7033 5 10248 4329 4397 2044 2340 2764 2988 3193 3374 480 932
8033 5 10248 480 932 2764 2988 4329 4397 2044 2340 3193 3374
9033 5 10248 3193 3374 2044 2340 4329 4397 2764 2988 480 932
10033 5 10248 2764 2988 480 932 3193 3374 4329 4397 2044 2340
1034 5 6485 1299 1669 3139 3325 2059 2353 801 1221 809 1228
2034 5 6485 809 1228 3139 3325 2059 2353 1299 1669 801 1221
3034 5 6485 2059 2353 3139 3325 809 1228 801 1221 1299 1669
4034 5 6485 1299 1669 801 1221 809 1228 2059 2353 3139 3325
5034 5 6485 1299 1669 3139 3325 2059 2353 809 1228 801 1221
6034 5 6485 1299 1669 801 1221 2059 2353 3139 3325 809 1228
7034 5 6485 801 1221 2059 2353 1299 1669 809 1228 3139 3325
8034 5 6485 809 1228 801 1221 3139 3325 1299 1669 2059 2353
9034 5 6485 1299 1669 801 1221 3139 3325 809 1228 2059 2353
10034 5 6485 801 1221 3139 3325 2059 2353 809 1228 1299 1669
1035 5 12488 3979 4081 1339 1705 3953 4058 4434 4490 1906 2216
2035 5 12488 1906 2216 4434 4490 1339 1705 3953 4058 3979 4081
3035 5 12488 1906 2216 4434 4490 1339 1705 3953 4058 3979 4081
4035 5 12488 3953 4058 3979 4081 1906 2216 1339 1705 4434 4490
5035 5 12488 3979 4081 1339 1705 4434 4490 3953 4058 1906 2216
6035 5 12488 4434 4490 3953 4058 1339 1705 1906 2216 3979 4081
7035 5 12488 3979 4081 1339 1705 1906 2216 4434 4490 3953 4058
8035 5 12488 3979 4081 1339 1705 3953 4058 1906 2216 4434 4490
9035 5 12488 4434 4490 1906 2216 3953 4058 1339 1705 3979 4081
10035 5 12488 1339 1705 3979 4081 3953 4058 4434 4490 1906 2216
1036 5 6922 322 790 938 1345 494 945 4519 4567 2380 2642
2036 5 6922 322 790 494 945 4519 4567 2380 2642 938 1345
3036 5 6922 494 945 2380 2642 322 790 938 1345 4519 4567
4036 5 6922 322 790 2380 2642 494 945 4519 4567 938 1345
5036 5 6922 494 945 4519 4567 2380 2642 322 790 938 1345
6036 5 6922 322 790 494 945 2380 2642 4519 4567 938 1345
7036 5 6922 494 945 938 1345 322 790 4519 4567 2380 2642
8036 5 6922 494 945 4519 4567 322 790 2380 2642 938 1345
9036 5 6922 494 945 322 790 2380 2642 938 1345 4519 4567
10036 5 6922 322 790 938 1345 2380 2642 4519 4567 494 945
1037 5 13819 3916 4025 3458 3613 2375 2637 3169 3352 4356 4420
2037 5 13819 2375 2637 3916 4025 3458 3613 4356 4420 3169 3352
3037 5 13819 2375 2637 3169 3352 3916 4025 3458 3613 4356 4420
4037 5 13819 3169 3352 3458 3613 4356 4420 3916 4025 2375 2637
5037 5 13819 2375 2637 3458 3613 3169 3352 4356 4420 3916 4025
6037 5 13819 2375 2637 3169 3352 4356 4420 3458 3613 3916 4025
7037 5 13819 3169 3352 4356 4420 3916 4025 2375 2637 3458 3613
8037 5 13819 3169 3352 3916 4025 3458 3613 4356 4420 2375 2637
9037 5 13819 2375 2637 3458 3613 4356 4420 3916 4025 3169 3352
10037 5 13819 2375 2637 4356 4420 3458 3613 3916 4025 3169 3352
1038 5 11954 3665 3799 3849 3964 2929 3136 3843 3959 657 1091
2038 5 11954 3849 3964 3843 3959 2929 3136 3665 3799 657 1091
3038 5 11954 2929 3136 3665 3799 3843 3959 657 1091 3849 3964
4038 5 11954 3665 3799 2929 3136 3843 3959 657 1091 3849 3964
5038 5 11954 3843 3959 657 1091 3665 3799 3849 3964 2929 3136
6038 5 11954 3849 3964 657 1091 3843 3959 3665 3799 2929 3136
7038 5 11954 657 1091 3849 3964 2929 3136 3843 3959 3665 3799
8038 5 11954 3843 3959 2929 3136 3849 3964 3665 3799 657 1091
9038 5 11954 3843 3959 657 1091 3665 3799 2929 3136 3849 3964
10038 5 11954 3849 3964 3843 3959 2929 3136 657 1091 3665 3799
1039 5 9430 3185 3367 622 1060 1326 1693 4740 4766 1915 2223
2039 5 9430 3185 3367 1915 2223 622 1060 1326 1693 4740 4766
3039 5 9430 3185 3367 622 1060 1915 2223 1326 1693 4740 4766
4039 5 9430 622 1060 4740 4766 1915 2223 3185 3367 1326 1693
5039 5 9430 1326 1693 3185 3367 1915 2223 622 1060 4740 4766
6039 5 9430 622 1060 1915 2223 4740 4766 1326 1693 3185 3367
7039 5 9430 622 1060 3185 3367 4740 4766 1915 2223 1326 1693
8039 5 9430 1915 2223 622 1060 4740 4766 1326 1693 3185 3367
9039 5 9430 3185 3367 4740 4766 622 1060 1915 2223 1326 1693
10039 5 9430 1915 2223 1326 1693 3185 3367 4740 4766 622 1060
1040 5 9807 3980 4082 2171 2454 3376 3539 1318 1687 1414 1773
2040 5 9807 3980 4082 2171 2454 3376 3539 1414 1773 1318 1687
3040 5 9807 1414 1773 3980 4082 3376 3539 1318 1687 2171 2454
4040 5 9807 2171 2454 3376 3539 1318 1687 1414 1773 3980 4082
5040 5 9807 3376 3539 2171 2454 1318 1687 1414 1773 3980 4082
6040 5 9807 1414 1773 3376 3539 2171 2454 1318 1687 3980 4082
7040 5 9807 3376 3539 2171 2454 1414 1773 3980 4082 1318 1687
8040 5 9807 3376 3539 1414 1773 1318 1687 3980 4082 2171 2454
9040 5 9807 3376 3539 1318 1687 1414 1773 3980 4082 2171 2454
10040 5 9807 1414 1773 2171 2454 3376 3539 1318 1687 3980 4082
1041 5 12848 1159 1543 2639 2875 4448 4503 4592 4633 3223 3401
2041 5 12848 2639 2875 3223 3401 4592 4633 4448 4503 1159 1543
3041 5 12848 1159 1543 4448 4503 3223 3401 4592 4633 2639 2875
4041 5 12848 4592 4633 2639 2875 3223 3401 1159 1543 4448 4503
5041 5 12848 1159 1543 3223 3401 4592 4633 4448 4503 2639 2875
6041 5 12848 1159 1543 3223 3401 4448 4503 4592 4633 2639 2875
7041 5 12848 2639 2875 4448 4503 3223 3401 1159 1543 4592 4633
8041 5 12848 4592 4633 4448 4503 1159 1543 3223 3401 2639 2875
9041 5 12848 4448 4503 4592 4633 3223 3401 2639 2875 1159 1543
10041 5 12848 4448 4503 2639 2875 1159 1543 4592 4633 3223 3401
1042 5 10246 1619 1957 279 751 4384 4446 3229 3406 3297 3468
2042 5 10246 1619 1957 279 751 4384 4446 3229 3406 3297 3468
3042 5 10246 279 751 3229 3406 4384 4446 3297 3468 1619 1957
4042 5 10246 4384 4446 3297 3468 1619 1957 279 751 3229 3406
5042 5 10246 3229 3406 1619 1957 3297 3468 4384 4446 279 751
6042 5 10246 4384 4446 1619 1957 279 751 3229 3406 3297 3468
7042 5 10246 3297 3468 1619 1957 4384 4446 3229 3406 279 751
8042 5 10246 4384 4446 3229 3406 3297 3468 1619 1957 279 751
9042 5 10246 1619 1957 3297 3468 4384 4446 279 751 3229 3406
10042 5 10246 279 751 3297 3468 4384 4446 3229 3406 1619 1957
1043 5 11432 3285 3457 1210 1589 2874 3087 2881 3093 4041 4137
2043 5 11432 3285 3457 4041 4137 1210 1589 2874 3087 2881 3093
3043 5 11432 4041 4137 2874 3087 1210 1589 3285 3457 2881 3093
4043 5 11432 1210 1589 2874 3087 3285 3457 4041 4137 2881 3093
5043 5 11432 2874 3087 1210 1589 3285 3457 2881 3093 4041 4137
6043 5 11432 4041 4137 2874 3087 1210 1589 2881 3093 3285 3457
7043 5 11432 2881 3093 4041 4137 1210 1589 2874 3087 3285 3457
8043 5 11432 3285 3457 2881 3093 2874 3087 1210 1589 4041 4137
9043 5 11432 2874 3087 1210 1589 3285 3457 2881 3093 4041 4137
10043 5 11432 1210 1589 2881 3093 2874 3087 4041 4137 3285 3457
1044 5 12224 2507 2756 570 1013 4313 4382 2991 3192 4899 4910
2044 5 12224 4899 4910 2991 3192 2507 2756 570 1013 4313 4382
3044 5 12224 4313 4382 4899 4910 2507 2756 570 1013 2991 3192
4044 5 12224 2991 3192 2507 2756 4899 4910 570 1013 4313 4382
5044 5 12224 570 1013 4899 4910 2991 3192 4313 4382 2507 2756
6044 5 12224 570 1013 2991 3192 2507 2756 4313 4382 4899 4910
7044 5 12224 2507 2756 2991 3192 570 1013 4313 4382 4899 4910
8044 5 12224 570 1013 4313 4382 4899 4910 2507 2756 2991 3192
9044 5 12224 4899 4910 570 1013 2991 3192 2507 2756 4313 4382
10044 5 12224 570 1013 2507 2756 4313 4382 4899 4910 2991 3192
1045 5 12343 1541 1887 4264 4337 3206 3386 2929 3136 3489 3640
2045 5 12343 3489 3640 1541 1887 2929 3136 4264 4337 3206 3386
3045 5 12343 1541 1887 3206 3386 2929 3136 3489 3640 4264 4337
4045 5 12343 3489 3640 1541 1887 2929 3136 4264 4337 3206 3386
5045 5 12343 1541 1887 3206 3386 4264 4337 3489 3640 2929 3136
6045 5 12343 1541 1887 3489 3640 3206 3386 2929 3136 4264 4337
7045 5 12343 2929 3136 3489 3640 3206 3386 1541 1887 4264 4337
8045 5 12343 2929 3136 4264 4337 1541 1887 3206 3386 3489 3640
9045 5 12343 1541 1887 3489 3640 2929 3136 4264 4337 3206 3386
10045 5 12343 1541 1887 3489 3640 3206 3386 2929 3136 4264 4337
1046 5 7585 1874 2186 1401 1761 1704 2034 2355 2620 2148 2433
2046 5 7585 1401 1761 2148 2433 1874 2186 2355 2620 1704 2034
3046 5 7585 1401 1761 1704 2034 1874 2186 2355 2620 2148 2433
4046 5 7585 2148 2433 2355 2620 1401 1761 1874 2186 1704 2034
5046 5 7585 1704 2034 2355 2620 1874 2186 1401 1761 2148 2433
6046 5 7585 1704 2034 2148 2433 1874 2186 1401 1761 2355 2620
7046 5 7585 2148 2433 1874 2186 1401 1761 2355 2620 1704 2034
8046 5 7585 2148 2433 1704 2034 1874 2186 1401 1761 2355 2620
9046 5 7585 1874 2186 1401 1761 2148 2433 1704 2034 2355 2620
10046 5 7585 2148 2433 2355 2620 1401 1761 1704 2034 1874 2186
1047 5 11447 4948 4953 4664 4698 970 1373 2892 3103 835 1251
2047 5 11447 4664 4698 970 1373 4948 4953 835 1251 2892 3103
3047 5 11447 4664 4698 4948 4953 970 1373 2892 3103 835 1251
4047 5 11447 835 1251 2892 3103 4948 4953 970 1373 4664 4698
5047 5 11447 4948 4953 835 1251 2892 3103 970 1373 4664 4698
6047 5 11447 970 1373 4664 4698 2892 3103 4948 4953 835 1251
7047 5 11447 4664 4698 2892 3103 835 1251 970 1373 4948 4953
8047 5 11447 2892 3103 970 1373 4664 4698 835 1251 4948 4953
9047 5 11447 970 1373 4664 4698 2892 3103 835 1251 4948 4953
10047 5 11447 4948 4953 4664 4698 2892 3103 835 1251 970 1373
1048 5 10608 2514 2763 1323 1691 2586 2827 4850 4865 1987 2288
2048 5 10608 2586 2827 2514 2763 1987 2288 4850 4865 1323 1691
3048 5 10608 2514 2763 2586 2827 1323 1691 1987 2288 4850 4865
4048 5 10608 2586 2827 4850 4865 2514 2763 1987 2288 1323 1691
5048 5 10608 4850 4865 2514 2763 1987 2288 2586 2827 1323 1691
6048 5 10608 2514 2763 4850 4865 1323 1691 2586 2827 1987 2288
7048 5 10608 1987 2288 2586 2827 4850 4865 1323 1691 2514 2763
8048 5 10608 4850 4865 1323 1691 2514 2763 1987 2288 2586 2827
9048 5 10608 2586 2827 1323 1691 4850 4865 2514 2763 1987 2288
10048 5 10608 1323 1691 4850 4865 1987 2288 2514 2763 2586 2827
1049 5 13676 2285 2556 4373 4436 4960 4964 4554 4599 923 1331
2049 5 13676 4373 4436 4554 4599 923 1331 4960 4964 2285 2556
3049 5 13676 923 1331 4554 4599 2285 2556 4373 4436 4960 4964
4049 5 13676 4554 4599 923 1331 2285 2556 4960 4964 4373 4436
5049 5 13676 2285 2556 923 1331 4960 4964 4554 4599 4373 4436
6049 5 13676 4373 4436 4554 4599 4960 4964 923 1331 2285 2556
7049 5 13676 923 1331 4554 4599 4373 4436 2285 2556 4960 4964
8049 5 13676 4960 4964 4554 4599 923 1331 4373 4436 2285 2556
9049 5 13676 4554 4599 2285 2556 923 1331 4960 4964 4373 4436
10049 5 13676 4554 4599 923 1331 4960 4964 4373 4436 2285 2556
1050 5 5453 2112 2401 922 1330 1496 1846 1159 1543 1128 1516
2050 5 5453 1159 1543 1496 1846 922 1330 1128 1516 2112 2401
3050 5 5453 1496 1846 1128 1516 922 1330 1159 1543 2112 2401
4050 5 5453 1128 1516 2112 2401 1159 1543 1496 1846 922 1330
5050 5 5453 1128 1516 922 1330 1496 1846 2112 2401 1159 1543
6050 5 5453 1128 1516 1496 1846 1159 1543 922 1330 2112 2401
7050 5 5453 2112 2401 922 1330 1496 1846 1159 1543 1128 1516
8050 5 5453 922 1330 1128 1516 1496 1846 1159 1543 2112 2401
9050 5 5453 1496 1846 922 1330 1159 1543 1128 1516 2112 2401
10050 5 5453 1159 1543 922 1330 1496 1846 2112 2401 1128 1516
1051 5 10374 1112 1501 1089 1480 3882 3994 4718 4746 2167 2451
2051 5 10374 1089 1480 4718 4746 2167 2451 3882 3994 1112 1501
3051 5 10374 2167 2451 4718 4746 3882 3994 1112 1501 1089 1480
4051 5 10374 2167 2451 1112 1501 4718 4746 3882 3994 1089 1480
5051 5 10374 4718 4746 2167 2451 1112 1501 1089 1480 3882 3994
6051 5 10374 1112 1501 3882 3994 1089 1480 2167 2451 4718 4746
7051 5 10374 1089 1480 3882 3994 2167 2451 1112 1501 4718 4746
8051 5 10374 2167 2451 1089 1480 1112 1501 3882 3994 4718 4746
9051 5 10374 3882 3994 1089 1480 1112 1501 2167 2451 4718 4746
10051 5 10374 1089 1480 4718 4746 2167 2451 3882 3994 1112 1501
1052 5 9949 1591 1932 4711 4740 372 834 4541 4587 1222 1600
2052 5 9949 1222 1600 4711 4740 4541 4587 372 834 1591 1932
3052 5 9949 372 834 1591 1932 1222 1600 4711 4740 4541 4587
4052 5 9949 4541 4587 372 834 4711 4740 1222 1600 1591 1932
5052 5 9949 1591 1932 1222 1600 372 834 4541 4587 4711 4740
6052 5 9949 1591 1932 1222 1600 4711 4740 372 834 4541 4587
7052 5 9949 1222 1600 1591 1932 4541 4587 372 834 4711 4740
8052 5 9949 372 834 1222 1600 1591 1932 4711 4740 4541 4587
9052 5 9949 4541 4587 1591 1932 1222 1600 4711 4740 372 834
10052 5 9949 1591 1932 4711 4740 372 834 1222 1600 4541 4587
1053 5 9284 1501 1851 400 860 4583 4625 4293 4364 828 1245
2053 5 9284 400 860 4293 4364 4583 4625 828 1245 1501 1851
3053 5 9284 400 860 828 1245 4583 4625 1501 1851 4293 4364
4053 5 9284 1501 1851 400 860 828 1245 4583 4625 4293 4364
5053 5 9284 4583 4625 828 1245 4293 4364 1501 1851 400 860
6053 5 9284 4293 4364 1501 1851 400 860 4583 4625 828 1245
7053 5 9284 400 860 828 1245 1501 1851 4583 4625 4293 4364
8053 5 9284 828 1245 1501 1851 4293 4364 4583 4625 400 860
9053 5 9284 4293 4364 828 1245 400 860 1501 1851 4583 4625
10053 5 9284 828 1245 4293 4364 4583 4625 400 860 1501 1851
1054 5 8800 484 936 2553 2797 915 1323 3547 3693 3502 3652
2054 5 8800 484 936 3547 3693 2553 2797 3502 3652 915 1323
3054 5 8800 3502 3652 2553 2797 484 936 3547 3693 915 1323
4054 5 8800 3502 3652 484 936 3547 3693 915 1323 2553 2797
5054 5 8800 2553 2797 3502 3652 3547 3693 915 1323 484 936
6054 5 8800 915 1323 2553 2797 3502 3652 484 936 3547 3693
7054 5 8800 3502 3652 915 1323 2553 2797 3547 3693 484 936
8054 5 8800 484 936 3502 3652 2553 2797 915 1323 3547 3693
9054 5 8800 3547 3693 915 1323 484 936 3502 3652 2553 2797
10054 5 8800 484 936 2553 2797 3502 3652 3547 3693 915 1323
1055 5 12853 3154 3339 4204 4284 4124 4212 2694 2925 1891 2202
2055 5 12853 4204 4284 2694 2925 3154 3339 1891 2202 4124 4212
3055 5 12853 1891 2202 4204 4284 3154 3339 4124 4212 2694 2925
4055 5 12853 2694 2925 1891 2202 4124 4212 4204 4284 3154 3339
5055 5 12853 4204 4284 3154 3339 1891 2202 2694 2925 4124 4212
6055 5 12853 3154 3339 4204 4284 2694 2925 1891 2202 4124 4212
7055 5 12853 1891 2202 3154 3339 4204 4284 2694 2925 4124 4212
8055 5 12853 4204 4284 1891 2202 4124 4212 2694 2925 3154 3339
9055 5 12853 3154 3339 2694 2925 4204 4284 1891 2202 4124 4212
10055 5 12853 2694 2925 1891 2202 4204 4284 4124 4212 3154 3339
1056 5 8647 1767 2091 4033 4130 4624 4662 50 545 335 802
2056 5 8647 4033 4130 50 545 335 802 4624 4662 1767 2091
3056 5 8647 335 802 50 545 4624 4662 4033 4130 1767 2091
4056 5 8647 1767 2091 4624 4662 50 545 335 802 4033 4130
5056 5 8647 4624 4662 335 802 4033 4130 1767 2091 50 545
6056 5 8647 4624 4662 50 545 1767 2091 335 802 4033 4130
7056 5 8647 335 802 1767 2091 4033 4130 4624 4662 50 545
8056 5 8647 1767 2091 335 802 4033 4130 50 545 4624 4662
9056 5 8647 50 545 1767 2091 335 802 4033 4130 4624 4662
10056 5 8647 4624 4662 1767 2091 335 802 50 545 4033 4130
1057 5 8026 1802 2122 1658 1992 1113 1502 2794 3015 2666 2900
2057 5 8026 2666 2900 2794 3015 1113 1502 1658 1992 1802 2122
3057 5 8026 1113 1502 1658 1992 2794 3015 2666 2900 1802 2122
4057 5 8026 2794 3015 1802 2122 2666 2900 1658 1992 1113 1502
5057 5 8026 1802 2122 1658 1992 2666 2900 2794 3015 1113 1502
6057 5 8026 1658 1992 2666 2900 2794 3015 1802 2122 1113 1502
7057 5 8026 1802 2122 1113 1502 1658 1992 2666 2900 2794 3015
8057 5 8026 2666 2900 1113 1502 1658 1992 2794 3015 1802 2122
9057 5 8026 1113 1502 2666 2900 1802 2122 2794 3015 1658 1992
10057 5 8026 2666 2900 1658 1992 1802 2122 1113 1502 2794 3015
1058 5 7252 785 1207 1014 1412 1471 1824 2641 2877 3154 3338
2058 5 7252 2641 2877 1014 1412 1471 1824 785 1207 3154 3338
3058 5 7252 1014 1412 785 1207 3154 3338 1471 1824 2641 2877
4058 5 7252 785 1207 1014 1412 3154 3338 2641 2877 1471 1824
5058 5 7252 785 1207 1014 1412 3154 3338 2641 2877 1471 1824
6058 5 7252 785 1207 2641 2877 1014 1412 1471 1824 3154 3338
7058 5 7252 2641 2877 1014 1412 1471 1824 785 1207 3154 3338
8058 5 7252 785 1207 1014 1412 1471 1824 2641 2877 3154 3338
9058 5 7252 3154 3338 1014 1412 2641 2877 1471 1824 785 1207
10058 5 7252 1014 1412 3154 3338 1471 1824 785 1207 2641 2877
1059 5 6933 3945 4050 418 876 2250 2525 617 1055 1437 1794
2059 5 6933 3945 4050 2250 2525 617 1055 418 876 1437 1794
3059 5 6933 617 1055 3945 4050 418 876 2250 2525 1437 1794
4059 5 6933 617 1055 418 876 2250 2525 1437 1794 3945 4050
5059 5 6933 418 876 617 1055 3945 4050 1437 1794 2250 2525
6059 5 6933 2250 2525 1437 1794 418 876 617 1055 3945 4050
7059 5 6933 1437 1794 3945 4050 418 876 617 1055 2250 2525
8059 5 6933 2250 2525 3945 4050 1437 1794 418 876 617 1055
9059 5 6933 418 876 1437 1794 617 1055 3945 4050 2250 2525
10059 5 6933 617 1055 3945 4050 1437 1794 418 876 2250 2525
1060 5 9396 2449 2704 4001 4101 833 1250 4112 4201 351 816
2060 5 9396 4112 4201 833 1250 2449 2704 351 816 4001 4101
3060 5 9396 351 816 4001 4101 4112 4201 2449 2704 833 1250
4060 5 9396 833 1250 4112 4201 4001 4101 351 816 2449 2704
5060 5 9396 2449 2704 351 816 4001 4101 833 1250 4112 4201
6060 5 9396 4001 4101 4112 4201 351 816 2449 2704 833 1250
7060 5 9396 351 816 4112 4201 4001 4101 2449 2704 833 1250
8060 5 9396 4001 4101 351 816 2449 2704 4112 4201 833 1250
9060 5 9396 4001 4101 2449 2704 833 1250 351 816 4112 4201
10060 5 9396 351 816 833 1250 4001 4101 2449 2704 4112 4201
1061 5 10203 2007 2306 257 731 4048 4143 2336 2603 4106 4195
2061 5 10203 257 731 4106 4195 2336 2603 2007 2306 4048 4143
3061 5 10203 257 731 2336 2603 2007 2306 4048 4143 4106 4195
4061 5 10203 4106 4195 2007 2306 2336 2603 4048 4143 257 731
5061 5 10203 2336 2603 257 731 2007 2306 4106 4195 4048 4143
6061 5 10203 4048 4143 2007 2306 4106 4195 257 731 2336 2603
7061 5 10203 2007 2306 4106 4195 4048 4143 257 731 2336 2603
8061 5 10203 4106 4195 4048 4143 2007 2306 2336 2603 257 731
9061 5 10203 2336 2603 257 731 2007 2306 4048 4143 4106 4195
10061 5 10203 2007 2306 2336 2603 4106 4195 257 731 4048 4143
1062 5 14079 4950 4955 4222 4300 3552 3697 590 1031 4285 4357
2062 5 14079 3552 3697 4222 4300 4285 4357 590 1031 4950 4955
3062 5 14079 4950 4955 4222 4300 4285 4357 590 1031 3552 3697
4062 5 14079 4950 4955 4285 4357 3552 3697 590 1031 4222 4300
5062 5 14079 4285 4357 590 1031 4222 4300 3552 3697 4950 4955
6062 5 14079 4222 4300 4285 4357 590 1031 3552 3697 4950 4955
7062 5 14079 4285 4357 3552 3697 4950 4955 4222 4300 590 1031
8062 5 14079 4950 4955 3552 3697 4222 4300 590 1031 4285 4357
9062 5 14079 3552 3697 590 1031 4950 4955 4285 4357 4222 4300
10062 5 14079 4950 4955 3552 3697 4222 4300 4285 4357 590 1031
1063 5 9454 1183 1565 1279 1651 2220 2498 3071 3264 4065 4158
2063 5 9454 4065 4158 1183 1565 3071 3264 2220 2498 1279 1651
3063 5 9454 3071 3264 1183 1565 4065 4158 1279 1651 2220 2498
4063 5 9454 1279 1651 4065 4158 1183 1565 3071 3264 2220 2498
5063 5 9454 4065 4158 2220 2498 1279 1651 1183 1565 3071 3264
6063 5 9454 1183 1565 2220 2498 4065 4158 1279 1651 3071 3264
7063 5 9454 1183 1565 3071 3264 2220 2498 4065 4158 1279 1651
8063 5 9454 4065 4158 2220 2498 1279 1651 1183 1565 3071 3264
9063 5 9454 1279 1651 3071 3264 2220 2498 1183 1565 4065 4158
10063 5 9454 3071 3264 1183 1565 1279 1651 4065 4158 2220 2498
1064 5 11044 2028 2325 1215 1593 4634 4671 4446 4501 1483 1834
2064 5 11044 2028 2325 4634 4671 1483 1834 4446 4501 1215 1593
3064 5 11044 4634 4671 2028 2325 1215 1593 4446 4501 1483 1834
4064 5 11044 1483 1834 1215 1593 4634 4671 4446 4501 2028 2325
5064 5 11044 1483 1834 1215 1593 4634 4671 4446 4501 2028 2325
6064 5 11044 1215 1593 2028 2325 4634 4671 1483 1834 4446 4501
7064 5 11044 4446 4501 2028 2325 1483 1834 1215 1593 4634 4671
8064 5 11044 4634 4671 2028 2325 1215 1593 4446 4501 1483 1834
9064 5 11044 4446 4501 4634 4671 1215 1593 2028 2325 1483 1834
10064 5 11044 2028 2325 4634 4671 1215 1593 1483 1834 4446 4501
1065 5 6855 3347 3512 2489 2740 863 1277 1560 1904 310 779
2065 5 6855 310 779 1560 1904 2489 2740 3347 3512 863 1277
3065 5 6855 1560 1904 863 1277 310 779 3347 3512 2489 2740
4065 5 6855 2489 2740 1560 1904 3347 3512 310 779 863 1277
5065 5 6855 863 1277 3347 3512 1560 1904 310 779 2489 2740
6065 5 6855 3347 3512 863 1277 310 779 1560 1904 2489 2740
7065 5 6855 310 779 863 1277 1560 1904 2489 2740 3347 3512
8065 5 6855 1560 1904 310 779 2489 2740 863 1277 3347 3512
9065 5 6855 863 1277 1560 1904 2489 2740 3347 3512 310 779
10065 5 6855 2489 2740 310 779 863 1277 3347 3512 1560 1904
1066 5 7865 4029 4126 2541 2787 750 1175 1918 2226 594 1035
2066 5 7865 4029 4126 750 1175 1918 2226 594 1035 2541 2787
3066 5 7865 750 1175 1918 2226 2541 2787 594 1035 4029 4126
4066 5 7865 4029 4126 594 1035 750 1175 2541 2787 1918 2226
5066 5 7865 594 1035 2541 2787 750 1175 1918 2226 4029 4126
6066 5 7865 1918 2226 2541 2787 750 1175 594 1035 4029 4126
7066 5 7865 594 1035 1918 2226 4029 4126 750 1175 2541 2787
8066 5 7865 1918 2226 750 1175 594 1035 4029 4126 2541 2787
9066 5 7865 750 1175 2541 2787 594 1035 4029 4126 1918 2226
10066 5 7865 594 1035 2541 2787 4029 4126 750 1175 1918 2226
1067 5 9892 2199 2480 1626 1964 2113 2402 3941 4047 2487 2738
2067 5 9892 2113 2402 2487 2738 3941 4047 1626 1964 2199 2480
3067 5 9892 3941 4047 1626 1964 2113 2402 2199 2480 2487 2738
4067 5 9892 1626 1964 3941 4047 2199 2480 2487 2738 2113 2402
5067 5 9892 2199 2480 1626 1964 3941 4047 2487 2738 2113 2402
6067 5 9892 2199 2480 1626 1964 3941 4047 2113 2402 2487 2738
7067 5 9892 1626 1964 2199 2480 2113 2402 2487 2738 3941 4047
8067 5 9892 1626 1964 3941 4047 2113 2402 2487 2738 2199 2480
9067 5 9892 2113 2402 3941 4047 1626 1964 2487 2738 2199 2480
10067 5 9892 3941 4047 2113 2402 1626 1964 2487 2738 2199 2480
1068 5 9060 1369 1732 4005 4104 1921 2229 3591 3732 439 895
2068 5 9060 4005 4104 439 895 3591 3732 1369 1732 1921 2229
3068 5 9060 4005 4104 439 895 1369 1732 3591 3732 1921 2229
4068 5 9060 4005 4104 1921 2229 3591 3732 439 895 1369 1732
5068 5 9060 1921 2229 3591 3732 439 895 4005 4104 1369 1732
6068 5 9060 4005 4104 3591 3732 1369 1732 439 895 1921 2229
7068 5 9060 4005 4104 1369 1732 1921 2229 439 895 3591 3732
8068 5 9060 3591 3732 4005 4104 1369 1732 1921 2229 439 895
9068 5 9060 439 895 3591 3732 1369 1732 1921 2229 4005 4104
10068 5 9060 439 895 1369 1732 4005 4104 1921 2229 3591 3732
1069 5 9655 4948 4953 2214 2492 1499 1849 547 992 2861 3075
2069 5 9655 2214 2492 547 992 1499 1849 2861 3075 4948 4953
3069 5 9655 4948 4953 1499 1849 2214 2492 547 992 2861 3075
4069 5 9655 547 992 1499 1849 4948 4953 2861 3075 2214 2492
5069 5 9655 2861 3075 547 992 1499 1849 2214 2492 4948 4953
6069 5 9655 2214 2492 547 992 4948 4953 1499 1849 2861 3075
7069 5 9655 1499 1849 547 992 2861 3075 4948 4953 2214 2492
8069 5 9655 4948 4953 2861 3075 2214 2492 547 992 1499 1849
9069 5 9655 2214 2492 2861 3075 4948 4953 1499 1849 547 992
10069 5 9655 2214 2492 2861 3075 547 992 1499 1849 4948 4953
1070 5 9977 1886 2197 3019 3217 4394 4454 1170 1553 2003 2303
2070 5 9977 4394 4454 1886 2197 1170 1553 3019 3217 2003 2303
3070 5 9977 2003 2303 3019 3217 1170 1553 1886 2197 4394 4454
4070 5 9977 4394 4454 2003 2303 3019 3217 1886 2197 1170 1553
5070 5 9977 2003 2303 3019 3217 1886 2197 1170 1553 4394 4454
6070 5 9977 1170 1553 3019 3217 4394 4454 2003 2303 1886 2197
7070 5 9977 1886 2197 1170 1553 3019 3217 4394 4454 2003 2303
8070 5 9977 3019 3217 1170 1553 1886 2197 2003 2303 4394 4454
9070 5 9977 3019 3217 1170 1553 4394 4454 2003 2303 1886 2197
10070 5 9977 1170 1553 4394 4454 2003 2303 3019 3217 1886 2197
1071 5 11719 2498 2749 3109 3298 4806 4826 1930 2237 2306 2576
2071 5 11719 4806 4826 3109 3298 2498 2749 1930 2237 2306 2576
3071 5 11719 3109 3298 2306 2576 1930 2237 2498 2749 4806 4826
4071 5 11719 2498 2749 1930 2237 4806 4826 3109 3298 2306 2576
5071 5 11719 1930 2237 2498 2749 2306 2576 4806 4826 3109 3298
6071 5 11719 1930 2237 4806 4826 2306 2576 3109 3298 2498 2749
7071 5 11719 4806 4826 2498 2749 2306 2576 1930 2237 3109 3298
8071 5 11719 2306 2576 3109 3298 4806 4826 2498 2749 1930 2237
9071 5 11719 2306 2576 4806 4826 1930 2237 2498 2749 3109 3298
10071 5 11719 1930 2237 2306 2576 4806 4826 3109 3298 2498 2749
1072 5 8416 1341 1707 3292 3463 36 533 1211 1590 4640 4676
2072 5 8416 1341 1707 3292 3463 4640 4676 36 533 1211 1590
3072 5 8416 1341 1707 1211 1590 36 533 3292 3463 4640 4676
4072 5 8416 4640 4676 1341 1707 36 533 3292 3463 1211 1590
5072 5 8416 1211 1590 36 533 4640 4676 3292 3463 1341 1707
6072 5 8416 3292 3463 36 533 4640 4676 1341 1707 1211 1590
7072 5 8416 4640 4676 1211 1590 36 533 1341 1707 3292 3463
8072 5 8416 1211 1590 4640 4676 36 533 3292 3463 1341 1707
9072 5 8416 3292 3463 1211 1590 36 533 1341 1707 4640 4676
10072 5 8416 1211 1590 1341 1707 3292 3463 4640 4676 36 533
1073 5 9948 1738 2064 1476 1828 4550 4595 3383 3545 1288 1660
2073 5 9948 1476 1828 1288 1660 4550 4595 1738 2064 3383 3545
3073 5 9948 1288 1660 4550 4595 1738 2064 1476 1828 3383 3545
4073 5 9948 3383 3545 4550 4595 1288 1660 1476 1828 1738 2064
5073 5 9948 1476 1828 4550 4595 3383 3545 1738 2064 1288 1660
6073 5 9948 4550 4595 1476 1828 3383 3545 1738 2064 1288 1660
7073 5 9948 1738 2064 4550 4595 1288 1660 1476 1828 3383 3545
8073 5 9948 1288 1660 1738 2064 3383 3545 1476 1828 4550 4595
9073 5 9948 3383 3545 1288 1660 4550 4595 1738 2064 1476 1828
10073 5 9948 3383 3545 1738 2064 1288 1660 1476 1828 4550 4595
1074 5 6810 4724 4752 1700 2030 1583 1925 18 517 488 940
2074 5 6810 1583 1925 1700 2030 18 517 4724 4752 488 940
3074 5 6810 1583 1925 1700 2030 18 517 4724 4752 488 940
4074 5 6810 1700 2030 4724 4752 18 517 488 940 1583 1925
5074 5 6810 488 940 1583 1925 4724 4752 18 517 1700 2030
6074 5 6810 4724 4752 488 940 1583 1925 1700 2030 18 517
7074 5 6810 1700 2030 18 517 488 940 1583 1925 4724 4752
8074 5 6810 4724 4752 18 517 1583 1925 1700 2030 488 940
9074 5 6810 488 940 1700 2030 18 517 1583 1925 4724 4752
10074 5 6810 1700 2030 488 940 1583 1925 4724 4752 18 517
1075 5 8820 1597 1937 849 1264 4661 4695 3209 3388 710 1139
2075 5 8820 4661 4695 849 1264 710 1139 1597 1937 3209 3388
3075 5 8820 3209 3388 1597 1937 4661 4695 710 1139 849 1264
4075 5 8820 849 1264 710 1139 1597 1937 4661 4695 3209 3388
5075 5 8820 1597 1937 4661 4695 710 1139 849 1264 3209 3388
6075 5 8820 710 1139 3209 3388 4661 4695 849 1264 1597 1937
7075 5 8820 1597 1937 710 1139 849 1264 3209 3388 4661 4695
8075 5 8820 1597 1937 3209 3388 710 1139 849 1264 4661 4695
9075 5 8820 849 1264 3209 3388 4661 4695 710 1139 1597 1937
10075 5 8820 4661 4695 3209 3388 849 1264 710 1139 1597 1937
1076 5 10765 2899 3109 4256 4331 4590 4631 270 743 1442 1798
2076 5 10765 2899 3109 4590 4631 4256 4331 270 743 1442 1798
3076 5 10765 4256 4331 270 743 2899 3109 1442 1798 4590 4631
4076 5 10765 4590 4631 4256 4331 1442 1798 270 743 2899 3109
5076 5 10765 4256 4331 4590 4631 270 743 1442 1798 2899 3109
6076 5 10765 4256 4331 2899 3109 4590 4631 270 743 1442 1798
7076 5 10765 1442 1798 2899 3109 4590 4631 4256 4331 270 743
8076 5 10765 270 743 1442 1798 4590 4631 4256 4331 2899 3109
9076 5 10765 1442 1798 2899 3109 4590 4631 270 743 4256 4331
10076 5 10765 2899 3109 4590 4631 270 743 4256 4331 1442 1798
1077 5 5648 168 651 4876 4889 461 915 290 761 1265 1638
2077 5 5648 4876 4889 290 761 1265 1638 168 651 461 915
3077 5 5648 4876 4889 461 915 290 761 1265 1638 168 651
4077 5 5648 4876 4889 1265 1638 290 761 168 651 461 915
5077 5 5648 168 651 461 915 290 761 4876 4889 1265 1638
6077 5 5648 290 761 461 915 1265 1638 168 651 4876 4889
7077 5 5648 290 761 461 915 4876 4889 168 651 1265 1638
8077 5 5648 168 651 1265 1638 290 761 461 915 4876 4889
9077 5 5648 290 761 1265 1638 168 651 461 915 4876 4889
10077 5 5648 168 651 290 761 4876 4889 461 915 1265 1638
1078 5 5888 1380 1742 74 566 2992 3193 1958 2262 956 1360
2078 5 5888 74 566 1958 2262 956 1360 2992 3193 1380 1742
3078 5 5888 74 566 2992 3193 956 1360 1380 1742 1958 2262
4078 5 5888 2992 3193 74 566 1958 2262 956 1360 1380 1742
5078 5 5888 956 1360 1380 1742 74 566 1958 2262 2992 3193
6078 5 5888 2992 3193 1958 2262 1380 1742 956 1360 74 566
7078 5 5888 1380 1742 74 566 2992 3193 956 1360 1958 2262
8078 5 5888 956 1360 1380 1742 1958 2262 74 566 2992 3193
9078 5 5888 2992 3193 74 566 1380 1742 956 1360 1958 2262
10078 5 5888 1380 1742 74 566 956 1360 2992 3193 1958 2262
1079 5 12098 4475 4528 1620 1958 26 524 5000 5000 4002 4102
2079 5 12098 5000 5000 26 524 4002 4102 1620 1958 4475 4528
3079 5 12098 4475 4528 1620 1958 5000 5000 26 524 4002 4102
4079 5 12098 4002 4102 1620 1958 26 524 4475 4528 5000 5000
5079 5 12098 5000 5000 26 524 4002 4102 4475 4528 1620 1958
6079 5 12098 1620 1958 4475 4528 5000 5000 26 524 4002 4102
7079 5 12098 5000 5000 26 524 4475 4528 1620 1958 4002 4102
8079 5 12098 4475 4528 5000 5000 4002 4102 26 524 1620 1958
9079 5 12098 4002 4102 5000 5000 26 524 1620 1958 4475 4528
10079 5 12098 1620 1958 5000 5000 4475 4528 4002 4102 26 524
1080 5 8695 1300 1670 1045 1440 2145 2431 1892 2203 4487 4538
2080 5 8695 2145 2431 1300 1670 4487 4538 1045 1440 1892 2203
3080 5 8695 1300 1670 4487 4538 2145 2431 1045 1440 1892 2203
4080 5 8695 1892 2203 2145 2431 1300 1670 4487 4538 1045 1440
5080 5 8695 1045 1440 1892 2203 2145 2431 4487 4538 1300 1670
6080 5 8695 2145 2431 4487 4538 1045 1440 1892 2203 1300 1670
7080 5 8695 1892 2203 4487 4538 1300 1670 2145 2431 1045 1440
8080 5 8695 2145 2431 4487 4538 1300 1670 1892 2203 1045 1440
9080 5 8695 4487 4538 2145 2431 1892 2203 1300 1670 1045 1440
10080 5 8695 1300 1670 2145 2431 1045 1440 1892 2203 4487 4538
1081 5 8331 488 939 1780 2102 3298 3469 33 530 4815 4833
2081 5 8331 3298 3469 33 530 488 939 4815 4833 1780 2102
3081 5 8331 488 939 33 530 3298 3469 4815 4833 1780 2102
4081 5 8331 3298 3469 488 939 4815 4833 1780 2102 33 530
5081 5 8331 3298 3469 4815 4833 1780 2102 488 939 33 530
6081 5 8331 4815 4833 1780 2102 488 939 33 530 3298 3469
7081 5 8331 1780 2102 4815 4833 3298 3469 33 530 488 939
8081 5 8331 1780 2102 4815 4833 33 530 3298 3469 488 939
9081 5 8331 33 530 1780 2102 3298 3469 488 939 4815 4833
10081 5 8331 4815 4833 1780 2102 33 530 488 939 3298 3469
1082 5 11287 4906 4915 3867 3981 1617 1955 2142 2428 1577 1919
2082 5 11287 1617 1955 3867 3981 4906 4915 1577 1919 2142 2428
3082 5 11287 3867 3981 1577 1919 4906 4915 2142 2428 1617 1955
4082 5 11287 4906 4915 2142 2428 1577 1919 1617 1955 3867 3981
5082 5 11287 1577 1919 2142 2428 3867 3981 1617 1955 4906 4915
6082 5 11287 2142 2428 3867 3981 1577 1919 1617 1955 4906 4915
7082 5 11287 4906 4915 3867 3981 1577 1919 2142 2428 1617 1955
8082 5 11287 4906 4915 2142 2428 1617 1955 1577 1919 3867 3981
9082 5 11287 3867 3981 4906 4915 2142 2428 1577 1919 1617 1955
10082 5 11287 4906 4915 3867 3981 2142 2428 1617 1955 1577 1919
1083 5 8638 1 501 4639 4675 2444 2700 1033 1430 2681 2913
2083 5 8638 1033 1430 4639 4675 1 501 2444 2700 2681 2913
3083 5 8638 1 501 2444 2700 1033 1430 4639 4675 2681 2913
4083 5 8638 4639 4675 1 501 2444 2700 2681 2913 1033 1430
5083 5 8638 2681 2913 4639 4675 1033 1430 1 501 2444 2700
6083 5 8638 4639 4675 1033 1430 1 501 2681 2913 2444 2700
7083 5 8638 1 501 4639 4675 2681 2913 2444 2700 1033 1430
8083 5 8638 4639 4675 2681 2913 1033 1430 2444 2700 1 501
9083 5 8638 1033 1430 4639 4675 1 501 2681 2913 2444 2700
10083 5 8638 1033 1430 1 501 2444 2700 2681 2913 4639 4675
1084 5 12026 3904 4014 746 1171 3528 3675 2662 2896 4193 4274
2084 5 12026 3528 3675 4193 4274 3904 4014 746 1171 2662 2896
3084 5 12026 3904 4014 3528 3675 746 1171 4193 4274 2662 2896
4084 5 12026 2662 2896 4193 4274 3528 3675 746 1171 3904 4014
5084 5 12026 2662 2896 746 1171 4193 4274 3528 3675 3904 4014
6084 5 12026 3904 4014 2662 2896 746 1171 3528 3675 4193 4274
7084 5 12026 4193 4274 3528 3675 3904 4014 746 1171 2662 2896
8084 5 12026 746 1171 3904 4014 2662 2896 3528 3675 4193 4274
9084 5 12026 3528 3675 4193 4274 2662 2896 746 1171 3904 4014
10084 5 12026 2662 2896 746 1171 3528 3675 3904 4014 4193 4274
1085 5 8394 3009 3208 332 799 4815 4833 598 1038 1739 2065
2085 5 8394 598 1038 3009 3208 4815 4833 332 799 1739 2065
3085 5 8394 332 799 3009 3208 1739 2065 598 1038 4815 4833
4085 5 8394 332 799 1739 2065 3009 3208 598 1038 4815 4833
5085 5 8394 1739 2065 4815 4833 3009 3208 598 1038 332 799
6085 5 8394 598 1038 1739 2065 4815 4833 332 799 3009 3208
7085 5 8394 332 799 1739 2065 598 1038 4815 4833 3009 3208
8085 5 8394 1739 2065 3009 3208 332 799 4815 4833 598 1038
9085 5 8394 3009 3208 332 799 4815 4833 1739 2065 598 1038
10085 5 8394 332 799 4815 4833 3009 3208 1739 2065 598 1038
1086 5 12438 2784 3006 4478 4530 3159 3343 754 1178 4373 4436
2086 5 12438 2784 3006 4478 4530 4373 4436 3159 3343 754 1178
3086 5 12438 754 1178 3159 3343 4373 4436 2784 3006 4478 4530
4086 5 12438 754 1178 4373 4436 4478 4530 2784 3006 3159 3343
5086 5 12438 4478 4530 754 1178 2784 3006 4373 4436 3159 3343
6086 5 12438 2784 3006 4373 4436 4478 4530 3159 3343 754 1178
7086 5 12438 754 1178 3159 3343 4478 4530 4373 4436 2784 3006
8086 5 12438 754 1178 4478 4530 2784 3006 3159 3343 4373 4436
9086 5 12438 4373 4436 3159 3343 4478 4530 754 1178 2784 3006
10086 5 12438 2784 3006 754 1178 4478 4530 4373 4436 3159 3343
1087 5 9884 2358 2622 4180 4262 1388 1749 1926 2234 2504 2754
2087 5 9884 1388 1749 1926 2234 2358 2622 4180 4262 2504 2754
3087 5 9884 2358 2622 1926 2234 4180 4262 2504 2754 1388 1749
4087 5 9884 1926 2234 2504 2754 4180 4262 2358 2622 1388 1749
5087 5 9884 1926 2234 2358 2622 4180 4262 2504 2754 1388 1749
6087 5 9884 2504 2754 4180 4262 1388 1749 1926 2234 2358 2622
7087 5 9884 2358 2622 2504 2754 1926 2234 4180 4262 1388 1749
8087 5 9884 4180 4262 2504 2754 1388 1749 1926 2234 2358 2622
9087 5 9884 2504 2754 1388 1749 2358 2622 4180 4262 1926 2234
10087 5 9884 1926 2234 4180 4262 2358 2622 1388 1749 2504 2754
1088 5 8591 966 1370 701 1131 3648 3783 1601 1941 3823 3941
2088 5 8591 3823 3941 701 1131 3648 3783 966 1370 1601 1941
3088 5 8591 701 1131 3823 3941 3648 3783 1601 1941 966 1370
4088 5 8591 1601 1941 966 1370 701 1131 3823 3941 3648 3783
5088 5 8591 966 1370 3823 3941 1601 1941 3648 3783 701 1131
6088 5 8591 3648 3783 3823 3941 966 1370 1601 1941 701 1131
7088 5 8591 1601 1941 966 1370 3823 3941 701 1131 3648 3783
8088 5 8591 3823 3941 3648 3783 966 1370 1601 1941 701 1131
9088 5 8591 701 1131 966 1370 3823 3941 3648 3783 1601 1941
10088 5 8591 3648 3783 3823 3941 1601 1941 966 1370 701 1131
1089 5 13944 4331 4398 871 1284 2959 3163 4861 4875 4408 4467
2089 5 13944 4408 4467 4861 4875 2959 3163 4331 4398 871 1284
3089 5 13944 4331 4398 2959 3163 871 1284 4861 4875 4408 4467
4089 5 13944 4861 4875 4408 4467 871 1284 4331 4398 2959 3163
5089 5 13944 4331 4398 4408 4467 4861 4875 2959 3163 871 1284
6089 5 13944 4408 4467 871 1284 4331 4398 2959 3163 4861 4875
7089 5 13944 2959 3163 4861 4875 4408 4467 871 1284 4331 4398
8089 5 13944 4408 4467 4331 4398 4861 4875 2959 3163 871 1284
9089 5 13944 871 1284 2959 3163 4861 4875 4331 4398 4408 4467
10089 5 13944 4331 4398 2959 3163 4408 4467 871 1284 4861 4875
1090 5 12151 2237 2513 4519 4567 4418 4476 3263 3437 752 1177
2090 5 12151 752 1177 2237 2513 4418 4476 4519 4567 3263 3437
3090 5 12151 4418 4476 4519 4567 2237 2513 752 1177 3263 3437
4090 5 12151 752 1177 4418 4476 4519 4567 3263 3437 2237 2513
5090 5 12151 4519 4567 4418 4476 3263 3437 2237 2513 752 1177
6090 5 12151 2237 2513 3263 3437 752 1177 4519 4567 4418 4476
7090 5 12151 2237 2513 4519 4567 4418 4476 752 1177 3263 3437
8090 5 12151 3263 3437 2237 2513 752 1177 4418 4476 4519 4567
9090 5 12151 2237 2513 4418 4476 4519 4567 752 1177 3263 3437
10090 5 12151 2237 2513 3263 3437 752 1177 4418 4476 4519 4567
1091 5 12902 4995 4995 2973 3176 1507 1857 4775 4797 1878 2191
2091 5 12902 4995 4995 2973 3176 1878 2191 1507 1857 4775 4797
3091 5 12902 2973 3176 1507 1857 1878 2191 4775 4797 4995 4995
4091 5 12902 4775 4797 1507 1857 4995 4995 2973 3176 1878 2191
5091 5 12902 4775 4797 1878 2191 1507 1857 4995 4995 2973 3176
6091 5 12902 1878 2191 4775 4797 1507 1857 4995 4995 2973 3176
7091 5 12902 2973 3176 4775 4797 4995 4995 1507 1857 1878 2191
8091 5 12902 1507 1857 2973 3176 4995 4995 1878 2191 4775 4797
9091 5 12902 1507 1857 1878 2191 4775 4797 4995 4995 2973 3176
10091 5 12902 1507 1857 4775 4797 4995 4995 1878 2191 2973 3176
1092 5 10639 411 870 2405 2664 3289 3461 3831 3948 3363 3527
2092 5 10639 2405 2664 411 870 3363 3527 3289 3461 3831 3948
3092 5 10639 411 870 3363 3527 3289 3461 2405 2664 3831 3948
4092 5 10639 3363 3527 411 870 2405 2664 3831 3948 3289 3461
5092 5 10639 3831 3948 3289 3461 3363 3527 2405 2664 411 870
6092 5 10639 3289 3461 3831 3948 3363 3527 411 870 2405 2664
7092 5 10639 411 870 3831 3948 3289 3461 3363 3527 2405 2664
8092 5 10639 3289 3461 2405 2664 411 870 3363 3527 3831 3948
9092 5 10639 3831 3948 2405 2664 3363 3527 411 870 3289 3461
10092 5 10639 3831 3948 3289 3461 3363 3527 411 870 2405 2664
1093 5 7132 820 1238 1137 1523 937 1343 1241 1617 4781 4803
2093 5 7132 820 1238 937 1343 1137 1523 4781 4803 1241 1617
3093 5 7132 937 1343 1241 1617 1137 1523 4781 4803 820 1238
4093 5 7132 4781 4803 820 1238 1137 1523 937 1343 1241 1617
5093 5 7132 1241 1617 4781 4803 820 1238 1137 1523 937 1343
6093 5 7132 4781 4803 1241 1617 937 1343 1137 1523 820 1238
7093 5 7132 820 1238 937 1343 1241 1617 4781 4803 1137 1523
8093 5 7132 1241 1617 4781 4803 820 1238 1137 1523 937 1343
9093 5 7132 937 1343 1137 1523 1241 1617 820 1238 4781 4803
10093 5 7132 1137 1523 937 1343 1241 1617 4781 4803 820 1238
1094 5 9008 763 1187 2365 2629 2470 2723 860 1274 4802 4822
2094 5 9008 763 1187 4802 4822 2365 2629 2470 2723 860 1274
3094 5 9008 2365 2629 4802 4822 2470 2723 763 1187 860 1274
4094 5 9008 763 1187 860 1274 2470 2723 4802 4822 2365 2629
5094 5 9008 4802 4822 763 1187 860 1274 2470 2723 2365 2629
6094 5 9008 2365 2629 763 1187 4802 4822 2470 2723 860 1274
7094 5 9008 2365 2629 763 1187 860 1274 4802 4822 2470 2723
8094 5 9008 860 1274 2470 2723 763 1187 2365 2629 4802 4822
9094 5 9008 763 1187 2365 2629 4802 4822 860 1274 2470 2723
10094 5 9008 763 1187 4802 4822 860 1274 2365 2629 2470 2723
1095 5 7289 595 1035 2200 2480 824 1241 2970 3173 2523 2771
2095 5 7289 824 1241 2970 3173 2200 2480 2523 2771 595 1035
3095 5 7289 595 1035 2200 2480 824 1241 2523 2771 2970 3173
4095 5 7289 2523 2771 2970 3173 2200 2480 595 1035 824 1241
5095 5 7289 824 1241 2200 2480 2523 2771 2970 3173 595 1035
6095 5 7289 824 1241 2200 2480 595 1035 2970 3173 2523 2771
7095 5 7289 2200 2480 2970 3173 2523 2771 595 1035 824 1241
8095 5 7289 824 1241 2970 3173 595 1035 2200 2480 2523 2771
9095 5 7289 824 1241 2200 2480 2523 2771 595 1035 2970 3173
10095 5 7289 595 1035 2970 3173 2523 2771 824 1241 2200 2480
1096 5 9422 1925 2232 2102 2392 2144 2430 1049 1444 4558 4602
2096 5 9422 1925 2232 1049 1444 4558 4602 2102 2392 2144 2430
3096 5 9422 1049 1444 4558 4602 2102 2392 1925 2232 2144 2430
4096 5 9422 1049 1444 1925 2232 2144 2430 2102 2392 4558 4602
5096 5 9422 1049 1444 4558 4602 1925 2232 2144 2430 2102 2392
6096 5 9422 1049 1444 2144 2430 2102 2392 4558 4602 1925 2232
7096 5 9422 1925 2232 1049 1444 2102 2392 4558 4602 2144 2430
8096 5 9422 2144 2430 1925 2232 2102 2392 1049 1444 4558 4602
9096 5 9422 4558 4602 1925 2232 1049 1444 2102 2392 2144 2430
10096 5 9422 2144 2430 2102 2392 4558 4602 1925 2232 1049 1444
1097 5 11981 4074 4166 1807 2126 3897 4007 4601 4641 598 1038
2097 5 11981 4601 4641 598 1038 3897 4007 1807 2126 4074 4166
3097 5 11981 4074 4166 1807 2126 4601 4641 598 1038 3897 4007
4097 5 11981 598 1038 1807 2126 4601 4641 4074 4166 3897 4007
5097 5 11981 598 1038 1807 2126 3897 4007 4601 4641 4074 4166
6097 5 11981 4601 4641 3897 4007 598 1038 4074 4166 1807 2126
7097 5 11981 3897 4007 4601 4641 598 1038 4074 4166 1807 2126
8097 5 11981 4601 4641 1807 2126 598 1038 4074 4166 3897 4007
9097 5 11981 598 1038 4074 4166 3897 4007 1807 2126 4601 4641
10097 5 11981 4601 4641 3897 4007 598 1038 4074 4166 1807 2126
1098 5 13576 3995 4096 842 1258 3164 3348 4480 4532 4489 4540
2098 5 13576 4480 4532 3995 4096 4489 4540 842 1258 3164 3348
3098 5 13576 4489 4540 842 1258 3995 4096 4480 4532 3164 3348
4098 5 13576 4480 4532 842 1258 3164 3348 3995 4096 4489 4540
5098 5 13576 3164 3348 842 1258 4480 4532 4489 4540 3995 4096
6098 5 13576 4480 4532 3164 3348 842 1258 3995 4096 4489 4540
7098 5 13576 842 1258 4480 4532 4489 4540 3164 3348 3995 4096
8098 5 13576 4489 4540 4480 4532 842 1258 3164 3348 3995 4096
9098 5 13576 4489 4540 842 1258 3995 4096 4480 4532 3164 3348
10098 5 13576 842 1258 3164 3348 4480 4532 4489 4540 3995 4096
1099 5 10240 500 950 2073 2366 2035 2331 4251 4326 3942 4048
2099 5 10240 3942 4048 500 950 4251 4326 2035 2331 2073 2366
3099 5 10240 4251 4326 3942 4048 2073 2366 2035 2331 500 950
4099 5 10240 500 950 4251 4326 3942 4048 2035 2331 2073 2366
5099 5 10240 2073 2366 2035 2331 500 950 4251 4326 3942 4048
6099 5 10240 2073 2366 4251 4326 2035 2331 3942 4048 500 950
7099 5 10240 2035 2331 3942 4048 500 950 2073 2366 4251 4326
8099 5 10240 500 950 4251 4326 2035 2331 3942 4048 2073 2366
9099 5 10240 3942 4048 2073 2366 2035 2331 4251 4326 500 950
10099 5 10240 4251 4326 2073 2366 2035 2331 500 950 3942 4048
1100 5 12584 2193 2474 4488 4540 3616 3754 1963 2267 3471 3624
2100 5 12584 4488 4540 3471 3624 3616 3754 2193 2474 1963 2267
3100 5 12584 1963 2267 3616 3754 4488 4540 2193 2474 3471 3624
4100 5 12584 2193 2474 3616 3754 1963 2267 4488 4540 3471 3624
5100 5 12584 3471 3624 4488 4540 2193 2474 3616 3754 1963 2267
6100 5 12584 3471 3624 2193 2474 1963 2267 4488 4540 3616 3754
7100 5 12584 3471 3624 4488 4540 3616 3754 2193 2474 1963 2267
8100 5 12584 1963 2267 4488 4540 2193 2474 3616 3754 3471 3624
9100 5 12584 2193 2474 1963 2267 4488 4540 3471 3624 3616 3754
10100 5 12584 3471 3624 4488 4540 2193 2474 3616 3754 1963 2267
1101 5 12548 812 1231 2679 2912 3680 3812 4384 4446 4130 4217
2101 5 12548 4384 4446 2679 2912 812 1231 4130 4217 3680 3812
3101 5 12548 2679 2912 812 1231 4384 4446 4130 4217 3680 3812
4101 5 12548 4384 4446 812 1231 3680 3812 2679 2912 4130 4217
5101 5 12548 4130 4217 2679 2912 4384 4446 812 1231 3680 3812
6101 5 12548 3680 3812 4130 4217 812 1231 2679 2912 4384 4446
7101 5 12548 2679 2912 4384 4446 3680 3812 4130 4217 812 1231
8101 5 12548 2679 2912 4130 4217 812 1231 3680 3812 4384 4446
9101 5 12548 4384 4446 3680 3812 4130 4217 2679 2912 812 1231
10101 5 12548 4384 4446 4130 4217 3680 3812 812 1231 2679 2912
1102 5 10276 3986 4088 13 511 4517 4566 3752 3877 577 1019
2102 5 10276 3986 4088 13 511 577 1019 3752 3877 4517 4566
3102 5 10276 3986 4088 13 511 4517 4566 577 1019 3752 3877
4102 5 10276 3752 3877 4517 4566 13 511 3986 4088 577 1019
5102 5 10276 577 1019 13 511 3986 4088 4517 4566 3752 3877
6102 5 10276 577 1019 3986 4088 4517 4566 13 511 3752 3877
7102 5 10276 4517 4566 577 1019 13 511 3986 4088 3752 3877
8102 5 10276 3986 4088 13 511 3752 3877 4517 4566 577 1019
9102 5 10276 4517 4566 577 1019 13 511 3986 4088 3752 3877
10102 5 10276 13 511 3752 3877 577 1019 3986 4088 4517 4566
1103 5 12808 4573 4616 4659 4693 375 838 4324 4392 2080 2372
2103 5 12808 4573 4616 2080 2372 375 838 4659 4693 4324 4392
3103 5 12808 4573 4616 2080 2372 4659 4693 375 838 4324 4392
4103 5 12808 4573 4616 4324 4392 2080 2372 4659 4693 375 838
5103 5 12808 4573 4616 375 838 4659 4693 2080 2372 4324 4392
6103 5 12808 2080 2372 4324 4392 4573 4616 375 838 4659 4693
7103 5 12808 4324 4392 375 838 4573 4616 2080 2372 4659 4693
8103 5 12808 2080 2372 4324 4392 4659 4693 375 838 4573 4616
9103 5 12808 4573 4616 4324 4392 4659 4693 375 838 2080 2372
10103 5 12808 4324 4392 4659 4693 375 838 4573 4616 2080 2372
1104 5 9417 1187 1568 2062 2356 3552 3697 4696 4727 275 747
2104 5 9417 2062 2356 275 747 3552 3697 1187 1568 4696 4727
3104 5 9417 2062 2356 275 747 3552 3697 4696 4727 1187 1568
4104 5 9417 275 747 1187 1568 4696 4727 3552 3697 2062 2356
5104 5 9417 2062 2356 1187 1568 275 747 4696 4727 3552 3697
6104 5 9417 2062 2356 3552 3697 1187 1568 275 747 4696 4727
7104 5 9417 4696 4727 1187 1568 3552 3697 275 747 2062 2356
8104 5 9417 3552 3697 4696 4727 1187 1568 2062 2356 275 747
9104 5 9417 275 747 4696 4727 1187 1568 3552 3697 2062 2356
10104 5 9417 4696 4727 3552 3697 275 747 2062 2356 1187 1568
1105 5 8028 2973 3176 194 674 1668 2002 1000 1400 4200 4280
2105 5 8028 2973 3176 1000 1400 1668 2002 194 674 4200 4280
3105 5 8028 4200 4280 1000 1400 194 674 1668 2002 2973 3176
4105 5 8028 2973 3176 1000 1400 194 674 4200 4280 1668 2002
5105 5 8028 1000 1400 194 674 1668 2002 4200 4280 2973 3176
6105 5 8028 1000 1400 1668 2002 4200 4280 194 674 2973 3176
7105 5 8028 4200 4280 2973 3176 1668 2002 1000 1400 194 674
8105 5 8028 1000 1400 194 674 1668 2002 4200 4280 2973 3176
9105 5 8028 1000 1400 194 674 4200 4280 2973 3176 1668 2002
10105 5 8028 194 674 4200 4280 2973 3176 1000 1400 1668 2002
1106 5 10960 4299 4369 3438 3595 52 547 1580 1922 4332 4399
2106 5 10960 4299 4369 1580 1922 52 547 3438 3595 4332 4399
3106 5 10960 3438 3595 52 547 4332 4399 1580 1922 4299 4369
4106 5 10960 52 547 4332 4399 3438 3595 4299 4369 1580 1922
5106 5 10960 52 547 4332 4399 3438 3595 1580 1922 4299 4369
6106 5 10960 1580 1922 4332 4399 4299 4369 3438 3595 52 547
7106 5 10960 4332 4399 4299 4369 1580 1922 52 547 3438 3595
8106 5 10960 4299 4369 1580 1922 52 547 4332 4399 3438 3595
9106 5 10960 52 547 4299 4369 3438 3595 4332 4399 1580 1922
10106 5 10960 3438 3595 4299 4369 52 547 1580 1922 4332 4399
1107 5 5448 1481 1833 1163 1547 1879 2191 802 1222 1485 1836
2107 5 5448 1163 1547 1481 1833 1879 2191 1485 1836 802 1222
3107 5 5448 802 1222 1163 1547 1481 1833 1485 1836 1879 2191
4107 5 5448 802 1222 1163 1547 1485 1836 1879 2191 1481 1833
5107 5 5448 802 1222 1879 2191 1163 1547 1485 1836 1481 1833
6107 5 5448 1485 1836 1879 2191 802 1222 1481 1833 1163 1547
7107 5 5448 1163 1547 1481 1833 1879 2191 1485 1836 802 1222
8107 5 5448 1485 1836 1163 1547 1481 1833 802 1222 1879 2191
9107 5 5448 1485 1836 1879 2191 1163 1547 802 1222 1481 1833
10107 5 5448 1485 1836 802 1222 1163 1547 1879 2191 1481 1833
1108 5 9015 996 1397 840 1256 986 1388 4513 4561 3934 4041
2108 5 9015 840 1256 986 1388 4513 4561 3934 4041 996 1397
3108 5 9015 3934 4041 4513 4561 996 1397 840 1256 986 1388
4108 5 9015 3934 4041 986 1388 4513 4561 996 1397 840 1256
5108 5 9015 4513 4561 996 1397 840 1256 986 1388 3934 4041
6108 5 9015 840 1256 986 1388 3934 4041 996 1397 4513 4561
7108 5 9015 986 1388 4513 4561 996 1397 3934 4041 840 1256
8108 5 9015 4513 4561 3934 4041 986 1388 840 1256 996 1397
9108 5 9015 840 1256 986 1388 4513 4561 3934 4041 996 1397
10108 5 9015 986 1388 4513 4561 3934 4041 996 1397 840 1256
1109 5 10861 823 1241 1970 2273 2246 2522 4628 4665 3910 4019
2109 5 10861 823 1241 4628 4665 1970 2273 3910 4019 2246 2522
3109 5 10861 2246 2522 3910 4019 823 1241 4628 4665 1970 2273
4109 5 10861 2246 2522 4628 4665 3910 4019 1970 2273 823 1241
5109 5 10861 2246 2522 4628 4665 3910 4019 1970 2273 823 1241
6109 5 10861 4628 4665 2246 2522 1970 2273 823 1241 3910 4019
7109 5 10861 3910 4019 823 1241 4628 4665 1970 2273 2246 2522
8109 5 10861 4628 4665 1970 2273 3910 4019 2246 2522 823 1241
9109 5 10861 4628 4665 1970 2273 3910 4019 2246 2522 823 1241
10109 5 10861 1970 2273 4628 4665 2246 2522 823 1241 3910 4019
1110 5 5078 2054 2349 294 764 2057 2351 458 913 1485 1836
2110 5 5078 2054 2349 294 764 1485 1836 458 913 2057 2351
3110 5 5078 1485 1836 2054 2349 294 764 458 913 2057 2351
4110 5 5078 2057 2351 2054 2349 294 764 458 913 1485 1836
5110 5 5078 2054 2349 2057 2351 1485 1836 458 913 294 764
6110 5 5078 1485 1836 2057 2351 458 913 2054 2349 294 764
7110 5 5078 2054 2349 294 764 458 913 1485 1836 2057 2351
8110 5 5078 1485 1836 2054 2349 294 764 2057 2351 458 913
9110 5 5078 294 764 1485 1836 458 913 2057 2351 2054 2349
10110 5 5078 2057 2351 1485 1836 2054 2349 458 913 294 764
1111 5 10136 2042 2338 4775 4798 2820 3038 2073 2366 960 1364
2111 5 10136 960 1364 2820 3038 2073 2366 2042 2338 4775 4798
3111 5 10136 960 1364 2073 2366 2820 3038 2042 2338 4775 4798
4111 5 10136 2073 2366 2042 2338 4775 4798 2820 3038 960 1364
5111 5 10136 960 1364 4775 4798 2820 3038 2042 2338 2073 2366
6111 5 10136 2042 2338 2820 3038 2073 2366 4775 4798 960 1364
7111 5 10136 4775 4798 2820 3038 2042 2338 960 1364 2073 2366
8111 5 10136 4775 4798 2042 2338 2820 3038 960 1364 2073 2366
9111 5 10136 4775 4798 2820 3038 2042 2338 960 1364 2073 2366
10111 5 10136 2073 2366 960 1364 2820 3038 4775 4798 2042 2338
1112 5 11797 3987 4089 701 1131 1399 1759 3768 3892 4892 4903
2112 5 11797 1399 1759 3768 3892 701 1131 3987 4089 4892 4903
3112 5 11797 4892 4903 3987 4089 1399 1759 3768 3892 701 1131
4112 5 11797 1399 1759 3768 3892 3987 4089 701 1131 4892 4903
5112 5 11797 701 1131 3768 3892 3987 4089 1399 1759 4892 4903
6112 5 11797 3768 3892 701 1131 4892 4903 1399 1759 3987 4089
7112 5 11797 3768 3892 4892 4903 1399 1759 3987 4089 701 1131
8112 5 11797 4892 4903 3987 4089 3768 3892 701 1131 1399 1759
9112 5 11797 701 1131 1399 1759 3768 3892 3987 4089 4892 4903
10112 5 11797 701 1131 4892 4903 1399 1759 3768 3892 3987 4089
1113 5 11961 3966 4070 1363 1727 4344 4409 3129 3316 2150 2435
2113 5 11961 3966 4070 2150 2435 1363 1727 4344 4409 3129 3316
3113 5 11961 4344 4409 3129 3316 1363 1727 3966 4070 2150 2435
4113 5 11961 1363 1727 3966 4070 3129 3316 4344 4409 2150 2435
5113 5 11961 3129 3316 3966 4070 1363 1727 2150 2435 4344 4409
6113 5 11961 3966 4070 1363 1727 4344 4409 2150 2435 3129 3316
7113 5 11961 3129 3316 4344 4409 3966 4070 2150 2435 1363 1727
8113 5 11961 3129 3316 2150 2435 1363 1727 3966 4070 4344 4409
9113 5 11961 3966 4070 3129 3316 2150 2435 1363 1727 4344 4409
10113 5 11961 1363 1727 2150 2435 3129 3316 4344 4409 3966 4070
1114 5 11058 2324 2592 2566 2809 1492 1843 3688 3819 3753 3878
2114 5 11058 3753 3878 3688 3819 2566 2809 1492 1843 2324 2592
3114 5 11058 1492 1843 2324 2592 3688 3819 2566 2809 3753 3878
4114 5 11058 2566 2809 1492 1843 3688 3819 3753 3878 2324 2592
5114 5 11058 3688 3819 1492 1843 3753 3878 2324 2592 2566 2809
6114 5 11058 1492 1843 3753 3878 2566 2809 2324 2592 3688 3819
7114 5 11058 2566 2809 3753 3878 1492 1843 2324 2592 3688 3819
8114 5 11058 2566 2809 1492 1843 3753 3878 2324 2592 3688 3819
9114 5 11058 3753 3878 3688 3819 2324 2592 1492 1843 2566 2809
10114 5 11058 1492 1843 2566 2809 2324 2592 3688 3819 3753 3878
1115 5 10012 3063 3257 1742 2068 2715 2944 161 645 4834 4851
2115 5 10012 4834 4851 161 645 1742 2068 2715 2944 3063 3257
3115 5 10012 4834 4851 3063 3257 161 645 2715 2944 1742 2068
4115 5 10012 2715 2944 3063 3257 161 645 4834 4851 1742 2068
5115 5 10012 2715 2944 3063 3257 1742 2068 161 645 4834 4851
6115 5 10012 3063 3257 161 645 4834 4851 2715 2944 1742 2068
7115 5 10012 4834 4851 3063 3257 161 645 1742 2068 2715 2944
8115 5 10012 1742 2068 3063 3257 2715 2944 4834 4851 161 645
9115 5 10012 1742 2068 3063 3257 4834 4851 161 645 2715 2944
10115 5 10012 161 645 1742 2068 4834 4851 3063 3257 2715 2944
1116 5 10602 1577 1919 4301 4371 4315 4384 2878 3091 182 664
2116 5 10602 4315 4384 182 664 4301 4371 2878 3091 1577 1919
3116 5 10602 1577 1919 4315 4384 2878 3091 4301 4371 182 664
4116 5 10602 2878 3091 1577 1919 4301 4371 182 664 4315 4384
5116 5 10602 2878 3091 1577 1919 4301 4371 182 664 4315 4384
6116 5 10602 2878 3091 1577 1919 4301 4371 4315 4384 182 664
7116 5 10602 1577 1919 4301 4371 2878 3091 182 664 4315 4384
8116 5 10602 182 664 1577 1919 4301 4371 2878 3091 4315 4384
9116 5 10602 4301 4371 4315 4384 182 664 1577 1919 2878 3091
10116 5 10602 4315 4384 182 664 4301 4371 1577 1919 2878 3091
1117 5 14501 4663 4697 4351 4416 2002 2302 2828 3045 4283 4355
2117 5 14501 4283 4355 4351 4416 4663 4697 2002 2302 2828 3045
3117 5 14501 4283 4355 2828 3045 4351 4416 2002 2302 4663 4697
4117 5 14501 2828 3045 4351 4416 4283 4355 4663 4697 2002 2302
5117 5 14501 2002 2302 4663 4697 4351 4416 2828 3045 4283 4355
6117 5 14501 4351 4416 4283 4355 2828 3045 4663 4697 2002 2302
7117 5 14501 2828 3045 4351 4416 4283 4355 4663 4697 2002 2302
8117 5 14501 4351 4416 4283 4355 2002 2302 4663 4697 2828 3045
9117 5 14501 2828 3045 2002 2302 4351 4416 4663 4697 4283 4355
10117 5 14501 2002 2302 4663 4697 2828 3045 4283 4355 4351 4416
1118 5 9420 2307 2577 910 1319 3082 3274 4466 4519 1010 1409
2118 5 9420 1010 1409 2307 2577 3082 3274 4466 4519 910 1319
3118 5 9420 3082 3274 1010 1409 2307 2577 910 1319 4466 4519
4118 5 9420 4466 4519 3082 3274 2307 2577 910 1319 1010 1409
5118 5 9420 2307 2577 3082 3274 1010 1409 910 1319 4466 4519
6118 5 9420 1010 1409 3082 3274 2307 2577 4466 4519 910 1319
7118 5 9420 3082 3274 2307 2577 910 1319 4466 4519 1010 1409
8118 5 9420 910 1319 1010 1409 4466 4519 3082 3274 2307 2577
9118 5 9420 3082 3274 2307 2577 910 1319 1010 1409 4466 4519
10118 5 9420 910 1319 4466 4519 3082 3274 2307 2577 1010 1409
1119 5 9533 95 586 3146 3331 2631 2868 2468 2721 3577 3720
2119 5 9533 2631 2868 2468 2721 3146 3331 95 586 3577 3720
3119 5 9533 3146 3331 3577 3720 2468 2721 2631 2868 95 586
4119 5 9533 2468 2721 2631 2868 95 586 3577 3720 3146 3331
5119 5 9533 95 586 2631 2868 3146 3331 2468 2721 3577 3720
6119 5 9533 3577 3720 2631 2868 3146 3331 95 586 2468 2721
7119 5 9533 2468 2721 3577 3720 95 586 3146 3331 2631 2868
8119 5 9533 2468 2721 3577 3720 95 586 3146 3331 2631 2868
9119 5 9533 2631 2868 3577 3720 3146 3331 2468 2721 95 586
10119 5 9533 3577 3720 2468 2721 95 586 3146 3331 2631 2868
1120 5 8372 454 909 2609 2848 2054 2349 2253 2528 3095 3286
2120 5 8372 2609 2848 3095 3286 2054 2349 2253 2528 454 909
3120 5 8372 2253 2528 2054 2349 2609 2848 3095 3286 454 909
4120 5 8372 2609 2848 2253 2528 2054 2349 3095 3286 454 909
5120 5 8372 2054 2349 2253 2528 454 909 2609 2848 3095 3286
6120 5 8372 2253 2528 2609 2848 454 909 2054 2349 3095 3286
7120 5 8372 2253 2528 2609 2848 454 909 2054 2349 3095 3286
8120 5 8372 2054 2349 3095 3286 2609 2848 454 909 2253 2528
9120 5 8372 2253 2528 2054 2349 3095 3286 454 909 2609 2848
10120 5 8372 2253 2528 3095 3286 454 909 2609 2848 2054 2349
1121 5 10321 1204 1583 3840 3956 589 1030 4621 4659 2648 2883
2121 5 10321 1204 1583 4621 4659 589 1030 2648 2883 3840 3956
3121 5 10321 2648 2883 4621 4659 1204 1583 589 1030 3840 3956
4121 5 10321 2648 2883 3840 3956 4621 4659 589 1030 1204 1583
5121 5 10321 1204 1583 589 1030 4621 4659 3840 3956 2648 2883
6121 5 10321 589 1030 4621 4659 3840 3956 2648 2883 1204 1583
7121 5 10321 1204 1583 589 1030 3840 3956 2648 2883 4621 4659
8121 5 10321 4621 4659 3840 3956 2648 2883 1204 1583 589 1030
9121 5 10321 4621 4659 3840 3956 2648 2883 589 1030 1204 1583
10121 5 10321 589 1030 3840 3956 1204 1583 4621 4659 2648 2883
1122 5 9272 935 1341 3619 3757 3893 4004 522 970 2621 2859
2122 5 9272 3619 3757 3893 4004 935 1341 2621 2859 522 970
3122 5 9272 3619 3757 935 1341 2621 2859 522 970 3893 4004
4122 5 9272 522 970 3619 3757 935 1341 3893 4004 2621 2859
5122 5 9272 3619 3757 3893 4004 2621 2859 935 1341 522 970
6122 5 9272 3893 4004 935 1341 522 970 3619 3757 2621 2859
7122 5 9272 3893 4004 935 1341 2621 2859 522 970 3619 3757
8122 5 9272 3893 4004 2621 2859 522 970 935 1341 3619 3757
9122 5 9272 2621 2859 522 970 935 1341 3893 4004 3619 3757
10122 5 9272 3893 4004 2621 2859 935 1341 522 970 3619 3757
1123 5 12016 2832 3049 4883 4895 4539 4585 211 690 2556 2800
2123 5 12016 2832 3049 4883 4895 211 690 2556 2800 4539 4585
3123 5 12016 211 690 4883 4895 2832 3049 4539 4585 2556 2800
4123 5 12016 2832 3049 4539 4585 2556 2800 4883 4895 211 690
5123 5 12016 4883 4895 2556 2800 211 690 2832 3049 4539 4585
6123 5 12016 4883 4895 2832 3049 4539 4585 2556 2800 211 690
7123 5 12016 4883 4895 211 690 2832 3049 4539 4585 2556 2800
8123 5 12016 2832 3049 211 690 2556 2800 4883 4895 4539 4585
9123 5 12016 4883 4895 211 690 2556 2800 2832 3049 4539 4585
10123 5 12016 2556 2800 4883 4895 211 690 4539 4585 2832 3049
1124 5 7095 1822 2140 2521 2769 3105 3295 704 1134 717 1146
2124 5 7095 1822 2140 717 1146 2521 2769 704 1134 3105 3295
3124 5 7095 717 1146 3105 3295 1822 2140 704 1134 2521 2769
4124 5 7095 3105 3295 704 1134 1822 2140 717 1146 2521 2769
5124 5 7095 704 1134 717 1146 1822 2140 2521 2769 3105 3295
6124 5 7095 2521 2769 3105 3295 704 1134 1822 2140 717 1146
7124 5 7095 704 1134 1822 2140 717 1146 2521 2769 3105 3295
8124 5 7095 704 1134 717 1146 2521 2769 3105 3295 1822 2140
9124 5 7095 717 1146 704 1134 2521 2769 1822 2140 3105 3295
10124 5 7095 704 1134 1822 2140 717 1146 3105 3295 2521 2769
1125 5 8356 4655 4690 2961 3165 371 834 877 1289 1582 1924
2125 5 8356 877 1289 371 834 2961 3165 4655 4690 1582 1924
3125 5 8356 877 1289 4655 4690 1582 1924 371 834 2961 3165
4125 5 8356 2961 3165 1582 1924 877 1289 371 834 4655 4690
5125 5 8356 371 834 1582 1924 4655 4690 877 1289 2961 3165
6125 5 8356 2961 3165 877 1289 4655 4690 1582 1924 371 834
7125 5 8356 4655 4690 877 1289 1582 1924 2961 3165 371 834
8125 5 8356 4655 4690 371 834 2961 3165 1582 1924 877 1289
9125 5 8356 877 1289 1582 1924 371 834 4655 4690 2961 3165
10125 5 8356 2961 3165 1582 1924 877 1289 371 834 4655 4690
1126 5 8515 3743 3869 1078 1470 1419 1777 1777 2100 2627 2864
2126 5 8515 3743 3869 2627 2864 1078 1470 1419 1777 1777 2100
3126 5 8515 1777 2100 1078 1470 1419 1777 2627 2864 3743 3869
4126 5 8515 1419 1777 3743 3869 2627 2864 1078 1470 1777 2100
5126 5 8515 1777 2100 2627 2864 3743 3869 1078 1470 1419 1777
6126 5 8515 3743 3869 1777 2100 1078 1470 1419 1777 2627 2864
7126 5 8515 2627 2864 3743 3869 1078 1470 1419 1777 1777 2100
8126 5 8515 3743 3869 2627 2864 1777 2100 1419 1777 1078 1470
9126 5 8515 1078 1470 3743 3869 2627 2864 1419 1777 1777 2100
10126 5 8515 2627 2864 1777 2100 1078 1470 3743 3869 1419 1777
1127 5 11542 2350 2615 4243 4319 4342 4408 3301 3471 192 673
2127 5 11542 3301 3471 4243 4319 192 673 2350 2615 4342 4408
3127 5 11542 4243 4319 3301 3471 192 673 2350 2615 4342 4408
4127 5 11542 3301 3471 192 673 4243 4319 4342 4408 2350 2615
5127 5 11542 4243 4319 3301 3471 4342 4408 2350 2615 192 673
6127 5 11542 4342 4408 2350 2615 3301 3471 192 673 4243 4319
7127 5 11542 4243 4319 3301 3471 192 673 4342 4408 2350 2615
8127 5 11542 192 673 4243 4319 3301 3471 2350 2615 4342 4408
9127 5 11542 2350 2615 3301 3471 192 673 4342 4408 4243 4319
10127 5 11542 192 673 4243 4319 3301 3471 2350 2615 4342 4408
1128 5 15029 4563 4607 4096 4186 2282 2554 4165 4248 3681 3813
2128 5 15029 3681 3813 4563 4607 4096 4186 4165 4248 2282 2554
3128 5 15029 3681 3813 4563 4607 4165 4248 4096 4186 2282 2554
4128 5 15029 4165 4248 3681 3813 4563 4607 4096 4186 2282 2554
5128 5 15029 4165 4248 2282 2554 4096 4186 3681 3813 4563 4607
6128 5 15029 4563 4607 2282 2554 4165 4248 3681 3813 4096 4186
7128 5 15029 4165 4248 2282 2554 4563 4607 3681 3813 4096 4186
8128 5 15029 3681 3813 2282 2554 4563 4607 4165 4248 4096 4186
9128 5 15029 3681 3813 4096 4186 2282 2554 4165 4248 4563 4607
10128 5 15029 4563 4607 2282 2554 4165 4248 4096 4186 3681 3813
1129 5 9891 3915 4023 2526 2774 3470 3623 1304 1674 1149 1535
2129 5 9891 2526 2774 1149 1535 3915 4023 3470 3623 1304 1674
3129 5 9891 2526 2774 3470 3623 1149 1535 3915 4023 1304 1674
4129 5 9891 2526 2774 3470 3623 1304 1674 1149 1535 3915 4023
5129 5 9891 2526 2774 1304 1674 1149 1535 3470 3623 3915 4023
6129 5 9891 2526 2774 1304 1674 3915 4023 1149 1535 3470 3623
7129 5 9891 2526 2774 3915 4023 1304 1674 1149 1535 3470 3623
8129 5 9891 3470 3623 3915 4023 1149 1535 2526 2774 1304 1674
9129 5 9891 3470 3623 1149 1535 1304 1674 3915 4023 2526 2774
10129 5 9891 1304 1674 2526 2774 3470 3623 1149 1535 3915 4023
1130 5 12264 2575 2818 2289 2560 4520 4568 1533 1880 4414 4473
2130 5 12264 1533 1880 2575 2818 4414 4473 2289 2560 4520 4568
3130 5 12264 4520 4568 1533 1880 4414 4473 2575 2818 2289 2560
4130 5 12264 4414 4473 4520 4568 2289 2560 2575 2818 1533 1880
5130 5 12264 2575 2818 1533 1880 4414 4473 2289 2560 4520 4568
6130 5 12264 1533 1880 4520 4568 4414 4473 2575 2818 2289 2560
7130 5 12264 4414 4473 1533 1880 2575 2818 4520 4568 2289 2560
8130 5 12264 4414 4473 4520 4568 2575 2818 1533 1880 2289 2560
9130 5 12264 1533 1880 2575 2818 2289 2560 4520 4568 4414 4473
10130 5 12264 4414 4473 2289 2560 2575 2818 1533 1880 4520 4568
1131 5 8388 1816 2135 4565 4608 1149 1534 2634 2871 321 789
2131 5 8388 1816 2135 4565 4608 2634 2871 1149 1534 321 789
3131 5 8388 321 789 1149 1534 2634 2871 4565 4608 1816 2135
4131 5 8388 2634 2871 1816 2135 1149 1534 4565 4608 321 789
5131 5 8388 4565 4608 321 789 2634 2871 1149 1534 1816 2135
6131 5 8388 321 789 1816 2135 1149 1534 2634 2871 4565 4608
7131 5 8388 1816 2135 321 789 4565 4608 1149 1534 2634 2871
8131 5 8388 4565 4608 1149 1534 1816 2135 2634 2871 321 789
9131 5 8388 1816 2135 2634 2871 321 789 1149 1534 4565 4608
10131 5 8388 2634 2871 4565 4608 1816 2135 1149 1534 321 789
1132 5 13131 4059 4153 1178 1560 3600 3740 4730 4757 2847 3063
2132 5 13131 1178 1560 2847 3063 4059 4153 4730 4757 3600 3740
3132 5 13131 3600 3740 2847 3063 1178 1560 4730 4757 4059 4153
4132 5 13131 1178 1560 3600 3740 4730 4757 2847 3063 4059 4153
5132 5 13131 1178 1560 2847 3063 4059 4153 3600 3740 4730 4757
6132 5 13131 4059 4153 4730 4757 2847 3063 1178 1560 3600 3740
7132 5 13131 4059 4153 4730 4757 3600 3740 1178 1560 2847 3063
8132 5 13131 4059 4153 3600 3740 4730 4757 1178 1560 2847 3063
9132 5 13131 1178 1560 4059 4153 3600 3740 2847 3063 4730 4757
10132 5 13131 2847 3063 4059 4153 1178 1560 4730 4757 3600 3740
1133 5 10026 2179 2461 4528 4575 3323 3491 1854 2168 649 1084
2133 5 10026 1854 2168 2179 2461 3323 3491 649 1084 4528 4575
3133 5 10026 649 1084 1854 2168 3323 3491 2179 2461 4528 4575
4133 5 10026 4528 4575 1854 2168 2179 2461 649 1084 3323 3491
5133 5 10026 649 1084 4528 4575 3323 3491 1854 2168 2179 2461
6133 5 10026 649 1084 1854 2168 3323 3491 2179 2461 4528 4575
7133 5 10026 649 1084 3323 3491 2179 2461 1854 2168 4528 4575
8133 5 10026 649 1084 3323 3491 1854 2168 2179 2461 4528 4575
9133 5 10026 649 1084 3323 3491 4528 4575 1854 2168 2179 2461
10133 5 10026 3323 3491 4528 4575 2179 2461 1854 2168 649 1084
1134 5 5876 2356 2620 281 753 19 518 1903 2212 2786 3008
2134 5 5876 1903 2212 2356 2620 19 518 281 753 2786 3008
3134 5 5876 19 518 2356 2620 1903 2212 2786 3008 281 753
4134 5 5876 1903 2212 2356 2620 281 753 19 518 2786 3008
5134 5 5876 19 518 2786 3008 281 753 1903 2212 2356 2620
6134 5 5876 1903 2212 2356 2620 19 518 2786 3008 281 753
7134 5 5876 281 753 19 518 2786 3008 1903 2212 2356 2620
8134 5 5876 281 753 2356 2620 2786 3008 1903 2212 19 518
9134 5 5876 2356 2620 2786 3008 19 518 1903 2212 281 753
10134 5 5876 2356 2620 19 518 2786 3008 281 753 1903 2212
1135 5 10337 4376 4439 1819 2137 2321 2589 2529 2777 1877 2189
2135 5 10337 1819 2137 4376 4439 2321 2589 1877 2189 2529 2777
3135 5 10337 4376 4439 1877 2189 2529 2777 1819 2137 2321 2589
4135 5 10337 2321 2589 2529 2777 4376 4439 1877 2189 1819 2137
5135 5 10337 2529 2777 1877 2189 2321 2589 4376 4439 1819 2137
6135 5 10337 1819 2137 1877 2189 4376 4439 2529 2777 2321 2589
7135 5 10337 1819 2137 2529 2777 2321 2589 1877 2189 4376 4439
8135 5 10337 2321 2589 1819 2137 1877 2189 4376 4439 2529 2777
9135 5 10337 4376 4439 2321 2589 1819 2137 1877 2189 2529 2777
10135 5 10337 2529 2777 1877 2189 2321 2589 4376 4439 1819 2137
1136 5 8606 2141 2427 923 1331 3851 3966 1334 1701 2509 2758
2136 5 8606 2141 2427 3851 3966 1334 1701 2509 2758 923 1331
3136 5 8606 923 1331 1334 1701 2509 2758 3851 3966 2141 2427
4136 5 8606 2509 2758 3851 3966 2141 2427 923 1331 1334 1701
5136 5 8606 3851 3966 2141 2427 1334 1701 923 1331 2509 2758
6136 5 8606 923 1331 2509 2758 3851 3966 1334 1701 2141 2427
7136 5 8606 1334 1701 2509 2758 2141 2427 3851 3966 923 1331
8136 5 8606 2141 2427 1334 1701 923 1331 2509 2758 3851 3966
9136 5 8606 3851 3966 2141 2427 2509 2758 923 1331 1334 1701
10136 5 8606 3851 3966 2141 2427 923 1331 1334 1701 2509 2758
1137 5 10442 4393 4454 3292 3463 795 1216 4241 4317 332 799
2137 5 10442 4393 4454 332 799 3292 3463 4241 4317 795 1216
3137 5 10442 4393 4454 795 1216 4241 4317 332 799 3292 3463
4137 5 10442 3292 3463 332 799 4241 4317 4393 4454 795 1216
5137 5 10442 4393 4454 332 799 4241 4317 3292 3463 795 1216
6137 5 10442 795 1216 4241 4317 332 799 4393 4454 3292 3463
7137 5 10442 795 1216 4393 4454 3292 3463 332 799 4241 4317
8137 5 10442 4241 4317 3292 3463 332 799 4393 4454 795 1216
9137 5 10442 4241 4317 795 1216 3292 3463 332 799 4393 4454
10137 5 10442 4393 4454 795 1216 4241 4317 3292 3463 332 799
1138 5 10423 581 1023 4864 4877 1302 1672 2094 2385 4188 4269
2138 5 10423 1302 1672 4864 4877 581 1023 4188 4269 2094 2385
3138 5 10423 1302 1672 581 1023 4864 4877 4188 4269 2094 2385
4138 5 10423 581 1023 4188 4269 2094 2385 1302 1672 4864 4877
5138 5 10423 4188 4269 581 1023 2094 2385 1302 1672 4864 4877
6138 5 10423 2094 2385 4188 4269 581 1023 4864 4877 1302 1672
7138 5 10423 2094 2385 4188 4269 1302 1672 4864 4877 581 1023
8138 5 10423 581 1023 4188 4269 4864 4877 1302 1672 2094 2385
9138 5 10423 1302 1672 4864 4877 4188 4269 581 1023 2094 2385
10138 5 10423 4188 4269 2094 2385 4864 4877 581 1023 1302 1672
1139 5 15374 3058 3252 2858 3072 4489 4540 4077 4170 4736 4762
2139 5 15374 3058 3252 4736 4762 4077 4170 4489 4540 2858 3072
3139 5 15374 2858 3072 4077 4170 3058 3252 4736 4762 4489 4540
4139 5 15374 4077 4170 2858 3072 4489 4540 3058 3252 4736 4762
5139 5 15374 3058 3252 4077 4170 4489 4540 2858 3072 4736 4762
6139 5 15374 4489 4540 3058 3252 4736 4762 2858 3072 4077 4170
7139 5 15374 4736 4762 2858 3072 4077 4170 4489 4540 3058 3252
8139 5 15374 2858 3072 4736 4762 4077 4170 3058 3252 4489 4540
9139 5 15374 3058 3252 2858 3072 4077 4170 4489 4540 4736 4762
10139 5 15374 4077 4170 2858 3072 3058 3252 4736 4762 4489 4540
1140 5 7422 2422 2680 613 1052 2698 2928 2319 2587 1226 1604
2140 5 7422 2319 2587 613 1052 2422 2680 1226 1604 2698 2928
3140 5 7422 2319 2587 613 1052 1226 1604 2422 2680 2698 2928
4140 5 7422 2319 2587 1226 1604 613 1052 2422 2680 2698 2928
5140 5 7422 613 1052 2698 2928 1226 1604 2319 2587 2422 2680
6140 5 7422 2422 2680 1226 1604 613 1052 2319 2587 2698 2928
7140 5 7422 2698 2928 2422 2680 2319 2587 1226 1604 613 1052
8140 5 7422 2422 2680 1226 1604 2698 2928 613 1052 2319 2587
9140 5 7422 2422 2680 613 1052 1226 1604 2319 2587 2698 2928
10140 5 7422 2319 2587 1226 1604 613 1052 2698 2928 2422 2680
1141 5 5933 1398 1758 1542 1888 284 756 3366 3530 827 1244
2141 5 5933 827 1244 1398 1758 284 756 3366 3530 1542 1888
3141 5 5933 827 1244 284 756 1398 1758 3366 3530 1542 1888
4141 5 5933 1398 1758 1542 1888 827 1244 284 756 3366 3530
5141 5 5933 284 756 3366 3530 1398 1758 1542 1888 827 1244
6141 5 5933 1542 1888 827 1244 1398 1758 284 756 3366 3530
7141 5 5933 284 756 827 1244 3366 3530 1542 1888 1398 1758
8141 5 5933 3366 3530 284 756 1398 1758 1542 1888 827 1244
9141 5 5933 3366 3530 284 756 1398 1758 827 1244 1542 1888
10141 5 5933 827 1244 1398 1758 3366 3530 284 756 1542 1888
1142 5 11792 1181 1563 4977 4980 784 1206 4364 4428 3435 3591
2142 5 11792 4977 4980 4364 4428 784 1206 3435 3591 1181 1563
3142 5 11792 4364 4428 4977 4980 3435 3591 1181 1563 784 1206
4142 5 11792 4977 4980 4364 4428 784 1206 3435 3591 1181 1563
5142 5 11792 784 1206 1181 1563 4977 4980 3435 3591 4364 4428
6142 5 11792 4364 4428 4977 4980 3435 3591 1181 1563 784 1206
7142 5 11792 1181 1563 784 1206 4364 4428 3435 3591 4977 4980
8142 5 11792 784 1206 1181 1563 3435 3591 4977 4980 4364 4428
9142 5 11792 784 1206 1181 1563 3435 3591 4977 4980 4364 4428
10142 5 11792 4977 4980 1181 1563 784 1206 3435 3591 4364 4428
1143 5 13079 3275 3448 386 847 2995 3196 4946 4952 4747 4773
2143 5 13079 2995 3196 3275 3448 386 847 4747 4773 4946 4952
3143 5 13079 2995 3196 3275 3448 386 847 4946 4952 4747 4773
4143 5 13079 4946 4952 386 847 2995 3196 4747 4773 3275 3448
5143 5 13079 2995 3196 386 847 3275 3448 4747 4773 4946 4952
6143 5 13079 2995 3196 4946 4952 4747 4773 386 847 3275 3448
7143 5 13079 4747 4773 386 847 4946 4952 3275 3448 2995 3196
8143 5 13079 4946 4952 4747 4773 2995 3196 3275 3448 386 847
9143 5 13079 3275 3448 2995 3196 4946 4952 386 847 4747 4773
10143 5 13079 3275 3448 2995 3196 4946 4952 4747 4773 386 847
1144 5 9198 2646 2881 3465 3618 2139 2425 779 1201 2469 2722
2144 5 9198 3465 3618 779 1201 2139 2425 2646 2881 2469 2722
3144 5 9198 2646 2881 779 1201 2469 2722 2139 2425 3465 3618
4144 5 9198 779 1201 2469 2722 2139 2425 2646 2881 3465 3618
5144 5 9198 2139 2425 3465 3618 779 1201 2646 2881 2469 2722
6144 5 9198 2469 2722 3465 3618 779 1201 2139 2425 2646 2881
7144 5 9198 3465 3618 2469 2722 2139 2425 2646 2881 779 1201
8144 5 9198 3465 3618 2469 2722 2646 2881 2139 2425 779 1201
9144 5 9198 2646 2881 2139 2425 3465 3618 2469 2722 779 1201
10144 5 9198 779 1201 2646 2881 2469 2722 3465 3618 2139 2425
1145 5 11222 1293 1664 358 822 4576 4619 3571 3714 4230 4307
2145 5 11222 358 822 3571 3714 4576 4619 4230 4307 1293 1664
3145 5 11222 3571 3714 4230 4307 1293 1664 358 822 4576 4619
4145 5 11222 358 822 4576 4619 4230 4307 1293 1664 3571 3714
5145 5 11222 1293 1664 4576 4619 358 822 3571 3714 4230 4307
6145 5 11222 1293 1664 3571 3714 358 822 4230 4307 4576 4619
7145 5 11222 358 822 1293 1664 4230 4307 4576 4619 3571 3714
8145 5 11222 358 822 3571 3714 4230 4307 4576 4619 1293 1664
9145 5 11222 358 822 3571 3714 4576 4619 1293 1664 4230 4307
10145 5 11222 3571 3714 1293 1664 4230 4307 4576 4619 358 822
1146 5 10966 1142 1528 1858 2172 4407 4466 1466 1819 4835 4852
2146 5 10966 1142 1528 1466 1819 4835 4852 4407 4466 1858 2172
3146 5 10966 1858 2172 4407 4466 4835 4852 1142 1528 1466 1819
4146 5 10966 1466 1819 4835 4852 1142 1528 4407 4466 1858 2172
5146 5 10966 1858 2172 4407 4466 1466 1819 1142 1528 4835 4852
6146 5 10966 1858 2172 4407 4466 1466 1819 1142 1528 4835 4852
7146 5 10966 1858 2172 4407 4466 4835 4852 1466 1819 1142 1528
8146 5 10966 1142 1528 1466 1819 1858 2172 4835 4852 4407 4466
9146 5 10966 1466 1819 4407 4466 4835 4852 1142 1528 1858 2172
10146 5 10966 1858 2172 4835 4852 1142 1528 1466 1819 4407 4466
1147 5 10260 4495 4546 2306 2575 2650 2885 2973 3176 402 862
2147 5 10260 402 862 2973 3176 4495 4546 2306 2575 2650 2885
3147 5 10260 2973 3176 4495 4546 2306 2575 402 862 2650 2885
4147 5 10260 2306 2575 2973 3176 4495 4546 402 862 2650 2885
5147 5 10260 2973 3176 2650 2885 2306 2575 4495 4546 402 862
6147 5 10260 402 862 2306 2575 2973 3176 2650 2885 4495 4546
7147 5 10260 402 862 2650 2885 2973 3176 4495 4546 2306 2575
8147 5 10260 2973 3176 2306 2575 4495 4546 402 862 2650 2885
9147 5 10260 2306 2575 2973 3176 4495 4546 2650 2885 402 862
10147 5 10260 2306 2575 2650 2885 4495 4546 2973 3176 402 862
1148 5 8597 396 856 279 751 3260 3434 3377 3539 3435 3592
2148 5 8597 3260 3434 3435 3592 396 856 3377 3539 279 751
3148 5 8597 279 751 3260 3434 3377 3539 396 856 3435 3592
4148 5 8597 279 751 3377 3539 3260 3434 3435 3592 396 856
5148 5 8597 3377 3539 3260 3434 279 751 3435 3592 396 856
6148 5 8597 396 856 3260 3434 3435 3592 279 751 3377 3539
7148 5 8597 3260 3434 396 856 3377 3539 3435 3592 279 751
8148 5 8597 396 856 3260 3434 3435 3592 3377 3539 279 751
9148 5 8597 3377 3539 3435 3592 279 751 3260 3434 396 856
10148 5 8597 396 856 279 751 3260 3434 3377 3539 3435 3592
1149 5 5321 2155 2440 119 607 2754 2978 1611 1950 13 512
2149 5 5321 2155 2440 13 512 2754 2978 1611 1950 119 607
3149 5 5321 119 607 13 512 1611 1950 2754 2978 2155 2440
4149 5 5321 1611 1950 2754 2978 2155 2440 119 607 13 512
5149 5 5321 2155 2440 119 607 13 512 2754 2978 1611 1950
6149 5 5321 119 607 13 512 2754 2978 2155 2440 1611 1950
7149 5 5321 2155 2440 13 512 2754 2978 1611 1950 119 607
8149 5 5321 13 512 2754 2978 119 607 1611 1950 2155 2440
9149 5 5321 13 512 1611 1950 2754 2978 2155 2440 119 607
10149 5 5321 119 607 2155 2440 2754 2978 1611 1950 13 512
1150 5 9704 1787 2108 3784 3905 97 588 3872 3985 2591 2832
2150 5 9704 2591 2832 3784 3905 1787 2108 97 588 3872 3985
3150 5 9704 3784 3905 3872 3985 97 588 1787 2108 2591 2832
4150 5 9704 97 588 3872 3985 2591 2832 3784 3905 1787 2108
5150 5 9704 3872 3985 3784 3905 2591 2832 97 588 1787 2108
6150 5 9704 3872 3985 97 588 3784 3905 1787 2108 2591 2832
7150 5 9704 3784 3905 3872 3985 97 588 1787 2108 2591 2832
8150 5 9704 3784 3905 1787 2108 2591 2832 97 588 3872 3985
9150 5 9704 1787 2108 2591 2832 3872 3985 3784 3905 97 588
10150 5 9704 1787 2108 97 588 3784 3905 3872 3985 2591 2832
