1001 11 4128 1 0 1 1 1 1 1 1 0 1 1 
2001 11 4128 1 1 1 0 0 1 1 1 1 1 1 
3001 11 4128 1 1 1 1 1 1 1 0 1 0 1 
4001 11 4128 1 1 0 1 0 1 1 1 1 1 1 
5001 11 4128 1 1 1 1 1 1 0 0 1 1 1 
6001 11 4128 1 1 1 1 1 1 0 1 0 1 1 
7001 11 4128 1 1 1 0 1 1 1 1 0 1 1 
8001 11 4128 1 1 1 0 1 1 1 1 0 1 1 
9001 11 4128 1 1 1 1 1 1 0 1 1 1 0 
10001 11 4128 0 1 1 1 1 1 0 1 1 1 1 
11001 11 4128 1 1 1 1 0 1 1 1 1 1 0 
12001 11 4128 1 1 1 1 1 0 1 1 0 1 1 
13001 11 4128 1 0 0 1 1 1 1 1 1 1 1 
14001 11 4128 1 1 1 0 1 1 1 1 1 0 1 
15001 11 4128 1 1 0 1 1 1 0 1 1 1 1 
16001 11 4128 1 1 0 1 1 1 1 1 1 1 0 
17001 11 4128 1 1 0 1 1 0 1 1 1 1 1 
18001 11 4128 1 1 1 1 0 1 0 1 1 1 1 
19001 11 4128 1 1 0 1 1 1 1 1 1 1 0 
20001 11 4128 1 0 0 1 1 1 1 1 1 1 1 
21001 11 4128 0 1 1 1 1 1 1 1 1 1 0 
22001 11 4128 0 1 1 1 0 1 1 1 1 1 1 
23001 11 4128 1 0 1 1 0 1 1 1 1 1 1 
24001 11 4128 1 1 1 1 1 1 0 1 1 0 1 
25001 11 4128 0 1 0 1 1 1 1 1 1 1 1 
1002 11 5278 0 1 1 0 1 1 1 1 1 1 1 
2002 11 5278 1 1 1 1 1 1 1 1 0 1 0 
3002 11 5278 1 1 1 1 1 0 1 1 1 1 0 
4002 11 5278 0 1 1 1 1 1 1 1 1 1 0 
5002 11 5278 1 0 1 1 1 1 1 1 1 0 1 
6002 11 5278 1 1 1 1 0 1 0 1 1 1 1 
7002 11 5278 1 1 1 1 1 0 1 1 1 1 0 
8002 11 5278 1 1 1 0 1 1 1 1 0 1 1 
9002 11 5278 1 1 1 0 1 1 0 1 1 1 1 
10002 11 5278 1 1 1 1 0 1 1 1 1 1 0 
11002 11 5278 1 1 1 1 1 1 0 1 1 1 0 
12002 11 5278 1 1 1 0 1 1 0 1 1 1 1 
13002 11 5278 1 1 1 1 0 0 1 1 1 1 1 
14002 11 5278 1 1 1 1 1 1 0 1 0 1 1 
15002 11 5278 1 1 1 1 1 1 1 0 1 1 0 
16002 11 5278 1 1 1 1 1 1 0 1 1 0 1 
17002 11 5278 1 0 1 1 1 1 1 1 0 1 1 
18002 11 5278 1 1 1 1 1 1 1 1 0 1 0 
19002 11 5278 1 1 1 0 0 1 1 1 1 1 1 
20002 11 5278 1 1 1 1 1 1 1 0 0 1 1 
21002 11 5278 1 1 1 1 1 1 1 0 0 1 1 
22002 11 5278 1 1 1 0 1 1 1 1 1 0 1 
23002 11 5278 1 1 1 0 1 1 1 1 1 1 0 
24002 11 5278 1 0 1 1 1 1 0 1 1 1 1 
25002 11 5278 1 1 1 1 1 1 1 1 0 1 0 
1003 11 4301 1 1 1 0 1 1 0 1 1 1 1 
2003 11 4301 0 1 1 1 0 1 1 1 1 1 1 
3003 11 4301 1 1 0 1 1 1 0 1 1 1 1 
4003 11 4301 0 1 1 1 0 1 1 1 1 1 1 
5003 11 4301 1 1 1 1 1 0 1 1 1 0 1 
6003 11 4301 1 1 1 1 0 1 1 0 1 1 1 
7003 11 4301 1 1 1 1 1 0 1 1 0 1 1 
8003 11 4301 1 1 1 1 1 1 1 1 0 1 0 
9003 11 4301 0 1 1 1 1 1 1 1 1 0 1 
10003 11 4301 1 1 1 1 1 1 1 0 1 0 1 
11003 11 4301 1 0 1 1 1 1 1 1 0 1 1 
12003 11 4301 0 1 1 1 1 1 1 0 1 1 1 
13003 11 4301 0 1 1 1 1 1 1 0 1 1 1 
14003 11 4301 1 0 1 0 1 1 1 1 1 1 1 
15003 11 4301 0 1 0 1 1 1 1 1 1 1 1 
16003 11 4301 1 0 1 1 1 1 1 1 1 0 1 
17003 11 4301 1 1 1 1 1 0 0 1 1 1 1 
18003 11 4301 1 1 0 1 1 1 1 1 0 1 1 
19003 11 4301 0 1 1 1 1 1 1 1 0 1 1 
20003 11 4301 1 1 0 1 1 1 0 1 1 1 1 
21003 11 4301 1 1 0 1 1 0 1 1 1 1 1 
22003 11 4301 0 1 1 1 1 1 1 0 1 1 1 
23003 11 4301 1 1 1 1 1 1 1 0 1 1 0 
24003 11 4301 1 1 1 0 0 1 1 1 1 1 1 
25003 11 4301 1 1 1 1 1 1 1 1 1 0 0 
1004 11 5607 1 0 1 1 1 1 1 1 1 1 0 
2004 11 5607 1 0 1 1 1 1 0 1 1 1 1 
3004 11 5607 1 1 1 1 1 0 1 1 1 1 0 
4004 11 5607 0 0 1 1 1 1 1 1 1 1 1 
5004 11 5607 1 1 1 1 1 1 1 0 1 0 1 
6004 11 5607 1 1 1 1 1 0 1 0 1 1 1 
7004 11 5607 1 1 1 0 0 1 1 1 1 1 1 
8004 11 5607 1 0 1 1 1 1 1 0 1 1 1 
9004 11 5607 1 1 0 1 1 1 1 0 1 1 1 
10004 11 5607 1 0 1 0 1 1 1 1 1 1 1 
11004 11 5607 1 1 1 0 1 0 1 1 1 1 1 
12004 11 5607 1 0 1 1 1 1 1 1 1 0 1 
13004 11 5607 0 1 0 1 1 1 1 1 1 1 1 
14004 11 5607 0 1 1 1 1 1 1 1 1 0 1 
15004 11 5607 1 1 1 1 1 0 0 1 1 1 1 
16004 11 5607 1 1 1 1 1 1 0 1 0 1 1 
17004 11 5607 1 1 1 1 1 1 0 0 1 1 1 
18004 11 5607 1 1 0 0 1 1 1 1 1 1 1 
19004 11 5607 1 1 0 0 1 1 1 1 1 1 1 
20004 11 5607 1 1 1 0 1 1 0 1 1 1 1 
21004 11 5607 1 1 0 1 0 1 1 1 1 1 1 
22004 11 5607 1 1 1 1 1 1 0 1 1 0 1 
23004 11 5607 0 0 1 1 1 1 1 1 1 1 1 
24004 11 5607 1 1 0 1 1 0 1 1 1 1 1 
25004 11 5607 1 1 0 1 1 1 0 1 1 1 1 
1005 11 4857 0 1 1 1 1 0 1 1 0 1 1 
2005 11 4857 1 1 1 0 1 0 1 1 1 0 1 
3005 11 4857 0 1 1 1 1 0 1 1 1 0 1 
4005 11 4857 1 0 1 1 1 0 1 0 1 1 1 
5005 11 4857 1 1 1 0 1 0 1 1 0 1 1 
6005 11 4857 1 1 1 0 1 0 1 1 0 1 1 
7005 11 4857 1 1 1 1 0 1 1 0 0 1 1 
8005 11 4857 1 1 1 1 0 0 1 1 0 1 1 
9005 11 4857 1 1 0 0 1 0 1 1 1 1 1 
10005 11 4857 1 1 0 1 1 1 1 0 1 0 1 
11005 11 4857 0 1 1 1 1 1 0 1 1 0 1 
12005 11 4857 0 1 1 0 1 1 1 1 0 1 1 
13005 11 4857 1 1 1 0 0 1 1 0 1 1 1 
14005 11 4857 0 1 1 0 1 1 1 1 1 0 1 
15005 11 4857 0 1 1 1 1 1 0 1 1 1 0 
16005 11 4857 1 1 0 1 0 1 1 1 1 0 1 
17005 11 4857 0 0 1 1 1 1 1 1 1 1 0 
18005 11 4857 0 1 1 1 0 1 1 1 1 0 1 
19005 11 4857 1 0 1 1 1 1 0 1 0 1 1 
20005 11 4857 0 1 0 1 1 1 0 1 1 1 1 
21005 11 4857 1 1 1 1 0 0 1 1 0 1 1 
22005 11 4857 1 0 0 1 1 1 1 0 1 1 1 
23005 11 4857 1 1 1 0 1 0 0 1 1 1 1 
24005 11 4857 1 1 1 1 0 1 1 0 1 0 1 
25005 11 4857 0 1 1 1 0 1 1 1 0 1 1 
1006 11 5553 0 1 1 1 1 1 0 1 1 1 1 
2006 11 5553 1 1 1 1 0 1 1 1 1 1 0 
3006 11 5553 1 0 0 1 1 1 1 1 1 1 1 
4006 11 5553 1 0 1 1 0 1 1 1 1 1 1 
5006 11 5553 1 1 1 1 1 1 1 1 0 1 0 
6006 11 5553 0 1 1 1 1 1 1 1 0 1 1 
7006 11 5553 0 1 1 1 1 1 1 1 1 0 1 
8006 11 5553 0 1 1 1 1 1 1 1 0 1 1 
9006 11 5553 1 1 1 0 1 0 1 1 1 1 1 
10006 11 5553 1 1 1 1 0 1 1 1 1 1 0 
11006 11 5553 1 1 1 0 1 1 1 1 0 1 1 
12006 11 5553 1 1 1 1 1 0 0 1 1 1 1 
13006 11 5553 1 1 1 1 1 0 1 1 1 0 1 
14006 11 5553 0 1 1 1 0 1 1 1 1 1 1 
15006 11 5553 1 1 1 0 1 1 1 1 1 0 1 
16006 11 5553 1 1 1 0 1 1 1 0 1 1 1 
17006 11 5553 0 1 1 1 1 1 1 1 0 1 1 
18006 11 5553 0 0 1 1 1 1 1 1 1 1 1 
19006 11 5553 1 1 1 1 0 1 1 1 1 1 0 
20006 11 5553 1 1 1 1 1 1 1 0 0 1 1 
21006 11 5553 0 1 1 0 1 1 1 1 1 1 1 
22006 11 5553 1 1 1 0 1 1 1 1 1 0 1 
23006 11 5553 1 1 1 1 0 1 1 1 1 0 1 
24006 11 5553 1 1 1 0 1 1 1 1 0 1 1 
25006 11 5553 1 0 1 1 0 1 1 1 1 1 1 
1007 11 4702 1 1 1 1 1 1 1 0 0 1 1 
2007 11 4702 1 0 1 1 0 1 1 1 1 1 1 
3007 11 4702 1 1 1 1 1 1 0 1 1 1 0 
4007 11 4702 1 1 1 0 1 1 1 1 1 0 1 
5007 11 4702 1 1 0 1 1 1 1 1 0 1 1 
6007 11 4702 0 1 1 1 1 1 1 1 1 1 0 
7007 11 4702 1 1 0 1 1 0 1 1 1 1 1 
8007 11 4702 0 1 1 1 1 1 1 1 1 1 0 
9007 11 4702 1 1 1 1 1 1 1 1 0 1 0 
10007 11 4702 1 1 1 1 1 1 0 0 1 1 1 
11007 11 4702 1 1 1 1 1 1 0 1 1 0 1 
12007 11 4702 1 1 0 1 1 0 1 1 1 1 1 
13007 11 4702 1 0 0 1 1 1 1 1 1 1 1 
14007 11 4702 1 1 1 1 1 1 1 0 1 1 0 
15007 11 4702 1 1 1 1 1 1 1 1 0 0 1 
16007 11 4702 1 1 1 1 1 1 1 0 1 1 0 
17007 11 4702 0 1 1 1 0 1 1 1 1 1 1 
18007 11 4702 1 1 1 0 1 0 1 1 1 1 1 
19007 11 4702 1 1 1 1 1 0 0 1 1 1 1 
20007 11 4702 1 1 0 1 1 1 1 0 1 1 1 
21007 11 4702 1 1 1 1 1 0 0 1 1 1 1 
22007 11 4702 1 1 1 1 0 0 1 1 1 1 1 
23007 11 4702 0 1 1 0 1 1 1 1 1 1 1 
24007 11 4702 0 1 1 1 1 1 1 1 0 1 1 
25007 11 4702 0 1 0 1 1 1 1 1 1 1 1 
1008 11 5991 0 1 1 1 0 1 1 1 1 1 1 
2008 11 5991 1 1 0 1 1 1 1 1 1 1 0 
3008 11 5991 0 1 1 1 1 0 1 1 1 1 1 
4008 11 5991 0 1 1 1 1 0 1 1 1 1 1 
5008 11 5991 1 0 1 1 1 1 1 1 1 1 0 
6008 11 5991 1 0 1 1 1 0 1 1 1 1 1 
7008 11 5991 1 1 1 1 1 0 0 1 1 1 1 
8008 11 5991 1 1 1 0 1 1 1 1 1 1 0 
9008 11 5991 1 0 1 1 1 1 0 1 1 1 1 
10008 11 5991 1 1 0 1 0 1 1 1 1 1 1 
11008 11 5991 1 1 1 1 1 1 0 1 1 0 1 
12008 11 5991 0 0 1 1 1 1 1 1 1 1 1 
13008 11 5991 1 1 0 1 1 1 1 1 1 1 0 
14008 11 5991 1 1 1 1 0 1 0 1 1 1 1 
15008 11 5991 1 1 0 1 1 1 1 1 1 0 1 
16008 11 5991 1 1 1 1 0 1 1 1 1 0 1 
17008 11 5991 1 1 1 1 0 0 1 1 1 1 1 
18008 11 5991 1 1 1 1 0 1 1 1 1 0 1 
19008 11 5991 1 1 0 1 1 1 1 1 0 1 1 
20008 11 5991 1 1 1 1 0 1 0 1 1 1 1 
21008 11 5991 1 0 1 1 1 1 1 1 0 1 1 
22008 11 5991 0 1 1 0 1 1 1 1 1 1 1 
23008 11 5991 1 0 0 1 1 1 1 1 1 1 1 
24008 11 5991 1 1 1 1 1 1 0 1 0 1 1 
25008 11 5991 1 1 0 1 0 1 1 1 1 1 1 
1009 11 6016 1 1 1 0 0 1 1 1 1 1 1 
2009 11 6016 1 1 1 1 1 1 0 1 0 1 1 
3009 11 6016 1 1 0 0 1 1 1 1 1 1 1 
4009 11 6016 1 1 1 0 1 1 1 1 1 1 0 
5009 11 6016 1 0 1 1 1 1 1 1 0 1 1 
6009 11 6016 1 1 0 1 1 1 1 1 1 1 0 
7009 11 6016 0 1 1 1 1 1 0 1 1 1 1 
8009 11 6016 1 1 1 1 1 0 1 1 1 1 0 
9009 11 6016 0 1 1 1 0 1 1 1 1 1 1 
10009 11 6016 1 1 1 0 1 1 1 0 1 1 1 
11009 11 6016 1 0 1 1 0 1 1 1 1 1 1 
12009 11 6016 1 1 1 1 1 1 1 0 1 1 0 
13009 11 6016 1 0 1 1 1 1 0 1 1 1 1 
14009 11 6016 1 1 0 0 1 1 1 1 1 1 1 
15009 11 6016 1 1 1 1 1 1 0 1 0 1 1 
16009 11 6016 1 1 1 1 1 1 0 1 1 0 1 
17009 11 6016 0 0 1 1 1 1 1 1 1 1 1 
18009 11 6016 0 1 1 1 1 1 1 1 1 0 1 
19009 11 6016 1 0 1 1 0 1 1 1 1 1 1 
20009 11 6016 1 0 1 1 1 1 1 1 0 1 1 
21009 11 6016 1 0 1 0 1 1 1 1 1 1 1 
22009 11 6016 1 1 1 1 1 1 1 0 1 0 1 
23009 11 6016 1 0 1 0 1 1 1 1 1 1 1 
24009 11 6016 0 1 1 1 1 1 1 1 0 1 1 
25009 11 6016 1 1 0 1 1 1 1 1 1 0 1 
1010 11 6409 1 1 1 1 1 1 1 0 0 1 1 
2010 11 6409 1 1 1 1 0 1 1 1 1 0 1 
3010 11 6409 1 1 0 1 0 1 1 1 1 1 1 
4010 11 6409 0 1 1 0 1 1 1 1 1 1 1 
5010 11 6409 1 1 1 1 0 0 1 1 1 1 1 
6010 11 6409 1 1 0 1 1 0 1 1 1 1 1 
7010 11 6409 1 0 1 1 1 1 1 1 0 1 1 
8010 11 6409 1 1 0 1 1 1 0 1 1 1 1 
9010 11 6409 1 1 1 1 1 1 1 0 0 1 1 
10010 11 6409 1 1 0 1 1 1 1 1 1 1 0 
11010 11 6409 1 1 1 1 1 1 1 1 0 1 0 
12010 11 6409 1 1 1 1 1 1 0 0 1 1 1 
13010 11 6409 1 1 1 1 1 1 1 1 1 0 0 
14010 11 6409 1 0 1 1 1 1 1 1 0 1 1 
15010 11 6409 1 1 1 1 1 0 1 0 1 1 1 
16010 11 6409 1 0 1 1 0 1 1 1 1 1 1 
17010 11 6409 1 1 1 1 0 1 1 1 0 1 1 
18010 11 6409 1 1 1 1 1 1 0 0 1 1 1 
19010 11 6409 1 0 1 1 1 1 1 1 1 0 1 
20010 11 6409 1 1 1 0 1 1 1 1 1 0 1 
21010 11 6409 1 1 0 1 1 1 1 0 1 1 1 
22010 11 6409 1 1 1 0 1 1 1 0 1 1 1 
23010 11 6409 1 0 1 1 1 1 0 1 1 1 1 
24010 11 6409 1 1 1 1 1 1 1 0 1 0 1 
25010 11 6409 1 0 1 1 1 1 1 1 1 1 0 
1011 11 4886 1 1 1 1 1 0 0 1 0 1 1 
2011 11 4886 1 0 1 1 1 0 1 1 1 1 0 
3011 11 4886 1 1 1 1 0 1 0 1 1 0 1 
4011 11 4886 1 1 1 1 1 1 0 1 1 0 0 
5011 11 4886 1 0 1 1 0 0 1 1 1 1 1 
6011 11 4886 0 1 0 1 0 1 1 1 1 1 1 
7011 11 4886 1 0 1 0 1 1 1 1 1 1 0 
8011 11 4886 0 0 1 1 1 1 1 1 1 0 1 
9011 11 4886 1 0 1 1 1 1 1 0 0 1 1 
10011 11 4886 1 1 0 1 1 0 0 1 1 1 1 
11011 11 4886 1 1 1 1 1 0 1 1 0 0 1 
12011 11 4886 1 1 1 0 0 1 1 1 0 1 1 
13011 11 4886 0 1 0 1 1 0 1 1 1 1 1 
14011 11 4886 1 0 1 1 1 1 1 0 1 1 0 
15011 11 4886 1 1 1 1 0 0 0 1 1 1 1 
16011 11 4886 1 0 1 0 1 1 0 1 1 1 1 
17011 11 4886 0 1 0 1 0 1 1 1 1 1 1 
18011 11 4886 1 0 1 1 0 1 1 0 1 1 1 
19011 11 4886 1 1 1 0 1 1 1 0 1 1 0 
20011 11 4886 1 1 1 1 1 1 0 1 0 1 0 
21011 11 4886 1 1 0 1 1 1 1 1 1 0 0 
22011 11 4886 1 1 0 0 1 1 1 1 1 0 1 
23011 11 4886 1 1 0 1 1 0 1 1 0 1 1 
24011 11 4886 1 1 0 1 1 0 1 1 1 1 0 
25011 11 4886 1 1 1 1 0 0 0 1 1 1 1 
1012 11 4928 1 1 0 1 1 1 1 0 1 1 0 
2012 11 4928 0 1 1 1 1 0 0 1 1 1 1 
3012 11 4928 0 0 1 1 1 1 1 1 1 1 0 
4012 11 4928 1 1 1 1 0 1 1 1 1 0 0 
5012 11 4928 1 0 1 0 0 1 1 1 1 1 1 
6012 11 4928 1 0 0 1 1 1 0 1 1 1 1 
7012 11 4928 1 0 1 0 1 1 0 1 1 1 1 
8012 11 4928 0 1 1 1 0 0 1 1 1 1 1 
9012 11 4928 0 1 1 0 1 1 1 1 1 0 1 
10012 11 4928 1 0 1 0 1 1 1 1 1 1 0 
11012 11 4928 1 0 0 1 1 1 0 1 1 1 1 
12012 11 4928 1 0 0 1 1 1 1 1 1 1 0 
13012 11 4928 0 1 1 1 1 1 1 0 1 0 1 
14012 11 4928 0 1 1 1 1 1 1 1 0 1 0 
15012 11 4928 1 0 1 1 0 1 1 1 1 0 1 
16012 11 4928 1 1 0 1 1 0 1 0 1 1 1 
17012 11 4928 1 1 0 1 1 1 1 0 0 1 1 
18012 11 4928 1 1 0 1 0 1 0 1 1 1 1 
19012 11 4928 1 1 0 1 0 1 1 1 1 1 0 
20012 11 4928 0 1 1 1 1 0 1 1 1 1 0 
21012 11 4928 1 1 0 1 1 0 1 1 1 1 0 
22012 11 4928 1 1 0 1 1 0 1 0 1 1 1 
23012 11 4928 1 1 1 0 1 1 1 0 0 1 1 
24012 11 4928 1 0 1 0 1 1 1 1 1 1 0 
25012 11 4928 1 0 1 1 1 0 1 1 1 0 1 
1013 11 5967 1 1 0 1 1 1 1 1 0 1 1 
2013 11 5967 1 1 1 1 0 1 1 1 1 1 0 
3013 11 5967 1 0 1 1 1 1 1 1 1 1 0 
4013 11 5967 1 1 1 1 1 1 1 1 0 0 1 
5013 11 5967 1 1 1 1 1 0 1 1 1 1 0 
6013 11 5967 1 0 1 1 0 1 1 1 1 1 1 
7013 11 5967 0 1 1 1 1 1 1 0 1 1 1 
8013 11 5967 1 1 1 1 1 0 1 1 1 1 0 
9013 11 5967 1 1 1 1 1 1 0 1 0 1 1 
10013 11 5967 1 1 1 1 1 0 1 1 1 1 0 
11013 11 5967 1 1 1 1 1 0 1 1 0 1 1 
12013 11 5967 1 0 1 1 0 1 1 1 1 1 1 
13013 11 5967 1 1 1 1 1 1 0 0 1 1 1 
14013 11 5967 0 1 1 1 1 1 1 1 0 1 1 
15013 11 5967 1 1 0 1 1 1 1 1 0 1 1 
16013 11 5967 1 1 1 1 1 1 1 1 1 0 0 
17013 11 5967 1 0 1 1 1 1 0 1 1 1 1 
18013 11 5967 0 1 1 0 1 1 1 1 1 1 1 
19013 11 5967 1 1 0 1 1 1 1 1 1 0 1 
20013 11 5967 1 0 1 1 1 1 0 1 1 1 1 
21013 11 5967 1 1 1 1 1 1 0 1 1 1 0 
22013 11 5967 1 1 1 0 1 1 1 1 1 1 0 
23013 11 5967 0 1 1 1 1 1 1 1 1 1 0 
24013 11 5967 1 1 1 1 1 1 0 1 0 1 1 
25013 11 5967 1 1 1 1 1 1 0 1 0 1 1 
1014 11 4610 1 1 1 1 0 1 1 0 1 1 1 
2014 11 4610 1 1 1 0 1 1 1 1 1 1 0 
3014 11 4610 1 0 1 1 0 1 1 1 1 1 1 
4014 11 4610 1 1 1 1 1 1 1 1 0 1 0 
5014 11 4610 1 1 1 0 1 1 1 1 0 1 1 
6014 11 4610 0 1 1 1 1 1 1 1 0 1 1 
7014 11 4610 1 1 1 1 1 0 1 1 0 1 1 
8014 11 4610 0 1 1 1 1 1 1 1 0 1 1 
9014 11 4610 1 1 1 0 1 1 0 1 1 1 1 
10014 11 4610 1 1 1 0 1 1 1 0 1 1 1 
11014 11 4610 1 1 1 1 1 1 1 1 1 0 0 
12014 11 4610 1 1 1 0 1 1 1 1 0 1 1 
13014 11 4610 1 1 0 1 1 1 1 1 0 1 1 
14014 11 4610 1 1 1 1 1 1 0 0 1 1 1 
15014 11 4610 1 1 1 0 1 1 0 1 1 1 1 
16014 11 4610 1 1 1 1 1 0 1 0 1 1 1 
17014 11 4610 1 1 1 1 1 1 1 0 1 0 1 
18014 11 4610 1 1 1 0 1 1 0 1 1 1 1 
19014 11 4610 1 1 1 1 0 1 1 1 1 0 1 
20014 11 4610 1 0 1 1 1 1 1 1 0 1 1 
21014 11 4610 1 1 1 0 1 1 1 1 0 1 1 
22014 11 4610 0 1 1 1 1 1 1 1 1 1 0 
23014 11 4610 0 1 1 1 0 1 1 1 1 1 1 
24014 11 4610 1 1 0 1 1 1 1 1 1 1 0 
25014 11 4610 0 1 1 1 1 1 1 1 1 0 1 
1015 11 3393 1 1 1 1 1 1 0 0 1 1 1 
2015 11 3393 1 0 1 1 1 1 1 1 1 1 0 
3015 11 3393 0 0 1 1 1 1 1 1 1 1 1 
4015 11 3393 1 1 1 0 1 1 1 1 1 1 0 
5015 11 3393 0 0 1 1 1 1 1 1 1 1 1 
6015 11 3393 1 1 0 1 1 0 1 1 1 1 1 
7015 11 3393 1 1 1 1 1 0 1 0 1 1 1 
8015 11 3393 1 1 0 1 1 1 0 1 1 1 1 
9015 11 3393 1 1 1 0 1 1 1 0 1 1 1 
10015 11 3393 1 0 1 0 1 1 1 1 1 1 1 
11015 11 3393 1 1 1 1 1 1 0 1 0 1 1 
12015 11 3393 1 1 0 1 1 1 0 1 1 1 1 
13015 11 3393 0 1 1 1 1 1 1 0 1 1 1 
14015 11 3393 1 1 1 1 1 1 1 1 0 0 1 
15015 11 3393 1 1 1 1 1 1 0 1 0 1 1 
16015 11 3393 1 1 1 1 1 0 1 1 0 1 1 
17015 11 3393 1 1 1 1 0 0 1 1 1 1 1 
18015 11 3393 1 1 1 0 1 0 1 1 1 1 1 
19015 11 3393 1 1 1 1 1 1 1 1 1 0 0 
20015 11 3393 1 1 1 0 1 1 0 1 1 1 1 
21015 11 3393 0 1 1 1 1 1 1 1 1 0 1 
22015 11 3393 1 0 0 1 1 1 1 1 1 1 1 
23015 11 3393 1 1 1 1 0 1 1 1 1 1 0 
24015 11 3393 1 1 1 1 1 1 1 1 1 0 0 
25015 11 3393 0 1 0 1 1 1 1 1 1 1 1 
1016 11 4519 1 0 1 1 1 1 1 1 1 0 1 
2016 11 4519 1 1 1 1 1 1 1 0 0 1 1 
3016 11 4519 0 1 0 1 1 1 1 1 1 1 1 
4016 11 4519 0 1 1 1 1 1 0 1 1 1 1 
5016 11 4519 0 1 1 1 1 1 1 1 1 0 1 
6016 11 4519 1 1 1 1 1 1 1 0 1 0 1 
7016 11 4519 0 1 1 1 1 1 1 1 1 1 0 
8016 11 4519 0 1 1 1 1 0 1 1 1 1 1 
9016 11 4519 0 1 1 1 1 1 1 1 0 1 1 
10016 11 4519 1 1 1 1 0 1 1 1 1 0 1 
11016 11 4519 1 1 1 0 1 1 1 1 1 1 0 
12016 11 4519 1 1 1 1 1 1 1 1 0 0 1 
13016 11 4519 1 1 1 1 0 1 1 0 1 1 1 
14016 11 4519 0 0 1 1 1 1 1 1 1 1 1 
15016 11 4519 1 0 1 1 1 1 1 0 1 1 1 
16016 11 4519 1 1 1 1 1 0 1 1 1 1 0 
17016 11 4519 1 1 1 0 1 1 1 0 1 1 1 
18016 11 4519 1 1 1 1 1 0 0 1 1 1 1 
19016 11 4519 1 1 1 1 1 1 1 1 0 0 1 
20016 11 4519 1 1 1 1 1 0 1 1 1 1 0 
21016 11 4519 1 1 1 1 1 1 1 1 0 0 1 
22016 11 4519 1 1 1 0 1 1 1 0 1 1 1 
23016 11 4519 0 1 1 0 1 1 1 1 1 1 1 
24016 11 4519 0 1 1 1 1 1 1 1 1 1 0 
25016 11 4519 1 1 0 1 1 0 1 1 1 1 1 
1017 11 5230 1 1 1 1 1 0 0 1 1 1 1 
2017 11 5230 1 1 0 1 1 1 1 1 1 1 0 
3017 11 5230 1 0 1 1 1 1 1 1 0 1 1 
4017 11 5230 1 1 1 0 1 0 1 1 1 1 1 
5017 11 5230 0 1 1 1 1 1 1 0 1 1 1 
6017 11 5230 1 1 0 1 1 1 1 1 1 0 1 
7017 11 5230 1 1 1 1 0 1 0 1 1 1 1 
8017 11 5230 1 1 1 1 1 0 1 1 1 0 1 
9017 11 5230 1 1 1 1 1 1 1 0 1 1 0 
10017 11 5230 1 1 1 1 1 1 1 0 1 1 0 
11017 11 5230 0 1 1 0 1 1 1 1 1 1 1 
12017 11 5230 1 1 1 1 1 0 1 1 0 1 1 
13017 11 5230 1 1 1 1 1 1 1 1 0 0 1 
14017 11 5230 1 0 1 1 1 1 1 1 1 0 1 
15017 11 5230 0 0 1 1 1 1 1 1 1 1 1 
16017 11 5230 0 1 0 1 1 1 1 1 1 1 1 
17017 11 5230 0 1 1 1 1 1 1 1 0 1 1 
18017 11 5230 1 1 1 0 1 0 1 1 1 1 1 
19017 11 5230 1 0 1 1 1 1 1 0 1 1 1 
20017 11 5230 1 0 1 1 1 1 0 1 1 1 1 
21017 11 5230 1 1 1 0 1 1 0 1 1 1 1 
22017 11 5230 1 1 1 0 1 1 0 1 1 1 1 
23017 11 5230 1 1 1 1 1 1 0 0 1 1 1 
24017 11 5230 1 1 1 1 1 0 1 1 0 1 1 
25017 11 5230 1 1 0 1 1 1 1 1 1 0 1 
1018 11 4351 0 1 1 1 1 0 1 1 1 1 1 
2018 11 4351 1 1 1 1 1 1 1 1 0 0 1 
3018 11 4351 1 0 1 1 1 1 1 1 0 1 1 
4018 11 4351 0 1 1 1 1 1 0 1 1 1 1 
5018 11 4351 1 1 1 0 1 1 1 1 1 1 0 
6018 11 4351 1 1 1 0 1 0 1 1 1 1 1 
7018 11 4351 1 1 1 0 1 1 1 1 1 1 0 
8018 11 4351 1 1 1 0 1 1 1 0 1 1 1 
9018 11 4351 1 1 1 1 0 0 1 1 1 1 1 
10018 11 4351 1 1 0 1 1 1 1 1 0 1 1 
11018 11 4351 1 1 0 1 1 1 1 1 1 1 0 
12018 11 4351 1 1 1 0 1 1 0 1 1 1 1 
13018 11 4351 1 1 1 1 1 1 0 0 1 1 1 
14018 11 4351 1 1 1 1 1 1 0 1 1 0 1 
15018 11 4351 0 1 1 1 0 1 1 1 1 1 1 
16018 11 4351 0 0 1 1 1 1 1 1 1 1 1 
17018 11 4351 1 1 0 1 1 1 1 1 1 0 1 
18018 11 4351 1 1 0 0 1 1 1 1 1 1 1 
19018 11 4351 1 1 0 1 1 1 1 1 1 0 1 
20018 11 4351 1 0 1 0 1 1 1 1 1 1 1 
21018 11 4351 1 1 1 0 0 1 1 1 1 1 1 
22018 11 4351 0 1 1 1 0 1 1 1 1 1 1 
23018 11 4351 1 0 1 1 1 1 1 1 1 0 1 
24018 11 4351 0 1 1 1 1 1 1 1 0 1 1 
25018 11 4351 1 1 1 1 1 1 0 0 1 1 1 
1019 11 4947 1 0 1 1 1 0 1 0 1 1 1 
2019 11 4947 1 1 1 0 1 1 0 1 0 1 1 
3019 11 4947 1 1 0 0 1 0 1 1 1 1 1 
4019 11 4947 1 1 1 0 0 1 0 1 1 1 1 
5019 11 4947 1 0 1 0 1 1 1 1 0 1 1 
6019 11 4947 0 1 1 1 1 0 1 1 0 1 1 
7019 11 4947 1 1 0 1 1 0 1 0 1 1 1 
8019 11 4947 1 0 0 1 1 1 1 0 1 1 1 
9019 11 4947 0 0 1 1 0 1 1 1 1 1 1 
10019 11 4947 1 0 1 1 1 0 1 1 1 0 1 
11019 11 4947 1 1 1 0 1 1 0 1 1 1 0 
12019 11 4947 1 1 0 1 0 1 1 1 1 1 0 
13019 11 4947 1 0 0 1 1 1 1 1 0 1 1 
14019 11 4947 1 1 1 1 1 1 0 0 1 0 1 
15019 11 4947 1 1 1 0 1 0 0 1 1 1 1 
16019 11 4947 1 0 1 1 0 1 1 1 1 0 1 
17019 11 4947 0 0 1 1 1 1 1 1 0 1 1 
18019 11 4947 1 1 1 1 1 0 1 0 1 1 0 
19019 11 4947 1 0 1 0 1 1 1 1 1 1 0 
20019 11 4947 0 1 0 1 1 1 1 1 0 1 1 
21019 11 4947 1 1 0 0 1 1 1 1 1 0 1 
22019 11 4947 1 1 0 0 1 1 1 1 1 1 0 
23019 11 4947 1 1 0 1 1 1 0 1 1 0 1 
24019 11 4947 1 0 1 1 1 1 1 0 1 0 1 
25019 11 4947 1 1 1 1 0 1 1 0 1 0 1 
1020 11 4757 0 1 1 1 1 1 1 0 1 1 1 
2020 11 4757 1 0 1 1 0 1 1 1 1 1 1 
3020 11 4757 1 1 1 1 0 1 1 1 1 0 1 
4020 11 4757 0 1 1 1 1 1 1 1 1 1 0 
5020 11 4757 1 1 1 1 0 1 1 1 1 1 0 
6020 11 4757 1 1 1 1 0 1 1 0 1 1 1 
7020 11 4757 1 0 1 1 1 1 1 1 1 0 1 
8020 11 4757 1 1 1 1 1 0 1 1 1 1 0 
9020 11 4757 1 0 1 1 0 1 1 1 1 1 1 
10020 11 4757 1 1 1 1 1 0 1 1 1 0 1 
11020 11 4757 1 1 1 1 1 0 1 0 1 1 1 
12020 11 4757 1 1 1 1 1 0 1 1 1 1 0 
13020 11 4757 0 1 1 1 1 1 1 1 1 1 0 
14020 11 4757 1 1 1 1 1 0 1 0 1 1 1 
15020 11 4757 1 1 1 0 1 1 1 1 1 1 0 
16020 11 4757 1 1 0 1 0 1 1 1 1 1 1 
17020 11 4757 1 1 1 1 1 1 0 1 0 1 1 
18020 11 4757 1 1 1 0 1 1 1 1 1 0 1 
19020 11 4757 1 1 1 1 1 1 1 0 0 1 1 
20020 11 4757 0 1 0 1 1 1 1 1 1 1 1 
21020 11 4757 1 1 1 1 0 1 1 1 0 1 1 
22020 11 4757 1 1 0 1 0 1 1 1 1 1 1 
23020 11 4757 1 1 1 1 1 1 0 1 0 1 1 
24020 11 4757 1 0 1 0 1 1 1 1 1 1 1 
25020 11 4757 1 0 1 1 0 1 1 1 1 1 1 
1021 11 6381 1 1 1 1 1 1 1 1 1 0 1 
2021 11 6381 1 1 1 1 1 0 1 1 1 1 1 
3021 11 6381 0 1 1 1 1 1 1 1 1 1 1 
4021 11 6381 1 1 1 1 1 1 1 0 1 1 1 
5021 11 6381 1 0 1 1 1 1 1 1 1 1 1 
6021 11 6381 1 1 1 1 1 1 0 1 1 1 1 
7021 11 6381 1 1 0 1 1 1 1 1 1 1 1 
8021 11 6381 1 1 1 1 0 1 1 1 1 1 1 
9021 11 6381 1 1 1 1 1 0 1 1 1 1 1 
10021 11 6381 1 1 1 1 1 1 1 1 1 0 1 
11021 11 6381 1 1 1 1 1 1 1 1 1 0 1 
12021 11 6381 1 1 1 1 0 1 1 1 1 1 1 
13021 11 6381 1 1 1 0 1 1 1 1 1 1 1 
14021 11 6381 1 1 1 0 1 1 1 1 1 1 1 
15021 11 6381 1 1 1 1 1 1 1 1 1 1 0 
16021 11 6381 1 1 1 1 0 1 1 1 1 1 1 
17021 11 6381 1 1 1 1 1 0 1 1 1 1 1 
18021 11 6381 1 1 1 1 1 1 1 1 0 1 1 
19021 11 6381 1 1 1 1 1 1 0 1 1 1 1 
20021 11 6381 1 1 1 1 1 1 1 1 1 0 1 
21021 11 6381 1 1 1 1 1 1 0 1 1 1 1 
22021 11 6381 1 1 0 1 1 1 1 1 1 1 1 
23021 11 6381 0 1 1 1 1 1 1 1 1 1 1 
24021 11 6381 1 1 1 1 1 1 1 0 1 1 1 
25021 11 6381 1 1 1 0 1 1 1 1 1 1 1 
1022 11 5187 1 1 1 1 1 1 1 1 1 0 0 
2022 11 5187 1 0 1 0 1 1 1 1 1 1 1 
3022 11 5187 1 1 1 1 1 1 1 0 1 1 0 
4022 11 5187 1 0 1 1 1 1 0 1 1 1 1 
5022 11 5187 1 1 1 1 0 1 1 0 1 1 1 
6022 11 5187 1 1 0 1 1 1 1 1 0 1 1 
7022 11 5187 1 1 0 1 1 1 1 0 1 1 1 
8022 11 5187 1 1 1 1 1 1 0 0 1 1 1 
9022 11 5187 1 1 0 1 1 1 1 1 1 1 0 
10022 11 5187 1 0 1 1 1 1 1 1 1 0 1 
11022 11 5187 1 1 1 1 0 1 1 1 1 1 0 
12022 11 5187 1 1 1 1 1 0 1 0 1 1 1 
13022 11 5187 0 1 1 1 1 1 1 1 1 1 0 
14022 11 5187 0 1 1 1 1 1 0 1 1 1 1 
15022 11 5187 1 1 1 1 1 0 1 1 1 0 1 
16022 11 5187 1 1 1 0 0 1 1 1 1 1 1 
17022 11 5187 1 0 1 1 1 0 1 1 1 1 1 
18022 11 5187 1 1 1 0 0 1 1 1 1 1 1 
19022 11 5187 1 1 1 1 1 1 1 1 1 0 0 
20022 11 5187 1 1 1 1 1 0 0 1 1 1 1 
21022 11 5187 0 1 1 1 1 1 1 1 1 0 1 
22022 11 5187 0 1 1 1 1 1 0 1 1 1 1 
23022 11 5187 0 1 1 1 1 1 1 1 0 1 1 
24022 11 5187 0 1 1 1 1 1 1 1 0 1 1 
25022 11 5187 1 1 1 1 1 1 1 1 0 1 0 
1023 11 5125 1 1 1 1 1 0 0 1 1 1 1 
2023 11 5125 0 1 1 0 1 1 1 1 1 1 1 
3023 11 5125 1 1 1 1 1 0 1 0 1 1 1 
4023 11 5125 1 1 1 1 1 1 1 1 1 0 0 
5023 11 5125 1 1 0 1 1 1 0 1 1 1 1 
6023 11 5125 1 1 1 1 1 1 1 0 0 1 1 
7023 11 5125 1 1 1 1 1 1 0 1 1 1 0 
8023 11 5125 1 1 1 0 1 1 1 0 1 1 1 
9023 11 5125 1 1 1 1 1 0 1 1 1 0 1 
10023 11 5125 0 1 1 1 1 0 1 1 1 1 1 
11023 11 5125 1 0 0 1 1 1 1 1 1 1 1 
12023 11 5125 0 1 1 1 1 1 0 1 1 1 1 
13023 11 5125 0 1 1 1 1 0 1 1 1 1 1 
14023 11 5125 1 1 1 1 0 0 1 1 1 1 1 
15023 11 5125 0 1 1 1 1 1 1 1 1 1 0 
16023 11 5125 1 0 1 0 1 1 1 1 1 1 1 
17023 11 5125 1 1 1 0 1 1 1 1 0 1 1 
18023 11 5125 1 0 0 1 1 1 1 1 1 1 1 
19023 11 5125 1 1 1 0 1 0 1 1 1 1 1 
20023 11 5125 1 1 1 0 1 1 1 1 0 1 1 
21023 11 5125 1 1 1 1 0 0 1 1 1 1 1 
22023 11 5125 1 1 1 1 1 1 0 1 1 1 0 
23023 11 5125 1 1 1 1 0 1 1 1 1 1 0 
24023 11 5125 1 1 0 1 1 1 1 0 1 1 1 
25023 11 5125 1 1 1 0 1 0 1 1 1 1 1 
1024 11 5349 1 1 0 1 1 1 1 1 0 1 1 
2024 11 5349 1 1 0 1 1 1 1 1 1 1 0 
3024 11 5349 1 1 1 0 1 1 1 1 1 1 0 
4024 11 5349 1 1 1 1 1 1 0 0 1 1 1 
5024 11 5349 1 1 1 1 1 1 0 1 1 1 0 
6024 11 5349 0 1 1 1 1 1 1 0 1 1 1 
7024 11 5349 1 0 1 1 0 1 1 1 1 1 1 
8024 11 5349 0 1 1 1 1 0 1 1 1 1 1 
9024 11 5349 1 1 1 1 1 0 0 1 1 1 1 
10024 11 5349 1 1 0 0 1 1 1 1 1 1 1 
11024 11 5349 1 0 1 1 0 1 1 1 1 1 1 
12024 11 5349 1 0 1 1 0 1 1 1 1 1 1 
13024 11 5349 1 0 0 1 1 1 1 1 1 1 1 
14024 11 5349 1 1 1 1 1 1 1 1 0 0 1 
15024 11 5349 1 1 1 1 1 0 1 0 1 1 1 
16024 11 5349 1 1 0 1 1 0 1 1 1 1 1 
17024 11 5349 1 1 1 1 1 1 1 0 1 1 0 
18024 11 5349 1 0 1 1 1 1 1 1 1 1 0 
19024 11 5349 1 1 1 1 0 1 1 1 0 1 1 
20024 11 5349 1 1 1 1 1 1 1 0 0 1 1 
21024 11 5349 0 1 1 1 1 1 1 1 0 1 1 
22024 11 5349 1 1 1 0 1 1 1 0 1 1 1 
23024 11 5349 1 1 1 1 1 1 0 1 0 1 1 
24024 11 5349 1 1 1 1 0 1 0 1 1 1 1 
25024 11 5349 1 0 1 1 1 0 1 1 1 1 1 
1025 11 4717 1 1 0 1 1 1 1 1 1 1 1 
2025 11 4717 1 1 1 1 1 1 1 1 1 1 0 
3025 11 4717 1 0 1 1 1 1 1 1 1 1 1 
4025 11 4717 1 0 1 1 1 1 1 1 1 1 1 
5025 11 4717 1 1 1 1 1 1 1 1 1 1 0 
6025 11 4717 1 1 1 1 1 0 1 1 1 1 1 
7025 11 4717 1 1 1 1 1 1 0 1 1 1 1 
8025 11 4717 1 1 1 0 1 1 1 1 1 1 1 
9025 11 4717 1 1 1 0 1 1 1 1 1 1 1 
10025 11 4717 1 1 1 1 1 1 1 0 1 1 1 
11025 11 4717 1 1 1 1 1 1 0 1 1 1 1 
12025 11 4717 0 1 1 1 1 1 1 1 1 1 1 
13025 11 4717 1 1 1 1 1 1 0 1 1 1 1 
14025 11 4717 1 1 1 1 1 1 1 0 1 1 1 
15025 11 4717 1 1 1 1 1 1 0 1 1 1 1 
16025 11 4717 1 1 1 0 1 1 1 1 1 1 1 
17025 11 4717 1 0 1 1 1 1 1 1 1 1 1 
18025 11 4717 1 1 1 1 1 1 1 1 1 0 1 
19025 11 4717 1 1 0 1 1 1 1 1 1 1 1 
20025 11 4717 1 1 1 1 1 1 1 1 1 0 1 
21025 11 4717 1 1 1 1 0 1 1 1 1 1 1 
22025 11 4717 1 1 1 1 1 1 0 1 1 1 1 
23025 11 4717 0 1 1 1 1 1 1 1 1 1 1 
24025 11 4717 1 1 1 1 1 1 1 1 1 0 1 
25025 11 4717 1 1 1 1 1 1 1 1 1 1 0 
1026 11 6110 0 1 1 1 1 1 1 1 0 0 1 
2026 11 6110 1 0 0 1 1 0 1 1 1 1 1 
3026 11 6110 1 1 1 1 0 0 1 0 1 1 1 
4026 11 6110 0 1 0 1 1 1 1 1 1 0 1 
5026 11 6110 0 1 1 1 1 1 0 0 1 1 1 
6026 11 6110 1 1 0 1 1 1 0 0 1 1 1 
7026 11 6110 0 0 1 1 1 1 1 1 1 0 1 
8026 11 6110 1 0 1 0 1 1 1 1 1 1 0 
9026 11 6110 0 1 1 1 1 0 1 0 1 1 1 
10026 11 6110 1 1 1 1 0 1 1 1 0 1 0 
11026 11 6110 1 1 1 0 1 0 0 1 1 1 1 
12026 11 6110 1 1 0 1 1 1 1 1 1 0 0 
13026 11 6110 1 0 1 1 1 1 1 0 0 1 1 
14026 11 6110 0 0 0 1 1 1 1 1 1 1 1 
15026 11 6110 0 1 0 1 1 1 1 1 0 1 1 
16026 11 6110 1 1 1 1 1 0 1 0 1 1 0 
17026 11 6110 1 1 0 1 1 1 0 0 1 1 1 
18026 11 6110 1 1 1 1 1 1 0 0 1 0 1 
19026 11 6110 1 0 1 1 0 1 1 1 1 0 1 
20026 11 6110 1 0 1 1 1 1 1 1 1 0 0 
21026 11 6110 0 1 1 1 1 1 1 1 1 0 0 
22026 11 6110 0 1 0 1 1 1 1 0 1 1 1 
23026 11 6110 1 1 1 1 1 0 0 1 1 0 1 
24026 11 6110 1 0 1 1 1 0 1 1 1 1 0 
25026 11 6110 1 1 0 1 1 0 1 1 1 1 0 
1027 11 6408 1 1 0 1 1 1 0 1 1 1 1 
2027 11 6408 1 1 1 1 1 1 0 1 0 1 1 
3027 11 6408 1 1 1 1 1 0 1 1 0 1 1 
4027 11 6408 1 1 1 1 1 1 1 1 1 0 0 
5027 11 6408 1 1 1 1 0 1 1 1 1 1 0 
6027 11 6408 1 1 1 1 1 1 1 0 1 0 1 
7027 11 6408 1 0 1 1 0 1 1 1 1 1 1 
8027 11 6408 1 0 1 1 1 1 1 0 1 1 1 
9027 11 6408 1 1 1 1 1 0 1 1 1 0 1 
10027 11 6408 1 1 0 1 1 0 1 1 1 1 1 
11027 11 6408 1 1 0 1 1 1 1 0 1 1 1 
12027 11 6408 1 1 1 1 0 1 1 1 1 0 1 
13027 11 6408 1 1 1 0 1 1 1 1 1 1 0 
14027 11 6408 1 0 1 1 1 0 1 1 1 1 1 
15027 11 6408 1 1 1 1 0 1 1 1 1 1 0 
16027 11 6408 1 0 1 0 1 1 1 1 1 1 1 
17027 11 6408 1 1 0 1 1 1 1 1 0 1 1 
18027 11 6408 1 0 1 1 1 1 0 1 1 1 1 
19027 11 6408 1 1 1 1 0 1 0 1 1 1 1 
20027 11 6408 1 1 1 1 1 1 0 1 1 0 1 
21027 11 6408 1 1 1 1 0 1 0 1 1 1 1 
22027 11 6408 1 1 1 1 0 1 1 0 1 1 1 
23027 11 6408 1 1 1 1 1 1 0 0 1 1 1 
24027 11 6408 1 0 1 1 1 1 1 0 1 1 1 
25027 11 6408 1 1 1 1 1 0 0 1 1 1 1 
1028 11 4991 1 0 1 0 1 1 1 1 1 1 1 
2028 11 4991 1 1 1 1 1 1 0 0 1 1 1 
3028 11 4991 1 0 1 0 1 1 1 1 1 1 1 
4028 11 4991 1 1 1 0 1 1 1 1 1 0 1 
5028 11 4991 1 0 0 1 1 1 1 1 1 1 1 
6028 11 4991 1 1 1 1 1 1 1 1 1 0 0 
7028 11 4991 1 1 1 1 1 1 1 1 0 1 0 
8028 11 4991 1 1 1 1 1 0 1 1 1 1 0 
9028 11 4991 1 0 1 1 1 1 1 0 1 1 1 
10028 11 4991 1 0 1 0 1 1 1 1 1 1 1 
11028 11 4991 1 1 1 1 0 1 1 1 0 1 1 
12028 11 4991 1 1 1 1 1 0 1 1 0 1 1 
13028 11 4991 1 1 1 1 1 0 1 1 1 0 1 
14028 11 4991 1 1 1 1 1 0 1 1 1 1 0 
15028 11 4991 0 1 1 1 1 0 1 1 1 1 1 
16028 11 4991 0 1 1 1 0 1 1 1 1 1 1 
17028 11 4991 1 0 0 1 1 1 1 1 1 1 1 
18028 11 4991 0 1 1 1 1 1 1 0 1 1 1 
19028 11 4991 0 1 1 1 1 1 1 1 0 1 1 
20028 11 4991 1 0 1 1 1 1 0 1 1 1 1 
21028 11 4991 1 1 1 1 0 1 1 1 1 1 0 
22028 11 4991 1 1 1 1 1 1 1 1 1 0 0 
23028 11 4991 1 1 1 0 0 1 1 1 1 1 1 
24028 11 4991 1 1 1 0 1 1 1 1 1 0 1 
25028 11 4991 1 1 0 1 1 1 1 1 1 1 0 
1029 11 3628 1 1 1 1 1 0 1 1 1 1 0 
2029 11 3628 0 1 1 1 1 0 1 1 1 1 1 
3029 11 3628 1 1 1 1 0 0 1 1 1 1 1 
4029 11 3628 1 0 1 1 1 1 1 1 0 1 1 
5029 11 3628 0 1 1 1 0 1 1 1 1 1 1 
6029 11 3628 1 1 0 1 1 1 0 1 1 1 1 
7029 11 3628 0 1 1 1 0 1 1 1 1 1 1 
8029 11 3628 1 1 0 1 1 1 1 1 1 0 1 
9029 11 3628 0 1 1 1 1 0 1 1 1 1 1 
10029 11 3628 1 1 1 1 1 1 1 1 0 0 1 
11029 11 3628 1 1 1 0 1 0 1 1 1 1 1 
12029 11 3628 0 1 1 0 1 1 1 1 1 1 1 
13029 11 3628 1 1 0 1 0 1 1 1 1 1 1 
14029 11 3628 0 1 1 1 1 1 1 0 1 1 1 
15029 11 3628 1 1 1 1 1 1 0 1 1 0 1 
16029 11 3628 1 1 1 1 0 1 0 1 1 1 1 
17029 11 3628 0 1 1 1 1 1 1 1 1 1 0 
18029 11 3628 1 0 1 1 1 1 0 1 1 1 1 
19029 11 3628 1 1 1 1 1 1 1 0 1 1 0 
20029 11 3628 0 1 1 1 1 1 1 1 1 1 0 
21029 11 3628 0 1 0 1 1 1 1 1 1 1 1 
22029 11 3628 1 0 1 1 0 1 1 1 1 1 1 
23029 11 3628 1 1 1 1 0 1 1 0 1 1 1 
24029 11 3628 1 1 1 1 1 1 1 1 1 0 0 
25029 11 3628 1 1 0 1 1 1 1 1 1 1 0 
1030 11 5025 1 0 0 1 1 1 1 1 1 1 1 
2030 11 5025 1 1 1 1 1 1 0 1 1 1 0 
3030 11 5025 1 1 1 1 1 1 1 0 1 1 0 
4030 11 5025 1 0 1 1 1 0 1 1 1 1 1 
5030 11 5025 1 1 1 1 0 1 0 1 1 1 1 
6030 11 5025 1 0 1 1 1 1 0 1 1 1 1 
7030 11 5025 1 0 1 1 1 1 1 0 1 1 1 
8030 11 5025 1 1 1 1 0 1 1 1 1 0 1 
9030 11 5025 1 1 1 1 0 1 0 1 1 1 1 
10030 11 5025 1 1 1 0 0 1 1 1 1 1 1 
11030 11 5025 1 1 1 1 1 1 1 0 0 1 1 
12030 11 5025 0 1 1 1 1 1 1 1 0 1 1 
13030 11 5025 0 1 1 1 1 1 1 1 0 1 1 
14030 11 5025 1 1 0 1 1 1 1 0 1 1 1 
15030 11 5025 0 0 1 1 1 1 1 1 1 1 1 
16030 11 5025 1 1 1 1 1 1 1 1 0 0 1 
17030 11 5025 0 1 0 1 1 1 1 1 1 1 1 
18030 11 5025 1 1 0 0 1 1 1 1 1 1 1 
19030 11 5025 1 1 1 1 1 1 1 1 0 1 0 
20030 11 5025 1 0 1 1 1 1 1 1 1 1 0 
21030 11 5025 1 1 0 1 1 1 1 1 0 1 1 
22030 11 5025 1 1 1 1 0 1 1 1 1 1 0 
23030 11 5025 1 0 1 1 1 1 1 1 1 0 1 
24030 11 5025 0 1 0 1 1 1 1 1 1 1 1 
25030 11 5025 1 0 1 1 1 1 1 1 1 0 1 
1031 11 5879 0 1 1 1 1 1 0 1 1 1 1 
2031 11 5879 0 1 1 0 1 1 1 1 1 1 1 
3031 11 5879 1 1 1 1 0 1 1 0 1 1 1 
4031 11 5879 1 0 1 1 1 1 1 1 1 1 0 
5031 11 5879 1 1 0 0 1 1 1 1 1 1 1 
6031 11 5879 1 1 0 0 1 1 1 1 1 1 1 
7031 11 5879 1 1 1 0 1 1 0 1 1 1 1 
8031 11 5879 1 0 1 0 1 1 1 1 1 1 1 
9031 11 5879 1 0 0 1 1 1 1 1 1 1 1 
10031 11 5879 1 0 1 1 1 1 1 1 1 0 1 
11031 11 5879 1 1 1 1 1 1 1 0 1 0 1 
12031 11 5879 0 1 1 1 1 1 1 0 1 1 1 
13031 11 5879 1 1 1 1 1 1 0 1 1 1 0 
14031 11 5879 1 1 1 1 1 0 1 1 0 1 1 
15031 11 5879 1 1 1 1 1 1 1 1 0 1 0 
16031 11 5879 1 0 1 1 1 1 1 1 1 1 0 
17031 11 5879 1 1 1 1 1 1 1 1 1 0 0 
18031 11 5879 1 0 1 1 1 1 1 1 1 0 1 
19031 11 5879 1 1 0 1 1 1 1 1 1 1 0 
20031 11 5879 1 1 1 1 1 1 1 0 0 1 1 
21031 11 5879 1 1 1 1 0 1 1 1 1 0 1 
22031 11 5879 1 0 1 1 1 1 1 1 1 1 0 
23031 11 5879 1 1 1 1 0 1 1 0 1 1 1 
24031 11 5879 1 0 0 1 1 1 1 1 1 1 1 
25031 11 5879 0 1 1 1 1 0 1 1 1 1 1 
1032 11 5242 1 1 1 0 1 1 1 1 0 1 1 
2032 11 5242 1 1 0 1 1 1 0 1 1 1 1 
3032 11 5242 0 1 1 0 1 1 1 1 1 1 1 
4032 11 5242 1 1 1 1 1 0 0 1 1 1 1 
5032 11 5242 1 1 1 1 1 0 1 1 1 1 0 
6032 11 5242 0 0 1 1 1 1 1 1 1 1 1 
7032 11 5242 1 1 1 1 1 1 1 1 0 1 0 
8032 11 5242 0 1 1 1 1 1 0 1 1 1 1 
9032 11 5242 0 1 1 1 1 1 0 1 1 1 1 
10032 11 5242 1 1 0 1 1 1 1 1 0 1 1 
11032 11 5242 1 1 1 1 1 1 0 1 1 0 1 
12032 11 5242 1 1 1 0 0 1 1 1 1 1 1 
13032 11 5242 1 1 1 0 1 1 0 1 1 1 1 
14032 11 5242 1 0 1 1 1 1 1 1 0 1 1 
15032 11 5242 1 1 1 1 0 1 1 0 1 1 1 
16032 11 5242 1 1 1 1 0 1 1 1 0 1 1 
17032 11 5242 1 1 1 1 1 1 1 1 0 0 1 
18032 11 5242 1 1 1 1 0 0 1 1 1 1 1 
19032 11 5242 1 1 1 1 1 1 1 0 1 1 0 
20032 11 5242 1 1 1 1 1 1 1 1 0 1 0 
21032 11 5242 1 1 1 1 1 1 1 0 0 1 1 
22032 11 5242 1 0 1 1 1 0 1 1 1 1 1 
23032 11 5242 1 0 1 1 1 1 1 1 0 1 1 
24032 11 5242 1 1 1 1 1 1 1 0 1 0 1 
25032 11 5242 0 1 1 1 0 1 1 1 1 1 1 
1033 11 4756 1 1 1 1 1 1 0 1 1 1 0 
2033 11 4756 1 1 1 0 1 0 1 1 1 1 1 
3033 11 4756 1 0 1 1 1 1 1 1 1 0 1 
4033 11 4756 1 1 1 1 1 1 0 1 1 1 0 
5033 11 4756 1 1 1 1 1 0 1 1 0 1 1 
6033 11 4756 1 0 1 1 1 1 1 0 1 1 1 
7033 11 4756 1 1 1 0 0 1 1 1 1 1 1 
8033 11 4756 1 1 0 1 0 1 1 1 1 1 1 
9033 11 4756 1 1 0 1 1 1 1 1 0 1 1 
10033 11 4756 1 1 1 1 0 0 1 1 1 1 1 
11033 11 4756 1 0 1 1 1 1 1 1 1 1 0 
12033 11 4756 1 1 1 1 1 1 1 1 0 1 0 
13033 11 4756 0 1 0 1 1 1 1 1 1 1 1 
14033 11 4756 1 0 1 1 1 0 1 1 1 1 1 
15033 11 4756 1 1 1 1 1 1 1 1 0 0 1 
16033 11 4756 1 0 1 1 0 1 1 1 1 1 1 
17033 11 4756 1 1 1 1 1 0 0 1 1 1 1 
18033 11 4756 1 0 1 0 1 1 1 1 1 1 1 
19033 11 4756 1 1 0 1 1 0 1 1 1 1 1 
20033 11 4756 1 1 1 1 1 1 1 0 1 0 1 
21033 11 4756 1 1 1 0 1 1 1 1 0 1 1 
22033 11 4756 0 1 1 1 1 1 1 1 0 1 1 
23033 11 4756 1 1 1 1 1 1 0 0 1 1 1 
24033 11 4756 0 1 1 0 1 1 1 1 1 1 1 
25033 11 4756 1 1 1 1 1 0 1 0 1 1 1 
1034 11 5887 1 1 1 1 1 1 0 0 1 1 1 
2034 11 5887 1 1 1 0 1 1 1 1 0 1 1 
3034 11 5887 1 1 1 1 1 1 1 0 1 1 0 
4034 11 5887 1 1 1 1 0 1 1 1 1 0 1 
5034 11 5887 1 1 0 0 1 1 1 1 1 1 1 
6034 11 5887 1 1 1 1 0 1 0 1 1 1 1 
7034 11 5887 1 0 1 1 1 1 1 1 0 1 1 
8034 11 5887 1 1 1 1 1 1 0 0 1 1 1 
9034 11 5887 0 1 1 1 1 1 1 1 0 1 1 
10034 11 5887 1 1 1 1 1 1 0 0 1 1 1 
11034 11 5887 1 1 1 1 1 1 1 1 0 0 1 
12034 11 5887 1 1 1 1 0 1 0 1 1 1 1 
13034 11 5887 1 1 1 0 0 1 1 1 1 1 1 
14034 11 5887 0 1 1 1 1 1 1 1 1 0 1 
15034 11 5887 0 1 1 1 0 1 1 1 1 1 1 
16034 11 5887 1 0 1 1 0 1 1 1 1 1 1 
17034 11 5887 1 1 1 0 1 1 1 1 0 1 1 
18034 11 5887 1 1 1 0 1 1 1 1 0 1 1 
19034 11 5887 1 1 1 0 1 1 1 1 1 0 1 
20034 11 5887 1 1 0 1 1 1 0 1 1 1 1 
21034 11 5887 1 1 1 1 1 1 0 0 1 1 1 
22034 11 5887 0 1 1 1 1 1 1 1 1 1 0 
23034 11 5887 1 1 1 1 1 1 0 1 1 1 0 
24034 11 5887 1 1 1 0 1 1 1 1 0 1 1 
25034 11 5887 1 1 1 0 0 1 1 1 1 1 1 
1035 11 3644 1 1 1 1 0 0 1 1 1 1 0 
2035 11 3644 0 1 1 1 1 1 1 1 1 0 0 
3035 11 3644 1 1 0 1 1 1 0 1 0 1 1 
4035 11 3644 0 0 1 1 1 1 1 1 0 1 1 
5035 11 3644 1 0 1 0 1 1 1 1 1 1 0 
6035 11 3644 1 1 0 1 1 0 1 1 0 1 1 
7035 11 3644 1 1 0 1 1 0 1 0 1 1 1 
8035 11 3644 1 1 0 0 1 1 1 1 1 1 0 
9035 11 3644 1 1 1 0 0 1 0 1 1 1 1 
10035 11 3644 1 1 1 0 1 0 1 1 0 1 1 
11035 11 3644 1 1 1 0 1 1 0 1 1 1 0 
12035 11 3644 1 0 1 1 1 1 1 0 1 0 1 
13035 11 3644 1 0 1 1 1 1 1 0 0 1 1 
14035 11 3644 0 1 1 1 1 1 1 0 1 0 1 
15035 11 3644 1 0 0 1 1 1 1 1 1 0 1 
16035 11 3644 1 1 1 1 1 0 1 1 0 0 1 
17035 11 3644 1 1 1 1 0 0 0 1 1 1 1 
18035 11 3644 1 1 1 1 0 1 0 1 0 1 1 
19035 11 3644 1 1 0 0 1 1 1 1 0 1 1 
20035 11 3644 0 1 0 1 1 1 1 0 1 1 1 
21035 11 3644 1 0 1 1 0 1 1 1 1 0 1 
22035 11 3644 1 1 1 1 1 1 0 0 1 0 1 
23035 11 3644 1 1 1 1 1 1 0 0 1 1 0 
24035 11 3644 1 1 0 1 1 0 1 0 1 1 1 
25035 11 3644 1 1 1 1 1 1 1 0 0 0 1 
1036 11 4726 0 1 1 1 1 1 1 1 0 1 1 
2036 11 4726 1 1 0 1 1 1 0 1 1 1 1 
3036 11 4726 0 1 0 1 1 1 1 1 1 1 1 
4036 11 4726 1 0 0 1 1 1 1 1 1 1 1 
5036 11 4726 1 0 1 1 1 0 1 1 1 1 1 
6036 11 4726 1 1 1 1 1 1 1 1 1 0 0 
7036 11 4726 1 1 1 1 0 1 1 1 0 1 1 
8036 11 4726 0 1 1 1 1 1 0 1 1 1 1 
9036 11 4726 1 1 1 1 1 0 0 1 1 1 1 
10036 11 4726 1 1 1 1 0 0 1 1 1 1 1 
11036 11 4726 1 1 1 0 1 1 1 1 1 1 0 
12036 11 4726 1 1 1 1 1 0 0 1 1 1 1 
13036 11 4726 1 0 1 1 1 0 1 1 1 1 1 
14036 11 4726 0 1 1 1 1 1 0 1 1 1 1 
15036 11 4726 1 1 1 0 1 1 1 0 1 1 1 
16036 11 4726 1 1 1 0 0 1 1 1 1 1 1 
17036 11 4726 1 1 0 1 1 1 1 1 0 1 1 
18036 11 4726 1 1 1 1 1 0 1 1 0 1 1 
19036 11 4726 1 1 1 1 0 1 1 1 0 1 1 
20036 11 4726 1 1 1 1 0 1 1 1 1 0 1 
21036 11 4726 1 1 0 1 1 1 1 1 1 0 1 
22036 11 4726 1 1 1 0 1 1 1 1 1 1 0 
23036 11 4726 1 1 1 0 1 1 1 1 1 1 0 
24036 11 4726 1 1 1 1 0 1 1 1 1 1 0 
25036 11 4726 1 1 0 0 1 1 1 1 1 1 1 
1037 11 5113 0 1 1 0 1 1 1 1 0 1 1 
2037 11 5113 1 0 1 0 1 0 1 1 1 1 1 
3037 11 5113 1 1 1 1 0 1 0 1 1 1 0 
4037 11 5113 1 1 0 1 1 1 0 1 1 0 1 
5037 11 5113 1 0 1 1 1 0 1 1 0 1 1 
6037 11 5113 1 0 1 1 1 1 1 1 0 1 0 
7037 11 5113 0 1 0 1 1 1 0 1 1 1 1 
8037 11 5113 0 1 1 1 1 1 0 1 1 1 0 
9037 11 5113 1 1 1 0 1 1 1 1 1 0 0 
10037 11 5113 1 1 1 0 0 1 1 1 1 0 1 
11037 11 5113 1 1 0 0 1 0 1 1 1 1 1 
12037 11 5113 1 1 0 1 1 1 1 0 1 1 0 
13037 11 5113 1 1 1 0 1 1 1 0 1 0 1 
14037 11 5113 1 0 1 1 1 1 0 1 0 1 1 
15037 11 5113 1 1 1 1 1 1 0 1 0 1 0 
16037 11 5113 1 1 0 1 1 1 0 1 0 1 1 
17037 11 5113 0 1 1 1 0 1 0 1 1 1 1 
18037 11 5113 0 1 1 0 1 1 1 1 0 1 1 
19037 11 5113 1 1 1 1 1 1 0 0 1 0 1 
20037 11 5113 0 1 1 1 1 0 1 0 1 1 1 
21037 11 5113 1 0 0 1 1 0 1 1 1 1 1 
22037 11 5113 1 1 1 0 1 1 1 0 1 0 1 
23037 11 5113 1 0 0 1 0 1 1 1 1 1 1 
24037 11 5113 1 0 1 0 1 1 0 1 1 1 1 
25037 11 5113 1 0 0 1 1 1 1 1 1 1 0 
1038 11 5315 1 1 0 1 1 1 1 0 0 1 1 
2038 11 5315 1 1 1 1 1 1 0 0 1 0 1 
3038 11 5315 1 0 1 1 0 1 1 1 1 1 0 
4038 11 5315 1 1 1 1 0 1 1 1 0 0 1 
5038 11 5315 0 1 1 1 1 1 0 1 1 0 1 
6038 11 5315 0 0 1 1 1 1 1 1 0 1 1 
7038 11 5315 0 0 1 1 1 1 1 1 1 1 0 
8038 11 5315 1 0 1 1 0 1 0 1 1 1 1 
9038 11 5315 1 1 0 1 1 0 1 1 0 1 1 
10038 11 5315 1 0 1 1 1 1 0 1 1 1 0 
11038 11 5315 1 1 1 1 0 0 1 1 0 1 1 
12038 11 5315 1 1 0 1 1 0 1 0 1 1 1 
13038 11 5315 1 0 0 1 1 1 1 1 0 1 1 
14038 11 5315 1 0 1 1 1 1 1 0 1 1 0 
15038 11 5315 1 1 1 1 0 0 1 0 1 1 1 
16038 11 5315 0 1 1 1 1 0 1 1 1 1 0 
17038 11 5315 0 0 1 1 1 1 1 1 0 1 1 
18038 11 5315 1 0 1 1 0 1 1 1 1 1 0 
19038 11 5315 1 1 1 1 0 1 1 0 0 1 1 
20038 11 5315 0 1 0 1 1 1 1 1 1 0 1 
21038 11 5315 1 0 1 1 1 1 1 0 0 1 1 
22038 11 5315 0 0 1 0 1 1 1 1 1 1 1 
23038 11 5315 0 0 1 1 1 1 1 1 1 0 1 
24038 11 5315 1 1 0 0 1 0 1 1 1 1 1 
25038 11 5315 1 0 1 1 1 1 1 1 0 0 1 
1039 11 5408 0 1 1 1 1 1 1 0 1 1 1 
2039 11 5408 1 1 1 0 1 1 1 1 0 1 1 
3039 11 5408 1 1 1 1 0 1 1 1 1 1 0 
4039 11 5408 1 1 1 1 1 1 1 1 1 0 0 
5039 11 5408 0 1 0 1 1 1 1 1 1 1 1 
6039 11 5408 1 1 0 0 1 1 1 1 1 1 1 
7039 11 5408 1 1 1 1 0 1 1 1 1 1 0 
8039 11 5408 1 0 1 0 1 1 1 1 1 1 1 
9039 11 5408 1 1 1 1 1 1 1 1 0 1 0 
10039 11 5408 1 1 1 0 0 1 1 1 1 1 1 
11039 11 5408 0 1 1 1 1 1 0 1 1 1 1 
12039 11 5408 1 0 1 1 1 1 1 1 1 1 0 
13039 11 5408 1 0 1 1 1 1 1 1 1 0 1 
14039 11 5408 1 1 1 1 1 1 0 0 1 1 1 
15039 11 5408 0 1 1 1 1 1 1 1 1 1 0 
16039 11 5408 0 1 1 1 1 0 1 1 1 1 1 
17039 11 5408 0 1 1 1 1 1 1 1 1 1 0 
18039 11 5408 1 1 1 0 1 1 1 1 1 1 0 
19039 11 5408 1 1 1 0 1 1 0 1 1 1 1 
20039 11 5408 1 1 1 0 1 1 1 1 1 1 0 
21039 11 5408 1 1 1 0 1 0 1 1 1 1 1 
22039 11 5408 0 1 1 1 1 0 1 1 1 1 1 
23039 11 5408 1 1 1 1 1 1 1 1 0 0 1 
24039 11 5408 1 1 1 0 1 1 1 1 0 1 1 
25039 11 5408 1 0 1 1 1 0 1 1 1 1 1 
1040 11 5824 1 1 1 1 1 0 1 1 1 0 1 
2040 11 5824 1 1 0 1 1 1 1 1 1 1 0 
3040 11 5824 1 1 0 1 1 1 1 1 0 1 1 
4040 11 5824 0 1 0 1 1 1 1 1 1 1 1 
5040 11 5824 1 1 1 0 1 1 1 1 1 0 1 
6040 11 5824 1 1 0 1 1 1 1 1 1 1 0 
7040 11 5824 1 1 1 1 1 1 0 1 1 1 0 
8040 11 5824 1 1 1 0 1 1 1 0 1 1 1 
9040 11 5824 0 1 1 1 1 1 1 1 1 1 0 
10040 11 5824 1 1 0 1 1 0 1 1 1 1 1 
11040 11 5824 0 1 1 1 1 1 1 1 0 1 1 
12040 11 5824 1 1 1 1 1 1 1 0 0 1 1 
13040 11 5824 1 1 1 1 0 1 1 0 1 1 1 
14040 11 5824 1 1 1 1 1 0 0 1 1 1 1 
15040 11 5824 1 1 1 1 0 0 1 1 1 1 1 
16040 11 5824 1 1 1 1 1 1 1 1 1 0 0 
17040 11 5824 1 1 1 1 0 1 1 1 1 1 0 
18040 11 5824 1 1 1 1 1 0 0 1 1 1 1 
19040 11 5824 1 1 1 0 1 1 1 1 0 1 1 
20040 11 5824 0 0 1 1 1 1 1 1 1 1 1 
21040 11 5824 1 0 1 1 1 1 0 1 1 1 1 
22040 11 5824 0 1 1 1 1 1 1 1 0 1 1 
23040 11 5824 1 1 1 1 1 1 1 0 1 1 0 
24040 11 5824 1 0 1 0 1 1 1 1 1 1 1 
25040 11 5824 1 0 1 1 1 1 1 0 1 1 1 
1041 11 6352 1 1 1 1 1 0 1 1 0 1 1 
2041 11 6352 1 0 1 1 1 0 1 1 1 1 1 
3041 11 6352 1 1 1 1 1 0 1 1 1 0 1 
4041 11 6352 1 1 1 1 0 1 1 1 1 0 1 
5041 11 6352 1 1 1 1 1 0 0 1 1 1 1 
6041 11 6352 0 1 1 1 1 1 1 1 1 0 1 
7041 11 6352 1 1 1 0 1 1 1 1 0 1 1 
8041 11 6352 1 1 0 1 1 1 1 1 0 1 1 
9041 11 6352 1 0 1 1 1 1 1 1 0 1 1 
10041 11 6352 1 1 1 0 1 1 1 1 1 0 1 
11041 11 6352 0 1 0 1 1 1 1 1 1 1 1 
12041 11 6352 1 0 1 1 1 1 1 1 0 1 1 
13041 11 6352 1 1 1 1 1 1 1 0 1 0 1 
14041 11 6352 1 1 1 1 1 0 1 1 0 1 1 
15041 11 6352 1 0 1 1 1 1 1 0 1 1 1 
16041 11 6352 0 1 0 1 1 1 1 1 1 1 1 
17041 11 6352 1 1 1 0 1 1 1 1 1 1 0 
18041 11 6352 1 1 0 1 1 1 1 0 1 1 1 
19041 11 6352 1 1 1 1 1 0 1 0 1 1 1 
20041 11 6352 1 1 1 0 1 1 0 1 1 1 1 
21041 11 6352 1 1 1 1 1 1 1 0 1 1 0 
22041 11 6352 1 1 0 1 1 1 1 1 0 1 1 
23041 11 6352 1 1 1 1 1 1 0 0 1 1 1 
24041 11 6352 1 1 0 1 0 1 1 1 1 1 1 
25041 11 6352 1 1 0 1 1 1 1 1 1 0 1 
1042 11 5998 1 1 1 1 1 1 0 1 1 1 0 
2042 11 5998 0 1 1 1 1 1 0 1 1 1 1 
3042 11 5998 1 0 0 1 1 1 1 1 1 1 1 
4042 11 5998 1 1 0 1 1 1 1 0 1 1 1 
5042 11 5998 1 1 1 1 1 0 1 1 1 0 1 
6042 11 5998 1 1 1 0 1 1 1 1 0 1 1 
7042 11 5998 1 1 1 0 1 1 1 1 1 0 1 
8042 11 5998 0 1 0 1 1 1 1 1 1 1 1 
9042 11 5998 1 1 1 1 1 1 1 1 1 0 0 
10042 11 5998 1 1 1 1 1 1 1 0 1 0 1 
11042 11 5998 0 1 1 1 1 1 0 1 1 1 1 
12042 11 5998 0 1 1 1 1 1 1 1 1 1 0 
13042 11 5998 1 0 1 1 1 1 1 1 1 0 1 
14042 11 5998 1 1 0 1 1 1 1 1 0 1 1 
15042 11 5998 1 1 1 1 1 0 1 1 1 0 1 
16042 11 5998 1 1 1 1 0 1 1 1 1 0 1 
17042 11 5998 1 1 0 0 1 1 1 1 1 1 1 
18042 11 5998 1 0 1 1 1 1 1 1 1 1 0 
19042 11 5998 1 1 1 0 1 1 0 1 1 1 1 
20042 11 5998 1 1 1 0 0 1 1 1 1 1 1 
21042 11 5998 1 1 1 1 1 1 1 1 0 0 1 
22042 11 5998 1 1 1 0 1 1 1 1 1 0 1 
23042 11 5998 1 1 1 1 0 1 1 1 1 0 1 
24042 11 5998 1 1 1 0 1 1 1 1 1 0 1 
25042 11 5998 0 1 1 1 1 1 1 1 0 1 1 
1043 11 5023 1 1 1 0 1 0 1 1 1 1 1 
2043 11 5023 1 1 1 1 1 0 0 1 1 1 1 
3043 11 5023 1 1 1 0 1 1 0 1 1 1 1 
4043 11 5023 0 1 1 1 0 1 1 1 1 1 1 
5043 11 5023 1 1 1 1 1 0 1 1 0 1 1 
6043 11 5023 1 1 1 1 0 1 1 1 1 0 1 
7043 11 5023 1 1 1 1 0 1 0 1 1 1 1 
8043 11 5023 1 1 1 1 1 1 0 1 1 0 1 
9043 11 5023 1 1 1 1 1 1 1 0 1 0 1 
10043 11 5023 1 1 1 1 0 0 1 1 1 1 1 
11043 11 5023 1 1 0 0 1 1 1 1 1 1 1 
12043 11 5023 1 1 1 1 1 0 1 1 1 1 0 
13043 11 5023 0 1 1 1 1 1 1 1 1 1 0 
14043 11 5023 1 0 1 1 0 1 1 1 1 1 1 
15043 11 5023 1 1 0 1 1 1 1 1 1 1 0 
16043 11 5023 1 1 1 1 1 0 1 0 1 1 1 
17043 11 5023 1 0 1 1 1 1 1 1 1 0 1 
18043 11 5023 1 1 1 1 1 1 0 0 1 1 1 
19043 11 5023 1 1 1 1 0 0 1 1 1 1 1 
20043 11 5023 0 1 0 1 1 1 1 1 1 1 1 
21043 11 5023 1 1 0 1 1 1 1 1 0 1 1 
22043 11 5023 1 0 1 1 1 1 1 1 1 0 1 
23043 11 5023 1 0 1 1 1 0 1 1 1 1 1 
24043 11 5023 1 0 1 1 1 1 1 1 0 1 1 
25043 11 5023 1 0 0 1 1 1 1 1 1 1 1 
1044 11 5898 1 0 1 1 1 0 1 1 1 1 1 
2044 11 5898 1 1 1 1 0 1 1 1 1 1 0 
3044 11 5898 1 1 1 1 1 0 1 0 1 1 1 
4044 11 5898 1 1 1 0 1 1 1 1 1 0 1 
5044 11 5898 1 1 1 1 1 0 1 1 0 1 1 
6044 11 5898 1 1 1 0 1 1 1 1 1 0 1 
7044 11 5898 1 1 1 1 1 1 1 1 0 0 1 
8044 11 5898 1 1 1 1 1 0 0 1 1 1 1 
9044 11 5898 1 1 1 1 0 1 1 1 1 0 1 
10044 11 5898 1 1 1 1 0 1 0 1 1 1 1 
11044 11 5898 1 1 1 1 0 1 1 1 0 1 1 
12044 11 5898 1 1 1 1 1 0 1 1 1 1 0 
13044 11 5898 1 1 1 1 1 1 0 1 1 0 1 
14044 11 5898 0 1 1 1 1 1 1 1 1 0 1 
15044 11 5898 1 0 1 1 0 1 1 1 1 1 1 
16044 11 5898 1 1 1 1 1 1 1 1 0 1 0 
17044 11 5898 0 1 1 0 1 1 1 1 1 1 1 
18044 11 5898 1 1 1 0 1 1 0 1 1 1 1 
19044 11 5898 1 1 1 1 1 1 0 1 0 1 1 
20044 11 5898 1 1 1 1 1 1 1 0 1 0 1 
21044 11 5898 1 1 1 0 1 1 1 1 1 1 0 
22044 11 5898 1 1 1 1 1 1 1 0 1 0 1 
23044 11 5898 1 0 1 1 1 1 1 1 0 1 1 
24044 11 5898 1 1 0 1 1 1 1 1 0 1 1 
25044 11 5898 1 0 1 1 1 0 1 1 1 1 1 
1045 11 5905 1 1 1 1 1 0 1 0 1 1 1 
2045 11 5905 0 1 1 1 1 1 1 1 0 1 1 
3045 11 5905 1 0 1 1 1 0 1 1 1 1 1 
4045 11 5905 1 0 1 0 1 1 1 1 1 1 1 
5045 11 5905 1 1 0 1 1 1 1 0 1 1 1 
6045 11 5905 1 1 0 1 1 1 0 1 1 1 1 
7045 11 5905 1 1 1 1 1 1 0 0 1 1 1 
8045 11 5905 1 0 0 1 1 1 1 1 1 1 1 
9045 11 5905 1 1 1 1 1 0 1 1 0 1 1 
10045 11 5905 0 1 1 0 1 1 1 1 1 1 1 
11045 11 5905 1 1 1 1 1 1 0 1 1 0 1 
12045 11 5905 1 1 1 1 1 1 0 1 1 0 1 
13045 11 5905 1 1 1 1 1 1 1 0 0 1 1 
14045 11 5905 0 1 1 0 1 1 1 1 1 1 1 
15045 11 5905 1 1 0 1 1 0 1 1 1 1 1 
16045 11 5905 0 1 1 1 1 0 1 1 1 1 1 
17045 11 5905 1 1 1 1 1 0 1 1 0 1 1 
18045 11 5905 1 0 1 1 1 1 1 1 1 1 0 
19045 11 5905 1 1 1 1 1 1 0 1 1 1 0 
20045 11 5905 1 0 1 1 1 1 1 1 1 0 1 
21045 11 5905 1 1 1 1 1 1 1 0 1 1 0 
22045 11 5905 1 0 1 1 1 1 1 1 1 0 1 
23045 11 5905 1 1 0 1 1 1 0 1 1 1 1 
24045 11 5905 1 1 0 1 1 1 1 1 1 0 1 
25045 11 5905 1 1 1 1 1 0 1 0 1 1 1 
1046 11 7029 1 1 0 0 1 1 1 1 1 1 1 
2046 11 7029 1 1 1 1 1 1 1 0 1 0 1 
3046 11 7029 1 1 1 1 0 1 1 1 0 1 1 
4046 11 7029 1 1 0 1 1 0 1 1 1 1 1 
5046 11 7029 1 0 1 1 1 1 1 1 1 1 0 
6046 11 7029 1 1 1 0 1 1 1 1 1 0 1 
7046 11 7029 1 1 1 1 0 1 1 1 0 1 1 
8046 11 7029 1 1 1 1 1 0 1 1 1 0 1 
9046 11 7029 1 1 1 1 1 0 1 1 1 1 0 
10046 11 7029 1 1 1 0 1 1 1 1 1 0 1 
11046 11 7029 1 1 1 0 1 1 1 0 1 1 1 
12046 11 7029 0 1 1 1 1 0 1 1 1 1 1 
13046 11 7029 0 1 1 1 1 1 1 1 1 1 0 
14046 11 7029 1 1 1 0 0 1 1 1 1 1 1 
15046 11 7029 1 1 1 1 1 0 1 1 0 1 1 
16046 11 7029 1 1 1 1 0 1 1 0 1 1 1 
17046 11 7029 1 1 1 0 1 1 1 1 1 0 1 
18046 11 7029 1 1 1 1 0 1 1 0 1 1 1 
19046 11 7029 0 1 1 1 1 1 1 1 1 0 1 
20046 11 7029 1 0 1 0 1 1 1 1 1 1 1 
21046 11 7029 0 1 0 1 1 1 1 1 1 1 1 
22046 11 7029 1 1 0 1 0 1 1 1 1 1 1 
23046 11 7029 0 1 1 1 1 1 1 1 1 1 0 
24046 11 7029 1 1 1 1 1 1 0 1 1 0 1 
25046 11 7029 1 1 1 0 1 1 1 1 0 1 1 
1047 11 5315 0 1 1 1 1 1 1 1 0 1 1 
2047 11 5315 1 1 1 1 1 1 1 0 1 1 0 
3047 11 5315 0 1 1 1 1 1 1 1 1 1 0 
4047 11 5315 1 1 0 0 1 1 1 1 1 1 1 
5047 11 5315 1 1 0 1 1 0 1 1 1 1 1 
6047 11 5315 1 1 1 0 1 1 1 1 0 1 1 
7047 11 5315 1 0 1 1 1 1 1 0 1 1 1 
8047 11 5315 1 0 1 0 1 1 1 1 1 1 1 
9047 11 5315 1 1 1 1 1 1 1 1 0 0 1 
10047 11 5315 1 1 1 1 1 1 0 1 1 1 0 
11047 11 5315 1 1 1 0 0 1 1 1 1 1 1 
12047 11 5315 1 1 1 0 0 1 1 1 1 1 1 
13047 11 5315 1 1 1 0 1 0 1 1 1 1 1 
14047 11 5315 1 1 1 0 0 1 1 1 1 1 1 
15047 11 5315 1 1 1 1 1 1 1 0 1 0 1 
16047 11 5315 1 1 0 1 1 0 1 1 1 1 1 
17047 11 5315 0 1 1 1 0 1 1 1 1 1 1 
18047 11 5315 1 1 1 0 0 1 1 1 1 1 1 
19047 11 5315 1 1 1 1 1 1 1 0 1 1 0 
20047 11 5315 1 1 1 1 1 1 1 0 1 1 0 
21047 11 5315 1 1 1 1 0 1 1 1 1 0 1 
22047 11 5315 1 1 1 1 1 1 1 0 1 0 1 
23047 11 5315 0 1 1 1 1 0 1 1 1 1 1 
24047 11 5315 1 0 0 1 1 1 1 1 1 1 1 
25047 11 5315 1 1 0 1 1 1 1 1 0 1 1 
1048 11 5474 1 1 1 1 1 0 1 0 1 1 1 
2048 11 5474 1 0 1 1 1 1 1 0 1 1 1 
3048 11 5474 1 1 1 0 1 1 1 1 1 1 0 
4048 11 5474 1 1 1 1 1 0 1 1 1 0 1 
5048 11 5474 0 1 1 1 1 0 1 1 1 1 1 
6048 11 5474 1 1 1 1 0 0 1 1 1 1 1 
7048 11 5474 0 1 1 0 1 1 1 1 1 1 1 
8048 11 5474 1 0 1 1 1 1 1 0 1 1 1 
9048 11 5474 1 1 1 1 0 1 1 1 0 1 1 
10048 11 5474 1 0 0 1 1 1 1 1 1 1 1 
11048 11 5474 1 1 1 1 1 1 0 0 1 1 1 
12048 11 5474 1 1 1 0 1 1 1 1 1 0 1 
13048 11 5474 1 0 1 1 1 1 1 0 1 1 1 
14048 11 5474 0 1 1 1 0 1 1 1 1 1 1 
15048 11 5474 1 1 1 1 1 1 0 1 1 0 1 
16048 11 5474 1 1 1 1 0 1 1 1 0 1 1 
17048 11 5474 1 0 1 1 0 1 1 1 1 1 1 
18048 11 5474 1 1 1 1 1 1 1 0 1 0 1 
19048 11 5474 1 1 1 1 1 1 0 1 1 0 1 
20048 11 5474 1 1 0 1 1 1 1 1 1 1 0 
21048 11 5474 1 0 1 1 0 1 1 1 1 1 1 
22048 11 5474 1 1 1 1 1 0 1 1 1 1 0 
23048 11 5474 0 1 1 1 1 0 1 1 1 1 1 
24048 11 5474 0 1 1 1 1 1 1 1 1 1 0 
25048 11 5474 1 1 1 0 0 1 1 1 1 1 1 
1049 11 4215 1 1 0 1 1 1 1 1 1 1 0 
2049 11 4215 1 0 1 1 1 1 1 1 1 0 1 
3049 11 4215 1 1 1 1 1 1 0 1 1 0 1 
4049 11 4215 1 1 1 1 0 0 1 1 1 1 1 
5049 11 4215 1 0 1 1 1 1 1 1 1 0 1 
6049 11 4215 1 1 1 0 1 1 1 1 0 1 1 
7049 11 4215 1 1 1 0 1 1 0 1 1 1 1 
8049 11 4215 1 1 0 1 1 1 1 1 0 1 1 
9049 11 4215 1 0 1 0 1 1 1 1 1 1 1 
10049 11 4215 1 1 1 1 1 0 1 1 0 1 1 
11049 11 4215 0 1 1 1 1 1 1 1 0 1 1 
12049 11 4215 1 1 1 0 1 1 1 0 1 1 1 
13049 11 4215 1 1 1 1 1 1 0 1 1 1 0 
14049 11 4215 1 0 1 0 1 1 1 1 1 1 1 
15049 11 4215 1 1 1 0 1 1 1 0 1 1 1 
16049 11 4215 1 1 1 0 1 0 1 1 1 1 1 
17049 11 4215 0 1 1 1 0 1 1 1 1 1 1 
18049 11 4215 1 1 1 1 1 1 0 1 0 1 1 
19049 11 4215 1 1 1 1 0 1 1 1 0 1 1 
20049 11 4215 1 0 1 1 1 1 1 0 1 1 1 
21049 11 4215 1 0 1 1 1 1 1 0 1 1 1 
22049 11 4215 1 1 1 1 1 1 1 0 0 1 1 
23049 11 4215 0 1 1 1 0 1 1 1 1 1 1 
24049 11 4215 1 1 0 1 1 1 1 1 1 0 1 
25049 11 4215 0 1 1 1 1 1 1 0 1 1 1 
1050 11 4791 0 1 1 1 1 1 1 1 0 1 1 
2050 11 4791 0 1 1 1 1 1 1 1 0 1 1 
3050 11 4791 1 1 1 1 0 1 0 1 1 1 1 
4050 11 4791 1 1 1 0 1 1 1 1 0 1 1 
5050 11 4791 1 1 1 1 1 1 0 0 1 1 1 
6050 11 4791 1 1 0 1 1 1 1 1 0 1 1 
7050 11 4791 1 1 1 1 1 1 0 0 1 1 1 
8050 11 4791 1 0 1 1 1 1 1 1 0 1 1 
9050 11 4791 1 0 1 1 1 1 1 1 0 1 1 
10050 11 4791 1 1 0 0 1 1 1 1 1 1 1 
11050 11 4791 0 1 0 1 1 1 1 1 1 1 1 
12050 11 4791 1 0 0 1 1 1 1 1 1 1 1 
13050 11 4791 1 0 1 1 1 1 1 1 1 1 0 
14050 11 4791 0 1 1 0 1 1 1 1 1 1 1 
15050 11 4791 1 1 0 1 1 0 1 1 1 1 1 
16050 11 4791 1 1 1 1 1 1 1 1 0 1 0 
17050 11 4791 1 0 1 1 1 1 1 1 1 1 0 
18050 11 4791 0 0 1 1 1 1 1 1 1 1 1 
19050 11 4791 1 1 0 1 1 1 0 1 1 1 1 
20050 11 4791 1 1 1 1 0 1 0 1 1 1 1 
21050 11 4791 1 0 1 1 1 1 1 1 1 1 0 
22050 11 4791 0 1 1 1 1 1 1 0 1 1 1 
23050 11 4791 1 0 1 1 1 1 0 1 1 1 1 
24050 11 4791 1 1 1 0 1 1 1 1 1 1 0 
25050 11 4791 1 1 1 0 1 1 1 0 1 1 1 
1051 11 5754 1 0 1 1 1 1 1 1 1 1 0 
2051 11 5754 1 0 1 0 1 1 1 1 1 1 1 
3051 11 5754 1 1 0 1 1 1 1 1 0 1 1 
4051 11 5754 1 0 1 1 1 1 1 1 1 1 0 
5051 11 5754 1 0 1 0 1 1 1 1 1 1 1 
6051 11 5754 1 1 1 0 1 1 1 1 1 1 0 
7051 11 5754 1 1 1 0 1 0 1 1 1 1 1 
8051 11 5754 1 1 1 0 1 1 1 1 1 1 0 
9051 11 5754 1 1 1 1 1 0 1 1 0 1 1 
10051 11 5754 1 1 1 1 1 1 0 1 1 1 0 
11051 11 5754 1 0 1 1 1 1 1 1 0 1 1 
12051 11 5754 1 1 1 1 1 1 1 1 0 1 0 
13051 11 5754 1 0 1 1 1 0 1 1 1 1 1 
14051 11 5754 1 1 1 1 1 1 1 0 1 0 1 
15051 11 5754 1 1 1 1 1 1 1 1 0 0 1 
16051 11 5754 1 1 1 1 1 0 1 1 1 0 1 
17051 11 5754 1 1 1 1 0 1 0 1 1 1 1 
18051 11 5754 1 1 1 1 0 0 1 1 1 1 1 
19051 11 5754 1 0 1 0 1 1 1 1 1 1 1 
20051 11 5754 1 0 1 0 1 1 1 1 1 1 1 
21051 11 5754 0 1 1 1 1 1 1 0 1 1 1 
22051 11 5754 1 1 1 0 1 0 1 1 1 1 1 
23051 11 5754 1 0 1 0 1 1 1 1 1 1 1 
24051 11 5754 1 1 1 0 1 1 1 1 1 1 0 
25051 11 5754 1 1 1 1 1 1 0 1 1 1 0 
1052 11 3713 1 1 0 1 0 1 1 1 1 1 1 
2052 11 3713 1 1 0 1 1 1 1 1 1 0 1 
3052 11 3713 1 0 1 1 0 1 1 1 1 1 1 
4052 11 3713 1 1 0 1 1 0 1 1 1 1 1 
5052 11 3713 1 1 1 1 1 1 0 1 0 1 1 
6052 11 3713 0 1 1 1 1 0 1 1 1 1 1 
7052 11 3713 1 1 1 0 1 1 1 0 1 1 1 
8052 11 3713 1 1 0 1 1 1 1 1 1 0 1 
9052 11 3713 1 0 1 1 1 1 0 1 1 1 1 
10052 11 3713 1 1 1 1 0 1 1 1 0 1 1 
11052 11 3713 1 0 1 0 1 1 1 1 1 1 1 
12052 11 3713 1 1 1 1 0 1 0 1 1 1 1 
13052 11 3713 1 1 1 0 1 1 1 1 0 1 1 
14052 11 3713 1 0 1 1 1 1 0 1 1 1 1 
15052 11 3713 1 1 1 1 1 1 1 1 0 1 0 
16052 11 3713 1 1 1 0 1 1 1 1 1 1 0 
17052 11 3713 1 1 1 1 0 1 1 1 1 1 0 
18052 11 3713 1 1 0 1 0 1 1 1 1 1 1 
19052 11 3713 1 1 1 1 0 1 1 1 0 1 1 
20052 11 3713 1 1 1 0 1 1 1 0 1 1 1 
21052 11 3713 1 1 1 0 1 1 0 1 1 1 1 
22052 11 3713 1 1 1 1 0 1 1 1 1 0 1 
23052 11 3713 1 1 1 1 1 1 0 1 0 1 1 
24052 11 3713 1 1 1 1 1 1 1 0 0 1 1 
25052 11 3713 1 0 0 1 1 1 1 1 1 1 1 
1053 11 5515 1 1 1 0 0 1 1 1 1 1 1 
2053 11 5515 0 1 1 1 0 1 1 1 1 1 1 
3053 11 5515 1 1 1 1 0 1 0 1 1 1 1 
4053 11 5515 0 1 1 0 1 1 1 1 1 1 1 
5053 11 5515 0 1 1 1 1 1 0 1 1 1 1 
6053 11 5515 1 1 1 1 1 0 0 1 1 1 1 
7053 11 5515 0 1 1 1 0 1 1 1 1 1 1 
8053 11 5515 1 1 1 1 0 1 1 0 1 1 1 
9053 11 5515 1 0 1 1 1 0 1 1 1 1 1 
10053 11 5515 1 1 0 1 1 1 1 0 1 1 1 
11053 11 5515 1 0 1 1 1 1 1 1 1 1 0 
12053 11 5515 1 0 1 1 1 0 1 1 1 1 1 
13053 11 5515 1 1 1 1 0 0 1 1 1 1 1 
14053 11 5515 1 0 1 1 1 1 0 1 1 1 1 
15053 11 5515 1 1 1 1 1 1 0 0 1 1 1 
16053 11 5515 1 1 1 1 1 0 0 1 1 1 1 
17053 11 5515 1 1 1 1 1 1 1 1 0 0 1 
18053 11 5515 1 1 1 1 1 1 1 0 1 0 1 
19053 11 5515 1 1 1 1 1 1 0 1 1 1 0 
20053 11 5515 1 1 0 1 1 1 1 1 0 1 1 
21053 11 5515 1 0 1 1 1 1 0 1 1 1 1 
22053 11 5515 0 1 1 1 1 1 0 1 1 1 1 
23053 11 5515 1 1 1 0 1 1 1 0 1 1 1 
24053 11 5515 0 0 1 1 1 1 1 1 1 1 1 
25053 11 5515 0 1 1 1 1 1 1 1 0 1 1 
1054 11 5633 1 0 1 1 1 0 1 1 1 1 1 
2054 11 5633 0 1 1 1 1 1 1 0 1 1 1 
3054 11 5633 1 1 1 1 1 1 0 0 1 1 1 
4054 11 5633 0 1 1 0 1 1 1 1 1 1 1 
5054 11 5633 1 1 1 1 0 1 1 1 1 1 0 
6054 11 5633 0 1 1 1 1 1 1 1 1 1 0 
7054 11 5633 1 1 1 1 1 1 1 1 0 0 1 
8054 11 5633 1 1 1 1 0 1 1 1 1 1 0 
9054 11 5633 1 1 1 0 1 1 0 1 1 1 1 
10054 11 5633 0 1 1 1 1 1 1 1 0 1 1 
11054 11 5633 1 0 1 1 1 1 1 0 1 1 1 
12054 11 5633 1 1 1 1 1 1 1 0 1 0 1 
13054 11 5633 1 1 1 0 1 1 0 1 1 1 1 
14054 11 5633 1 0 0 1 1 1 1 1 1 1 1 
15054 11 5633 1 1 1 1 1 0 1 1 0 1 1 
16054 11 5633 1 1 1 1 1 0 1 1 0 1 1 
17054 11 5633 0 1 1 1 1 1 1 1 0 1 1 
18054 11 5633 1 1 1 0 1 1 1 0 1 1 1 
19054 11 5633 1 1 0 0 1 1 1 1 1 1 1 
20054 11 5633 0 1 0 1 1 1 1 1 1 1 1 
21054 11 5633 1 1 1 1 1 1 1 1 0 1 0 
22054 11 5633 1 1 1 1 1 1 0 1 1 1 0 
23054 11 5633 0 1 1 1 1 1 1 1 0 1 1 
24054 11 5633 0 1 1 1 1 1 0 1 1 1 1 
25054 11 5633 1 0 1 1 1 1 1 1 1 1 0 
1055 11 5835 1 1 1 1 1 0 0 1 1 1 1 
2055 11 5835 1 1 1 1 0 1 1 1 1 0 1 
3055 11 5835 1 0 0 1 1 1 1 1 1 1 1 
4055 11 5835 1 0 1 1 0 1 1 1 1 1 1 
5055 11 5835 1 1 1 1 1 1 1 1 1 0 0 
6055 11 5835 1 1 1 0 1 1 1 1 1 1 0 
7055 11 5835 1 1 0 1 1 1 1 1 0 1 1 
8055 11 5835 0 1 1 1 1 1 1 0 1 1 1 
9055 11 5835 1 1 0 1 1 1 1 0 1 1 1 
10055 11 5835 1 0 1 1 1 1 0 1 1 1 1 
11055 11 5835 1 1 1 1 0 1 1 1 1 1 0 
12055 11 5835 1 0 1 1 0 1 1 1 1 1 1 
13055 11 5835 1 1 1 1 1 1 1 0 1 0 1 
14055 11 5835 1 1 1 0 1 0 1 1 1 1 1 
15055 11 5835 1 1 1 1 1 1 0 0 1 1 1 
16055 11 5835 1 0 1 1 1 1 0 1 1 1 1 
17055 11 5835 1 1 0 1 1 1 1 0 1 1 1 
18055 11 5835 1 1 1 1 0 1 1 1 0 1 1 
19055 11 5835 1 1 1 0 1 0 1 1 1 1 1 
20055 11 5835 1 1 0 1 0 1 1 1 1 1 1 
21055 11 5835 1 1 1 0 0 1 1 1 1 1 1 
22055 11 5835 1 1 1 1 1 1 0 1 1 0 1 
23055 11 5835 1 0 1 1 1 1 1 1 0 1 1 
24055 11 5835 0 1 1 1 1 0 1 1 1 1 1 
25055 11 5835 1 1 1 1 1 1 0 1 0 1 1 
1056 11 5735 1 0 0 1 1 1 1 1 0 1 1 
2056 11 5735 1 0 1 1 0 1 1 1 1 0 1 
3056 11 5735 1 0 1 1 0 1 1 1 1 0 1 
4056 11 5735 1 1 0 1 1 1 0 1 1 0 1 
5056 11 5735 1 1 0 1 0 1 1 1 1 0 1 
6056 11 5735 0 1 1 1 0 1 1 1 1 1 0 
7056 11 5735 1 1 1 0 1 1 1 0 0 1 1 
8056 11 5735 1 0 0 1 1 1 1 1 0 1 1 
9056 11 5735 1 1 0 1 1 1 0 1 1 1 0 
10056 11 5735 0 1 1 1 0 1 0 1 1 1 1 
11056 11 5735 1 0 1 1 0 1 0 1 1 1 1 
12056 11 5735 1 1 1 1 1 1 0 1 1 0 0 
13056 11 5735 1 0 1 1 1 0 1 1 1 0 1 
14056 11 5735 1 1 0 0 1 1 0 1 1 1 1 
15056 11 5735 1 1 1 1 0 1 0 1 1 0 1 
16056 11 5735 0 1 1 0 1 0 1 1 1 1 1 
17056 11 5735 0 1 1 1 1 1 0 1 0 1 1 
18056 11 5735 1 1 1 1 1 0 0 1 1 0 1 
19056 11 5735 1 1 0 1 0 1 1 1 1 1 0 
20056 11 5735 1 0 1 1 1 1 1 0 0 1 1 
21056 11 5735 1 1 1 1 1 0 1 1 0 1 0 
22056 11 5735 1 1 1 0 0 1 1 1 0 1 1 
23056 11 5735 1 1 1 0 1 1 1 0 0 1 1 
24056 11 5735 1 0 1 1 1 1 1 1 0 1 0 
25056 11 5735 1 0 1 1 1 0 1 1 1 1 0 
1057 11 5402 1 1 0 0 1 1 1 1 1 1 1 
2057 11 5402 1 0 1 0 1 1 1 1 1 1 1 
3057 11 5402 1 0 1 1 0 1 1 1 1 1 1 
4057 11 5402 1 1 1 0 0 1 1 1 1 1 1 
5057 11 5402 1 1 1 0 1 0 1 1 1 1 1 
6057 11 5402 1 1 1 1 0 0 1 1 1 1 1 
7057 11 5402 1 1 1 1 1 0 1 1 0 1 1 
8057 11 5402 1 1 0 1 1 0 1 1 1 1 1 
9057 11 5402 1 1 1 1 1 1 1 1 1 0 0 
10057 11 5402 1 1 1 1 1 1 1 0 0 1 1 
11057 11 5402 1 1 1 1 1 1 1 0 0 1 1 
12057 11 5402 1 1 0 1 1 1 0 1 1 1 1 
13057 11 5402 1 1 1 0 1 1 1 1 1 1 0 
14057 11 5402 1 1 1 1 1 1 1 0 1 1 0 
15057 11 5402 1 1 0 1 1 0 1 1 1 1 1 
16057 11 5402 0 1 1 1 1 1 1 0 1 1 1 
17057 11 5402 0 1 1 1 1 1 1 1 0 1 1 
18057 11 5402 1 1 1 1 0 0 1 1 1 1 1 
19057 11 5402 1 1 1 0 1 1 1 1 1 0 1 
20057 11 5402 1 1 1 0 1 1 1 1 1 1 0 
21057 11 5402 1 1 1 0 1 1 1 1 1 1 0 
22057 11 5402 1 1 1 1 0 1 1 1 1 0 1 
23057 11 5402 1 1 0 1 1 1 1 0 1 1 1 
24057 11 5402 1 0 1 1 0 1 1 1 1 1 1 
25057 11 5402 1 1 1 0 1 1 1 1 1 0 1 
1058 11 5565 1 1 1 1 1 1 1 1 0 1 0 
2058 11 5565 1 1 1 1 1 1 1 1 1 0 0 
3058 11 5565 1 1 1 1 1 1 1 1 1 0 0 
4058 11 5565 1 0 1 0 1 1 1 1 1 1 1 
5058 11 5565 1 1 1 0 1 1 1 1 1 1 0 
6058 11 5565 1 1 1 1 1 1 0 1 1 0 1 
7058 11 5565 0 1 1 1 1 1 1 1 1 1 0 
8058 11 5565 1 0 1 1 1 1 1 1 1 0 1 
9058 11 5565 0 1 0 1 1 1 1 1 1 1 1 
10058 11 5565 1 1 1 1 1 0 1 1 1 0 1 
11058 11 5565 0 1 1 1 1 1 1 0 1 1 1 
12058 11 5565 1 1 1 1 1 1 1 1 1 0 0 
13058 11 5565 1 1 1 0 1 1 0 1 1 1 1 
14058 11 5565 1 0 0 1 1 1 1 1 1 1 1 
15058 11 5565 1 0 1 1 0 1 1 1 1 1 1 
16058 11 5565 1 1 1 1 0 1 0 1 1 1 1 
17058 11 5565 0 1 1 1 1 1 1 1 1 0 1 
18058 11 5565 0 1 1 1 1 0 1 1 1 1 1 
19058 11 5565 0 1 1 1 1 1 1 1 0 1 1 
20058 11 5565 1 1 1 1 1 1 0 1 0 1 1 
21058 11 5565 1 1 1 1 1 1 0 1 1 0 1 
22058 11 5565 1 0 1 1 1 1 1 1 0 1 1 
23058 11 5565 0 1 1 0 1 1 1 1 1 1 1 
24058 11 5565 1 1 0 1 0 1 1 1 1 1 1 
25058 11 5565 0 1 1 1 1 1 1 1 1 1 0 
1059 11 5844 1 1 1 0 1 1 1 1 1 1 0 
2059 11 5844 1 1 0 1 1 0 1 1 1 1 1 
3059 11 5844 1 1 1 1 0 0 1 1 1 1 1 
4059 11 5844 0 1 1 1 1 1 1 1 1 0 1 
5059 11 5844 1 1 1 1 1 0 1 1 1 0 1 
6059 11 5844 1 1 1 1 0 1 1 1 1 1 0 
7059 11 5844 1 1 1 1 1 1 0 1 1 0 1 
8059 11 5844 0 1 1 1 1 1 0 1 1 1 1 
9059 11 5844 1 0 1 1 1 1 1 1 0 1 1 
10059 11 5844 1 1 1 1 1 1 0 1 1 0 1 
11059 11 5844 1 1 0 1 1 0 1 1 1 1 1 
12059 11 5844 1 0 1 1 1 1 1 0 1 1 1 
13059 11 5844 1 1 1 1 0 1 0 1 1 1 1 
14059 11 5844 1 1 1 1 1 0 1 1 0 1 1 
15059 11 5844 1 0 1 1 1 1 1 1 1 1 0 
16059 11 5844 1 1 1 1 1 1 1 1 0 0 1 
17059 11 5844 0 1 1 1 1 1 1 1 1 1 0 
18059 11 5844 1 1 1 1 1 1 0 1 0 1 1 
19059 11 5844 1 0 1 1 1 1 0 1 1 1 1 
20059 11 5844 0 1 1 1 1 1 1 1 1 1 0 
21059 11 5844 1 1 1 1 0 1 1 0 1 1 1 
22059 11 5844 1 1 0 1 1 1 1 1 1 0 1 
23059 11 5844 1 1 0 1 1 1 1 1 0 1 1 
24059 11 5844 1 1 0 0 1 1 1 1 1 1 1 
25059 11 5844 0 1 1 1 1 1 1 0 1 1 1 
1060 11 6151 1 1 0 1 1 1 1 1 1 1 1 
2060 11 6151 1 0 1 1 1 1 1 1 1 1 1 
3060 11 6151 1 1 1 0 1 1 1 1 1 1 1 
4060 11 6151 1 1 1 1 1 1 1 1 1 1 0 
5060 11 6151 1 1 1 1 1 1 0 1 1 1 1 
6060 11 6151 1 0 1 1 1 1 1 1 1 1 1 
7060 11 6151 1 1 1 1 1 1 1 1 1 0 1 
8060 11 6151 1 1 1 1 0 1 1 1 1 1 1 
9060 11 6151 1 0 1 1 1 1 1 1 1 1 1 
10060 11 6151 0 1 1 1 1 1 1 1 1 1 1 
11060 11 6151 1 1 1 1 1 1 0 1 1 1 1 
12060 11 6151 1 1 1 1 1 1 1 1 0 1 1 
13060 11 6151 1 1 1 1 1 1 1 1 0 1 1 
14060 11 6151 1 1 1 1 1 1 1 1 1 1 0 
15060 11 6151 1 1 1 1 1 1 0 1 1 1 1 
16060 11 6151 1 0 1 1 1 1 1 1 1 1 1 
17060 11 6151 1 1 1 1 1 1 0 1 1 1 1 
18060 11 6151 1 1 1 1 1 1 1 1 1 1 0 
19060 11 6151 1 1 1 1 1 1 1 1 1 0 1 
20060 11 6151 1 1 1 0 1 1 1 1 1 1 1 
21060 11 6151 1 1 1 1 1 0 1 1 1 1 1 
22060 11 6151 1 1 1 0 1 1 1 1 1 1 1 
23060 11 6151 1 1 1 1 1 1 1 1 0 1 1 
24060 11 6151 0 1 1 1 1 1 1 1 1 1 1 
25060 11 6151 1 1 1 1 1 1 1 1 1 0 1 
1061 11 5236 0 1 0 1 1 1 1 1 1 1 1 
2061 11 5236 1 1 1 0 1 0 1 1 1 1 1 
3061 11 5236 1 0 0 1 1 1 1 1 1 1 1 
4061 11 5236 0 1 1 1 1 1 1 1 1 1 0 
5061 11 5236 1 0 1 1 1 1 1 1 1 1 0 
6061 11 5236 1 1 1 1 1 0 1 0 1 1 1 
7061 11 5236 1 1 1 1 1 0 1 1 1 0 1 
8061 11 5236 1 0 1 1 1 1 1 1 1 1 0 
9061 11 5236 1 1 0 1 1 0 1 1 1 1 1 
10061 11 5236 0 1 1 1 1 1 1 1 1 1 0 
11061 11 5236 1 1 1 1 1 1 0 0 1 1 1 
12061 11 5236 1 1 0 1 1 1 1 1 1 0 1 
13061 11 5236 1 1 1 1 0 1 0 1 1 1 1 
14061 11 5236 1 1 1 0 1 0 1 1 1 1 1 
15061 11 5236 1 1 1 1 1 1 1 1 0 0 1 
16061 11 5236 1 1 0 1 1 1 1 1 1 1 0 
17061 11 5236 1 1 1 1 1 0 1 1 1 1 0 
18061 11 5236 1 0 1 1 1 1 1 0 1 1 1 
19061 11 5236 1 1 1 1 1 1 1 0 1 1 0 
20061 11 5236 1 1 1 0 0 1 1 1 1 1 1 
21061 11 5236 1 1 1 1 1 1 1 0 1 0 1 
22061 11 5236 1 1 0 1 1 1 1 0 1 1 1 
23061 11 5236 1 1 0 1 1 0 1 1 1 1 1 
24061 11 5236 1 1 0 1 1 1 1 1 1 1 0 
25061 11 5236 1 1 0 1 1 1 1 1 1 1 0 
1062 11 3836 1 1 1 1 1 1 0 1 1 0 1 
2062 11 3836 1 1 0 1 1 1 1 1 1 0 1 
3062 11 3836 0 1 1 1 1 1 1 0 1 1 1 
4062 11 3836 1 1 1 1 1 1 1 0 1 0 1 
5062 11 3836 1 1 1 1 1 1 1 0 0 1 1 
6062 11 3836 1 1 1 1 1 1 0 1 1 1 0 
7062 11 3836 1 1 1 1 1 1 1 0 0 1 1 
8062 11 3836 1 0 1 1 1 1 0 1 1 1 1 
9062 11 3836 1 1 1 0 1 1 0 1 1 1 1 
10062 11 3836 1 1 0 1 1 1 1 0 1 1 1 
11062 11 3836 1 1 1 1 1 1 0 1 1 1 0 
12062 11 3836 1 1 1 1 1 0 1 0 1 1 1 
13062 11 3836 1 1 1 1 1 1 0 1 0 1 1 
14062 11 3836 1 1 0 0 1 1 1 1 1 1 1 
15062 11 3836 1 1 1 1 1 1 1 1 0 0 1 
16062 11 3836 1 1 0 1 1 0 1 1 1 1 1 
17062 11 3836 1 1 1 1 1 1 1 1 1 0 0 
18062 11 3836 1 1 1 0 1 0 1 1 1 1 1 
19062 11 3836 1 1 0 1 1 1 1 1 0 1 1 
20062 11 3836 0 1 1 1 0 1 1 1 1 1 1 
21062 11 3836 0 1 1 1 1 1 1 1 1 0 1 
22062 11 3836 0 1 1 1 1 1 1 1 1 1 0 
23062 11 3836 0 1 1 1 1 1 1 1 1 1 0 
24062 11 3836 1 1 0 0 1 1 1 1 1 1 1 
25062 11 3836 1 1 1 1 0 1 1 0 1 1 1 
1063 11 5062 1 1 1 1 1 1 1 1 1 0 0 
2063 11 5062 0 1 1 1 1 1 1 1 1 1 0 
3063 11 5062 1 1 1 1 1 0 1 1 1 0 1 
4063 11 5062 0 1 1 1 1 1 1 1 1 1 0 
5063 11 5062 1 0 1 1 1 1 1 1 0 1 1 
6063 11 5062 1 1 1 1 1 1 0 1 1 0 1 
7063 11 5062 1 1 0 1 1 1 1 1 1 1 0 
8063 11 5062 1 1 1 1 0 1 1 1 1 1 0 
9063 11 5062 1 0 1 1 1 1 1 1 1 0 1 
10063 11 5062 0 1 1 1 1 1 1 0 1 1 1 
11063 11 5062 1 1 1 1 0 0 1 1 1 1 1 
12063 11 5062 1 1 1 1 0 0 1 1 1 1 1 
13063 11 5062 0 1 1 1 1 0 1 1 1 1 1 
14063 11 5062 1 1 1 1 1 0 1 1 0 1 1 
15063 11 5062 1 0 1 0 1 1 1 1 1 1 1 
16063 11 5062 0 1 1 1 1 1 1 1 1 0 1 
17063 11 5062 0 1 1 1 1 1 1 1 0 1 1 
18063 11 5062 1 1 0 1 1 1 1 1 1 0 1 
19063 11 5062 1 1 1 1 0 0 1 1 1 1 1 
20063 11 5062 1 1 1 1 1 1 1 1 1 0 0 
21063 11 5062 1 1 1 1 1 0 1 1 0 1 1 
22063 11 5062 1 1 1 1 1 0 1 1 1 1 0 
23063 11 5062 1 1 1 1 1 0 1 1 1 1 0 
24063 11 5062 0 0 1 1 1 1 1 1 1 1 1 
25063 11 5062 1 1 1 1 1 1 1 0 0 1 1 
1064 11 5800 0 0 1 1 1 1 1 1 1 1 1 
2064 11 5800 1 1 1 1 0 1 1 0 1 1 1 
3064 11 5800 1 0 1 1 1 0 1 1 1 1 1 
4064 11 5800 0 1 1 0 1 1 1 1 1 1 1 
5064 11 5800 1 1 1 1 1 0 0 1 1 1 1 
6064 11 5800 1 1 0 1 1 1 0 1 1 1 1 
7064 11 5800 1 0 1 0 1 1 1 1 1 1 1 
8064 11 5800 1 1 1 1 1 1 1 1 0 1 0 
9064 11 5800 1 0 1 1 1 1 1 0 1 1 1 
10064 11 5800 1 1 1 1 1 1 0 1 1 0 1 
11064 11 5800 1 1 1 1 1 1 0 0 1 1 1 
12064 11 5800 1 1 1 1 1 1 1 0 1 1 0 
13064 11 5800 1 1 1 0 1 0 1 1 1 1 1 
14064 11 5800 0 1 1 1 1 1 1 1 0 1 1 
15064 11 5800 1 0 0 1 1 1 1 1 1 1 1 
16064 11 5800 1 1 0 1 1 1 0 1 1 1 1 
17064 11 5800 0 1 0 1 1 1 1 1 1 1 1 
18064 11 5800 1 1 0 1 1 0 1 1 1 1 1 
19064 11 5800 1 0 1 1 1 1 1 0 1 1 1 
20064 11 5800 1 1 1 1 1 0 1 1 1 1 0 
21064 11 5800 1 1 0 1 1 1 1 1 1 1 0 
22064 11 5800 1 1 1 1 1 1 0 1 0 1 1 
23064 11 5800 1 1 1 1 1 1 1 0 0 1 1 
24064 11 5800 1 1 1 1 1 1 1 1 1 0 0 
25064 11 5800 1 1 1 1 1 1 1 0 1 0 1 
1065 11 4871 1 1 1 1 1 1 1 1 0 1 0 
2065 11 4871 0 0 1 1 1 1 1 1 1 1 1 
3065 11 4871 1 1 1 0 0 1 1 1 1 1 1 
4065 11 4871 0 1 1 1 1 1 0 1 1 1 1 
5065 11 4871 1 1 0 0 1 1 1 1 1 1 1 
6065 11 4871 1 0 1 0 1 1 1 1 1 1 1 
7065 11 4871 1 1 1 1 0 1 1 0 1 1 1 
8065 11 4871 0 1 1 1 1 1 0 1 1 1 1 
9065 11 4871 1 1 0 1 1 1 1 1 0 1 1 
10065 11 4871 1 1 1 0 1 0 1 1 1 1 1 
11065 11 4871 1 0 1 1 1 1 1 1 0 1 1 
12065 11 4871 0 1 1 1 1 1 0 1 1 1 1 
13065 11 4871 1 1 1 1 1 1 1 1 0 1 0 
14065 11 4871 1 0 1 1 1 0 1 1 1 1 1 
15065 11 4871 1 1 1 0 1 0 1 1 1 1 1 
16065 11 4871 1 1 1 1 1 1 1 1 0 1 0 
17065 11 4871 1 1 1 1 1 1 1 1 0 1 0 
18065 11 4871 1 1 1 0 0 1 1 1 1 1 1 
19065 11 4871 1 1 1 1 0 1 0 1 1 1 1 
20065 11 4871 1 0 1 1 1 1 1 1 1 0 1 
21065 11 4871 0 1 1 1 1 1 1 1 1 1 0 
22065 11 4871 1 1 1 1 0 1 1 1 0 1 1 
23065 11 4871 1 1 1 1 1 1 1 0 1 0 1 
24065 11 4871 0 1 1 1 1 1 0 1 1 1 1 
25065 11 4871 1 1 1 1 1 0 1 0 1 1 1 
1066 11 5222 1 1 1 1 0 0 1 1 1 1 1 
2066 11 5222 1 0 1 1 1 1 1 1 1 1 0 
3066 11 5222 1 1 0 0 1 1 1 1 1 1 1 
4066 11 5222 1 1 1 1 0 1 1 0 1 1 1 
5066 11 5222 1 0 1 1 1 1 1 0 1 1 1 
6066 11 5222 1 0 1 1 1 1 0 1 1 1 1 
7066 11 5222 1 1 1 1 0 1 1 1 1 0 1 
8066 11 5222 1 0 1 1 1 1 1 1 0 1 1 
9066 11 5222 1 1 1 1 0 1 1 1 1 0 1 
10066 11 5222 1 1 1 0 1 1 1 1 1 0 1 
11066 11 5222 1 1 0 1 1 1 1 1 1 0 1 
12066 11 5222 1 1 1 1 0 1 1 1 0 1 1 
13066 11 5222 1 1 0 1 0 1 1 1 1 1 1 
14066 11 5222 1 1 1 1 0 1 1 0 1 1 1 
15066 11 5222 1 1 1 0 1 1 1 1 1 0 1 
16066 11 5222 1 0 1 1 1 1 1 1 1 0 1 
17066 11 5222 1 1 0 1 1 1 1 1 1 1 0 
18066 11 5222 1 1 1 1 0 1 1 0 1 1 1 
19066 11 5222 1 1 1 1 1 0 1 1 0 1 1 
20066 11 5222 0 1 1 0 1 1 1 1 1 1 1 
21066 11 5222 0 1 1 1 1 1 1 0 1 1 1 
22066 11 5222 1 1 1 1 0 1 1 1 1 0 1 
23066 11 5222 1 1 0 1 1 1 1 1 0 1 1 
24066 11 5222 1 0 1 1 1 1 1 0 1 1 1 
25066 11 5222 1 1 0 0 1 1 1 1 1 1 1 
1067 11 6470 1 0 1 1 1 1 1 1 1 0 1 
2067 11 6470 1 1 1 1 1 1 0 1 0 1 1 
3067 11 6470 1 1 1 0 1 1 1 0 1 1 1 
4067 11 6470 1 1 1 1 1 0 1 1 0 1 1 
5067 11 6470 1 1 1 1 1 1 1 1 0 1 0 
6067 11 6470 0 1 1 1 0 1 1 1 1 1 1 
7067 11 6470 1 1 1 0 1 1 0 1 1 1 1 
8067 11 6470 1 1 1 1 1 1 1 0 0 1 1 
9067 11 6470 1 1 0 1 1 1 0 1 1 1 1 
10067 11 6470 1 1 1 0 1 1 1 1 1 1 0 
11067 11 6470 1 1 1 1 1 1 1 1 1 0 0 
12067 11 6470 1 1 1 0 0 1 1 1 1 1 1 
13067 11 6470 1 0 1 1 1 1 1 1 1 1 0 
14067 11 6470 1 0 1 1 1 1 0 1 1 1 1 
15067 11 6470 1 0 1 1 1 1 1 1 0 1 1 
16067 11 6470 1 1 1 1 1 1 0 1 1 1 0 
17067 11 6470 1 1 1 0 1 1 1 1 0 1 1 
18067 11 6470 1 1 1 1 1 0 0 1 1 1 1 
19067 11 6470 1 1 1 1 0 1 1 0 1 1 1 
20067 11 6470 0 1 1 1 1 0 1 1 1 1 1 
21067 11 6470 0 1 1 1 1 1 1 1 1 1 0 
22067 11 6470 1 1 0 1 1 1 1 1 1 0 1 
23067 11 6470 1 1 1 1 0 0 1 1 1 1 1 
24067 11 6470 1 1 1 0 1 0 1 1 1 1 1 
25067 11 6470 1 1 1 1 0 0 1 1 1 1 1 
1068 11 4946 1 1 1 0 1 1 1 0 0 1 1 
2068 11 4946 1 0 1 1 1 0 1 1 1 1 0 
3068 11 4946 0 0 1 1 1 1 1 1 1 0 1 
4068 11 4946 0 1 1 1 1 1 1 1 1 0 0 
5068 11 4946 1 1 1 1 1 1 0 0 1 0 1 
6068 11 4946 0 0 1 1 0 1 1 1 1 1 1 
7068 11 4946 1 1 0 0 0 1 1 1 1 1 1 
8068 11 4946 1 1 1 1 0 0 1 0 1 1 1 
9068 11 4946 1 1 1 0 0 0 1 1 1 1 1 
10068 11 4946 0 0 1 1 0 1 1 1 1 1 1 
11068 11 4946 1 1 1 0 0 0 1 1 1 1 1 
12068 11 4946 1 1 1 1 0 0 0 1 1 1 1 
13068 11 4946 1 0 1 0 0 1 1 1 1 1 1 
14068 11 4946 1 1 1 0 0 1 1 1 0 1 1 
15068 11 4946 1 1 0 0 1 1 1 1 0 1 1 
16068 11 4946 0 1 1 1 1 0 1 1 0 1 1 
17068 11 4946 0 1 1 0 1 1 1 1 1 0 1 
18068 11 4946 1 1 1 1 1 0 1 1 1 0 0 
19068 11 4946 0 0 1 0 1 1 1 1 1 1 1 
20068 11 4946 1 1 1 1 0 0 1 1 1 0 1 
21068 11 4946 0 1 1 1 1 0 1 1 0 1 1 
22068 11 4946 0 1 0 1 1 0 1 1 1 1 1 
23068 11 4946 1 1 0 0 1 1 1 1 1 0 1 
24068 11 4946 0 1 0 1 1 1 1 1 1 0 1 
25068 11 4946 1 1 1 1 1 1 0 0 1 1 0 
1069 11 4825 1 1 1 1 1 1 1 0 1 0 1 
2069 11 4825 1 1 0 1 1 1 1 1 1 0 1 
3069 11 4825 1 1 1 1 0 1 1 1 1 0 1 
4069 11 4825 1 1 1 0 1 0 1 1 1 1 1 
5069 11 4825 0 1 1 0 1 1 1 1 1 1 1 
6069 11 4825 1 1 1 1 1 1 1 0 1 0 1 
7069 11 4825 1 1 1 0 1 1 1 0 1 1 1 
8069 11 4825 1 1 0 1 1 1 1 1 0 1 1 
9069 11 4825 1 1 1 1 1 0 1 0 1 1 1 
10069 11 4825 1 0 1 1 0 1 1 1 1 1 1 
11069 11 4825 1 1 0 1 1 1 1 0 1 1 1 
12069 11 4825 1 1 1 0 1 1 1 0 1 1 1 
13069 11 4825 1 0 0 1 1 1 1 1 1 1 1 
14069 11 4825 1 1 1 1 0 1 1 1 1 0 1 
15069 11 4825 1 0 1 1 1 1 0 1 1 1 1 
16069 11 4825 1 1 1 1 1 1 0 1 1 0 1 
17069 11 4825 1 0 1 1 1 1 0 1 1 1 1 
18069 11 4825 1 1 1 0 1 1 1 1 0 1 1 
19069 11 4825 1 1 1 0 1 1 1 1 1 1 0 
20069 11 4825 1 0 1 1 1 0 1 1 1 1 1 
21069 11 4825 1 1 1 1 0 0 1 1 1 1 1 
22069 11 4825 1 1 1 1 1 0 1 0 1 1 1 
23069 11 4825 1 1 1 1 1 0 1 1 0 1 1 
24069 11 4825 1 1 0 1 0 1 1 1 1 1 1 
25069 11 4825 1 1 1 1 0 1 1 0 1 1 1 
1070 11 4816 1 1 1 0 1 1 1 0 1 1 1 
2070 11 4816 1 0 1 1 0 1 1 1 1 1 1 
3070 11 4816 1 1 0 0 1 1 1 1 1 1 1 
4070 11 4816 1 1 1 1 1 1 1 1 0 1 0 
5070 11 4816 1 1 1 0 0 1 1 1 1 1 1 
6070 11 4816 1 0 0 1 1 1 1 1 1 1 1 
7070 11 4816 1 0 0 1 1 1 1 1 1 1 1 
8070 11 4816 1 1 1 1 1 1 0 1 1 1 0 
9070 11 4816 1 1 0 1 1 1 0 1 1 1 1 
10070 11 4816 1 1 1 1 1 1 0 0 1 1 1 
11070 11 4816 1 1 1 1 0 1 1 1 0 1 1 
12070 11 4816 0 1 0 1 1 1 1 1 1 1 1 
13070 11 4816 0 1 1 0 1 1 1 1 1 1 1 
14070 11 4816 1 1 1 1 1 0 1 1 1 0 1 
15070 11 4816 1 1 1 1 1 1 1 0 0 1 1 
16070 11 4816 1 0 1 1 0 1 1 1 1 1 1 
17070 11 4816 1 0 1 1 1 1 0 1 1 1 1 
18070 11 4816 1 1 1 1 1 1 1 0 0 1 1 
19070 11 4816 1 1 0 1 1 1 0 1 1 1 1 
20070 11 4816 1 0 1 1 1 1 1 1 1 0 1 
21070 11 4816 1 1 1 1 1 0 0 1 1 1 1 
22070 11 4816 1 1 0 1 1 1 1 1 1 1 0 
23070 11 4816 1 1 0 1 1 1 1 1 1 0 1 
24070 11 4816 1 1 0 0 1 1 1 1 1 1 1 
25070 11 4816 1 0 1 1 0 1 1 1 1 1 1 
1071 11 4608 0 1 1 1 1 1 1 1 0 1 1 
2071 11 4608 1 1 1 1 0 1 1 1 1 0 1 
3071 11 4608 1 1 1 1 0 1 0 1 1 1 1 
4071 11 4608 1 1 1 0 1 1 1 0 1 1 1 
5071 11 4608 1 1 1 1 0 1 1 1 1 1 0 
6071 11 4608 1 1 1 1 1 1 0 1 0 1 1 
7071 11 4608 1 1 1 1 0 1 1 0 1 1 1 
8071 11 4608 1 1 1 1 0 1 1 1 0 1 1 
9071 11 4608 1 0 1 0 1 1 1 1 1 1 1 
10071 11 4608 1 1 1 0 1 1 1 1 1 0 1 
11071 11 4608 1 1 0 1 0 1 1 1 1 1 1 
12071 11 4608 1 1 1 1 1 1 1 1 0 1 0 
13071 11 4608 1 1 0 1 1 1 1 1 1 0 1 
14071 11 4608 1 1 1 0 1 1 1 0 1 1 1 
15071 11 4608 1 1 1 1 0 1 1 1 1 0 1 
16071 11 4608 0 1 1 1 1 0 1 1 1 1 1 
17071 11 4608 1 1 0 1 1 1 1 0 1 1 1 
18071 11 4608 1 1 1 0 1 1 1 1 1 1 0 
19071 11 4608 1 1 0 1 1 1 1 1 0 1 1 
20071 11 4608 1 1 1 1 1 1 1 1 1 0 0 
21071 11 4608 1 1 0 0 1 1 1 1 1 1 1 
22071 11 4608 1 1 0 1 1 1 1 0 1 1 1 
23071 11 4608 1 1 1 1 1 1 1 0 1 1 0 
24071 11 4608 0 0 1 1 1 1 1 1 1 1 1 
25071 11 4608 1 0 1 1 1 1 1 1 0 1 1 
1072 11 4377 1 1 1 1 1 1 1 1 0 0 1 
2072 11 4377 1 1 1 1 1 1 1 0 1 1 0 
3072 11 4377 1 1 1 0 1 1 0 1 1 1 1 
4072 11 4377 1 0 1 1 1 1 0 1 1 1 1 
5072 11 4377 1 1 1 1 0 1 0 1 1 1 1 
6072 11 4377 0 1 1 1 1 1 0 1 1 1 1 
7072 11 4377 1 0 1 0 1 1 1 1 1 1 1 
8072 11 4377 1 0 1 1 1 1 0 1 1 1 1 
9072 11 4377 0 1 1 1 0 1 1 1 1 1 1 
10072 11 4377 1 1 1 0 1 1 1 1 1 0 1 
11072 11 4377 1 1 0 1 1 1 1 1 1 1 0 
12072 11 4377 1 1 1 1 1 0 1 0 1 1 1 
13072 11 4377 1 1 1 1 0 1 1 1 0 1 1 
14072 11 4377 1 1 0 0 1 1 1 1 1 1 1 
15072 11 4377 1 1 1 1 0 1 1 1 0 1 1 
16072 11 4377 0 1 1 1 1 1 1 1 0 1 1 
17072 11 4377 1 1 1 1 1 0 0 1 1 1 1 
18072 11 4377 1 1 0 1 1 1 1 1 1 1 0 
19072 11 4377 1 1 1 1 1 1 1 0 1 0 1 
20072 11 4377 1 1 0 1 1 1 1 1 1 0 1 
21072 11 4377 1 1 1 1 0 1 0 1 1 1 1 
22072 11 4377 1 1 1 0 1 1 1 1 1 1 0 
23072 11 4377 1 0 1 0 1 1 1 1 1 1 1 
24072 11 4377 1 1 0 1 1 1 1 1 1 0 1 
25072 11 4377 1 1 1 0 1 1 0 1 1 1 1 
1073 11 4137 1 1 1 1 1 1 1 0 0 1 1 
2073 11 4137 1 1 0 1 1 1 1 0 1 1 1 
3073 11 4137 1 1 1 1 1 1 0 1 1 1 0 
4073 11 4137 0 1 1 1 1 1 1 1 1 0 1 
5073 11 4137 1 1 1 0 1 0 1 1 1 1 1 
6073 11 4137 1 1 1 0 1 0 1 1 1 1 1 
7073 11 4137 1 1 1 1 0 1 1 0 1 1 1 
8073 11 4137 0 1 0 1 1 1 1 1 1 1 1 
9073 11 4137 1 1 0 1 1 0 1 1 1 1 1 
10073 11 4137 1 1 1 1 1 1 1 1 0 0 1 
11073 11 4137 1 1 0 0 1 1 1 1 1 1 1 
12073 11 4137 1 1 1 0 1 1 1 1 1 1 0 
13073 11 4137 1 1 0 1 1 1 1 1 1 0 1 
14073 11 4137 1 1 0 1 1 1 1 1 0 1 1 
15073 11 4137 1 0 1 1 1 0 1 1 1 1 1 
16073 11 4137 1 1 1 0 1 1 1 1 1 1 0 
17073 11 4137 1 1 0 1 0 1 1 1 1 1 1 
18073 11 4137 1 1 1 0 1 1 1 1 0 1 1 
19073 11 4137 1 0 1 1 1 1 1 1 0 1 1 
20073 11 4137 0 0 1 1 1 1 1 1 1 1 1 
21073 11 4137 1 1 1 1 0 1 1 0 1 1 1 
22073 11 4137 1 1 1 1 0 1 0 1 1 1 1 
23073 11 4137 1 1 0 1 1 1 1 1 0 1 1 
24073 11 4137 0 1 1 1 1 0 1 1 1 1 1 
25073 11 4137 1 1 0 1 0 1 1 1 1 1 1 
1074 11 4624 1 1 0 1 1 1 1 1 1 0 1 
2074 11 4624 1 1 1 1 0 1 1 1 0 1 1 
3074 11 4624 1 1 1 0 1 1 1 1 1 1 0 
4074 11 4624 1 0 1 1 1 1 1 1 1 0 1 
5074 11 4624 0 1 1 1 0 1 1 1 1 1 1 
6074 11 4624 1 1 0 1 1 0 1 1 1 1 1 
7074 11 4624 1 1 1 1 1 1 1 0 1 1 0 
8074 11 4624 0 1 1 1 1 0 1 1 1 1 1 
9074 11 4624 0 0 1 1 1 1 1 1 1 1 1 
10074 11 4624 1 1 1 1 1 1 1 0 0 1 1 
11074 11 4624 1 0 1 0 1 1 1 1 1 1 1 
12074 11 4624 1 0 1 1 1 1 1 0 1 1 1 
13074 11 4624 1 1 1 0 1 0 1 1 1 1 1 
14074 11 4624 1 1 1 1 1 1 1 1 0 1 0 
15074 11 4624 0 1 0 1 1 1 1 1 1 1 1 
16074 11 4624 1 1 1 0 1 1 0 1 1 1 1 
17074 11 4624 1 1 1 1 1 1 0 1 0 1 1 
18074 11 4624 1 1 1 1 1 1 0 1 1 0 1 
19074 11 4624 1 0 1 1 0 1 1 1 1 1 1 
20074 11 4624 1 1 1 0 1 1 0 1 1 1 1 
21074 11 4624 1 1 1 1 1 0 0 1 1 1 1 
22074 11 4624 1 1 1 0 1 0 1 1 1 1 1 
23074 11 4624 1 1 1 0 0 1 1 1 1 1 1 
24074 11 4624 1 1 1 0 1 1 1 1 1 1 0 
25074 11 4624 1 1 1 1 1 1 0 1 0 1 1 
1075 11 4713 0 1 1 1 0 1 0 1 1 1 1 
2075 11 4713 1 1 1 1 1 1 0 1 1 0 0 
3075 11 4713 1 1 1 0 0 1 0 1 1 1 1 
4075 11 4713 1 0 0 1 1 1 1 1 1 0 1 
5075 11 4713 0 1 1 1 1 1 1 1 0 0 1 
6075 11 4713 1 1 1 1 0 1 1 1 0 1 0 
7075 11 4713 1 1 1 0 1 1 0 1 0 1 1 
8075 11 4713 1 1 0 1 1 1 0 0 1 1 1 
9075 11 4713 1 1 1 1 1 0 0 1 0 1 1 
10075 11 4713 1 1 0 1 1 1 0 1 1 0 1 
11075 11 4713 1 0 1 1 1 1 0 1 1 1 0 
12075 11 4713 1 1 1 0 1 1 0 1 1 1 0 
13075 11 4713 1 1 1 1 0 0 1 1 0 1 1 
14075 11 4713 1 1 0 1 0 1 1 1 1 1 0 
15075 11 4713 1 0 0 1 0 1 1 1 1 1 1 
16075 11 4713 1 1 1 1 1 0 1 0 1 0 1 
17075 11 4713 0 0 0 1 1 1 1 1 1 1 1 
18075 11 4713 1 0 1 0 1 1 1 1 0 1 1 
19075 11 4713 0 1 0 1 1 1 1 1 0 1 1 
20075 11 4713 1 0 1 1 0 0 1 1 1 1 1 
21075 11 4713 1 1 1 1 0 1 1 0 1 0 1 
22075 11 4713 1 1 1 1 0 1 1 1 0 1 0 
23075 11 4713 1 1 0 1 0 1 1 1 1 1 0 
24075 11 4713 1 0 0 1 1 1 1 1 0 1 1 
25075 11 4713 1 1 1 0 0 1 1 0 1 1 1 
1076 11 5526 1 1 1 0 1 1 1 1 0 1 1 
2076 11 5526 1 1 1 0 1 1 1 1 1 1 0 
3076 11 5526 1 1 1 0 1 1 1 1 1 1 0 
4076 11 5526 1 1 0 1 1 1 0 1 1 1 1 
5076 11 5526 1 1 0 0 1 1 1 1 1 1 1 
6076 11 5526 1 0 1 1 1 1 1 0 1 1 1 
7076 11 5526 1 1 1 1 0 1 1 1 1 1 0 
8076 11 5526 1 0 1 1 1 1 1 1 1 1 0 
9076 11 5526 1 1 1 1 1 1 0 1 1 0 1 
10076 11 5526 1 1 1 1 0 1 1 1 0 1 1 
11076 11 5526 1 1 1 1 1 1 1 1 0 1 0 
12076 11 5526 1 1 0 1 1 1 0 1 1 1 1 
13076 11 5526 1 0 1 1 1 1 1 0 1 1 1 
14076 11 5526 1 1 1 1 1 1 0 1 1 1 0 
15076 11 5526 1 1 0 1 1 0 1 1 1 1 1 
16076 11 5526 1 0 1 1 1 1 1 1 1 0 1 
17076 11 5526 1 1 1 0 1 1 1 1 1 1 0 
18076 11 5526 1 1 1 1 1 1 0 1 1 1 0 
19076 11 5526 0 1 0 1 1 1 1 1 1 1 1 
20076 11 5526 1 0 1 1 0 1 1 1 1 1 1 
21076 11 5526 1 1 0 1 1 1 1 0 1 1 1 
22076 11 5526 1 1 0 1 0 1 1 1 1 1 1 
23076 11 5526 0 1 1 1 0 1 1 1 1 1 1 
24076 11 5526 0 1 1 1 1 1 1 1 1 1 0 
25076 11 5526 1 1 1 1 0 1 1 1 1 1 0 
1077 11 5686 0 1 1 1 1 1 1 1 0 1 1 
2077 11 5686 1 1 0 1 1 1 1 0 1 1 1 
3077 11 5686 1 1 1 0 0 1 1 1 1 1 1 
4077 11 5686 1 1 1 1 1 0 1 0 1 1 1 
5077 11 5686 1 1 1 1 1 1 0 1 1 1 0 
6077 11 5686 1 1 1 1 0 1 1 1 0 1 1 
7077 11 5686 1 1 1 1 1 1 1 0 0 1 1 
8077 11 5686 1 1 0 1 1 1 1 1 1 0 1 
9077 11 5686 1 1 1 1 1 0 1 1 1 1 0 
10077 11 5686 1 1 0 1 1 1 1 1 1 1 0 
11077 11 5686 1 1 0 0 1 1 1 1 1 1 1 
12077 11 5686 1 1 1 0 1 1 1 1 1 1 0 
13077 11 5686 1 1 0 1 1 0 1 1 1 1 1 
14077 11 5686 1 0 1 1 0 1 1 1 1 1 1 
15077 11 5686 1 0 1 1 1 0 1 1 1 1 1 
16077 11 5686 1 1 1 1 0 0 1 1 1 1 1 
17077 11 5686 1 1 1 1 1 0 1 0 1 1 1 
18077 11 5686 0 1 1 1 1 1 1 1 0 1 1 
19077 11 5686 1 1 1 1 0 1 1 1 1 0 1 
20077 11 5686 1 1 1 1 1 0 1 1 1 1 0 
21077 11 5686 1 0 1 1 0 1 1 1 1 1 1 
22077 11 5686 1 1 1 0 0 1 1 1 1 1 1 
23077 11 5686 0 0 1 1 1 1 1 1 1 1 1 
24077 11 5686 1 1 1 1 0 1 1 1 1 0 1 
25077 11 5686 1 1 0 1 1 0 1 1 1 1 1 
1078 11 4194 1 1 0 1 1 1 1 1 1 0 1 
2078 11 4194 1 1 1 0 0 1 1 1 1 1 1 
3078 11 4194 1 1 1 1 1 0 1 1 1 1 0 
4078 11 4194 0 1 1 1 0 1 1 1 1 1 1 
5078 11 4194 1 1 1 1 1 1 1 0 1 0 1 
6078 11 4194 1 1 1 1 1 1 0 1 1 0 1 
7078 11 4194 1 1 0 1 1 1 1 1 1 0 1 
8078 11 4194 1 1 1 1 0 1 1 1 1 0 1 
9078 11 4194 1 1 1 0 1 0 1 1 1 1 1 
10078 11 4194 1 1 1 1 1 0 1 1 1 0 1 
11078 11 4194 1 1 1 1 1 1 0 1 1 1 0 
12078 11 4194 0 1 0 1 1 1 1 1 1 1 1 
13078 11 4194 1 1 1 1 1 0 1 1 1 1 0 
14078 11 4194 1 1 1 1 1 1 1 0 1 1 0 
15078 11 4194 1 0 1 1 1 1 0 1 1 1 1 
16078 11 4194 1 1 0 1 1 1 1 0 1 1 1 
17078 11 4194 1 1 1 1 1 1 1 1 0 0 1 
18078 11 4194 1 1 1 1 0 1 1 1 1 1 0 
19078 11 4194 1 1 0 1 0 1 1 1 1 1 1 
20078 11 4194 0 1 1 1 1 1 0 1 1 1 1 
21078 11 4194 1 1 1 1 1 0 1 1 1 0 1 
22078 11 4194 1 1 1 1 1 1 0 1 0 1 1 
23078 11 4194 1 1 0 1 1 1 1 1 0 1 1 
24078 11 4194 1 0 1 1 1 1 1 0 1 1 1 
25078 11 4194 0 1 1 1 1 1 1 1 0 1 1 
1079 11 6441 1 1 1 1 1 0 1 1 1 1 0 
2079 11 6441 1 1 1 0 1 1 1 1 1 1 0 
3079 11 6441 1 1 0 1 1 1 1 1 1 1 0 
4079 11 6441 0 1 0 1 1 1 1 1 1 1 1 
5079 11 6441 1 1 1 1 1 1 0 0 1 1 1 
6079 11 6441 1 1 1 0 1 1 0 1 1 1 1 
7079 11 6441 0 1 1 0 1 1 1 1 1 1 1 
8079 11 6441 1 1 1 1 1 0 1 0 1 1 1 
9079 11 6441 1 1 1 1 1 0 1 1 1 1 0 
10079 11 6441 1 1 1 1 1 1 1 1 0 1 0 
11079 11 6441 1 1 1 0 1 1 1 1 1 1 0 
12079 11 6441 1 1 1 1 1 1 0 1 1 0 1 
13079 11 6441 1 1 1 0 1 0 1 1 1 1 1 
14079 11 6441 1 0 1 1 1 1 1 0 1 1 1 
15079 11 6441 1 1 1 0 1 1 1 1 1 0 1 
16079 11 6441 1 0 1 0 1 1 1 1 1 1 1 
17079 11 6441 1 1 1 1 1 1 1 0 1 1 0 
18079 11 6441 0 1 1 1 1 1 1 1 1 1 0 
19079 11 6441 1 1 1 1 1 1 0 1 1 0 1 
20079 11 6441 0 1 1 1 1 1 1 1 0 1 1 
21079 11 6441 1 1 0 1 1 1 1 1 0 1 1 
22079 11 6441 1 1 1 1 1 1 0 1 0 1 1 
23079 11 6441 1 1 1 1 1 0 1 1 1 1 0 
24079 11 6441 1 1 1 0 1 1 1 0 1 1 1 
25079 11 6441 0 1 1 1 1 0 1 1 1 1 1 
1080 11 4098 1 1 0 1 1 0 1 1 1 1 1 
2080 11 4098 1 1 1 1 1 0 1 0 1 1 1 
3080 11 4098 0 1 1 1 1 1 1 0 1 1 1 
4080 11 4098 1 1 1 0 0 1 1 1 1 1 1 
5080 11 4098 1 1 1 1 0 1 0 1 1 1 1 
6080 11 4098 0 1 1 1 1 1 1 1 1 1 0 
7080 11 4098 1 1 1 1 0 1 1 1 0 1 1 
8080 11 4098 1 1 1 1 1 1 0 1 0 1 1 
9080 11 4098 1 1 1 1 1 0 1 1 1 0 1 
10080 11 4098 1 1 1 1 1 1 1 0 1 1 0 
11080 11 4098 0 1 0 1 1 1 1 1 1 1 1 
12080 11 4098 1 1 1 1 1 1 0 1 0 1 1 
13080 11 4098 1 1 1 1 0 1 1 1 1 1 0 
14080 11 4098 1 1 0 1 1 0 1 1 1 1 1 
15080 11 4098 1 1 1 1 1 1 1 1 0 1 0 
16080 11 4098 0 1 1 0 1 1 1 1 1 1 1 
17080 11 4098 1 1 1 1 1 1 0 1 0 1 1 
18080 11 4098 1 1 1 1 1 1 1 0 1 1 0 
19080 11 4098 0 1 1 1 1 1 0 1 1 1 1 
20080 11 4098 1 1 1 0 1 1 1 1 0 1 1 
21080 11 4098 1 1 0 1 0 1 1 1 1 1 1 
22080 11 4098 1 1 1 1 1 1 1 1 0 1 0 
23080 11 4098 1 1 1 1 0 1 1 1 1 0 1 
24080 11 4098 1 1 1 1 1 1 0 1 1 1 0 
25080 11 4098 1 1 1 1 1 1 0 1 0 1 1 
1081 11 4301 1 1 1 1 1 1 1 1 1 0 0 
2081 11 4301 1 1 1 1 1 1 0 1 1 1 0 
3081 11 4301 1 1 1 1 0 1 1 0 1 1 1 
4081 11 4301 0 1 1 1 0 1 1 1 1 1 1 
5081 11 4301 1 0 1 1 1 1 1 1 0 1 1 
6081 11 4301 1 1 0 1 0 1 1 1 1 1 1 
7081 11 4301 1 0 1 1 1 1 1 1 1 1 0 
8081 11 4301 1 1 0 1 1 1 1 1 1 1 0 
9081 11 4301 1 1 0 0 1 1 1 1 1 1 1 
10081 11 4301 1 1 1 1 1 1 1 0 0 1 1 
11081 11 4301 1 1 1 1 1 1 0 1 1 0 1 
12081 11 4301 1 1 1 1 1 0 1 0 1 1 1 
13081 11 4301 1 1 1 1 1 1 0 0 1 1 1 
14081 11 4301 0 1 1 1 1 0 1 1 1 1 1 
15081 11 4301 1 1 1 1 1 1 1 1 0 0 1 
16081 11 4301 1 1 1 0 1 1 1 1 0 1 1 
17081 11 4301 1 1 1 0 0 1 1 1 1 1 1 
18081 11 4301 1 1 1 1 1 1 1 1 0 0 1 
19081 11 4301 1 1 1 0 1 1 1 1 0 1 1 
20081 11 4301 1 0 1 1 0 1 1 1 1 1 1 
21081 11 4301 0 0 1 1 1 1 1 1 1 1 1 
22081 11 4301 1 0 1 1 1 1 0 1 1 1 1 
23081 11 4301 1 1 0 1 1 1 1 1 1 0 1 
24081 11 4301 1 1 1 0 1 1 0 1 1 1 1 
25081 11 4301 1 1 1 1 0 1 1 1 1 1 0 
1082 11 4654 0 1 1 1 1 1 1 0 1 0 1 
2082 11 4654 0 1 1 0 0 1 1 1 1 1 1 
3082 11 4654 1 1 1 1 0 0 1 1 1 1 0 
4082 11 4654 1 1 1 0 0 0 1 1 1 1 1 
5082 11 4654 1 1 0 1 0 1 1 1 1 1 0 
6082 11 4654 0 1 1 0 1 1 0 1 1 1 1 
7082 11 4654 1 1 0 1 0 0 1 1 1 1 1 
8082 11 4654 1 1 1 1 1 0 0 0 1 1 1 
9082 11 4654 1 1 0 1 1 0 1 0 1 1 1 
10082 11 4654 1 1 1 1 1 1 0 0 0 1 1 
11082 11 4654 1 1 0 0 1 1 1 1 1 0 1 
12082 11 4654 1 1 1 1 0 1 0 1 1 0 1 
13082 11 4654 0 1 1 0 1 1 1 1 0 1 1 
14082 11 4654 1 1 1 1 1 0 1 1 0 0 1 
15082 11 4654 1 0 1 1 1 1 0 1 1 1 0 
16082 11 4654 1 1 1 0 1 1 1 1 0 0 1 
17082 11 4654 1 1 1 1 1 1 1 1 0 0 0 
18082 11 4654 0 1 0 1 1 0 1 1 1 1 1 
19082 11 4654 1 1 0 1 1 1 1 1 0 0 1 
20082 11 4654 1 1 1 1 1 0 1 0 1 0 1 
21082 11 4654 1 1 1 1 1 1 0 1 0 1 0 
22082 11 4654 1 1 1 1 1 1 0 0 1 0 1 
23082 11 4654 0 1 0 0 1 1 1 1 1 1 1 
24082 11 4654 1 1 1 0 1 1 1 1 0 0 1 
25082 11 4654 0 1 1 1 1 0 1 1 1 0 1 
1083 11 3616 1 1 1 1 1 0 0 1 1 1 1 
2083 11 3616 1 0 1 1 1 1 0 1 1 1 1 
3083 11 3616 1 0 1 1 1 1 1 1 0 1 1 
4083 11 3616 0 1 1 1 0 1 1 1 1 1 1 
5083 11 3616 0 1 1 1 1 0 1 1 1 1 1 
6083 11 3616 1 1 1 0 1 1 1 1 1 0 1 
7083 11 3616 1 1 1 1 1 1 1 1 0 1 0 
8083 11 3616 1 1 0 1 1 1 1 1 1 1 0 
9083 11 3616 1 1 0 1 1 1 1 1 0 1 1 
10083 11 3616 1 0 1 1 1 1 0 1 1 1 1 
11083 11 3616 0 1 1 1 1 1 1 1 1 1 0 
12083 11 3616 0 1 1 1 1 1 0 1 1 1 1 
13083 11 3616 0 1 1 1 1 1 0 1 1 1 1 
14083 11 3616 1 1 1 1 1 1 1 1 0 0 1 
15083 11 3616 1 1 1 1 0 1 0 1 1 1 1 
16083 11 3616 1 1 1 1 1 0 0 1 1 1 1 
17083 11 3616 0 1 1 1 1 1 1 1 0 1 1 
18083 11 3616 1 1 1 0 1 1 0 1 1 1 1 
19083 11 3616 1 0 1 1 1 1 1 1 1 1 0 
20083 11 3616 1 1 1 0 1 1 1 1 1 0 1 
21083 11 3616 1 1 1 1 0 0 1 1 1 1 1 
22083 11 3616 0 1 0 1 1 1 1 1 1 1 1 
23083 11 3616 1 1 0 1 1 1 1 1 0 1 1 
24083 11 3616 0 1 1 1 1 0 1 1 1 1 1 
25083 11 3616 1 0 1 1 1 1 1 1 1 1 0 
1084 11 6684 0 0 1 1 1 1 1 1 1 1 1 
2084 11 6684 1 1 1 1 1 1 1 1 0 1 0 
3084 11 6684 0 1 1 1 1 1 1 0 1 1 1 
4084 11 6684 1 1 1 0 1 1 0 1 1 1 1 
5084 11 6684 1 0 1 1 1 1 1 1 0 1 1 
6084 11 6684 1 1 1 1 1 0 1 1 0 1 1 
7084 11 6684 1 1 1 1 1 1 0 1 1 1 0 
8084 11 6684 1 1 1 1 1 0 1 0 1 1 1 
9084 11 6684 1 1 1 1 1 1 0 1 0 1 1 
10084 11 6684 1 1 0 1 1 0 1 1 1 1 1 
11084 11 6684 0 0 1 1 1 1 1 1 1 1 1 
12084 11 6684 1 1 1 1 1 1 0 0 1 1 1 
13084 11 6684 1 1 1 1 1 1 0 0 1 1 1 
14084 11 6684 1 1 1 1 0 1 1 0 1 1 1 
15084 11 6684 1 1 1 1 1 1 1 0 1 0 1 
16084 11 6684 1 1 1 1 1 0 1 1 0 1 1 
17084 11 6684 1 1 1 0 1 0 1 1 1 1 1 
18084 11 6684 0 1 1 1 1 1 1 1 1 1 0 
19084 11 6684 1 1 1 0 0 1 1 1 1 1 1 
20084 11 6684 1 0 1 1 1 1 1 0 1 1 1 
21084 11 6684 1 0 1 1 1 0 1 1 1 1 1 
22084 11 6684 1 1 1 1 0 0 1 1 1 1 1 
23084 11 6684 1 1 1 1 1 0 0 1 1 1 1 
24084 11 6684 0 1 1 1 0 1 1 1 1 1 1 
25084 11 6684 0 1 0 1 1 1 1 1 1 1 1 
1085 11 4229 1 1 1 0 1 0 1 1 1 1 0 
2085 11 4229 1 1 1 1 0 1 1 0 1 1 0 
3085 11 4229 1 0 1 1 0 1 1 1 0 1 1 
4085 11 4229 1 1 1 1 1 1 0 0 1 1 0 
5085 11 4229 1 1 0 1 1 1 1 0 1 1 0 
6085 11 4229 1 1 1 1 0 1 0 1 1 0 1 
7085 11 4229 0 1 1 0 1 1 1 0 1 1 1 
8085 11 4229 1 0 0 1 1 1 0 1 1 1 1 
9085 11 4229 0 1 1 1 1 0 1 1 1 0 1 
10085 11 4229 1 1 1 1 1 0 1 0 0 1 1 
11085 11 4229 0 1 1 1 1 0 1 1 1 1 0 
12085 11 4229 1 1 1 1 0 1 1 1 0 0 1 
13085 11 4229 1 1 0 1 1 1 0 1 1 1 0 
14085 11 4229 0 1 1 1 1 1 1 1 1 0 0 
15085 11 4229 0 1 0 1 1 1 0 1 1 1 1 
16085 11 4229 1 1 1 0 1 0 1 1 0 1 1 
17085 11 4229 1 0 0 1 1 1 1 1 1 1 0 
18085 11 4229 1 1 1 0 0 1 1 1 1 0 1 
19085 11 4229 0 1 1 1 0 1 1 1 0 1 1 
20085 11 4229 1 1 0 1 0 1 0 1 1 1 1 
21085 11 4229 0 1 1 0 1 1 1 1 1 1 0 
22085 11 4229 1 0 0 1 1 1 1 1 0 1 1 
23085 11 4229 1 1 0 1 0 1 1 1 1 0 1 
24085 11 4229 1 1 0 1 0 0 1 1 1 1 1 
25085 11 4229 1 0 1 0 1 1 1 0 1 1 1 
1086 11 4059 1 1 1 0 1 0 1 1 1 1 1 
2086 11 4059 1 1 1 0 1 1 1 1 0 1 1 
3086 11 4059 1 0 1 1 1 1 1 0 1 1 1 
4086 11 4059 0 1 1 1 0 1 1 1 1 1 1 
5086 11 4059 1 0 1 1 1 1 0 1 1 1 1 
6086 11 4059 1 1 1 1 1 0 1 1 1 0 1 
7086 11 4059 1 1 1 1 1 0 1 1 1 1 0 
8086 11 4059 0 0 1 1 1 1 1 1 1 1 1 
9086 11 4059 1 1 1 1 0 0 1 1 1 1 1 
10086 11 4059 1 1 1 1 0 1 1 1 0 1 1 
11086 11 4059 1 1 1 1 1 0 0 1 1 1 1 
12086 11 4059 0 1 0 1 1 1 1 1 1 1 1 
13086 11 4059 1 1 0 1 1 1 0 1 1 1 1 
14086 11 4059 1 0 1 1 1 1 1 0 1 1 1 
15086 11 4059 1 1 0 1 1 1 1 1 1 1 0 
16086 11 4059 1 1 0 1 1 1 0 1 1 1 1 
17086 11 4059 1 1 1 1 1 1 1 0 1 1 0 
18086 11 4059 0 1 1 1 1 1 1 0 1 1 1 
19086 11 4059 1 0 1 0 1 1 1 1 1 1 1 
20086 11 4059 1 1 1 1 1 0 1 1 0 1 1 
21086 11 4059 1 1 1 0 1 1 1 1 1 1 0 
22086 11 4059 0 1 1 1 1 1 0 1 1 1 1 
23086 11 4059 1 1 1 0 1 1 0 1 1 1 1 
24086 11 4059 1 1 0 0 1 1 1 1 1 1 1 
25086 11 4059 0 1 1 1 1 1 0 1 1 1 1 
1087 11 3997 1 1 1 1 1 0 1 1 1 0 1 
2087 11 3997 0 1 1 1 1 0 1 1 1 1 1 
3087 11 3997 1 1 1 1 1 1 0 1 1 1 0 
4087 11 3997 1 0 1 1 1 1 1 1 1 0 1 
5087 11 3997 1 0 1 1 1 1 0 1 1 1 1 
6087 11 3997 1 1 1 1 1 1 1 1 0 0 1 
7087 11 3997 1 0 1 1 1 1 1 0 1 1 1 
8087 11 3997 0 1 1 1 0 1 1 1 1 1 1 
9087 11 3997 1 0 1 0 1 1 1 1 1 1 1 
10087 11 3997 1 0 1 1 1 1 1 1 1 0 1 
11087 11 3997 0 1 1 1 1 1 1 1 0 1 1 
12087 11 3997 0 1 1 1 0 1 1 1 1 1 1 
13087 11 3997 1 1 1 1 1 0 1 1 0 1 1 
14087 11 3997 0 1 1 0 1 1 1 1 1 1 1 
15087 11 3997 1 0 1 0 1 1 1 1 1 1 1 
16087 11 3997 1 1 1 1 1 0 1 0 1 1 1 
17087 11 3997 1 1 0 1 1 1 1 1 0 1 1 
18087 11 3997 0 1 1 1 1 1 1 0 1 1 1 
19087 11 3997 1 0 1 1 1 1 1 1 0 1 1 
20087 11 3997 1 1 0 1 1 1 1 1 1 0 1 
21087 11 3997 1 1 0 1 1 1 1 0 1 1 1 
22087 11 3997 1 1 1 1 1 0 1 0 1 1 1 
23087 11 3997 1 1 1 1 1 1 1 0 1 0 1 
24087 11 3997 1 0 1 1 1 0 1 1 1 1 1 
25087 11 3997 0 1 1 1 1 1 1 1 1 0 1 
1088 11 4706 1 1 0 1 1 1 1 1 0 1 0 
2088 11 4706 0 0 1 1 1 1 1 1 1 1 0 
3088 11 4706 1 1 1 0 0 1 1 0 1 1 1 
4088 11 4706 0 1 0 1 1 1 1 1 0 1 1 
5088 11 4706 1 1 0 0 1 1 1 1 1 1 0 
6088 11 4706 1 0 0 1 1 1 0 1 1 1 1 
7088 11 4706 0 1 0 1 1 1 1 1 1 1 0 
8088 11 4706 0 0 1 1 1 1 1 0 1 1 1 
9088 11 4706 1 1 1 0 1 0 1 0 1 1 1 
10088 11 4706 0 0 1 1 1 1 1 1 1 0 1 
11088 11 4706 1 0 1 1 1 1 0 0 1 1 1 
12088 11 4706 1 1 1 1 0 1 0 1 1 1 0 
13088 11 4706 1 0 1 1 0 1 1 1 1 1 0 
14088 11 4706 0 1 1 1 0 1 1 1 0 1 1 
15088 11 4706 1 0 1 1 1 0 1 1 1 0 1 
16088 11 4706 1 1 1 0 1 0 0 1 1 1 1 
17088 11 4706 1 0 1 0 1 0 1 1 1 1 1 
18088 11 4706 1 1 0 1 0 1 0 1 1 1 1 
19088 11 4706 1 1 1 0 1 1 1 0 0 1 1 
20088 11 4706 0 1 1 1 1 1 1 0 1 0 1 
21088 11 4706 1 1 1 1 1 0 0 1 1 1 0 
22088 11 4706 0 0 0 1 1 1 1 1 1 1 1 
23088 11 4706 0 1 1 1 0 1 1 1 1 1 0 
24088 11 4706 1 1 1 1 0 1 1 1 0 1 0 
25088 11 4706 1 1 1 1 0 0 1 1 0 1 1 
1089 11 3179 1 1 0 1 1 1 0 1 1 1 1 
2089 11 3179 1 0 1 1 0 1 1 1 1 1 1 
3089 11 3179 0 1 1 1 1 1 1 0 1 1 1 
4089 11 3179 1 1 1 1 1 1 1 1 0 0 1 
5089 11 3179 1 0 1 1 0 1 1 1 1 1 1 
6089 11 3179 1 1 0 1 1 1 1 1 1 0 1 
7089 11 3179 1 1 0 1 0 1 1 1 1 1 1 
8089 11 3179 1 1 0 1 1 1 1 1 1 1 0 
9089 11 3179 0 1 0 1 1 1 1 1 1 1 1 
10089 11 3179 1 1 0 1 1 1 0 1 1 1 1 
11089 11 3179 1 1 1 1 1 1 1 1 0 0 1 
12089 11 3179 1 1 1 1 0 1 1 0 1 1 1 
13089 11 3179 0 1 1 1 1 1 0 1 1 1 1 
14089 11 3179 1 1 1 1 1 1 1 1 0 1 0 
15089 11 3179 1 0 1 1 1 1 1 1 1 0 1 
16089 11 3179 0 1 1 1 1 1 1 1 1 1 0 
17089 11 3179 1 0 1 1 1 1 1 1 1 0 1 
18089 11 3179 1 1 1 1 1 0 1 1 0 1 1 
19089 11 3179 1 1 1 1 1 0 0 1 1 1 1 
20089 11 3179 1 1 1 1 0 1 1 1 1 0 1 
21089 11 3179 1 1 0 1 0 1 1 1 1 1 1 
22089 11 3179 1 1 0 1 1 1 1 1 1 1 0 
23089 11 3179 1 1 1 1 0 1 1 1 1 1 0 
24089 11 3179 1 1 1 1 1 1 1 0 0 1 1 
25089 11 3179 1 1 1 1 0 1 1 1 1 0 1 
1090 11 6548 1 1 1 1 1 1 1 1 0 1 0 
2090 11 6548 1 1 1 1 0 0 1 1 1 1 1 
3090 11 6548 1 1 1 1 0 1 0 1 1 1 1 
4090 11 6548 1 1 1 1 1 0 1 1 0 1 1 
5090 11 6548 1 1 1 0 1 1 1 0 1 1 1 
6090 11 6548 1 1 1 1 0 1 1 0 1 1 1 
7090 11 6548 1 0 1 1 1 1 0 1 1 1 1 
8090 11 6548 1 0 1 1 0 1 1 1 1 1 1 
9090 11 6548 1 1 0 1 1 1 1 1 1 1 0 
10090 11 6548 1 0 1 0 1 1 1 1 1 1 1 
11090 11 6548 1 1 1 1 1 1 0 0 1 1 1 
12090 11 6548 1 0 1 1 1 1 1 1 0 1 1 
13090 11 6548 1 1 0 1 1 1 1 1 0 1 1 
14090 11 6548 1 0 1 1 1 1 1 0 1 1 1 
15090 11 6548 0 1 1 1 1 1 1 1 1 1 0 
16090 11 6548 1 1 1 1 1 1 0 1 0 1 1 
17090 11 6548 1 1 0 1 1 1 1 0 1 1 1 
18090 11 6548 1 1 1 1 0 1 1 1 1 1 0 
19090 11 6548 1 1 0 1 1 1 0 1 1 1 1 
20090 11 6548 0 0 1 1 1 1 1 1 1 1 1 
21090 11 6548 1 1 1 1 1 1 1 1 0 1 0 
22090 11 6548 1 1 1 1 1 1 1 0 1 0 1 
23090 11 6548 0 1 1 1 1 1 1 1 0 1 1 
24090 11 6548 1 0 1 1 1 1 1 1 0 1 1 
25090 11 6548 1 1 1 1 1 0 1 1 1 0 1 
1091 11 6081 1 1 1 0 1 1 0 1 1 1 1 
2091 11 6081 1 0 1 1 1 1 1 0 1 1 1 
3091 11 6081 1 1 1 1 1 0 1 0 1 1 1 
4091 11 6081 1 1 1 1 1 0 1 1 1 0 1 
5091 11 6081 1 1 1 0 1 1 1 1 1 0 1 
6091 11 6081 1 1 1 1 1 1 1 0 1 0 1 
7091 11 6081 0 1 1 1 1 0 1 1 1 1 1 
8091 11 6081 0 0 1 1 1 1 1 1 1 1 1 
9091 11 6081 0 1 0 1 1 1 1 1 1 1 1 
10091 11 6081 1 0 1 1 0 1 1 1 1 1 1 
11091 11 6081 1 1 1 1 0 1 0 1 1 1 1 
12091 11 6081 1 1 1 1 1 1 1 1 1 0 0 
13091 11 6081 1 0 1 1 1 1 0 1 1 1 1 
14091 11 6081 1 0 1 1 1 1 1 1 1 1 0 
15091 11 6081 0 1 1 1 1 0 1 1 1 1 1 
16091 11 6081 1 1 1 0 1 1 0 1 1 1 1 
17091 11 6081 1 1 1 1 0 1 0 1 1 1 1 
18091 11 6081 0 1 0 1 1 1 1 1 1 1 1 
19091 11 6081 1 1 1 0 1 1 1 0 1 1 1 
20091 11 6081 0 1 1 1 1 0 1 1 1 1 1 
21091 11 6081 0 1 1 1 1 1 1 1 1 0 1 
22091 11 6081 1 0 0 1 1 1 1 1 1 1 1 
23091 11 6081 1 1 1 1 1 1 0 0 1 1 1 
24091 11 6081 1 1 1 1 1 1 0 1 0 1 1 
25091 11 6081 1 0 1 0 1 1 1 1 1 1 1 
1092 11 6380 1 1 1 1 0 1 1 1 1 1 0 
2092 11 6380 1 1 1 1 1 1 0 1 1 1 0 
3092 11 6380 1 1 0 1 0 1 1 1 1 1 1 
4092 11 6380 1 1 1 0 1 1 1 1 1 1 0 
5092 11 6380 1 1 1 0 1 1 1 1 1 0 1 
6092 11 6380 1 1 1 1 1 1 1 0 1 0 1 
7092 11 6380 1 1 1 1 0 1 0 1 1 1 1 
8092 11 6380 1 1 1 1 1 0 1 1 1 0 1 
9092 11 6380 1 0 1 1 1 1 1 0 1 1 1 
10092 11 6380 0 1 1 1 1 1 0 1 1 1 1 
11092 11 6380 1 1 1 1 0 1 1 0 1 1 1 
12092 11 6380 1 1 1 0 1 1 1 1 1 0 1 
13092 11 6380 1 1 1 1 1 0 1 1 1 1 0 
14092 11 6380 1 1 1 1 0 1 1 1 1 0 1 
15092 11 6380 1 1 1 1 1 1 1 1 0 1 0 
16092 11 6380 1 1 0 0 1 1 1 1 1 1 1 
17092 11 6380 1 1 0 1 1 0 1 1 1 1 1 
18092 11 6380 1 1 0 1 1 1 1 1 0 1 1 
19092 11 6380 1 1 1 1 1 0 1 1 1 1 0 
20092 11 6380 1 1 1 1 1 1 1 0 1 1 0 
21092 11 6380 1 1 1 1 1 0 1 0 1 1 1 
22092 11 6380 1 1 1 1 1 0 1 1 1 0 1 
23092 11 6380 1 1 1 1 1 0 1 1 1 1 0 
24092 11 6380 1 0 1 1 1 1 0 1 1 1 1 
25092 11 6380 1 1 1 1 1 1 1 1 0 0 1 
1093 11 5177 1 1 1 1 1 0 0 1 1 0 1 
2093 11 5177 1 1 1 1 1 1 1 1 0 0 0 
3093 11 5177 1 1 0 1 0 1 1 1 0 1 1 
4093 11 5177 1 1 1 1 1 1 0 1 0 1 0 
5093 11 5177 0 1 1 1 1 0 1 1 1 1 0 
6093 11 5177 1 1 1 1 1 0 1 1 1 0 0 
7093 11 5177 1 0 1 1 1 0 1 1 0 1 1 
8093 11 5177 1 1 1 1 0 1 0 1 1 1 0 
9093 11 5177 1 1 1 1 1 0 0 0 1 1 1 
10093 11 5177 1 1 0 0 0 1 1 1 1 1 1 
11093 11 5177 1 0 1 1 1 0 0 1 1 1 1 
12093 11 5177 0 1 1 1 1 0 1 1 0 1 1 
13093 11 5177 1 1 1 1 1 0 1 0 0 1 1 
14093 11 5177 0 0 1 1 1 0 1 1 1 1 1 
15093 11 5177 1 1 1 0 1 0 1 1 1 1 0 
16093 11 5177 1 1 1 0 1 1 1 0 1 1 0 
17093 11 5177 1 1 1 1 1 0 0 1 1 1 0 
18093 11 5177 0 1 1 1 1 1 1 1 0 0 1 
19093 11 5177 1 1 0 1 1 1 1 1 0 0 1 
20093 11 5177 1 1 0 1 0 1 1 1 0 1 1 
21093 11 5177 0 0 1 1 1 1 1 1 0 1 1 
22093 11 5177 0 1 1 1 0 0 1 1 1 1 1 
23093 11 5177 1 1 1 1 1 0 1 1 0 0 1 
24093 11 5177 1 1 1 1 1 1 0 1 1 0 0 
25093 11 5177 1 0 1 1 1 1 1 1 1 0 0 
1094 11 5353 1 0 1 0 1 1 1 1 0 1 1 
2094 11 5353 0 1 1 1 1 1 0 1 1 1 0 
3094 11 5353 1 0 0 1 1 0 1 1 1 1 1 
4094 11 5353 1 1 0 1 0 1 1 1 1 1 0 
5094 11 5353 1 0 0 1 1 1 1 1 0 1 1 
6094 11 5353 1 1 1 1 0 0 1 0 1 1 1 
7094 11 5353 0 1 1 0 1 1 1 0 1 1 1 
8094 11 5353 1 1 0 1 1 0 1 1 1 1 0 
9094 11 5353 1 0 1 1 1 1 1 1 1 0 0 
10094 11 5353 1 1 1 1 0 1 0 1 1 0 1 
11094 11 5353 0 1 1 0 1 1 0 1 1 1 1 
12094 11 5353 1 0 1 1 1 1 1 0 0 1 1 
13094 11 5353 1 1 0 1 1 1 1 1 0 0 1 
14094 11 5353 0 1 1 1 1 1 0 0 1 1 1 
15094 11 5353 0 1 0 1 1 0 1 1 1 1 1 
16094 11 5353 0 1 0 1 1 1 1 1 1 0 1 
17094 11 5353 0 1 1 1 1 1 1 0 1 0 1 
18094 11 5353 1 1 0 1 1 1 0 1 1 0 1 
19094 11 5353 1 1 0 0 1 1 1 1 1 0 1 
20094 11 5353 0 1 1 0 1 1 1 1 1 1 0 
21094 11 5353 1 0 1 1 0 0 1 1 1 1 1 
22094 11 5353 1 1 0 1 0 0 1 1 1 1 1 
23094 11 5353 1 1 1 0 1 1 0 1 0 1 1 
24094 11 5353 1 1 1 1 0 0 1 1 0 1 1 
25094 11 5353 0 1 1 0 0 1 1 1 1 1 1 
1095 11 5522 1 1 1 0 1 1 0 1 1 1 1 
2095 11 5522 0 1 0 1 1 1 1 1 1 1 1 
3095 11 5522 1 1 1 1 0 1 1 1 1 0 1 
4095 11 5522 1 1 1 0 0 1 1 1 1 1 1 
5095 11 5522 1 1 1 1 0 1 0 1 1 1 1 
6095 11 5522 1 1 1 1 1 1 0 0 1 1 1 
7095 11 5522 1 1 0 1 1 1 1 1 1 1 0 
8095 11 5522 0 1 1 1 1 1 1 1 0 1 1 
9095 11 5522 1 1 1 1 1 0 1 1 1 1 0 
10095 11 5522 1 0 1 1 1 1 1 1 0 1 1 
11095 11 5522 0 1 1 1 1 1 1 1 0 1 1 
12095 11 5522 1 1 1 1 1 1 1 0 1 1 0 
13095 11 5522 1 1 1 1 0 1 1 1 1 0 1 
14095 11 5522 1 1 1 0 1 1 1 1 1 1 0 
15095 11 5522 0 0 1 1 1 1 1 1 1 1 1 
16095 11 5522 1 1 0 1 1 0 1 1 1 1 1 
17095 11 5522 1 1 1 0 1 1 1 0 1 1 1 
18095 11 5522 1 1 1 1 1 0 1 1 0 1 1 
19095 11 5522 1 1 1 1 1 1 1 0 1 1 0 
20095 11 5522 0 1 1 0 1 1 1 1 1 1 1 
21095 11 5522 0 1 1 1 1 1 1 1 1 1 0 
22095 11 5522 1 1 0 1 1 1 1 1 1 1 0 
23095 11 5522 1 1 1 1 0 1 0 1 1 1 1 
24095 11 5522 1 1 1 1 0 1 1 1 0 1 1 
25095 11 5522 1 1 0 1 0 1 1 1 1 1 1 
1096 11 5406 1 1 1 0 1 0 1 1 1 1 1 
2096 11 5406 1 1 1 1 1 1 0 1 0 1 1 
3096 11 5406 1 1 1 1 0 1 1 1 0 1 1 
4096 11 5406 1 1 0 1 1 1 1 1 1 0 1 
5096 11 5406 1 1 1 1 0 1 0 1 1 1 1 
6096 11 5406 1 1 1 1 0 1 1 0 1 1 1 
7096 11 5406 1 1 1 0 0 1 1 1 1 1 1 
8096 11 5406 1 0 1 1 1 1 1 1 0 1 1 
9096 11 5406 1 1 0 1 0 1 1 1 1 1 1 
10096 11 5406 1 0 1 1 1 1 1 0 1 1 1 
11096 11 5406 1 0 1 1 1 1 1 1 1 1 0 
12096 11 5406 1 1 1 1 0 0 1 1 1 1 1 
13096 11 5406 1 0 1 1 1 1 0 1 1 1 1 
14096 11 5406 1 1 1 1 1 0 1 1 1 0 1 
15096 11 5406 1 1 1 0 1 1 1 1 1 0 1 
16096 11 5406 1 1 1 0 1 1 1 0 1 1 1 
17096 11 5406 1 0 1 1 0 1 1 1 1 1 1 
18096 11 5406 1 1 1 1 1 1 1 1 1 0 0 
19096 11 5406 1 0 1 1 1 1 1 1 0 1 1 
20096 11 5406 0 1 1 1 1 1 1 1 1 0 1 
21096 11 5406 1 1 1 1 1 1 0 1 1 0 1 
22096 11 5406 0 1 1 1 0 1 1 1 1 1 1 
23096 11 5406 0 1 1 1 1 1 1 1 0 1 1 
24096 11 5406 1 1 1 1 0 1 1 0 1 1 1 
25096 11 5406 1 1 1 0 1 1 1 1 0 1 1 
1097 11 4695 1 1 1 1 1 1 1 0 1 0 1 
2097 11 4695 0 1 0 1 1 1 1 1 1 1 1 
3097 11 4695 1 1 0 1 1 1 1 1 0 1 1 
4097 11 4695 0 1 1 1 1 1 1 0 1 1 1 
5097 11 4695 1 1 1 1 1 0 1 1 0 1 1 
6097 11 4695 1 1 0 1 1 1 1 0 1 1 1 
7097 11 4695 1 1 1 1 0 1 1 1 1 1 0 
8097 11 4695 1 1 0 1 0 1 1 1 1 1 1 
9097 11 4695 0 1 1 1 1 1 1 1 1 1 0 
10097 11 4695 1 1 1 1 1 1 0 1 1 1 0 
11097 11 4695 1 1 1 1 1 0 1 1 1 0 1 
12097 11 4695 0 1 1 1 1 0 1 1 1 1 1 
13097 11 4695 1 1 1 1 1 0 1 1 1 1 0 
14097 11 4695 1 1 1 1 1 0 1 0 1 1 1 
15097 11 4695 1 1 1 0 0 1 1 1 1 1 1 
16097 11 4695 1 1 0 1 1 1 1 0 1 1 1 
17097 11 4695 0 1 1 1 0 1 1 1 1 1 1 
18097 11 4695 1 1 1 0 1 1 1 1 1 1 0 
19097 11 4695 1 0 0 1 1 1 1 1 1 1 1 
20097 11 4695 1 1 0 1 0 1 1 1 1 1 1 
21097 11 4695 1 1 0 1 0 1 1 1 1 1 1 
22097 11 4695 1 1 1 0 1 0 1 1 1 1 1 
23097 11 4695 1 1 0 0 1 1 1 1 1 1 1 
24097 11 4695 0 1 1 1 1 1 1 1 1 0 1 
25097 11 4695 1 1 0 1 1 1 1 1 1 0 1 
1098 11 5417 0 1 1 1 1 0 1 1 1 1 0 
2098 11 5417 1 0 1 1 0 0 1 1 1 1 1 
3098 11 5417 1 0 0 1 1 0 1 1 1 1 1 
4098 11 5417 1 1 1 0 1 1 0 1 1 1 0 
5098 11 5417 1 1 0 0 1 1 1 1 1 0 1 
6098 11 5417 1 0 1 0 1 1 1 1 0 1 1 
7098 11 5417 1 1 1 0 1 1 0 0 1 1 1 
8098 11 5417 1 0 1 1 1 1 1 1 1 0 0 
9098 11 5417 1 1 1 1 0 1 0 1 1 1 0 
10098 11 5417 1 1 1 0 1 1 0 1 1 0 1 
11098 11 5417 0 1 1 1 0 1 1 1 1 1 0 
12098 11 5417 1 1 1 1 1 1 0 1 1 0 0 
13098 11 5417 1 1 0 1 0 0 1 1 1 1 1 
14098 11 5417 1 0 1 1 0 1 0 1 1 1 1 
15098 11 5417 1 0 1 0 1 1 1 0 1 1 1 
16098 11 5417 1 0 1 0 1 0 1 1 1 1 1 
17098 11 5417 0 1 1 1 1 1 1 1 0 1 0 
18098 11 5417 0 1 0 1 1 1 1 1 1 0 1 
19098 11 5417 0 1 1 1 1 1 0 1 0 1 1 
20098 11 5417 1 1 1 1 0 0 1 1 1 1 0 
21098 11 5417 0 1 1 1 1 0 1 0 1 1 1 
22098 11 5417 0 1 1 1 0 0 1 1 1 1 1 
23098 11 5417 1 1 1 1 1 1 0 0 1 1 0 
24098 11 5417 1 0 1 1 1 1 0 1 1 1 0 
25098 11 5417 0 1 1 0 1 0 1 1 1 1 1 
1099 11 5001 1 1 1 0 1 1 1 1 0 1 1 
2099 11 5001 1 1 1 1 1 0 1 1 1 1 0 
3099 11 5001 1 1 1 1 1 1 1 1 0 1 0 
4099 11 5001 1 1 1 1 0 1 1 0 1 1 1 
5099 11 5001 1 1 0 1 1 1 0 1 1 1 1 
6099 11 5001 0 1 1 1 1 1 0 1 1 1 1 
7099 11 5001 1 1 1 1 0 1 1 1 1 1 0 
8099 11 5001 1 1 1 1 1 1 0 1 1 1 0 
9099 11 5001 1 1 1 1 0 1 1 1 1 0 1 
10099 11 5001 1 1 0 1 1 1 1 0 1 1 1 
11099 11 5001 1 1 1 0 1 1 0 1 1 1 1 
12099 11 5001 1 1 0 0 1 1 1 1 1 1 1 
13099 11 5001 1 1 1 1 1 0 1 0 1 1 1 
14099 11 5001 1 1 1 0 1 1 1 1 1 0 1 
15099 11 5001 1 1 1 1 1 0 1 1 1 0 1 
16099 11 5001 0 1 1 1 1 1 1 1 1 0 1 
17099 11 5001 0 1 1 1 1 1 0 1 1 1 1 
18099 11 5001 1 1 1 1 1 1 1 0 0 1 1 
19099 11 5001 0 1 1 1 1 1 1 1 1 0 1 
20099 11 5001 1 1 1 1 1 0 1 1 1 0 1 
21099 11 5001 1 1 1 1 1 1 0 1 0 1 1 
22099 11 5001 1 1 1 0 1 1 1 0 1 1 1 
23099 11 5001 0 0 1 1 1 1 1 1 1 1 1 
24099 11 5001 1 1 0 1 1 1 1 1 1 1 0 
25099 11 5001 1 1 1 1 0 1 0 1 1 1 1 
1100 11 2751 1 1 0 0 1 1 1 1 1 1 0 
2100 11 2751 1 1 0 1 1 1 1 1 0 1 0 
3100 11 2751 0 1 0 1 1 1 0 1 1 1 1 
4100 11 2751 1 0 0 1 1 1 1 1 0 1 1 
5100 11 2751 1 0 1 1 1 1 1 0 0 1 1 
6100 11 2751 1 0 1 0 1 1 1 1 1 1 0 
7100 11 2751 1 0 1 1 1 1 0 1 1 0 1 
8100 11 2751 1 1 1 1 0 0 0 1 1 1 1 
9100 11 2751 0 1 1 0 1 0 1 1 1 1 1 
10100 11 2751 1 0 0 1 1 1 1 1 1 1 0 
11100 11 2751 1 0 1 0 1 1 1 1 0 1 1 
12100 11 2751 1 0 0 1 1 1 1 1 1 1 0 
13100 11 2751 1 0 1 1 1 1 0 1 1 0 1 
14100 11 2751 0 1 1 1 1 0 1 1 1 1 0 
15100 11 2751 1 1 1 1 0 0 0 1 1 1 1 
16100 11 2751 0 1 0 1 1 1 1 1 0 1 1 
17100 11 2751 1 1 1 0 0 1 1 1 0 1 1 
18100 11 2751 0 0 1 1 0 1 1 1 1 1 1 
19100 11 2751 0 1 1 1 1 1 0 1 0 1 1 
20100 11 2751 0 1 1 1 1 1 0 0 1 1 1 
21100 11 2751 0 1 1 1 0 1 1 1 1 1 0 
22100 11 2751 1 1 1 0 0 0 1 1 1 1 1 
23100 11 2751 1 1 1 1 1 0 1 1 0 0 1 
24100 11 2751 1 1 1 0 1 1 1 0 1 0 1 
25100 11 2751 1 1 1 1 1 0 0 0 1 1 1 
