1001 4128 -1 11 -1 0.000049
2001 4128 -1 11 -1 0.000051
3001 4128 -1 11 -1 0.000027
4001 4128 -1 11 -1 0.000025
5001 4128 -1 11 -1 0.000024
6001 4128 -1 11 -1 0.000024
7001 4128 -1 11 -1 0.000024
8001 4128 -1 11 -1 0.000023
9001 4128 -1 11 -1 0.000021
10001 4128 -1 11 -1 0.000024
11001 4128 -1 11 -1 0.000025
12001 4128 -1 11 -1 0.000025
13001 4128 -1 11 -1 0.000025
14001 4128 -1 11 -1 0.000022
15001 4128 -1 11 -1 0.000025
16001 4128 -1 11 -1 0.000021
17001 4128 -1 11 -1 0.000024
18001 4128 -1 11 -1 0.000026
19001 4128 -1 11 -1 0.000026
20001 4128 -1 11 -1 0.000024
21001 4128 -1 11 -1 0.000024
22001 4128 -1 11 -1 0.000023
23001 4128 -1 11 -1 0.000020
24001 4128 -1 11 -1 0.000023
25001 4128 -1 11 -1 0.000025
1002 5278 -1 11 -1 0.000024
2002 5278 -1 11 -1 0.000020
3002 5278 -1 11 -1 0.000024
4002 5278 -1 11 -1 0.000025
5002 5278 -1 11 -1 0.000021
6002 5278 -1 11 -1 0.000021
7002 5278 -1 11 -1 0.000021
8002 5278 -1 11 -1 0.000024
9002 5278 -1 11 -1 0.000024
10002 5278 -1 11 -1 0.000025
11002 5278 -1 11 -1 0.000025
12002 5278 -1 11 -1 0.000025
13002 5278 -1 11 -1 0.000020
14002 5278 -1 11 -1 0.000024
15002 5278 -1 11 -1 0.000020
16002 5278 -1 11 -1 0.000021
17002 5278 -1 11 -1 0.000025
18002 5278 -1 11 -1 0.000025
19002 5278 -1 11 -1 0.000021
20002 5278 -1 11 -1 0.000024
21002 5278 -1 11 -1 0.000020
22002 5278 -1 11 -1 0.000023
23002 5278 -1 11 -1 0.000025
24002 5278 -1 11 -1 0.000026
25002 5278 -1 11 -1 0.000022
1003 4301 -1 11 -1 0.000021
2003 4301 -1 11 -1 0.000025
3003 4301 -1 11 -1 0.000025
4003 4301 -1 11 -1 0.000025
5003 4301 -1 11 -1 0.000025
6003 4301 -1 11 -1 0.000024
7003 4301 -1 11 -1 0.000020
8003 4301 -1 11 -1 0.000023
9003 4301 -1 11 -1 0.000020
10003 4301 -1 11 -1 0.000020
11003 4301 -1 11 -1 0.000025
12003 4301 -1 11 -1 0.000025
13003 4301 -1 11 -1 0.000022
14003 4301 -1 11 -1 0.000023
15003 4301 -1 11 -1 0.000027
16003 4301 -1 11 -1 0.000028
17003 4301 -1 11 -1 0.000021
18003 4301 -1 11 -1 0.000020
19003 4301 -1 11 -1 0.000020
20003 4301 -1 11 -1 0.000020
21003 4301 -1 11 -1 0.000020
22003 4301 -1 11 -1 0.000029
23003 4301 -1 11 -1 0.000021
24003 4301 -1 11 -1 0.000025
25003 4301 -1 11 -1 0.000020
1004 5607 -1 11 -1 0.000023
2004 5607 -1 11 -1 0.000026
3004 5607 -1 11 -1 0.000026
4004 5607 -1 11 -1 0.000022
5004 5607 -1 11 -1 0.000020
6004 5607 -1 11 -1 0.000022
7004 5607 -1 11 -1 0.000021
8004 5607 -1 11 -1 0.000029
9004 5607 -1 11 -1 0.000024
10004 5607 -1 11 -1 0.000024
11004 5607 -1 11 -1 0.000027
12004 5607 -1 11 -1 0.000021
13004 5607 -1 11 -1 0.000021
14004 5607 -1 11 -1 0.000020
15004 5607 -1 11 -1 0.000024
16004 5607 -1 11 -1 0.000025
17004 5607 -1 11 -1 0.000025
18004 5607 -1 11 -1 0.000021
19004 5607 -1 11 -1 0.000020
20004 5607 -1 11 -1 0.000024
21004 5607 -1 11 -1 0.000025
22004 5607 -1 11 -1 0.000020
23004 5607 -1 11 -1 0.000020
24004 5607 -1 11 -1 0.000024
25004 5607 -1 11 -1 0.000026
1005 4857 -1 10 -1 0.000020
2005 4857 -1 10 -1 0.000024
3005 4857 -1 10 -1 0.000024
4005 4857 -1 10 -1 0.000024
5005 4857 -1 10 -1 0.000024
6005 4857 -1 10 -1 0.000023
7005 4857 -1 10 -1 0.000020
8005 4857 -1 10 -1 0.000021
9005 4857 -1 10 -1 0.000021
10005 4857 -1 10 -1 0.000022
11005 4857 -1 10 -1 0.000024
12005 4857 -1 10 -1 0.000020
13005 4857 -1 10 -1 0.000024
14005 4857 -1 10 -1 0.000021
15005 4857 -1 10 -1 0.000024
16005 4857 -1 10 -1 0.000025
17005 4857 -1 10 -1 0.000026
18005 4857 -1 10 -1 0.000025
19005 4857 -1 10 -1 0.000027
20005 4857 -1 10 -1 0.000039
21005 4857 -1 10 -1 0.000050
22005 4857 -1 10 -1 0.000026
23005 4857 -1 10 -1 0.000024
24005 4857 -1 10 -1 0.000024
25005 4857 -1 10 -1 0.000024
1006 5553 -1 11 -1 0.000025
2006 5553 -1 11 -1 0.000029
3006 5553 -1 11 -1 0.000024
4006 5553 -1 11 -1 0.000024
5006 5553 -1 11 -1 0.000021
6006 5553 -1 11 -1 0.000020
7006 5553 -1 11 -1 0.000025
8006 5553 -1 11 -1 0.000025
9006 5553 -1 11 -1 0.000020
10006 5553 -1 11 -1 0.000024
11006 5553 -1 11 -1 0.000025
12006 5553 -1 11 -1 0.000025
13006 5553 -1 11 -1 0.000020
14006 5553 -1 11 -1 0.000021
15006 5553 -1 11 -1 0.000021
16006 5553 -1 11 -1 0.000022
17006 5553 -1 11 -1 0.000025
18006 5553 -1 11 -1 0.000025
19006 5553 -1 11 -1 0.000025
20006 5553 -1 11 -1 0.000025
21006 5553 -1 11 -1 0.000025
22006 5553 -1 11 -1 0.000024
23006 5553 -1 11 -1 0.000032
24006 5553 -1 11 -1 0.000024
25006 5553 -1 11 -1 0.000025
1007 4702 -1 11 -1 0.000025
2007 4702 -1 11 -1 0.000021
3007 4702 -1 11 -1 0.000024
4007 4702 -1 11 -1 0.000020
5007 4702 -1 11 -1 0.000020
6007 4702 -1 11 -1 0.000020
7007 4702 -1 11 -1 0.000025
8007 4702 -1 11 -1 0.000024
9007 4702 -1 11 -1 0.000025
10007 4702 -1 11 -1 0.000024
11007 4702 -1 11 -1 0.000022
12007 4702 -1 11 -1 0.000021
13007 4702 -1 11 -1 0.000024
14007 4702 -1 11 -1 0.000024
15007 4702 -1 11 -1 0.000029
16007 4702 -1 11 -1 0.000025
17007 4702 -1 11 -1 0.000025
18007 4702 -1 11 -1 0.000023
19007 4702 -1 11 -1 0.000025
20007 4702 -1 11 -1 0.000025
21007 4702 -1 11 -1 0.000024
22007 4702 -1 11 -1 0.000021
23007 4702 -1 11 -1 0.000020
24007 4702 -1 11 -1 0.000024
25007 4702 -1 11 -1 0.000024
1008 5991 -1 11 -1 0.000026
2008 5991 -1 11 -1 0.000024
3008 5991 -1 11 -1 0.000025
4008 5991 -1 11 -1 0.000021
5008 5991 -1 11 -1 0.000023
6008 5991 -1 11 -1 0.000025
7008 5991 -1 11 -1 0.000032
8008 5991 -1 11 -1 0.000021
9008 5991 -1 11 -1 0.000024
10008 5991 -1 11 -1 0.000024
11008 5991 -1 11 -1 0.000020
12008 5991 -1 11 -1 0.000020
13008 5991 -1 11 -1 0.000020
14008 5991 -1 11 -1 0.000024
15008 5991 -1 11 -1 0.000025
16008 5991 -1 11 -1 0.000025
17008 5991 -1 11 -1 0.000025
18008 5991 -1 11 -1 0.000025
19008 5991 -1 11 -1 0.000025
20008 5991 -1 11 -1 0.000024
21008 5991 -1 11 -1 0.000024
22008 5991 -1 11 -1 0.000025
23008 5991 -1 11 -1 0.000020
24008 5991 -1 11 -1 0.000023
25008 5991 -1 11 -1 0.000024
1009 6016 -1 11 -1 0.000025
2009 6016 -1 11 -1 0.000020
3009 6016 -1 11 -1 0.000023
4009 6016 -1 11 -1 0.000025
5009 6016 -1 11 -1 0.000021
6009 6016 -1 11 -1 0.000020
7009 6016 -1 11 -1 0.000020
8009 6016 -1 11 -1 0.000021
9009 6016 -1 11 -1 0.000020
10009 6016 -1 11 -1 0.000022
11009 6016 -1 11 -1 0.000024
12009 6016 -1 11 -1 0.000024
13009 6016 -1 11 -1 0.000022
14009 6016 -1 11 -1 0.000020
15009 6016 -1 11 -1 0.000020
16009 6016 -1 11 -1 0.000028
17009 6016 -1 11 -1 0.000024
18009 6016 -1 11 -1 0.000020
19009 6016 -1 11 -1 0.000024
20009 6016 -1 11 -1 0.000024
21009 6016 -1 11 -1 0.000021
22009 6016 -1 11 -1 0.000024
23009 6016 -1 11 -1 0.000020
24009 6016 -1 11 -1 0.000024
25009 6016 -1 11 -1 0.000023
1010 6409 -1 11 -1 0.000020
2010 6409 -1 11 -1 0.000020
3010 6409 -1 11 -1 0.000020
4010 6409 -1 11 -1 0.000019
5010 6409 -1 11 -1 0.000020
6010 6409 -1 11 -1 0.000024
7010 6409 -1 11 -1 0.000020
8010 6409 -1 11 -1 0.000020
9010 6409 -1 11 -1 0.000019
10010 6409 -1 11 -1 0.000024
11010 6409 -1 11 -1 0.000020
12010 6409 -1 11 -1 0.000020
13010 6409 -1 11 -1 0.000019
14010 6409 -1 11 -1 0.000019
15010 6409 -1 11 -1 0.000023
16010 6409 -1 11 -1 0.000020
17010 6409 -1 11 -1 0.000019
18010 6409 -1 11 -1 0.000020
19010 6409 -1 11 -1 0.000019
20010 6409 -1 11 -1 0.000020
21010 6409 -1 11 -1 0.000020
22010 6409 -1 11 -1 0.000020
23010 6409 -1 11 -1 0.000020
24010 6409 -1 11 -1 0.000020
25010 6409 -1 11 -1 0.000019
1011 4886 -1 10 -1 0.000019
2011 4886 -1 10 -1 0.000019
3011 4886 -1 10 -1 0.000019
4011 4886 -1 10 -1 0.000020
5011 4886 -1 10 -1 0.000021
6011 4886 -1 10 -1 0.000019
7011 4886 -1 10 -1 0.000024
8011 4886 -1 10 -1 0.000040
9011 4886 -1 10 -1 0.000026
10011 4886 -1 10 -1 0.000025
11011 4886 -1 10 -1 0.000020
12011 4886 -1 10 -1 0.000061
13011 4886 -1 10 -1 0.000043
14011 4886 -1 10 -1 0.000031
15011 4886 -1 10 -1 0.000061
16011 4886 -1 10 -1 0.000033
17011 4886 -1 10 -1 0.000034
18011 4886 -1 10 -1 0.000034
19011 4886 -1 10 -1 0.000034
20011 4886 -1 10 -1 0.000034
21011 4886 -1 10 -1 0.000033
22011 4886 -1 10 -1 0.000035
23011 4886 -1 10 -1 0.000035
24011 4886 -1 10 -1 0.000034
25011 4886 -1 10 -1 0.000034
1012 4928 -1 10 -1 0.000031
2012 4928 -1 10 -1 0.000031
3012 4928 -1 10 -1 0.000028
4012 4928 -1 10 -1 0.000025
5012 4928 -1 10 -1 0.000026
6012 4928 -1 10 -1 0.000020
7012 4928 -1 10 -1 0.000021
8012 4928 -1 10 -1 0.000020
9012 4928 -1 10 -1 0.000024
10012 4928 -1 10 -1 0.000025
11012 4928 -1 10 -1 0.000020
12012 4928 -1 10 -1 0.000024
13012 4928 -1 10 -1 0.000024
14012 4928 -1 10 -1 0.000024
15012 4928 -1 10 -1 0.000024
16012 4928 -1 10 -1 0.000020
17012 4928 -1 10 -1 0.000024
18012 4928 -1 10 -1 0.000020
19012 4928 -1 10 -1 0.000023
20012 4928 -1 10 -1 0.000025
21012 4928 -1 10 -1 0.000025
22012 4928 -1 10 -1 0.000023
23012 4928 -1 10 -1 0.000021
24012 4928 -1 10 -1 0.000025
25012 4928 -1 10 -1 0.000024
1013 5967 -1 11 -1 0.000025
2013 5967 -1 11 -1 0.000022
3013 5967 -1 11 -1 0.000020
4013 5967 -1 11 -1 0.000023
5013 5967 -1 11 -1 0.000025
6013 5967 -1 11 -1 0.000020
7013 5967 -1 11 -1 0.000026
8013 5967 -1 11 -1 0.000026
9013 5967 -1 11 -1 0.000024
10013 5967 -1 11 -1 0.000025
11013 5967 -1 11 -1 0.000020
12013 5967 -1 11 -1 0.000021
13013 5967 -1 11 -1 0.000022
14013 5967 -1 11 -1 0.000021
15013 5967 -1 11 -1 0.000025
16013 5967 -1 11 -1 0.000024
17013 5967 -1 11 -1 0.000021
18013 5967 -1 11 -1 0.000020
19013 5967 -1 11 -1 0.000024
20013 5967 -1 11 -1 0.000020
21013 5967 -1 11 -1 0.000020
22013 5967 -1 11 -1 0.000020
23013 5967 -1 11 -1 0.000023
24013 5967 -1 11 -1 0.000025
25013 5967 -1 11 -1 0.000034
1014 4610 -1 11 -1 0.000029
2014 4610 -1 11 -1 0.000026
3014 4610 -1 11 -1 0.000040
4014 4610 -1 11 -1 0.000027
5014 4610 -1 11 -1 0.000031
6014 4610 -1 11 -1 0.000025
7014 4610 -1 11 -1 0.000026
8014 4610 -1 11 -1 0.000028
9014 4610 -1 11 -1 0.000025
10014 4610 -1 11 -1 0.000025
11014 4610 -1 11 -1 0.000030
12014 4610 -1 11 -1 0.000033
13014 4610 -1 11 -1 0.000031
14014 4610 -1 11 -1 0.000020
15014 4610 -1 11 -1 0.000029
16014 4610 -1 11 -1 0.000020
17014 4610 -1 11 -1 0.000027
18014 4610 -1 11 -1 0.000025
19014 4610 -1 11 -1 0.000022
20014 4610 -1 11 -1 0.000022
21014 4610 -1 11 -1 0.000025
22014 4610 -1 11 -1 0.000028
23014 4610 -1 11 -1 0.000026
24014 4610 -1 11 -1 0.000022
25014 4610 -1 11 -1 0.000021
1015 3393 -1 11 -1 0.000024
2015 3393 -1 11 -1 0.000021
3015 3393 -1 11 -1 0.000020
4015 3393 -1 11 -1 0.000024
5015 3393 -1 11 -1 0.000025
6015 3393 -1 11 -1 0.000024
7015 3393 -1 11 -1 0.000020
8015 3393 -1 11 -1 0.000025
9015 3393 -1 11 -1 0.000024
10015 3393 -1 11 -1 0.000021
11015 3393 -1 11 -1 0.000021
12015 3393 -1 11 -1 0.000020
13015 3393 -1 11 -1 0.000020
14015 3393 -1 11 -1 0.000031
15015 3393 -1 11 -1 0.000024
16015 3393 -1 11 -1 0.000025
17015 3393 -1 11 -1 0.000025
18015 3393 -1 11 -1 0.000024
19015 3393 -1 11 -1 0.000032
20015 3393 -1 11 -1 0.000027
21015 3393 -1 11 -1 0.000025
22015 3393 -1 11 -1 0.000022
23015 3393 -1 11 -1 0.000020
24015 3393 -1 11 -1 0.000025
25015 3393 -1 11 -1 0.000024
1016 4519 -1 11 -1 0.000026
2016 4519 -1 11 -1 0.000026
3016 4519 -1 11 -1 0.000022
4016 4519 -1 11 -1 0.000020
5016 4519 -1 11 -1 0.000024
6016 4519 -1 11 -1 0.000024
7016 4519 -1 11 -1 0.000020
8016 4519 -1 11 -1 0.000023
9016 4519 -1 11 -1 0.000028
10016 4519 -1 11 -1 0.000021
11016 4519 -1 11 -1 0.000024
12016 4519 -1 11 -1 0.000025
13016 4519 -1 11 -1 0.000024
14016 4519 -1 11 -1 0.000023
15016 4519 -1 11 -1 0.000024
16016 4519 -1 11 -1 0.000020
17016 4519 -1 11 -1 0.000023
18016 4519 -1 11 -1 0.000024
19016 4519 -1 11 -1 0.000024
20016 4519 -1 11 -1 0.000023
21016 4519 -1 11 -1 0.000025
22016 4519 -1 11 -1 0.000021
23016 4519 -1 11 -1 0.000025
24016 4519 -1 11 -1 0.000021
25016 4519 -1 11 -1 0.000025
1017 5230 -1 11 -1 0.000025
2017 5230 -1 11 -1 0.000025
3017 5230 -1 11 -1 0.000025
4017 5230 -1 11 -1 0.000024
5017 5230 -1 11 -1 0.000027
6017 5230 -1 11 -1 0.000025
7017 5230 -1 11 -1 0.000023
8017 5230 -1 11 -1 0.000020
9017 5230 -1 11 -1 0.000023
10017 5230 -1 11 -1 0.000021
11017 5230 -1 11 -1 0.000024
12017 5230 -1 11 -1 0.000024
13017 5230 -1 11 -1 0.000022
14017 5230 -1 11 -1 0.000020
15017 5230 -1 11 -1 0.000024
16017 5230 -1 11 -1 0.000021
17017 5230 -1 11 -1 0.000024
18017 5230 -1 11 -1 0.000025
19017 5230 -1 11 -1 0.000024
20017 5230 -1 11 -1 0.000024
21017 5230 -1 11 -1 0.000024
22017 5230 -1 11 -1 0.000021
23017 5230 -1 11 -1 0.000020
24017 5230 -1 11 -1 0.000023
25017 5230 -1 11 -1 0.000021
1018 4351 -1 11 -1 0.000020
2018 4351 -1 11 -1 0.000023
3018 4351 -1 11 -1 0.000021
4018 4351 -1 11 -1 0.000020
5018 4351 -1 11 -1 0.000024
6018 4351 -1 11 -1 0.000020
7018 4351 -1 11 -1 0.000020
8018 4351 -1 11 -1 0.000024
9018 4351 -1 11 -1 0.000020
10018 4351 -1 11 -1 0.000025
11018 4351 -1 11 -1 0.000023
12018 4351 -1 11 -1 0.000024
13018 4351 -1 11 -1 0.000020
14018 4351 -1 11 -1 0.000024
15018 4351 -1 11 -1 0.000023
16018 4351 -1 11 -1 0.000020
17018 4351 -1 11 -1 0.000019
18018 4351 -1 11 -1 0.000019
19018 4351 -1 11 -1 0.000020
20018 4351 -1 11 -1 0.000020
21018 4351 -1 11 -1 0.000024
22018 4351 -1 11 -1 0.000025
23018 4351 -1 11 -1 0.000020
24018 4351 -1 11 -1 0.000019
25018 4351 -1 11 -1 0.000024
1019 4947 -1 10 -1 0.000020
2019 4947 -1 10 -1 0.000019
3019 4947 -1 10 -1 0.000020
4019 4947 -1 10 -1 0.000019
5019 4947 -1 10 -1 0.000019
6019 4947 -1 10 -1 0.000019
7019 4947 -1 10 -1 0.000019
8019 4947 -1 10 -1 0.000020
9019 4947 -1 10 -1 0.000054
10019 4947 -1 10 -1 0.000025
11019 4947 -1 10 -1 0.000023
12019 4947 -1 10 -1 0.000019
13019 4947 -1 10 -1 0.000019
14019 4947 -1 10 -1 0.000019
15019 4947 -1 10 -1 0.000019
16019 4947 -1 10 -1 0.000023
17019 4947 -1 10 -1 0.000023
18019 4947 -1 10 -1 0.000020
19019 4947 -1 10 -1 0.000019
20019 4947 -1 10 -1 0.000023
21019 4947 -1 10 -1 0.000023
22019 4947 -1 10 -1 0.000023
23019 4947 -1 10 -1 0.000020
24019 4947 -1 10 -1 0.000019
25019 4947 -1 10 -1 0.000023
1020 4757 -1 11 -1 0.000024
2020 4757 -1 11 -1 0.000067
3020 4757 -1 11 -1 0.000034
4020 4757 -1 11 -1 0.000036
5020 4757 -1 11 -1 0.000029
6020 4757 -1 11 -1 0.000032
7020 4757 -1 11 -1 0.000042
8020 4757 -1 11 -1 0.000032
9020 4757 -1 11 -1 0.000034
10020 4757 -1 11 -1 0.000031
11020 4757 -1 11 -1 0.000034
12020 4757 -1 11 -1 0.000033
13020 4757 -1 11 -1 0.000034
14020 4757 -1 11 -1 0.000034
15020 4757 -1 11 -1 0.000034
16020 4757 -1 11 -1 0.000032
17020 4757 -1 11 -1 0.000033
18020 4757 -1 11 -1 0.000034
19020 4757 -1 11 -1 0.000031
20020 4757 -1 11 -1 0.000034
21020 4757 -1 11 -1 0.000034
22020 4757 -1 11 -1 0.000030
23020 4757 -1 11 -1 0.000032
24020 4757 -1 11 -1 0.000033
25020 4757 -1 11 -1 0.000037
1021 6381 -1 12 -1 0.000040
2021 6381 -1 12 -1 0.000034
3021 6381 -1 12 -1 0.000029
4021 6381 -1 12 -1 0.000026
5021 6381 -1 12 -1 0.000026
6021 6381 -1 12 -1 0.000035
7021 6381 -1 12 -1 0.000024
8021 6381 -1 12 -1 0.000025
9021 6381 -1 12 -1 0.000024
10021 6381 -1 12 -1 0.000023
11021 6381 -1 12 -1 0.000025
12021 6381 -1 12 -1 0.000024
13021 6381 -1 12 -1 0.000026
14021 6381 -1 12 -1 0.000023
15021 6381 -1 12 -1 0.000023
16021 6381 -1 12 -1 0.000024
17021 6381 -1 12 -1 0.000026
18021 6381 -1 12 -1 0.000025
19021 6381 -1 12 -1 0.000021
20021 6381 -1 12 -1 0.000024
21021 6381 -1 12 -1 0.000024
22021 6381 -1 12 -1 0.000022
23021 6381 -1 12 -1 0.000024
24021 6381 -1 12 -1 0.000025
25021 6381 -1 12 -1 0.000025
1022 5187 -1 11 -1 0.000023
2022 5187 -1 11 -1 0.000025
3022 5187 -1 11 -1 0.000021
4022 5187 -1 11 -1 0.000020
5022 5187 -1 11 -1 0.000025
6022 5187 -1 11 -1 0.000024
7022 5187 -1 11 -1 0.000024
8022 5187 -1 11 -1 0.000024
9022 5187 -1 11 -1 0.000020
10022 5187 -1 11 -1 0.000022
11022 5187 -1 11 -1 0.000022
12022 5187 -1 11 -1 0.000025
13022 5187 -1 11 -1 0.000023
14022 5187 -1 11 -1 0.000022
15022 5187 -1 11 -1 0.000020
16022 5187 -1 11 -1 0.000020
17022 5187 -1 11 -1 0.000021
18022 5187 -1 11 -1 0.000025
19022 5187 -1 11 -1 0.000020
20022 5187 -1 11 -1 0.000023
21022 5187 -1 11 -1 0.000022
22022 5187 -1 11 -1 0.000025
23022 5187 -1 11 -1 0.000026
24022 5187 -1 11 -1 0.000024
25022 5187 -1 11 -1 0.000040
1023 5125 -1 11 -1 0.000076
2023 5125 -1 11 -1 0.000044
3023 5125 -1 11 -1 0.000037
4023 5125 -1 11 -1 0.000031
5023 5125 -1 11 -1 0.000032
6023 5125 -1 11 -1 0.000032
7023 5125 -1 11 -1 0.000033
8023 5125 -1 11 -1 0.000031
9023 5125 -1 11 -1 0.000030
10023 5125 -1 11 -1 0.000032
11023 5125 -1 11 -1 0.000031
12023 5125 -1 11 -1 0.000032
13023 5125 -1 11 -1 0.000031
14023 5125 -1 11 -1 0.000023
15023 5125 -1 11 -1 0.000020
16023 5125 -1 11 -1 0.000020
17023 5125 -1 11 -1 0.000024
18023 5125 -1 11 -1 0.000030
19023 5125 -1 11 -1 0.000031
20023 5125 -1 11 -1 0.000024
21023 5125 -1 11 -1 0.000025
22023 5125 -1 11 -1 0.000025
23023 5125 -1 11 -1 0.000026
24023 5125 -1 11 -1 0.000025
25023 5125 -1 11 -1 0.000028
1024 5349 -1 11 -1 0.000024
2024 5349 -1 11 -1 0.000030
3024 5349 -1 11 -1 0.000027
4024 5349 -1 11 -1 0.000034
5024 5349 -1 11 -1 0.000024
6024 5349 -1 11 -1 0.000025
7024 5349 -1 11 -1 0.000025
8024 5349 -1 11 -1 0.000021
9024 5349 -1 11 -1 0.000020
10024 5349 -1 11 -1 0.000022
11024 5349 -1 11 -1 0.000028
12024 5349 -1 11 -1 0.000033
13024 5349 -1 11 -1 0.000033
14024 5349 -1 11 -1 0.000033
15024 5349 -1 11 -1 0.000034
16024 5349 -1 11 -1 0.000032
17024 5349 -1 11 -1 0.000033
18024 5349 -1 11 -1 0.000036
19024 5349 -1 11 -1 0.000033
20024 5349 -1 11 -1 0.000034
21024 5349 -1 11 -1 0.000045
22024 5349 -1 11 -1 0.000044
23024 5349 -1 11 -1 0.000042
24024 5349 -1 11 -1 0.000037
25024 5349 -1 11 -1 0.000038
1025 4717 -1 12 -1 0.000039
2025 4717 -1 12 -1 0.000035
3025 4717 -1 12 -1 0.000020
4025 4717 -1 12 -1 0.000018
5025 4717 -1 12 -1 0.000018
6025 4717 -1 12 -1 0.000017
7025 4717 -1 12 -1 0.000018
8025 4717 -1 12 -1 0.000018
9025 4717 -1 12 -1 0.000017
10025 4717 -1 12 -1 0.000017
11025 4717 -1 12 -1 0.000017
12025 4717 -1 12 -1 0.000017
13025 4717 -1 12 -1 0.000017
14025 4717 -1 12 -1 0.000017
15025 4717 -1 12 -1 0.000023
16025 4717 -1 12 -1 0.000017
17025 4717 -1 12 -1 0.000017
18025 4717 -1 12 -1 0.000017
19025 4717 -1 12 -1 0.000017
20025 4717 -1 12 -1 0.000017
21025 4717 -1 12 -1 0.000017
22025 4717 -1 12 -1 0.000026
23025 4717 -1 12 -1 0.000019
24025 4717 -1 12 -1 0.000017
25025 4717 -1 12 -1 0.000018
1026 6110 -1 10 -1 0.000018
2026 6110 -1 10 -1 0.000017
3026 6110 -1 10 -1 0.000017
4026 6110 -1 10 -1 0.000016
5026 6110 -1 10 -1 0.000016
6026 6110 -1 10 -1 0.000017
7026 6110 -1 10 -1 0.000029
8026 6110 -1 10 -1 0.000033
9026 6110 -1 10 -1 0.000032
10026 6110 -1 10 -1 0.000032
11026 6110 -1 10 -1 0.000032
12026 6110 -1 10 -1 0.000032
13026 6110 -1 10 -1 0.000035
14026 6110 -1 10 -1 0.000033
15026 6110 -1 10 -1 0.000032
16026 6110 -1 10 -1 0.000033
17026 6110 -1 10 -1 0.000032
18026 6110 -1 10 -1 0.000033
19026 6110 -1 10 -1 0.000032
20026 6110 -1 10 -1 0.000031
21026 6110 -1 10 -1 0.000032
22026 6110 -1 10 -1 0.000032
23026 6110 -1 10 -1 0.000033
24026 6110 -1 10 -1 0.000033
25026 6110 -1 10 -1 0.000034
1027 6408 -1 11 -1 0.000033
2027 6408 -1 11 -1 0.000033
3027 6408 -1 11 -1 0.000034
4027 6408 -1 11 -1 0.000032
5027 6408 -1 11 -1 0.000032
6027 6408 -1 11 -1 0.000032
7027 6408 -1 11 -1 0.000032
8027 6408 -1 11 -1 0.000033
9027 6408 -1 11 -1 0.000033
10027 6408 -1 11 -1 0.000032
11027 6408 -1 11 -1 0.000033
12027 6408 -1 11 -1 0.000032
13027 6408 -1 11 -1 0.000035
14027 6408 -1 11 -1 0.000032
15027 6408 -1 11 -1 0.000033
16027 6408 -1 11 -1 0.000033
17027 6408 -1 11 -1 0.000033
18027 6408 -1 11 -1 0.000033
19027 6408 -1 11 -1 0.000033
20027 6408 -1 11 -1 0.000032
21027 6408 -1 11 -1 0.000033
22027 6408 -1 11 -1 0.000032
23027 6408 -1 11 -1 0.000035
24027 6408 -1 11 -1 0.000033
25027 6408 -1 11 -1 0.000032
1028 4991 -1 11 -1 0.000034
2028 4991 -1 11 -1 0.000032
3028 4991 -1 11 -1 0.000032
4028 4991 -1 11 -1 0.000032
5028 4991 -1 11 -1 0.000033
6028 4991 -1 11 -1 0.000034
7028 4991 -1 11 -1 0.000033
8028 4991 -1 11 -1 0.000032
9028 4991 -1 11 -1 0.000035
10028 4991 -1 11 -1 0.000033
11028 4991 -1 11 -1 0.000034
12028 4991 -1 11 -1 0.000032
13028 4991 -1 11 -1 0.000033
14028 4991 -1 11 -1 0.000033
15028 4991 -1 11 -1 0.000033
16028 4991 -1 11 -1 0.000033
17028 4991 -1 11 -1 0.000032
18028 4991 -1 11 -1 0.000032
19028 4991 -1 11 -1 0.000033
20028 4991 -1 11 -1 0.000033
21028 4991 -1 11 -1 0.000033
22028 4991 -1 11 -1 0.000033
23028 4991 -1 11 -1 0.000032
24028 4991 -1 11 -1 0.000032
25028 4991 -1 11 -1 0.000035
1029 3628 -1 11 -1 0.000034
2029 3628 -1 11 -1 0.000032
3029 3628 -1 11 -1 0.000032
4029 3628 -1 11 -1 0.000033
5029 3628 -1 11 -1 0.000033
6029 3628 -1 11 -1 0.000033
7029 3628 -1 11 -1 0.000032
8029 3628 -1 11 -1 0.000033
9029 3628 -1 11 -1 0.000033
10029 3628 -1 11 -1 0.000032
11029 3628 -1 11 -1 0.000034
12029 3628 -1 11 -1 0.000033
13029 3628 -1 11 -1 0.000033
14029 3628 -1 11 -1 0.000032
15029 3628 -1 11 -1 0.000036
16029 3628 -1 11 -1 0.000025
17029 3628 -1 11 -1 0.000022
18029 3628 -1 11 -1 0.000026
19029 3628 -1 11 -1 0.000022
20029 3628 -1 11 -1 0.000020
21029 3628 -1 11 -1 0.000024
22029 3628 -1 11 -1 0.000020
23029 3628 -1 11 -1 0.000020
24029 3628 -1 11 -1 0.000019
25029 3628 -1 11 -1 0.000024
1030 5025 -1 11 -1 0.000021
2030 5025 -1 11 -1 0.000020
3030 5025 -1 11 -1 0.000026
4030 5025 -1 11 -1 0.000020
5030 5025 -1 11 -1 0.000023
6030 5025 -1 11 -1 0.000023
7030 5025 -1 11 -1 0.000024
8030 5025 -1 11 -1 0.000021
9030 5025 -1 11 -1 0.000023
10030 5025 -1 11 -1 0.000020
11030 5025 -1 11 -1 0.000025
12030 5025 -1 11 -1 0.000023
13030 5025 -1 11 -1 0.000025
14030 5025 -1 11 -1 0.000023
15030 5025 -1 11 -1 0.000023
16030 5025 -1 11 -1 0.000024
17030 5025 -1 11 -1 0.000021
18030 5025 -1 11 -1 0.000020
19030 5025 -1 11 -1 0.000020
20030 5025 -1 11 -1 0.000019
21030 5025 -1 11 -1 0.000022
22030 5025 -1 11 -1 0.000023
23030 5025 -1 11 -1 0.000025
24030 5025 -1 11 -1 0.000025
25030 5025 -1 11 -1 0.000024
1031 5879 -1 11 -1 0.000021
2031 5879 -1 11 -1 0.000025
3031 5879 -1 11 -1 0.000024
4031 5879 -1 11 -1 0.000024
5031 5879 -1 11 -1 0.000024
6031 5879 -1 11 -1 0.000024
7031 5879 -1 11 -1 0.000025
8031 5879 -1 11 -1 0.000025
9031 5879 -1 11 -1 0.000025
10031 5879 -1 11 -1 0.000024
11031 5879 -1 11 -1 0.000024
12031 5879 -1 11 -1 0.000025
13031 5879 -1 11 -1 0.000024
14031 5879 -1 11 -1 0.000020
15031 5879 -1 11 -1 0.000023
16031 5879 -1 11 -1 0.000020
17031 5879 -1 11 -1 0.000020
18031 5879 -1 11 -1 0.000024
19031 5879 -1 11 -1 0.000025
20031 5879 -1 11 -1 0.000024
21031 5879 -1 11 -1 0.000021
22031 5879 -1 11 -1 0.000024
23031 5879 -1 11 -1 0.000025
24031 5879 -1 11 -1 0.000026
25031 5879 -1 11 -1 0.000024
1032 5242 -1 11 -1 0.000025
2032 5242 -1 11 -1 0.000024
3032 5242 -1 11 -1 0.000021
4032 5242 -1 11 -1 0.000024
5032 5242 -1 11 -1 0.000024
6032 5242 -1 11 -1 0.000020
7032 5242 -1 11 -1 0.000020
8032 5242 -1 11 -1 0.000025
9032 5242 -1 11 -1 0.000021
10032 5242 -1 11 -1 0.000020
11032 5242 -1 11 -1 0.000021
12032 5242 -1 11 -1 0.000024
13032 5242 -1 11 -1 0.000024
14032 5242 -1 11 -1 0.000025
15032 5242 -1 11 -1 0.000024
16032 5242 -1 11 -1 0.000024
17032 5242 -1 11 -1 0.000025
18032 5242 -1 11 -1 0.000024
19032 5242 -1 11 -1 0.000024
20032 5242 -1 11 -1 0.000024
21032 5242 -1 11 -1 0.000024
22032 5242 -1 11 -1 0.000024
23032 5242 -1 11 -1 0.000025
24032 5242 -1 11 -1 0.000023
25032 5242 -1 11 -1 0.000024
1033 4756 -1 11 -1 0.000020
2033 4756 -1 11 -1 0.000021
3033 4756 -1 11 -1 0.000024
4033 4756 -1 11 -1 0.000025
5033 4756 -1 11 -1 0.000025
6033 4756 -1 11 -1 0.000025
7033 4756 -1 11 -1 0.000026
8033 4756 -1 11 -1 0.000029
9033 4756 -1 11 -1 0.000030
10033 4756 -1 11 -1 0.000030
11033 4756 -1 11 -1 0.000021
12033 4756 -1 11 -1 0.000058
13033 4756 -1 11 -1 0.000021
14033 4756 -1 11 -1 0.000024
15033 4756 -1 11 -1 0.000025
16033 4756 -1 11 -1 0.000025
17033 4756 -1 11 -1 0.000023
18033 4756 -1 11 -1 0.000025
19033 4756 -1 11 -1 0.000022
20033 4756 -1 11 -1 0.000020
21033 4756 -1 11 -1 0.000020
22033 4756 -1 11 -1 0.000020
23033 4756 -1 11 -1 0.000025
24033 4756 -1 11 -1 0.000024
25033 4756 -1 11 -1 0.000023
1034 5887 -1 11 -1 0.000024
2034 5887 -1 11 -1 0.000022
3034 5887 -1 11 -1 0.000023
4034 5887 -1 11 -1 0.000019
5034 5887 -1 11 -1 0.000024
6034 5887 -1 11 -1 0.000027
7034 5887 -1 11 -1 0.000020
8034 5887 -1 11 -1 0.000020
9034 5887 -1 11 -1 0.000024
10034 5887 -1 11 -1 0.000025
11034 5887 -1 11 -1 0.000024
12034 5887 -1 11 -1 0.000022
13034 5887 -1 11 -1 0.000024
14034 5887 -1 11 -1 0.000025
15034 5887 -1 11 -1 0.000023
16034 5887 -1 11 -1 0.000024
17034 5887 -1 11 -1 0.000022
18034 5887 -1 11 -1 0.000020
19034 5887 -1 11 -1 0.000020
20034 5887 -1 11 -1 0.000025
21034 5887 -1 11 -1 0.000020
22034 5887 -1 11 -1 0.000020
23034 5887 -1 11 -1 0.000026
24034 5887 -1 11 -1 0.000020
25034 5887 -1 11 -1 0.000023
1035 3644 -1 10 -1 0.000026
2035 3644 -1 10 -1 0.000023
3035 3644 -1 10 -1 0.000023
4035 3644 -1 10 -1 0.000023
5035 3644 -1 10 -1 0.000024
6035 3644 -1 10 -1 0.000020
7035 3644 -1 10 -1 0.000023
8035 3644 -1 10 -1 0.000019
9035 3644 -1 10 -1 0.000023
10035 3644 -1 10 -1 0.000023
11035 3644 -1 10 -1 0.000024
12035 3644 -1 10 -1 0.000023
13035 3644 -1 10 -1 0.000024
14035 3644 -1 10 -1 0.000024
15035 3644 -1 10 -1 0.000023
16035 3644 -1 10 -1 0.000020
17035 3644 -1 10 -1 0.000024
18035 3644 -1 10 -1 0.000023
19035 3644 -1 10 -1 0.000023
20035 3644 -1 10 -1 0.000023
21035 3644 -1 10 -1 0.000042
22035 3644 -1 10 -1 0.000030
23035 3644 -1 10 -1 0.000036
24035 3644 -1 10 -1 0.000033
25035 3644 -1 10 -1 0.000032
1036 4726 -1 11 -1 0.000034
2036 4726 -1 11 -1 0.000033
3036 4726 -1 11 -1 0.000033
4036 4726 -1 11 -1 0.000033
5036 4726 -1 11 -1 0.000033
6036 4726 -1 11 -1 0.000033
7036 4726 -1 11 -1 0.000032
8036 4726 -1 11 -1 0.000036
9036 4726 -1 11 -1 0.000033
10036 4726 -1 11 -1 0.000033
11036 4726 -1 11 -1 0.000032
12036 4726 -1 11 -1 0.000033
13036 4726 -1 11 -1 0.000033
14036 4726 -1 11 -1 0.000032
15036 4726 -1 11 -1 0.000033
16036 4726 -1 11 -1 0.000035
17036 4726 -1 11 -1 0.000032
18036 4726 -1 11 -1 0.000033
19036 4726 -1 11 -1 0.000032
20036 4726 -1 11 -1 0.000032
21036 4726 -1 11 -1 0.000035
22036 4726 -1 11 -1 0.000032
23036 4726 -1 11 -1 0.000033
24036 4726 -1 11 -1 0.000032
25036 4726 -1 11 -1 0.000034
1037 5113 -1 10 -1 0.000033
2037 5113 -1 10 -1 0.000033
3037 5113 -1 10 -1 0.000031
4037 5113 -1 10 -1 0.000024
5037 5113 -1 10 -1 0.000032
6037 5113 -1 10 -1 0.000033
7037 5113 -1 10 -1 0.000034
8037 5113 -1 10 -1 0.000032
9037 5113 -1 10 -1 0.000033
10037 5113 -1 10 -1 0.000032
11037 5113 -1 10 -1 0.000032
12037 5113 -1 10 -1 0.000035
13037 5113 -1 10 -1 0.000033
14037 5113 -1 10 -1 0.000032
15037 5113 -1 10 -1 0.000033
16037 5113 -1 10 -1 0.000032
17037 5113 -1 10 -1 0.000031
18037 5113 -1 10 -1 0.000033
19037 5113 -1 10 -1 0.000032
20037 5113 -1 10 -1 0.000032
21037 5113 -1 10 -1 0.000034
22037 5113 -1 10 -1 0.000032
23037 5113 -1 10 -1 0.000032
24037 5113 -1 10 -1 0.000032
25037 5113 -1 10 -1 0.000032
1038 5315 -1 10 -1 0.000033
2038 5315 -1 10 -1 0.000036
3038 5315 -1 10 -1 0.000032
4038 5315 -1 10 -1 0.000032
5038 5315 -1 10 -1 0.000033
6038 5315 -1 10 -1 0.000032
7038 5315 -1 10 -1 0.000032
8038 5315 -1 10 -1 0.000032
9038 5315 -1 10 -1 0.000031
10038 5315 -1 10 -1 0.000033
11038 5315 -1 10 -1 0.000032
12038 5315 -1 10 -1 0.000032
13038 5315 -1 10 -1 0.000032
14038 5315 -1 10 -1 0.000032
15038 5315 -1 10 -1 0.000032
16038 5315 -1 10 -1 0.000032
17038 5315 -1 10 -1 0.000034
18038 5315 -1 10 -1 0.000035
19038 5315 -1 10 -1 0.000032
20038 5315 -1 10 -1 0.000032
21038 5315 -1 10 -1 0.000032
22038 5315 -1 10 -1 0.000032
23038 5315 -1 10 -1 0.000033
24038 5315 -1 10 -1 0.000033
25038 5315 -1 10 -1 0.000032
1039 5408 -1 11 -1 0.000032
2039 5408 -1 11 -1 0.000035
3039 5408 -1 11 -1 0.000033
4039 5408 -1 11 -1 0.000033
5039 5408 -1 11 -1 0.000032
6039 5408 -1 11 -1 0.000033
7039 5408 -1 11 -1 0.000032
8039 5408 -1 11 -1 0.000036
9039 5408 -1 11 -1 0.000033
10039 5408 -1 11 -1 0.000032
11039 5408 -1 11 -1 0.000032
12039 5408 -1 11 -1 0.000033
13039 5408 -1 11 -1 0.000034
14039 5408 -1 11 -1 0.000037
15039 5408 -1 11 -1 0.000032
16039 5408 -1 11 -1 0.000033
17039 5408 -1 11 -1 0.000033
18039 5408 -1 11 -1 0.000032
19039 5408 -1 11 -1 0.000032
20039 5408 -1 11 -1 0.000032
21039 5408 -1 11 -1 0.000032
22039 5408 -1 11 -1 0.000032
23039 5408 -1 11 -1 0.000034
24039 5408 -1 11 -1 0.000032
25039 5408 -1 11 -1 0.000032
1040 5824 -1 11 -1 0.000033
2040 5824 -1 11 -1 0.000033
3040 5824 -1 11 -1 0.000033
4040 5824 -1 11 -1 0.000033
5040 5824 -1 11 -1 0.000033
6040 5824 -1 11 -1 0.000032
7040 5824 -1 11 -1 0.000033
8040 5824 -1 11 -1 0.000032
9040 5824 -1 11 -1 0.000032
10040 5824 -1 11 -1 0.000032
11040 5824 -1 11 -1 0.000033
12040 5824 -1 11 -1 0.000032
13040 5824 -1 11 -1 0.000033
14040 5824 -1 11 -1 0.000035
15040 5824 -1 11 -1 0.000031
16040 5824 -1 11 -1 0.000031
17040 5824 -1 11 -1 0.000032
18040 5824 -1 11 -1 0.000031
19040 5824 -1 11 -1 0.000032
20040 5824 -1 11 -1 0.000032
21040 5824 -1 11 -1 0.000029
22040 5824 -1 11 -1 0.000031
23040 5824 -1 11 -1 0.000031
24040 5824 -1 11 -1 0.000031
25040 5824 -1 11 -1 0.000031
1041 6352 -1 11 -1 0.000041
2041 6352 -1 11 -1 0.000031
3041 6352 -1 11 -1 0.000032
4041 6352 -1 11 -1 0.000039
5041 6352 -1 11 -1 0.000032
6041 6352 -1 11 -1 0.000031
7041 6352 -1 11 -1 0.000031
8041 6352 -1 11 -1 0.000031
9041 6352 -1 11 -1 0.000032
10041 6352 -1 11 -1 0.000031
11041 6352 -1 11 -1 0.000031
12041 6352 -1 11 -1 0.000031
13041 6352 -1 11 -1 0.000037
14041 6352 -1 11 -1 0.000031
15041 6352 -1 11 -1 0.000031
16041 6352 -1 11 -1 0.000031
17041 6352 -1 11 -1 0.000031
18041 6352 -1 11 -1 0.000031
19041 6352 -1 11 -1 0.000031
20041 6352 -1 11 -1 0.000032
21041 6352 -1 11 -1 0.000031
22041 6352 -1 11 -1 0.000031
23041 6352 -1 11 -1 0.000031
24041 6352 -1 11 -1 0.000033
25041 6352 -1 11 -1 0.000033
1042 5998 -1 11 -1 0.000033
2042 5998 -1 11 -1 0.000032
3042 5998 -1 11 -1 0.000031
4042 5998 -1 11 -1 0.000031
5042 5998 -1 11 -1 0.000031
6042 5998 -1 11 -1 0.000031
7042 5998 -1 11 -1 0.000031
8042 5998 -1 11 -1 0.000031
9042 5998 -1 11 -1 0.000032
10042 5998 -1 11 -1 0.000033
11042 5998 -1 11 -1 0.000031
12042 5998 -1 11 -1 0.000031
13042 5998 -1 11 -1 0.000101
14042 5998 -1 11 -1 0.000031
15042 5998 -1 11 -1 0.000026
16042 5998 -1 11 -1 0.000035
17042 5998 -1 11 -1 0.000037
18042 5998 -1 11 -1 0.000036
19042 5998 -1 11 -1 0.000025
20042 5998 -1 11 -1 0.000031
21042 5998 -1 11 -1 0.000025
22042 5998 -1 11 -1 0.000023
23042 5998 -1 11 -1 0.000026
24042 5998 -1 11 -1 0.000023
25042 5998 -1 11 -1 0.000025
1043 5023 -1 11 -1 0.000026
2043 5023 -1 11 -1 0.000024
3043 5023 -1 11 -1 0.000024
4043 5023 -1 11 -1 0.000024
5043 5023 -1 11 -1 0.000025
6043 5023 -1 11 -1 0.000025
7043 5023 -1 11 -1 0.000025
8043 5023 -1 11 -1 0.000024
9043 5023 -1 11 -1 0.000025
10043 5023 -1 11 -1 0.000022
11043 5023 -1 11 -1 0.000024
12043 5023 -1 11 -1 0.000025
13043 5023 -1 11 -1 0.000035
14043 5023 -1 11 -1 0.000037
15043 5023 -1 11 -1 0.000025
16043 5023 -1 11 -1 0.000024
17043 5023 -1 11 -1 0.000025
18043 5023 -1 11 -1 0.000024
19043 5023 -1 11 -1 0.000021
20043 5023 -1 11 -1 0.000024
21043 5023 -1 11 -1 0.000025
22043 5023 -1 11 -1 0.000026
23043 5023 -1 11 -1 0.000025
24043 5023 -1 11 -1 0.000025
25043 5023 -1 11 -1 0.000026
1044 5898 -1 11 -1 0.000023
2044 5898 -1 11 -1 0.000026
3044 5898 -1 11 -1 0.000021
4044 5898 -1 11 -1 0.000021
5044 5898 -1 11 -1 0.000021
6044 5898 -1 11 -1 0.000026
7044 5898 -1 11 -1 0.000020
8044 5898 -1 11 -1 0.000024
9044 5898 -1 11 -1 0.000025
10044 5898 -1 11 -1 0.000022
11044 5898 -1 11 -1 0.000024
12044 5898 -1 11 -1 0.000021
13044 5898 -1 11 -1 0.000025
14044 5898 -1 11 -1 0.000022
15044 5898 -1 11 -1 0.000025
16044 5898 -1 11 -1 0.000022
17044 5898 -1 11 -1 0.000022
18044 5898 -1 11 -1 0.000024
19044 5898 -1 11 -1 0.000025
20044 5898 -1 11 -1 0.000024
21044 5898 -1 11 -1 0.000022
22044 5898 -1 11 -1 0.000020
23044 5898 -1 11 -1 0.000020
24044 5898 -1 11 -1 0.000021
25044 5898 -1 11 -1 0.000021
1045 5905 -1 11 -1 0.000021
2045 5905 -1 11 -1 0.000025
3045 5905 -1 11 -1 0.000020
4045 5905 -1 11 -1 0.000023
5045 5905 -1 11 -1 0.000024
6045 5905 -1 11 -1 0.000025
7045 5905 -1 11 -1 0.000020
8045 5905 -1 11 -1 0.000024
9045 5905 -1 11 -1 0.000022
10045 5905 -1 11 -1 0.000025
11045 5905 -1 11 -1 0.000021
12045 5905 -1 11 -1 0.000025
13045 5905 -1 11 -1 0.000021
14045 5905 -1 11 -1 0.000021
15045 5905 -1 11 -1 0.000027
16045 5905 -1 11 -1 0.000030
17045 5905 -1 11 -1 0.000026
18045 5905 -1 11 -1 0.000033
19045 5905 -1 11 -1 0.000035
20045 5905 -1 11 -1 0.000033
21045 5905 -1 11 -1 0.000032
22045 5905 -1 11 -1 0.000022
23045 5905 -1 11 -1 0.000027
24045 5905 -1 11 -1 0.000026
25045 5905 -1 11 -1 0.000021
1046 7029 -1 11 -1 0.000024
2046 7029 -1 11 -1 0.000020
3046 7029 -1 11 -1 0.000023
4046 7029 -1 11 -1 0.000024
5046 7029 -1 11 -1 0.000025
6046 7029 -1 11 -1 0.000024
7046 7029 -1 11 -1 0.000024
8046 7029 -1 11 -1 0.000024
9046 7029 -1 11 -1 0.000025
10046 7029 -1 11 -1 0.000024
11046 7029 -1 11 -1 0.000024
12046 7029 -1 11 -1 0.000021
13046 7029 -1 11 -1 0.000020
14046 7029 -1 11 -1 0.000023
15046 7029 -1 11 -1 0.000022
16046 7029 -1 11 -1 0.000024
17046 7029 -1 11 -1 0.000020
18046 7029 -1 11 -1 0.000020
19046 7029 -1 11 -1 0.000021
20046 7029 -1 11 -1 0.000023
21046 7029 -1 11 -1 0.000023
22046 7029 -1 11 -1 0.000021
23046 7029 -1 11 -1 0.000022
24046 7029 -1 11 -1 0.000020
25046 7029 -1 11 -1 0.000030
1047 5315 -1 11 -1 0.000029
2047 5315 -1 11 -1 0.000026
3047 5315 -1 11 -1 0.000025
4047 5315 -1 11 -1 0.000022
5047 5315 -1 11 -1 0.000024
6047 5315 -1 11 -1 0.000024
7047 5315 -1 11 -1 0.000023
8047 5315 -1 11 -1 0.000023
9047 5315 -1 11 -1 0.000021
10047 5315 -1 11 -1 0.000023
11047 5315 -1 11 -1 0.000024
12047 5315 -1 11 -1 0.000020
13047 5315 -1 11 -1 0.000025
14047 5315 -1 11 -1 0.000024
15047 5315 -1 11 -1 0.000023
16047 5315 -1 11 -1 0.000022
17047 5315 -1 11 -1 0.000020
18047 5315 -1 11 -1 0.000023
19047 5315 -1 11 -1 0.000025
20047 5315 -1 11 -1 0.000021
21047 5315 -1 11 -1 0.000024
22047 5315 -1 11 -1 0.000020
23047 5315 -1 11 -1 0.000021
24047 5315 -1 11 -1 0.000020
25047 5315 -1 11 -1 0.000019
1048 5474 -1 11 -1 0.000020
2048 5474 -1 11 -1 0.000020
3048 5474 -1 11 -1 0.000020
4048 5474 -1 11 -1 0.000020
5048 5474 -1 11 -1 0.000024
6048 5474 -1 11 -1 0.000024
7048 5474 -1 11 -1 0.000023
8048 5474 -1 11 -1 0.000024
9048 5474 -1 11 -1 0.000023
10048 5474 -1 11 -1 0.000024
11048 5474 -1 11 -1 0.000024
12048 5474 -1 11 -1 0.000024
13048 5474 -1 11 -1 0.000021
14048 5474 -1 11 -1 0.000021
15048 5474 -1 11 -1 0.000024
16048 5474 -1 11 -1 0.000020
17048 5474 -1 11 -1 0.000020
18048 5474 -1 11 -1 0.000023
19048 5474 -1 11 -1 0.000020
20048 5474 -1 11 -1 0.000024
21048 5474 -1 11 -1 0.000020
22048 5474 -1 11 -1 0.000020
23048 5474 -1 11 -1 0.000023
24048 5474 -1 11 -1 0.000019
25048 5474 -1 11 -1 0.000019
1049 4215 -1 11 -1 0.000024
2049 4215 -1 11 -1 0.000025
3049 4215 -1 11 -1 0.000024
4049 4215 -1 11 -1 0.000021
5049 4215 -1 11 -1 0.000023
6049 4215 -1 11 -1 0.000024
7049 4215 -1 11 -1 0.000024
8049 4215 -1 11 -1 0.000023
9049 4215 -1 11 -1 0.000024
10049 4215 -1 11 -1 0.000021
11049 4215 -1 11 -1 0.000023
12049 4215 -1 11 -1 0.000020
13049 4215 -1 11 -1 0.000023
14049 4215 -1 11 -1 0.000024
15049 4215 -1 11 -1 0.000025
16049 4215 -1 11 -1 0.000025
17049 4215 -1 11 -1 0.000020
18049 4215 -1 11 -1 0.000021
19049 4215 -1 11 -1 0.000020
20049 4215 -1 11 -1 0.000024
21049 4215 -1 11 -1 0.000024
22049 4215 -1 11 -1 0.000024
23049 4215 -1 11 -1 0.000020
24049 4215 -1 11 -1 0.000020
25049 4215 -1 11 -1 0.000023
1050 4791 -1 11 -1 0.000022
2050 4791 -1 11 -1 0.000020
3050 4791 -1 11 -1 0.000024
4050 4791 -1 11 -1 0.000024
5050 4791 -1 11 -1 0.000024
6050 4791 -1 11 -1 0.000027
7050 4791 -1 11 -1 0.000027
8050 4791 -1 11 -1 0.000033
9050 4791 -1 11 -1 0.000029
10050 4791 -1 11 -1 0.000031
11050 4791 -1 11 -1 0.000024
12050 4791 -1 11 -1 0.000026
13050 4791 -1 11 -1 0.000023
14050 4791 -1 11 -1 0.000028
15050 4791 -1 11 -1 0.000024
16050 4791 -1 11 -1 0.000026
17050 4791 -1 11 -1 0.000025
18050 4791 -1 11 -1 0.000024
19050 4791 -1 11 -1 0.000024
20050 4791 -1 11 -1 0.000024
21050 4791 -1 11 -1 0.000027
22050 4791 -1 11 -1 0.000023
23050 4791 -1 11 -1 0.000029
24050 4791 -1 11 -1 0.000025
25050 4791 -1 11 -1 0.000029
1051 5754 -1 11 -1 0.000025
2051 5754 -1 11 -1 0.000024
3051 5754 -1 11 -1 0.000024
4051 5754 -1 11 -1 0.000024
5051 5754 -1 11 -1 0.000025
6051 5754 -1 11 -1 0.000025
7051 5754 -1 11 -1 0.000020
8051 5754 -1 11 -1 0.000021
9051 5754 -1 11 -1 0.000024
10051 5754 -1 11 -1 0.000021
11051 5754 -1 11 -1 0.000020
12051 5754 -1 11 -1 0.000023
13051 5754 -1 11 -1 0.000024
14051 5754 -1 11 -1 0.000024
15051 5754 -1 11 -1 0.000023
16051 5754 -1 11 -1 0.000025
17051 5754 -1 11 -1 0.000027
18051 5754 -1 11 -1 0.000039
19051 5754 -1 11 -1 0.000025
20051 5754 -1 11 -1 0.000028
21051 5754 -1 11 -1 0.000038
22051 5754 -1 11 -1 0.000024
23051 5754 -1 11 -1 0.000024
24051 5754 -1 11 -1 0.000027
25051 5754 -1 11 -1 0.000024
1052 3713 -1 11 -1 0.000025
2052 3713 -1 11 -1 0.000024
3052 3713 -1 11 -1 0.000026
4052 3713 -1 11 -1 0.000025
5052 3713 -1 11 -1 0.000023
6052 3713 -1 11 -1 0.000025
7052 3713 -1 11 -1 0.000024
8052 3713 -1 11 -1 0.000023
9052 3713 -1 11 -1 0.000024
10052 3713 -1 11 -1 0.000023
11052 3713 -1 11 -1 0.000024
12052 3713 -1 11 -1 0.000023
13052 3713 -1 11 -1 0.000023
14052 3713 -1 11 -1 0.000025
15052 3713 -1 11 -1 0.000025
16052 3713 -1 11 -1 0.000021
17052 3713 -1 11 -1 0.000024
18052 3713 -1 11 -1 0.000025
19052 3713 -1 11 -1 0.000019
20052 3713 -1 11 -1 0.000024
21052 3713 -1 11 -1 0.000025
22052 3713 -1 11 -1 0.000025
23052 3713 -1 11 -1 0.000021
24052 3713 -1 11 -1 0.000021
25052 3713 -1 11 -1 0.000021
1053 5515 -1 11 -1 0.000024
2053 5515 -1 11 -1 0.000022
3053 5515 -1 11 -1 0.000024
4053 5515 -1 11 -1 0.000025
5053 5515 -1 11 -1 0.000023
6053 5515 -1 11 -1 0.000024
7053 5515 -1 11 -1 0.000023
8053 5515 -1 11 -1 0.000025
9053 5515 -1 11 -1 0.000024
10053 5515 -1 11 -1 0.000024
11053 5515 -1 11 -1 0.000025
12053 5515 -1 11 -1 0.000024
13053 5515 -1 11 -1 0.000023
14053 5515 -1 11 -1 0.000020
15053 5515 -1 11 -1 0.000024
16053 5515 -1 11 -1 0.000024
17053 5515 -1 11 -1 0.000023
18053 5515 -1 11 -1 0.000022
19053 5515 -1 11 -1 0.000024
20053 5515 -1 11 -1 0.000022
21053 5515 -1 11 -1 0.000023
22053 5515 -1 11 -1 0.000024
23053 5515 -1 11 -1 0.000023
24053 5515 -1 11 -1 0.000025
25053 5515 -1 11 -1 0.000022
1054 5633 -1 11 -1 0.000024
2054 5633 -1 11 -1 0.000020
3054 5633 -1 11 -1 0.000020
4054 5633 -1 11 -1 0.000023
5054 5633 -1 11 -1 0.000023
6054 5633 -1 11 -1 0.000025
7054 5633 -1 11 -1 0.000024
8054 5633 -1 11 -1 0.000027
9054 5633 -1 11 -1 0.000024
10054 5633 -1 11 -1 0.000021
11054 5633 -1 11 -1 0.000024
12054 5633 -1 11 -1 0.000024
13054 5633 -1 11 -1 0.000024
14054 5633 -1 11 -1 0.000024
15054 5633 -1 11 -1 0.000020
16054 5633 -1 11 -1 0.000020
17054 5633 -1 11 -1 0.000022
18054 5633 -1 11 -1 0.000025
19054 5633 -1 11 -1 0.000021
20054 5633 -1 11 -1 0.000020
21054 5633 -1 11 -1 0.000020
22054 5633 -1 11 -1 0.000024
23054 5633 -1 11 -1 0.000024
24054 5633 -1 11 -1 0.000024
25054 5633 -1 11 -1 0.000024
1055 5835 -1 11 -1 0.000025
2055 5835 -1 11 -1 0.000025
3055 5835 -1 11 -1 0.000024
4055 5835 -1 11 -1 0.000023
5055 5835 -1 11 -1 0.000024
6055 5835 -1 11 -1 0.000024
7055 5835 -1 11 -1 0.000024
8055 5835 -1 11 -1 0.000020
9055 5835 -1 11 -1 0.000023
10055 5835 -1 11 -1 0.000024
11055 5835 -1 11 -1 0.000023
12055 5835 -1 11 -1 0.000024
13055 5835 -1 11 -1 0.000027
14055 5835 -1 11 -1 0.000020
15055 5835 -1 11 -1 0.000024
16055 5835 -1 11 -1 0.000024
17055 5835 -1 11 -1 0.000024
18055 5835 -1 11 -1 0.000025
19055 5835 -1 11 -1 0.000024
20055 5835 -1 11 -1 0.000025
21055 5835 -1 11 -1 0.000024
22055 5835 -1 11 -1 0.000024
23055 5835 -1 11 -1 0.000026
24055 5835 -1 11 -1 0.000021
25055 5835 -1 11 -1 0.000025
1056 5735 -1 10 -1 0.000020
2056 5735 -1 10 -1 0.000021
3056 5735 -1 10 -1 0.000024
4056 5735 -1 10 -1 0.000026
5056 5735 -1 10 -1 0.000024
6056 5735 -1 10 -1 0.000024
7056 5735 -1 10 -1 0.000025
8056 5735 -1 10 -1 0.000020
9056 5735 -1 10 -1 0.000023
10056 5735 -1 10 -1 0.000020
11056 5735 -1 10 -1 0.000020
12056 5735 -1 10 -1 0.000020
13056 5735 -1 10 -1 0.000020
14056 5735 -1 10 -1 0.000023
15056 5735 -1 10 -1 0.000024
16056 5735 -1 10 -1 0.000024
17056 5735 -1 10 -1 0.000024
18056 5735 -1 10 -1 0.000020
19056 5735 -1 10 -1 0.000019
20056 5735 -1 10 -1 0.000023
21056 5735 -1 10 -1 0.000025
22056 5735 -1 10 -1 0.000023
23056 5735 -1 10 -1 0.000021
24056 5735 -1 10 -1 0.000023
25056 5735 -1 10 -1 0.000020
1057 5402 -1 11 -1 0.000025
2057 5402 -1 11 -1 0.000020
3057 5402 -1 11 -1 0.000020
4057 5402 -1 11 -1 0.000022
5057 5402 -1 11 -1 0.000020
6057 5402 -1 11 -1 0.000022
7057 5402 -1 11 -1 0.000023
8057 5402 -1 11 -1 0.000024
9057 5402 -1 11 -1 0.000024
10057 5402 -1 11 -1 0.000024
11057 5402 -1 11 -1 0.000020
12057 5402 -1 11 -1 0.000021
13057 5402 -1 11 -1 0.000024
14057 5402 -1 11 -1 0.000021
15057 5402 -1 11 -1 0.000024
16057 5402 -1 11 -1 0.000024
17057 5402 -1 11 -1 0.000023
18057 5402 -1 11 -1 0.000025
19057 5402 -1 11 -1 0.000026
20057 5402 -1 11 -1 0.000021
21057 5402 -1 11 -1 0.000024
22057 5402 -1 11 -1 0.000023
23057 5402 -1 11 -1 0.000024
24057 5402 -1 11 -1 0.000020
25057 5402 -1 11 -1 0.000023
1058 5565 -1 11 -1 0.000020
2058 5565 -1 11 -1 0.000024
3058 5565 -1 11 -1 0.000024
4058 5565 -1 11 -1 0.000020
5058 5565 -1 11 -1 0.000023
6058 5565 -1 11 -1 0.000024
7058 5565 -1 11 -1 0.000024
8058 5565 -1 11 -1 0.000024
9058 5565 -1 11 -1 0.000024
10058 5565 -1 11 -1 0.000020
11058 5565 -1 11 -1 0.000020
12058 5565 -1 11 -1 0.000020
13058 5565 -1 11 -1 0.000019
14058 5565 -1 11 -1 0.000024
15058 5565 -1 11 -1 0.000021
16058 5565 -1 11 -1 0.000025
17058 5565 -1 11 -1 0.000020
18058 5565 -1 11 -1 0.000023
19058 5565 -1 11 -1 0.000022
20058 5565 -1 11 -1 0.000024
21058 5565 -1 11 -1 0.000020
22058 5565 -1 11 -1 0.000023
23058 5565 -1 11 -1 0.000024
24058 5565 -1 11 -1 0.000024
25058 5565 -1 11 -1 0.000023
1059 5844 -1 11 -1 0.000020
2059 5844 -1 11 -1 0.000020
3059 5844 -1 11 -1 0.000023
4059 5844 -1 11 -1 0.000023
5059 5844 -1 11 -1 0.000023
6059 5844 -1 11 -1 0.000020
7059 5844 -1 11 -1 0.000024
8059 5844 -1 11 -1 0.000020
9059 5844 -1 11 -1 0.000024
10059 5844 -1 11 -1 0.000023
11059 5844 -1 11 -1 0.000025
12059 5844 -1 11 -1 0.000020
13059 5844 -1 11 -1 0.000024
14059 5844 -1 11 -1 0.000022
15059 5844 -1 11 -1 0.000023
16059 5844 -1 11 -1 0.000020
17059 5844 -1 11 -1 0.000023
18059 5844 -1 11 -1 0.000023
19059 5844 -1 11 -1 0.000020
20059 5844 -1 11 -1 0.000020
21059 5844 -1 11 -1 0.000023
22059 5844 -1 11 -1 0.000024
23059 5844 -1 11 -1 0.000024
24059 5844 -1 11 -1 0.000023
25059 5844 -1 11 -1 0.000024
1060 6151 -1 12 -1 0.000028
2060 6151 -1 12 -1 0.000073
3060 6151 -1 12 -1 0.000020
4060 6151 -1 12 -1 0.000025
5060 6151 -1 12 -1 0.000021
6060 6151 -1 12 -1 0.000024
7060 6151 -1 12 -1 0.000021
8060 6151 -1 12 -1 0.000024
9060 6151 -1 12 -1 0.000025
10060 6151 -1 12 -1 0.000024
11060 6151 -1 12 -1 0.000022
12060 6151 -1 12 -1 0.000025
13060 6151 -1 12 -1 0.000020
14060 6151 -1 12 -1 0.000024
15060 6151 -1 12 -1 0.000021
16060 6151 -1 12 -1 0.000024
17060 6151 -1 12 -1 0.000025
18060 6151 -1 12 -1 0.000027
19060 6151 -1 12 -1 0.000024
20060 6151 -1 12 -1 0.000025
21060 6151 -1 12 -1 0.000024
22060 6151 -1 12 -1 0.000021
23060 6151 -1 12 -1 0.000025
24060 6151 -1 12 -1 0.000026
25060 6151 -1 12 -1 0.000022
1061 5236 -1 11 -1 0.000025
2061 5236 -1 11 -1 0.000024
3061 5236 -1 11 -1 0.000024
4061 5236 -1 11 -1 0.000024
5061 5236 -1 11 -1 0.000024
6061 5236 -1 11 -1 0.000025
7061 5236 -1 11 -1 0.000024
8061 5236 -1 11 -1 0.000025
9061 5236 -1 11 -1 0.000021
10061 5236 -1 11 -1 0.000025
11061 5236 -1 11 -1 0.000031
12061 5236 -1 11 -1 0.000025
13061 5236 -1 11 -1 0.000023
14061 5236 -1 11 -1 0.000024
15061 5236 -1 11 -1 0.000024
16061 5236 -1 11 -1 0.000024
17061 5236 -1 11 -1 0.000020
18061 5236 -1 11 -1 0.000024
19061 5236 -1 11 -1 0.000023
20061 5236 -1 11 -1 0.000024
21061 5236 -1 11 -1 0.000024
22061 5236 -1 11 -1 0.000024
23061 5236 -1 11 -1 0.000023
24061 5236 -1 11 -1 0.000023
25061 5236 -1 11 -1 0.000024
1062 3836 -1 11 -1 0.000020
2062 3836 -1 11 -1 0.000021
3062 3836 -1 11 -1 0.000023
4062 3836 -1 11 -1 0.000024
5062 3836 -1 11 -1 0.000021
6062 3836 -1 11 -1 0.000020
7062 3836 -1 11 -1 0.000020
8062 3836 -1 11 -1 0.000023
9062 3836 -1 11 -1 0.000020
10062 3836 -1 11 -1 0.000023
11062 3836 -1 11 -1 0.000024
12062 3836 -1 11 -1 0.000020
13062 3836 -1 11 -1 0.000025
14062 3836 -1 11 -1 0.000020
15062 3836 -1 11 -1 0.000020
16062 3836 -1 11 -1 0.000020
17062 3836 -1 11 -1 0.000023
18062 3836 -1 11 -1 0.000022
19062 3836 -1 11 -1 0.000021
20062 3836 -1 11 -1 0.000020
21062 3836 -1 11 -1 0.000022
22062 3836 -1 11 -1 0.000021
23062 3836 -1 11 -1 0.000024
24062 3836 -1 11 -1 0.000020
25062 3836 -1 11 -1 0.000020
1063 5062 -1 11 -1 0.000023
2063 5062 -1 11 -1 0.000024
3063 5062 -1 11 -1 0.000023
4063 5062 -1 11 -1 0.000024
5063 5062 -1 11 -1 0.000025
6063 5062 -1 11 -1 0.000020
7063 5062 -1 11 -1 0.000023
8063 5062 -1 11 -1 0.000020
9063 5062 -1 11 -1 0.000023
10063 5062 -1 11 -1 0.000025
11063 5062 -1 11 -1 0.000022
12063 5062 -1 11 -1 0.000024
13063 5062 -1 11 -1 0.000025
14063 5062 -1 11 -1 0.000019
15063 5062 -1 11 -1 0.000023
16063 5062 -1 11 -1 0.000022
17063 5062 -1 11 -1 0.000020
18063 5062 -1 11 -1 0.000020
19063 5062 -1 11 -1 0.000024
20063 5062 -1 11 -1 0.000026
21063 5062 -1 11 -1 0.000025
22063 5062 -1 11 -1 0.000049
23063 5062 -1 11 -1 0.000037
24063 5062 -1 11 -1 0.000037
25063 5062 -1 11 -1 0.000022
1064 5800 -1 11 -1 0.000022
2064 5800 -1 11 -1 0.000022
3064 5800 -1 11 -1 0.000039
4064 5800 -1 11 -1 0.000026
5064 5800 -1 11 -1 0.000024
6064 5800 -1 11 -1 0.000025
7064 5800 -1 11 -1 0.000024
8064 5800 -1 11 -1 0.000024
9064 5800 -1 11 -1 0.000024
10064 5800 -1 11 -1 0.000025
11064 5800 -1 11 -1 0.000025
12064 5800 -1 11 -1 0.000027
13064 5800 -1 11 -1 0.000024
14064 5800 -1 11 -1 0.000023
15064 5800 -1 11 -1 0.000020
16064 5800 -1 11 -1 0.000024
17064 5800 -1 11 -1 0.000024
18064 5800 -1 11 -1 0.000026
19064 5800 -1 11 -1 0.000025
20064 5800 -1 11 -1 0.000026
21064 5800 -1 11 -1 0.000020
22064 5800 -1 11 -1 0.000021
23064 5800 -1 11 -1 0.000024
24064 5800 -1 11 -1 0.000024
25064 5800 -1 11 -1 0.000024
1065 4871 -1 11 -1 0.000025
2065 4871 -1 11 -1 0.000020
3065 4871 -1 11 -1 0.000024
4065 4871 -1 11 -1 0.000023
5065 4871 -1 11 -1 0.000020
6065 4871 -1 11 -1 0.000020
7065 4871 -1 11 -1 0.000025
8065 4871 -1 11 -1 0.000025
9065 4871 -1 11 -1 0.000023
10065 4871 -1 11 -1 0.000026
11065 4871 -1 11 -1 0.000021
12065 4871 -1 11 -1 0.000023
13065 4871 -1 11 -1 0.000025
14065 4871 -1 11 -1 0.000024
15065 4871 -1 11 -1 0.000024
16065 4871 -1 11 -1 0.000025
17065 4871 -1 11 -1 0.000023
18065 4871 -1 11 -1 0.000024
19065 4871 -1 11 -1 0.000024
20065 4871 -1 11 -1 0.000041
21065 4871 -1 11 -1 0.000031
22065 4871 -1 11 -1 0.000041
23065 4871 -1 11 -1 0.000041
24065 4871 -1 11 -1 0.000035
25065 4871 -1 11 -1 0.000021
1066 5222 -1 11 -1 0.000024
2066 5222 -1 11 -1 0.000020
3066 5222 -1 11 -1 0.000021
4066 5222 -1 11 -1 0.000020
5066 5222 -1 11 -1 0.000025
6066 5222 -1 11 -1 0.000021
7066 5222 -1 11 -1 0.000025
8066 5222 -1 11 -1 0.000025
9066 5222 -1 11 -1 0.000021
10066 5222 -1 11 -1 0.000020
11066 5222 -1 11 -1 0.000024
12066 5222 -1 11 -1 0.000020
13066 5222 -1 11 -1 0.000023
14066 5222 -1 11 -1 0.000020
15066 5222 -1 11 -1 0.000024
16066 5222 -1 11 -1 0.000021
17066 5222 -1 11 -1 0.000024
18066 5222 -1 11 -1 0.000020
19066 5222 -1 11 -1 0.000020
20066 5222 -1 11 -1 0.000024
21066 5222 -1 11 -1 0.000019
22066 5222 -1 11 -1 0.000019
23066 5222 -1 11 -1 0.000023
24066 5222 -1 11 -1 0.000020
25066 5222 -1 11 -1 0.000024
1067 6470 -1 11 -1 0.000021
2067 6470 -1 11 -1 0.000028
3067 6470 -1 11 -1 0.000025
4067 6470 -1 11 -1 0.000025
5067 6470 -1 11 -1 0.000024
6067 6470 -1 11 -1 0.000025
7067 6470 -1 11 -1 0.000025
8067 6470 -1 11 -1 0.000024
9067 6470 -1 11 -1 0.000024
10067 6470 -1 11 -1 0.000023
11067 6470 -1 11 -1 0.000037
12067 6470 -1 11 -1 0.000036
13067 6470 -1 11 -1 0.000026
14067 6470 -1 11 -1 0.000043
15067 6470 -1 11 -1 0.000049
16067 6470 -1 11 -1 0.000027
17067 6470 -1 11 -1 0.000046
18067 6470 -1 11 -1 0.000035
19067 6470 -1 11 -1 0.000039
20067 6470 -1 11 -1 0.000036
21067 6470 -1 11 -1 0.000037
22067 6470 -1 11 -1 0.000039
23067 6470 -1 11 -1 0.000037
24067 6470 -1 11 -1 0.000034
25067 6470 -1 11 -1 0.000033
1068 4946 -1 10 -1 0.000035
2068 4946 -1 10 -1 0.000033
3068 4946 -1 10 -1 0.000034
4068 4946 -1 10 -1 0.000042
5068 4946 -1 10 -1 0.000033
6068 4946 -1 10 -1 0.000033
7068 4946 -1 10 -1 0.000033
8068 4946 -1 10 -1 0.000033
9068 4946 -1 10 -1 0.000037
10068 4946 -1 10 -1 0.000033
11068 4946 -1 10 -1 0.000033
12068 4946 -1 10 -1 0.000033
13068 4946 -1 10 -1 0.000033
14068 4946 -1 10 -1 0.000033
15068 4946 -1 10 -1 0.000060
16068 4946 -1 10 -1 0.000037
17068 4946 -1 10 -1 0.000038
18068 4946 -1 10 -1 0.000025
19068 4946 -1 10 -1 0.000027
20068 4946 -1 10 -1 0.000030
21068 4946 -1 10 -1 0.000031
22068 4946 -1 10 -1 0.000024
23068 4946 -1 10 -1 0.000023
24068 4946 -1 10 -1 0.000023
25068 4946 -1 10 -1 0.000023
1069 4825 -1 11 -1 0.000025
2069 4825 -1 11 -1 0.000025
3069 4825 -1 11 -1 0.000031
4069 4825 -1 11 -1 0.000034
5069 4825 -1 11 -1 0.000034
6069 4825 -1 11 -1 0.000039
7069 4825 -1 11 -1 0.000034
8069 4825 -1 11 -1 0.000035
9069 4825 -1 11 -1 0.000035
10069 4825 -1 11 -1 0.000026
11069 4825 -1 11 -1 0.000025
12069 4825 -1 11 -1 0.000027
13069 4825 -1 11 -1 0.000028
14069 4825 -1 11 -1 0.000030
15069 4825 -1 11 -1 0.000027
16069 4825 -1 11 -1 0.000024
17069 4825 -1 11 -1 0.000021
18069 4825 -1 11 -1 0.000021
19069 4825 -1 11 -1 0.000023
20069 4825 -1 11 -1 0.000023
21069 4825 -1 11 -1 0.000025
22069 4825 -1 11 -1 0.000022
23069 4825 -1 11 -1 0.000026
24069 4825 -1 11 -1 0.000023
25069 4825 -1 11 -1 0.000023
1070 4816 -1 11 -1 0.000025
2070 4816 -1 11 -1 0.000022
3070 4816 -1 11 -1 0.000025
4070 4816 -1 11 -1 0.000025
5070 4816 -1 11 -1 0.000024
6070 4816 -1 11 -1 0.000025
7070 4816 -1 11 -1 0.000023
8070 4816 -1 11 -1 0.000026
9070 4816 -1 11 -1 0.000022
10070 4816 -1 11 -1 0.000020
11070 4816 -1 11 -1 0.000022
12070 4816 -1 11 -1 0.000021
13070 4816 -1 11 -1 0.000021
14070 4816 -1 11 -1 0.000025
15070 4816 -1 11 -1 0.000021
16070 4816 -1 11 -1 0.000020
17070 4816 -1 11 -1 0.000021
18070 4816 -1 11 -1 0.000024
19070 4816 -1 11 -1 0.000025
20070 4816 -1 11 -1 0.000023
21070 4816 -1 11 -1 0.000022
22070 4816 -1 11 -1 0.000020
23070 4816 -1 11 -1 0.000024
24070 4816 -1 11 -1 0.000025
25070 4816 -1 11 -1 0.000021
1071 4608 -1 11 -1 0.000024
2071 4608 -1 11 -1 0.000025
3071 4608 -1 11 -1 0.000025
4071 4608 -1 11 -1 0.000023
5071 4608 -1 11 -1 0.000023
6071 4608 -1 11 -1 0.000020
7071 4608 -1 11 -1 0.000024
8071 4608 -1 11 -1 0.000022
9071 4608 -1 11 -1 0.000022
10071 4608 -1 11 -1 0.000039
11071 4608 -1 11 -1 0.000027
12071 4608 -1 11 -1 0.000024
13071 4608 -1 11 -1 0.000028
14071 4608 -1 11 -1 0.000033
15071 4608 -1 11 -1 0.000033
16071 4608 -1 11 -1 0.000035
17071 4608 -1 11 -1 0.000025
18071 4608 -1 11 -1 0.000025
19071 4608 -1 11 -1 0.000021
20071 4608 -1 11 -1 0.000019
21071 4608 -1 11 -1 0.000024
22071 4608 -1 11 -1 0.000024
23071 4608 -1 11 -1 0.000024
24071 4608 -1 11 -1 0.000026
25071 4608 -1 11 -1 0.000020
1072 4377 -1 11 -1 0.000023
2072 4377 -1 11 -1 0.000022
3072 4377 -1 11 -1 0.000021
4072 4377 -1 11 -1 0.000024
5072 4377 -1 11 -1 0.000023
6072 4377 -1 11 -1 0.000024
7072 4377 -1 11 -1 0.000025
8072 4377 -1 11 -1 0.000025
9072 4377 -1 11 -1 0.000020
10072 4377 -1 11 -1 0.000020
11072 4377 -1 11 -1 0.000024
12072 4377 -1 11 -1 0.000023
13072 4377 -1 11 -1 0.000024
14072 4377 -1 11 -1 0.000020
15072 4377 -1 11 -1 0.000021
16072 4377 -1 11 -1 0.000023
17072 4377 -1 11 -1 0.000023
18072 4377 -1 11 -1 0.000020
19072 4377 -1 11 -1 0.000023
20072 4377 -1 11 -1 0.000025
21072 4377 -1 11 -1 0.000024
22072 4377 -1 11 -1 0.000021
23072 4377 -1 11 -1 0.000020
24072 4377 -1 11 -1 0.000024
25072 4377 -1 11 -1 0.000025
1073 4137 -1 11 -1 0.000025
2073 4137 -1 11 -1 0.000020
3073 4137 -1 11 -1 0.000019
4073 4137 -1 11 -1 0.000020
5073 4137 -1 11 -1 0.000023
6073 4137 -1 11 -1 0.000020
7073 4137 -1 11 -1 0.000026
8073 4137 -1 11 -1 0.000021
9073 4137 -1 11 -1 0.000024
10073 4137 -1 11 -1 0.000025
11073 4137 -1 11 -1 0.000018
12073 4137 -1 11 -1 0.000021
13073 4137 -1 11 -1 0.000024
14073 4137 -1 11 -1 0.000020
15073 4137 -1 11 -1 0.000024
16073 4137 -1 11 -1 0.000024
17073 4137 -1 11 -1 0.000024
18073 4137 -1 11 -1 0.000024
19073 4137 -1 11 -1 0.000041
20073 4137 -1 11 -1 0.000060
21073 4137 -1 11 -1 0.000043
22073 4137 -1 11 -1 0.000035
23073 4137 -1 11 -1 0.000027
24073 4137 -1 11 -1 0.000040
25073 4137 -1 11 -1 0.000067
1074 4624 -1 11 -1 0.000061
2074 4624 -1 11 -1 0.000036
3074 4624 -1 11 -1 0.000044
4074 4624 -1 11 -1 0.000042
5074 4624 -1 11 -1 0.000036
6074 4624 -1 11 -1 0.000039
7074 4624 -1 11 -1 0.000035
8074 4624 -1 11 -1 0.000053
9074 4624 -1 11 -1 0.000042
10074 4624 -1 11 -1 0.000034
11074 4624 -1 11 -1 0.000029
12074 4624 -1 11 -1 0.000033
13074 4624 -1 11 -1 0.000032
14074 4624 -1 11 -1 0.000034
15074 4624 -1 11 -1 0.000026
16074 4624 -1 11 -1 0.000051
17074 4624 -1 11 -1 0.000034
18074 4624 -1 11 -1 0.000031
19074 4624 -1 11 -1 0.000056
20074 4624 -1 11 -1 0.000034
21074 4624 -1 11 -1 0.000036
22074 4624 -1 11 -1 0.000032
23074 4624 -1 11 -1 0.000027
24074 4624 -1 11 -1 0.000041
25074 4624 -1 11 -1 0.000033
1075 4713 -1 10 -1 0.000033
2075 4713 -1 10 -1 0.000030
3075 4713 -1 10 -1 0.000036
4075 4713 -1 10 -1 0.000028
5075 4713 -1 10 -1 0.000029
6075 4713 -1 10 -1 0.000054
7075 4713 -1 10 -1 0.000026
8075 4713 -1 10 -1 0.000023
9075 4713 -1 10 -1 0.000022
10075 4713 -1 10 -1 0.000024
11075 4713 -1 10 -1 0.000024
12075 4713 -1 10 -1 0.000023
13075 4713 -1 10 -1 0.000024
14075 4713 -1 10 -1 0.000024
15075 4713 -1 10 -1 0.000024
16075 4713 -1 10 -1 0.000024
17075 4713 -1 10 -1 0.000024
18075 4713 -1 10 -1 0.000021
19075 4713 -1 10 -1 0.000019
20075 4713 -1 10 -1 0.000025
21075 4713 -1 10 -1 0.000025
22075 4713 -1 10 -1 0.000027
23075 4713 -1 10 -1 0.000022
24075 4713 -1 10 -1 0.000024
25075 4713 -1 10 -1 0.000023
1076 5526 -1 11 -1 0.000044
2076 5526 -1 11 -1 0.000035
3076 5526 -1 11 -1 0.000026
4076 5526 -1 11 -1 0.000024
5076 5526 -1 11 -1 0.000024
6076 5526 -1 11 -1 0.000024
7076 5526 -1 11 -1 0.000025
8076 5526 -1 11 -1 0.000025
9076 5526 -1 11 -1 0.000025
10076 5526 -1 11 -1 0.000027
11076 5526 -1 11 -1 0.000029
12076 5526 -1 11 -1 0.000023
13076 5526 -1 11 -1 0.000030
14076 5526 -1 11 -1 0.000034
15076 5526 -1 11 -1 0.000021
16076 5526 -1 11 -1 0.000024
17076 5526 -1 11 -1 0.000025
18076 5526 -1 11 -1 0.000025
19076 5526 -1 11 -1 0.000026
20076 5526 -1 11 -1 0.000029
21076 5526 -1 11 -1 0.000027
22076 5526 -1 11 -1 0.000024
23076 5526 -1 11 -1 0.000023
24076 5526 -1 11 -1 0.000029
25076 5526 -1 11 -1 0.000026
1077 5686 -1 11 -1 0.000031
2077 5686 -1 11 -1 0.000032
3077 5686 -1 11 -1 0.000019
4077 5686 -1 11 -1 0.000039
5077 5686 -1 11 -1 0.000037
6077 5686 -1 11 -1 0.000033
7077 5686 -1 11 -1 0.000032
8077 5686 -1 11 -1 0.000034
9077 5686 -1 11 -1 0.000033
10077 5686 -1 11 -1 0.000036
11077 5686 -1 11 -1 0.000033
12077 5686 -1 11 -1 0.000032
13077 5686 -1 11 -1 0.000035
14077 5686 -1 11 -1 0.000032
15077 5686 -1 11 -1 0.000034
16077 5686 -1 11 -1 0.000032
17077 5686 -1 11 -1 0.000034
18077 5686 -1 11 -1 0.000034
19077 5686 -1 11 -1 0.000034
20077 5686 -1 11 -1 0.000033
21077 5686 -1 11 -1 0.000032
22077 5686 -1 11 -1 0.000032
23077 5686 -1 11 -1 0.000032
24077 5686 -1 11 -1 0.000033
25077 5686 -1 11 -1 0.000032
1078 4194 -1 11 -1 0.000033
2078 4194 -1 11 -1 0.000035
3078 4194 -1 11 -1 0.000034
4078 4194 -1 11 -1 0.000033
5078 4194 -1 11 -1 0.000035
6078 4194 -1 11 -1 0.000033
7078 4194 -1 11 -1 0.000034
8078 4194 -1 11 -1 0.000033
9078 4194 -1 11 -1 0.000033
10078 4194 -1 11 -1 0.000033
11078 4194 -1 11 -1 0.000034
12078 4194 -1 11 -1 0.000034
13078 4194 -1 11 -1 0.000034
14078 4194 -1 11 -1 0.000032
15078 4194 -1 11 -1 0.000031
16078 4194 -1 11 -1 0.000033
17078 4194 -1 11 -1 0.000033
18078 4194 -1 11 -1 0.000033
19078 4194 -1 11 -1 0.000032
20078 4194 -1 11 -1 0.000033
21078 4194 -1 11 -1 0.000032
22078 4194 -1 11 -1 0.000032
23078 4194 -1 11 -1 0.000033
24078 4194 -1 11 -1 0.000034
25078 4194 -1 11 -1 0.000033
1079 6441 -1 11 -1 0.000033
2079 6441 -1 11 -1 0.000033
3079 6441 -1 11 -1 0.000032
4079 6441 -1 11 -1 0.000033
5079 6441 -1 11 -1 0.000034
6079 6441 -1 11 -1 0.000032
7079 6441 -1 11 -1 0.000032
8079 6441 -1 11 -1 0.000034
9079 6441 -1 11 -1 0.000032
10079 6441 -1 11 -1 0.000032
11079 6441 -1 11 -1 0.000032
12079 6441 -1 11 -1 0.000034
13079 6441 -1 11 -1 0.000032
14079 6441 -1 11 -1 0.000034
15079 6441 -1 11 -1 0.000032
16079 6441 -1 11 -1 0.000032
17079 6441 -1 11 -1 0.000032
18079 6441 -1 11 -1 0.000033
19079 6441 -1 11 -1 0.000032
20079 6441 -1 11 -1 0.000033
21079 6441 -1 11 -1 0.000033
22079 6441 -1 11 -1 0.000033
23079 6441 -1 11 -1 0.000033
24079 6441 -1 11 -1 0.000032
25079 6441 -1 11 -1 0.000032
1080 4098 -1 11 -1 0.000033
2080 4098 -1 11 -1 0.000034
3080 4098 -1 11 -1 0.000032
4080 4098 -1 11 -1 0.000032
5080 4098 -1 11 -1 0.000032
6080 4098 -1 11 -1 0.000034
7080 4098 -1 11 -1 0.000032
8080 4098 -1 11 -1 0.000033
9080 4098 -1 11 -1 0.000032
10080 4098 -1 11 -1 0.000032
11080 4098 -1 11 -1 0.000034
12080 4098 -1 11 -1 0.000032
13080 4098 -1 11 -1 0.000032
14080 4098 -1 11 -1 0.000034
15080 4098 -1 11 -1 0.000032
16080 4098 -1 11 -1 0.000032
17080 4098 -1 11 -1 0.000032
18080 4098 -1 11 -1 0.000032
19080 4098 -1 11 -1 0.000032
20080 4098 -1 11 -1 0.000033
21080 4098 -1 11 -1 0.000032
22080 4098 -1 11 -1 0.000032
23080 4098 -1 11 -1 0.000032
24080 4098 -1 11 -1 0.000032
25080 4098 -1 11 -1 0.000032
1081 4301 -1 11 -1 0.000032
2081 4301 -1 11 -1 0.000032
3081 4301 -1 11 -1 0.000032
4081 4301 -1 11 -1 0.000032
5081 4301 -1 11 -1 0.000034
6081 4301 -1 11 -1 0.000032
7081 4301 -1 11 -1 0.000032
8081 4301 -1 11 -1 0.000032
9081 4301 -1 11 -1 0.000034
10081 4301 -1 11 -1 0.000033
11081 4301 -1 11 -1 0.000035
12081 4301 -1 11 -1 0.000033
13081 4301 -1 11 -1 0.000036
14081 4301 -1 11 -1 0.000033
15081 4301 -1 11 -1 0.000034
16081 4301 -1 11 -1 0.000032
17081 4301 -1 11 -1 0.000035
18081 4301 -1 11 -1 0.000032
19081 4301 -1 11 -1 0.000033
20081 4301 -1 11 -1 0.000032
21081 4301 -1 11 -1 0.000031
22081 4301 -1 11 -1 0.000032
23081 4301 -1 11 -1 0.000032
24081 4301 -1 11 -1 0.000032
25081 4301 -1 11 -1 0.000033
1082 4654 -1 10 -1 0.000035
2082 4654 -1 10 -1 0.000034
3082 4654 -1 10 -1 0.000032
4082 4654 -1 10 -1 0.000032
5082 4654 -1 10 -1 0.000033
6082 4654 -1 10 -1 0.000033
7082 4654 -1 10 -1 0.000032
8082 4654 -1 10 -1 0.000032
9082 4654 -1 10 -1 0.000033
10082 4654 -1 10 -1 0.000035
11082 4654 -1 10 -1 0.000034
12082 4654 -1 10 -1 0.000033
13082 4654 -1 10 -1 0.000032
14082 4654 -1 10 -1 0.000032
15082 4654 -1 10 -1 0.000033
16082 4654 -1 10 -1 0.000033
17082 4654 -1 10 -1 0.000032
18082 4654 -1 10 -1 0.000032
19082 4654 -1 10 -1 0.000031
20082 4654 -1 10 -1 0.000032
21082 4654 -1 10 -1 0.000032
22082 4654 -1 10 -1 0.000032
23082 4654 -1 10 -1 0.000034
24082 4654 -1 10 -1 0.000032
25082 4654 -1 10 -1 0.000031
1083 3616 -1 11 -1 0.000033
2083 3616 -1 11 -1 0.000032
3083 3616 -1 11 -1 0.000033
4083 3616 -1 11 -1 0.000037
5083 3616 -1 11 -1 0.000038
6083 3616 -1 11 -1 0.000037
7083 3616 -1 11 -1 0.000036
8083 3616 -1 11 -1 0.000035
9083 3616 -1 11 -1 0.000035
10083 3616 -1 11 -1 0.000035
11083 3616 -1 11 -1 0.000033
12083 3616 -1 11 -1 0.000033
13083 3616 -1 11 -1 0.000081
14083 3616 -1 11 -1 0.000034
15083 3616 -1 11 -1 0.000033
16083 3616 -1 11 -1 0.000033
17083 3616 -1 11 -1 0.000033
18083 3616 -1 11 -1 0.000033
19083 3616 -1 11 -1 0.000033
20083 3616 -1 11 -1 0.000033
21083 3616 -1 11 -1 0.000033
22083 3616 -1 11 -1 0.000035
23083 3616 -1 11 -1 0.000034
24083 3616 -1 11 -1 0.000030
25083 3616 -1 11 -1 0.000034
1084 6684 -1 11 -1 0.000034
2084 6684 -1 11 -1 0.000039
3084 6684 -1 11 -1 0.000034
4084 6684 -1 11 -1 0.000034
5084 6684 -1 11 -1 0.000021
6084 6684 -1 11 -1 0.000042
7084 6684 -1 11 -1 0.000042
8084 6684 -1 11 -1 0.000035
9084 6684 -1 11 -1 0.000034
10084 6684 -1 11 -1 0.000033
11084 6684 -1 11 -1 0.000036
12084 6684 -1 11 -1 0.000033
13084 6684 -1 11 -1 0.000035
14084 6684 -1 11 -1 0.000033
15084 6684 -1 11 -1 0.000036
16084 6684 -1 11 -1 0.000034
17084 6684 -1 11 -1 0.000034
18084 6684 -1 11 -1 0.000034
19084 6684 -1 11 -1 0.000043
20084 6684 -1 11 -1 0.000038
21084 6684 -1 11 -1 0.000033
22084 6684 -1 11 -1 0.000034
23084 6684 -1 11 -1 0.000033
24084 6684 -1 11 -1 0.000033
25084 6684 -1 11 -1 0.000034
1085 4229 -1 10 -1 0.000032
2085 4229 -1 10 -1 0.000031
3085 4229 -1 10 -1 0.000032
4085 4229 -1 10 -1 0.000032
5085 4229 -1 10 -1 0.000031
6085 4229 -1 10 -1 0.000033
7085 4229 -1 10 -1 0.000033
8085 4229 -1 10 -1 0.000036
9085 4229 -1 10 -1 0.000032
10085 4229 -1 10 -1 0.000032
11085 4229 -1 10 -1 0.000032
12085 4229 -1 10 -1 0.000032
13085 4229 -1 10 -1 0.000032
14085 4229 -1 10 -1 0.000032
15085 4229 -1 10 -1 0.000033
16085 4229 -1 10 -1 0.000035
17085 4229 -1 10 -1 0.000035
18085 4229 -1 10 -1 0.000032
19085 4229 -1 10 -1 0.000032
20085 4229 -1 10 -1 0.000032
21085 4229 -1 10 -1 0.000031
22085 4229 -1 10 -1 0.000033
23085 4229 -1 10 -1 0.000036
24085 4229 -1 10 -1 0.000032
25085 4229 -1 10 -1 0.000034
1086 4059 -1 11 -1 0.000032
2086 4059 -1 11 -1 0.000032
3086 4059 -1 11 -1 0.000033
4086 4059 -1 11 -1 0.000032
5086 4059 -1 11 -1 0.000033
6086 4059 -1 11 -1 0.000035
7086 4059 -1 11 -1 0.000033
8086 4059 -1 11 -1 0.000033
9086 4059 -1 11 -1 0.000034
10086 4059 -1 11 -1 0.000035
11086 4059 -1 11 -1 0.000032
12086 4059 -1 11 -1 0.000034
13086 4059 -1 11 -1 0.000036
14086 4059 -1 11 -1 0.000034
15086 4059 -1 11 -1 0.000034
16086 4059 -1 11 -1 0.000033
17086 4059 -1 11 -1 0.000032
18086 4059 -1 11 -1 0.000032
19086 4059 -1 11 -1 0.000032
20086 4059 -1 11 -1 0.000036
21086 4059 -1 11 -1 0.000035
22086 4059 -1 11 -1 0.000030
23086 4059 -1 11 -1 0.000035
24086 4059 -1 11 -1 0.000042
25086 4059 -1 11 -1 0.000025
1087 3997 -1 11 -1 0.000022
2087 3997 -1 11 -1 0.000024
3087 3997 -1 11 -1 0.000025
4087 3997 -1 11 -1 0.000022
5087 3997 -1 11 -1 0.000020
6087 3997 -1 11 -1 0.000021
7087 3997 -1 11 -1 0.000024
8087 3997 -1 11 -1 0.000020
9087 3997 -1 11 -1 0.000024
10087 3997 -1 11 -1 0.000025
11087 3997 -1 11 -1 0.000025
12087 3997 -1 11 -1 0.000020
13087 3997 -1 11 -1 0.000024
14087 3997 -1 11 -1 0.000024
15087 3997 -1 11 -1 0.000020
16087 3997 -1 11 -1 0.000020
17087 3997 -1 11 -1 0.000024
18087 3997 -1 11 -1 0.000020
19087 3997 -1 11 -1 0.000019
20087 3997 -1 11 -1 0.000025
21087 3997 -1 11 -1 0.000020
22087 3997 -1 11 -1 0.000020
23087 3997 -1 11 -1 0.000020
24087 3997 -1 11 -1 0.000019
25087 3997 -1 11 -1 0.000020
1088 4706 -1 10 -1 0.000019
2088 4706 -1 10 -1 0.000027
3088 4706 -1 10 -1 0.000025
4088 4706 -1 10 -1 0.000025
5088 4706 -1 10 -1 0.000026
6088 4706 -1 10 -1 0.000025
7088 4706 -1 10 -1 0.000023
8088 4706 -1 10 -1 0.000019
9088 4706 -1 10 -1 0.000019
10088 4706 -1 10 -1 0.000020
11088 4706 -1 10 -1 0.000019
12088 4706 -1 10 -1 0.000019
13088 4706 -1 10 -1 0.000026
14088 4706 -1 10 -1 0.000023
15088 4706 -1 10 -1 0.000019
16088 4706 -1 10 -1 0.000019
17088 4706 -1 10 -1 0.000024
18088 4706 -1 10 -1 0.000020
19088 4706 -1 10 -1 0.000019
20088 4706 -1 10 -1 0.000020
21088 4706 -1 10 -1 0.000019
22088 4706 -1 10 -1 0.000024
23088 4706 -1 10 -1 0.000025
24088 4706 -1 10 -1 0.000023
25088 4706 -1 10 -1 0.000020
1089 3179 -1 11 -1 0.000020
2089 3179 -1 11 -1 0.000024
3089 3179 -1 11 -1 0.000020
4089 3179 -1 11 -1 0.000019
5089 3179 -1 11 -1 0.000068
6089 3179 -1 11 -1 0.000036
7089 3179 -1 11 -1 0.000034
8089 3179 -1 11 -1 0.000039
9089 3179 -1 11 -1 0.000036
10089 3179 -1 11 -1 0.000035
11089 3179 -1 11 -1 0.000033
12089 3179 -1 11 -1 0.000035
13089 3179 -1 11 -1 0.000035
14089 3179 -1 11 -1 0.000034
15089 3179 -1 11 -1 0.000035
16089 3179 -1 11 -1 0.000033
17089 3179 -1 11 -1 0.000034
18089 3179 -1 11 -1 0.000034
19089 3179 -1 11 -1 0.000034
20089 3179 -1 11 -1 0.000035
21089 3179 -1 11 -1 0.000041
22089 3179 -1 11 -1 0.000032
23089 3179 -1 11 -1 0.000031
24089 3179 -1 11 -1 0.000020
25089 3179 -1 11 -1 0.000027
1090 6548 -1 11 -1 0.000038
2090 6548 -1 11 -1 0.000047
3090 6548 -1 11 -1 0.000031
4090 6548 -1 11 -1 0.000024
5090 6548 -1 11 -1 0.000021
6090 6548 -1 11 -1 0.000027
7090 6548 -1 11 -1 0.000033
8090 6548 -1 11 -1 0.000026
9090 6548 -1 11 -1 0.000028
10090 6548 -1 11 -1 0.000025
11090 6548 -1 11 -1 0.000025
12090 6548 -1 11 -1 0.000030
13090 6548 -1 11 -1 0.000029
14090 6548 -1 11 -1 0.000027
15090 6548 -1 11 -1 0.000029
16090 6548 -1 11 -1 0.000035
17090 6548 -1 11 -1 0.000030
18090 6548 -1 11 -1 0.000030
19090 6548 -1 11 -1 0.000031
20090 6548 -1 11 -1 0.000026
21090 6548 -1 11 -1 0.000020
22090 6548 -1 11 -1 0.000025
23090 6548 -1 11 -1 0.000024
24090 6548 -1 11 -1 0.000024
25090 6548 -1 11 -1 0.000025
1091 6081 -1 11 -1 0.000026
2091 6081 -1 11 -1 0.000023
3091 6081 -1 11 -1 0.000024
4091 6081 -1 11 -1 0.000021
5091 6081 -1 11 -1 0.000022
6091 6081 -1 11 -1 0.000024
7091 6081 -1 11 -1 0.000022
8091 6081 -1 11 -1 0.000027
9091 6081 -1 11 -1 0.000024
10091 6081 -1 11 -1 0.000024
11091 6081 -1 11 -1 0.000024
12091 6081 -1 11 -1 0.000025
13091 6081 -1 11 -1 0.000024
14091 6081 -1 11 -1 0.000025
15091 6081 -1 11 -1 0.000025
16091 6081 -1 11 -1 0.000028
17091 6081 -1 11 -1 0.000040
18091 6081 -1 11 -1 0.000028
19091 6081 -1 11 -1 0.000027
20091 6081 -1 11 -1 0.000033
21091 6081 -1 11 -1 0.000035
22091 6081 -1 11 -1 0.000028
23091 6081 -1 11 -1 0.000022
24091 6081 -1 11 -1 0.000031
25091 6081 -1 11 -1 0.000029
1092 6380 -1 11 -1 0.000028
2092 6380 -1 11 -1 0.000024
3092 6380 -1 11 -1 0.000023
4092 6380 -1 11 -1 0.000023
5092 6380 -1 11 -1 0.000051
6092 6380 -1 11 -1 0.000026
7092 6380 -1 11 -1 0.000029
8092 6380 -1 11 -1 0.000026
9092 6380 -1 11 -1 0.000020
10092 6380 -1 11 -1 0.000024
11092 6380 -1 11 -1 0.000026
12092 6380 -1 11 -1 0.000021
13092 6380 -1 11 -1 0.000025
14092 6380 -1 11 -1 0.000023
15092 6380 -1 11 -1 0.000024
16092 6380 -1 11 -1 0.000025
17092 6380 -1 11 -1 0.000022
18092 6380 -1 11 -1 0.000023
19092 6380 -1 11 -1 0.000024
20092 6380 -1 11 -1 0.000029
21092 6380 -1 11 -1 0.000021
22092 6380 -1 11 -1 0.000022
23092 6380 -1 11 -1 0.000021
24092 6380 -1 11 -1 0.000023
25092 6380 -1 11 -1 0.000024
1093 5177 -1 10 -1 0.000025
2093 5177 -1 10 -1 0.000024
3093 5177 -1 10 -1 0.000023
4093 5177 -1 10 -1 0.000024
5093 5177 -1 10 -1 0.000024
6093 5177 -1 10 -1 0.000020
7093 5177 -1 10 -1 0.000025
8093 5177 -1 10 -1 0.000021
9093 5177 -1 10 -1 0.000021
10093 5177 -1 10 -1 0.000019
11093 5177 -1 10 -1 0.000021
12093 5177 -1 10 -1 0.000024
13093 5177 -1 10 -1 0.000024
14093 5177 -1 10 -1 0.000023
15093 5177 -1 10 -1 0.000021
16093 5177 -1 10 -1 0.000026
17093 5177 -1 10 -1 0.000023
18093 5177 -1 10 -1 0.000020
19093 5177 -1 10 -1 0.000023
20093 5177 -1 10 -1 0.000024
21093 5177 -1 10 -1 0.000024
22093 5177 -1 10 -1 0.000024
23093 5177 -1 10 -1 0.000020
24093 5177 -1 10 -1 0.000023
25093 5177 -1 10 -1 0.000020
1094 5353 -1 10 -1 0.000024
2094 5353 -1 10 -1 0.000025
3094 5353 -1 10 -1 0.000021
4094 5353 -1 10 -1 0.000021
5094 5353 -1 10 -1 0.000024
6094 5353 -1 10 -1 0.000023
7094 5353 -1 10 -1 0.000023
8094 5353 -1 10 -1 0.000024
9094 5353 -1 10 -1 0.000022
10094 5353 -1 10 -1 0.000023
11094 5353 -1 10 -1 0.000023
12094 5353 -1 10 -1 0.000026
13094 5353 -1 10 -1 0.000024
14094 5353 -1 10 -1 0.000024
15094 5353 -1 10 -1 0.000025
16094 5353 -1 10 -1 0.000024
17094 5353 -1 10 -1 0.000024
18094 5353 -1 10 -1 0.000024
19094 5353 -1 10 -1 0.000023
20094 5353 -1 10 -1 0.000021
21094 5353 -1 10 -1 0.000023
22094 5353 -1 10 -1 0.000024
23094 5353 -1 10 -1 0.000020
24094 5353 -1 10 -1 0.000025
25094 5353 -1 10 -1 0.000020
1095 5522 -1 11 -1 0.000025
2095 5522 -1 11 -1 0.000020
3095 5522 -1 11 -1 0.000024
4095 5522 -1 11 -1 0.000024
5095 5522 -1 11 -1 0.000020
6095 5522 -1 11 -1 0.000023
7095 5522 -1 11 -1 0.000024
8095 5522 -1 11 -1 0.000024
9095 5522 -1 11 -1 0.000024
10095 5522 -1 11 -1 0.000025
11095 5522 -1 11 -1 0.000023
12095 5522 -1 11 -1 0.000020
13095 5522 -1 11 -1 0.000020
14095 5522 -1 11 -1 0.000023
15095 5522 -1 11 -1 0.000024
16095 5522 -1 11 -1 0.000024
17095 5522 -1 11 -1 0.000025
18095 5522 -1 11 -1 0.000022
19095 5522 -1 11 -1 0.000024
20095 5522 -1 11 -1 0.000024
21095 5522 -1 11 -1 0.000025
22095 5522 -1 11 -1 0.000024
23095 5522 -1 11 -1 0.000024
24095 5522 -1 11 -1 0.000023
25095 5522 -1 11 -1 0.000025
1096 5406 -1 11 -1 0.000025
2096 5406 -1 11 -1 0.000020
3096 5406 -1 11 -1 0.000023
4096 5406 -1 11 -1 0.000025
5096 5406 -1 11 -1 0.000021
6096 5406 -1 11 -1 0.000023
7096 5406 -1 11 -1 0.000024
8096 5406 -1 11 -1 0.000023
9096 5406 -1 11 -1 0.000024
10096 5406 -1 11 -1 0.000024
11096 5406 -1 11 -1 0.000024
12096 5406 -1 11 -1 0.000024
13096 5406 -1 11 -1 0.000024
14096 5406 -1 11 -1 0.000022
15096 5406 -1 11 -1 0.000020
16096 5406 -1 11 -1 0.000023
17096 5406 -1 11 -1 0.000024
18096 5406 -1 11 -1 0.000024
19096 5406 -1 11 -1 0.000022
20096 5406 -1 11 -1 0.000021
21096 5406 -1 11 -1 0.000023
22096 5406 -1 11 -1 0.000024
23096 5406 -1 11 -1 0.000024
24096 5406 -1 11 -1 0.000023
25096 5406 -1 11 -1 0.000023
1097 4695 -1 11 -1 0.000024
2097 4695 -1 11 -1 0.000021
3097 4695 -1 11 -1 0.000020
4097 4695 -1 11 -1 0.000023
5097 4695 -1 11 -1 0.000024
6097 4695 -1 11 -1 0.000024
7097 4695 -1 11 -1 0.000024
8097 4695 -1 11 -1 0.000024
9097 4695 -1 11 -1 0.000024
10097 4695 -1 11 -1 0.000024
11097 4695 -1 11 -1 0.000024
12097 4695 -1 11 -1 0.000022
13097 4695 -1 11 -1 0.000023
14097 4695 -1 11 -1 0.000024
15097 4695 -1 11 -1 0.000023
16097 4695 -1 11 -1 0.000020
17097 4695 -1 11 -1 0.000020
18097 4695 -1 11 -1 0.000023
19097 4695 -1 11 -1 0.000023
20097 4695 -1 11 -1 0.000024
21097 4695 -1 11 -1 0.000023
22097 4695 -1 11 -1 0.000022
23097 4695 -1 11 -1 0.000024
24097 4695 -1 11 -1 0.000024
25097 4695 -1 11 -1 0.000024
1098 5417 -1 10 -1 0.000024
2098 5417 -1 10 -1 0.000024
3098 5417 -1 10 -1 0.000025
4098 5417 -1 10 -1 0.000020
5098 5417 -1 10 -1 0.000024
6098 5417 -1 10 -1 0.000020
7098 5417 -1 10 -1 0.000019
8098 5417 -1 10 -1 0.000023
9098 5417 -1 10 -1 0.000023
10098 5417 -1 10 -1 0.000024
11098 5417 -1 10 -1 0.000023
12098 5417 -1 10 -1 0.000024
13098 5417 -1 10 -1 0.000024
14098 5417 -1 10 -1 0.000025
15098 5417 -1 10 -1 0.000023
16098 5417 -1 10 -1 0.000020
17098 5417 -1 10 -1 0.000024
18098 5417 -1 10 -1 0.000024
19098 5417 -1 10 -1 0.000024
20098 5417 -1 10 -1 0.000024
21098 5417 -1 10 -1 0.000020
22098 5417 -1 10 -1 0.000024
23098 5417 -1 10 -1 0.000024
24098 5417 -1 10 -1 0.000024
25098 5417 -1 10 -1 0.000024
1099 5001 -1 11 -1 0.000021
2099 5001 -1 11 -1 0.000023
3099 5001 -1 11 -1 0.000024
4099 5001 -1 11 -1 0.000024
5099 5001 -1 11 -1 0.000022
6099 5001 -1 11 -1 0.000025
7099 5001 -1 11 -1 0.000024
8099 5001 -1 11 -1 0.000020
9099 5001 -1 11 -1 0.000038
10099 5001 -1 11 -1 0.000034
11099 5001 -1 11 -1 0.000038
12099 5001 -1 11 -1 0.000040
13099 5001 -1 11 -1 0.000040
14099 5001 -1 11 -1 0.000043
15099 5001 -1 11 -1 0.000039
16099 5001 -1 11 -1 0.000040
17099 5001 -1 11 -1 0.000041
18099 5001 -1 11 -1 0.000048
19099 5001 -1 11 -1 0.000029
20099 5001 -1 11 -1 0.000025
21099 5001 -1 11 -1 0.000022
22099 5001 -1 11 -1 0.000021
23099 5001 -1 11 -1 0.000020
24099 5001 -1 11 -1 0.000020
25099 5001 -1 11 -1 0.000026
1100 2751 -1 10 -1 0.000027
2100 2751 -1 10 -1 0.000024
3100 2751 -1 10 -1 0.000024
4100 2751 -1 10 -1 0.000023
5100 2751 -1 10 -1 0.000025
6100 2751 -1 10 -1 0.000023
7100 2751 -1 10 -1 0.000024
8100 2751 -1 10 -1 0.000023
9100 2751 -1 10 -1 0.000024
10100 2751 -1 10 -1 0.000021
11100 2751 -1 10 -1 0.000022
12100 2751 -1 10 -1 0.000021
13100 2751 -1 10 -1 0.000019
14100 2751 -1 10 -1 0.000022
15100 2751 -1 10 -1 0.000024
16100 2751 -1 10 -1 0.000024
17100 2751 -1 10 -1 0.000023
18100 2751 -1 10 -1 0.000023
19100 2751 -1 10 -1 0.000020
20100 2751 -1 10 -1 0.000023
21100 2751 -1 10 -1 0.000023
22100 2751 -1 10 -1 0.000020
23100 2751 -1 10 -1 0.000020
24100 2751 -1 10 -1 0.000023
25100 2751 -1 10 -1 0.000024
