1 14 4683 0 0 1 1 0 0 0 0 1 1 1 1 1 1 
2 14 4470 1 1 1 0 1 1 1 1 1 1 0 1 0 1 
3 14 6415 1 1 0 1 1 0 1 0 1 0 1 1 1 1 
4 14 5064 1 1 0 1 1 0 0 1 1 0 0 1 1 1 
5 14 4540 1 0 0 1 1 1 1 0 1 1 1 0 0 0 
6 14 5846 1 1 0 1 1 0 1 1 0 1 1 1 1 0 
7 14 4938 1 1 1 1 0 1 1 1 1 1 0 0 1 1 
8 14 4758 1 1 0 0 1 1 1 1 1 1 1 0 0 1 
9 14 5036 1 1 0 1 1 1 1 0 0 1 1 0 1 1 
10 14 7024 1 1 1 1 0 0 1 1 1 0 0 1 1 1 
11 14 5287 1 0 0 1 0 1 1 1 1 1 1 0 0 1 
12 14 4698 1 1 1 1 1 0 1 1 0 1 1 0 0 1 
13 14 5140 0 1 1 1 0 1 1 1 1 1 1 1 0 0 
14 14 5693 0 1 1 0 0 0 0 1 1 1 1 1 1 0 
15 14 5393 1 1 0 1 1 1 1 1 0 0 1 0 1 1 
16 14 4707 1 0 1 1 1 0 1 1 0 0 0 1 1 1 
17 14 6675 1 0 1 1 0 0 1 0 1 1 1 1 1 1 
18 14 6292 1 1 1 0 1 1 0 1 1 0 1 0 1 1 
19 14 7359 1 1 0 1 1 1 0 1 1 1 0 1 0 1 
20 14 4854 1 0 1 0 0 1 0 0 1 1 1 1 1 1 
21 14 5752 1 1 1 0 1 1 0 1 1 0 1 1 1 1 
22 14 5235 1 1 1 0 1 1 0 0 1 1 1 1 0 1 
23 14 4479 1 0 0 0 0 1 1 1 1 1 0 0 1 1 
24 14 6611 1 0 0 1 1 0 1 1 1 1 1 1 1 0 
25 14 5010 1 1 1 0 1 0 1 1 0 1 0 1 1 1 
26 14 5522 1 0 1 1 0 0 1 0 1 0 1 1 1 1 
27 14 5692 1 1 0 0 1 1 1 1 0 1 1 1 0 0 
28 14 4157 1 1 0 1 0 1 1 1 0 1 1 0 1 1 
29 14 6212 1 1 1 0 0 1 0 1 0 1 0 1 1 1 
30 14 4414 1 1 0 1 1 1 1 0 1 1 1 0 0 1 
31 14 5470 1 0 1 0 1 1 1 1 1 1 1 1 0 1 
32 14 4289 1 0 1 1 0 1 1 1 1 1 1 1 0 1 
33 14 6601 1 0 1 1 1 1 1 0 1 1 1 0 1 1 
34 14 5550 0 1 1 1 0 0 1 1 1 0 1 1 1 1 
35 14 5219 0 1 0 1 1 0 1 1 1 0 1 1 1 0 
36 14 5207 1 1 0 0 1 1 1 1 1 1 1 0 1 0 
37 14 4892 0 1 1 1 0 1 0 1 1 1 1 1 0 1 
38 14 5737 1 1 1 0 1 1 0 1 1 1 0 0 1 1 
39 14 5041 1 1 0 1 0 1 0 1 1 1 1 1 1 0 
40 14 5960 1 1 0 1 1 0 1 1 1 1 1 0 0 1 
41 14 4641 1 1 1 0 1 0 0 1 0 1 1 0 1 1 
42 14 6024 0 1 1 1 1 1 1 0 1 1 1 1 1 0 
43 14 5421 1 1 0 1 1 0 1 0 0 1 1 1 0 1 
44 14 5322 1 1 1 1 1 1 1 1 1 1 1 0 1 0 
45 14 5319 1 1 0 0 1 1 1 1 1 0 1 1 1 0 
46 14 6172 0 1 0 1 0 0 1 0 1 1 0 1 1 1 
47 14 6207 0 1 1 1 1 1 0 0 0 1 0 1 1 1 
48 14 5551 1 1 0 1 1 1 1 1 0 1 0 0 1 1 
49 14 4110 0 1 1 0 1 0 1 1 1 1 0 1 1 1 
50 14 5962 1 1 0 0 1 0 1 1 1 1 1 0 1 1 
51 14 5064 1 1 0 0 0 1 1 1 0 1 1 0 0 1 
52 14 6539 1 1 0 1 1 0 1 1 1 1 1 0 0 1 
53 14 4674 0 0 1 1 1 1 1 0 1 1 1 1 1 1 
54 14 6126 1 1 1 0 0 1 0 1 1 1 0 1 0 0 
55 14 5527 0 1 0 0 1 1 1 1 1 0 1 1 1 1 
56 14 5084 1 0 0 1 1 1 1 0 1 1 1 1 0 0 
57 14 5033 0 0 1 1 1 0 1 1 1 1 1 0 1 1 
58 14 5166 0 1 1 1 1 1 1 0 0 1 0 1 1 1 
59 14 5646 1 1 1 1 0 0 1 1 0 1 1 1 0 1 
60 14 4595 0 1 1 1 0 0 1 1 1 0 1 1 0 0 
61 14 7418 1 1 1 1 0 1 1 0 1 1 0 0 1 1 
62 14 4931 1 0 1 1 1 1 1 1 0 1 1 0 0 1 
63 14 5465 1 1 0 1 1 1 0 1 1 1 0 0 1 0 
64 14 5257 1 1 0 0 1 0 1 1 1 0 0 1 1 1 
65 14 6322 1 1 0 1 1 1 0 0 0 1 1 0 1 1 
66 14 5817 1 1 1 0 1 1 1 0 1 0 1 0 1 1 
67 14 5667 1 1 1 1 0 1 1 1 0 1 1 0 1 1 
68 14 4250 1 1 1 1 0 1 1 0 1 0 0 1 0 1 
69 14 5291 1 0 1 1 1 0 1 1 0 1 1 1 1 1 
70 14 5889 1 0 1 1 1 1 0 1 1 1 1 1 1 0 
71 14 5746 1 0 1 1 1 0 0 1 1 1 0 1 1 1 
72 14 5033 1 1 1 1 0 1 1 1 0 1 0 1 0 1 
73 14 4599 1 0 1 1 1 0 0 1 1 1 1 1 0 1 
74 14 6911 1 1 1 1 1 1 0 0 1 1 0 1 1 1 
75 14 5854 1 0 1 1 0 0 1 1 0 1 1 1 1 1 
76 14 5245 1 1 1 0 1 1 0 1 1 1 0 0 1 0 
77 14 5049 0 1 0 1 1 0 1 0 1 1 1 0 1 1 
78 14 3654 1 1 0 1 1 1 1 0 0 0 1 1 0 1 
79 14 4541 0 0 1 1 1 1 0 1 1 0 1 1 0 1 
80 14 5831 0 0 0 0 1 0 1 1 1 1 0 1 1 1 
81 14 6102 1 1 0 0 1 1 1 1 1 0 1 0 1 1 
82 14 4717 0 0 1 0 0 1 1 0 1 1 1 1 0 1 
83 14 5713 0 0 1 1 1 0 1 1 1 1 1 0 1 0 
84 14 4508 1 0 0 1 0 1 1 1 0 1 1 1 1 1 
85 14 4733 1 1 0 1 1 1 0 1 0 0 1 1 0 1 
86 14 4877 1 1 0 1 0 1 0 1 1 1 0 1 1 1 
87 14 4919 0 0 1 1 0 1 1 1 1 1 0 1 1 1 
88 14 5985 1 1 1 1 1 1 0 0 0 0 1 0 1 1 
89 14 6020 1 1 1 1 0 1 1 1 1 1 1 0 1 0 
90 14 5314 1 1 1 1 1 0 0 0 1 0 1 1 1 1 
91 14 3997 1 1 0 0 0 1 0 1 1 1 0 1 0 1 
92 14 5144 1 1 1 0 1 1 1 0 0 0 1 0 1 1 
93 14 5501 1 1 0 1 0 0 0 0 1 1 1 0 1 1 
94 14 6434 0 1 1 1 1 1 0 1 0 1 1 0 1 0 
95 14 5425 0 1 1 1 0 1 1 1 1 1 0 1 1 0 
96 14 4870 0 1 1 0 1 1 0 1 1 0 1 1 1 1 
97 14 6740 1 1 0 1 0 0 1 1 1 0 1 1 1 1 
98 14 3997 1 0 1 1 0 0 1 1 1 1 1 1 1 1 
99 14 4365 0 0 1 1 1 0 1 0 1 1 1 1 1 1 
100 14 5105 1 1 1 1 0 1 0 0 1 1 1 1 0 1 
101 14 5653 1 1 0 1 1 0 1 0 0 0 1 1 1 1 
102 14 5856 1 1 0 1 1 1 1 1 0 1 1 0 0 1 
103 14 4663 1 1 1 0 1 1 1 0 1 1 0 1 1 0 
104 14 7185 1 1 1 1 0 1 1 0 1 1 0 1 0 1 
105 14 4891 1 1 0 1 1 1 0 0 1 0 1 1 1 1 
106 14 6937 1 1 1 1 0 1 1 1 1 0 0 1 1 0 
107 14 4302 1 1 1 1 1 1 1 1 1 0 1 1 0 0 
108 14 6467 0 1 1 0 0 1 0 0 1 1 1 1 1 0 
109 14 4036 1 1 0 0 0 1 1 0 1 1 1 1 0 1 
110 14 5924 1 0 0 1 1 0 1 0 1 0 1 1 1 1 
111 14 5570 1 0 1 0 1 1 1 1 0 0 1 1 1 1 
112 14 5880 1 0 0 1 1 1 0 1 0 1 1 1 1 0 
113 14 5622 1 1 1 0 1 0 1 0 1 1 0 1 1 0 
114 14 5782 1 1 0 1 1 1 1 1 1 1 1 0 0 0 
115 14 5208 0 1 1 0 1 1 0 0 1 0 1 1 1 0 
116 14 4668 1 0 1 0 0 0 1 0 1 1 0 1 1 1 
117 14 5603 0 1 1 1 0 0 1 1 1 1 1 0 0 1 
118 14 5289 1 1 1 0 0 0 1 1 1 1 1 1 1 1 
119 14 5167 1 0 1 0 1 1 0 1 1 1 1 1 0 1 
120 14 6762 0 0 1 1 1 1 1 1 0 1 0 1 1 1 
121 14 5747 0 0 1 1 0 1 1 1 1 1 0 0 1 1 
122 14 5783 1 0 0 1 1 1 1 1 1 1 0 1 1 1 
123 14 5292 1 1 1 1 1 1 0 1 1 1 0 0 1 1 
124 14 4914 1 0 1 1 1 1 0 1 1 0 1 1 1 0 
125 14 4653 0 1 1 1 0 1 1 0 1 0 1 1 1 0 
126 14 6078 1 1 0 0 1 1 1 1 1 0 1 1 0 1 
127 14 5376 1 1 1 0 1 0 1 1 1 0 0 1 1 1 
128 14 6080 1 1 0 1 1 1 1 1 1 0 1 0 1 0 
129 14 6880 1 0 1 0 1 1 1 0 1 1 1 0 1 1 
130 14 5076 0 1 1 1 1 0 0 1 1 1 1 1 0 1 
131 14 4752 1 0 1 1 1 1 0 1 1 0 1 1 1 0 
132 14 4772 1 1 1 0 0 0 1 1 1 1 1 1 0 1 
133 14 5447 1 1 0 1 1 1 1 0 1 1 1 0 0 0 
134 14 5804 0 1 1 0 1 1 1 1 1 1 1 1 0 0 
135 14 5070 1 1 1 1 1 1 0 1 0 1 1 1 1 0 
136 14 4215 0 1 1 0 1 0 1 1 1 1 0 1 1 1 
137 14 5696 0 0 1 0 0 0 1 1 1 1 1 1 1 1 
138 14 5979 1 1 1 0 1 1 0 1 1 1 0 1 1 0 
139 14 5702 0 1 1 1 0 1 1 1 0 1 1 1 1 0 
140 14 5906 0 1 0 1 1 1 1 1 1 1 1 0 0 0 
141 14 4499 1 1 1 1 0 1 1 0 0 1 1 1 1 0 
142 14 4482 0 1 1 1 1 1 1 1 0 0 0 1 1 0 
143 14 4482 0 1 1 1 1 1 0 0 1 1 1 1 0 0 
144 14 4923 1 1 1 1 0 1 1 1 0 1 0 0 0 1 
145 14 4568 0 1 0 0 0 1 1 0 1 0 1 1 1 1 
146 14 5384 1 1 1 1 1 1 1 1 0 1 0 0 1 1 
147 14 5318 1 1 1 0 1 0 0 1 1 0 0 1 1 0 
148 14 5092 1 1 0 1 1 0 0 0 1 1 1 1 1 0 
149 14 3888 0 1 1 1 1 1 1 0 1 0 0 1 1 0 
150 14 5882 1 0 1 1 0 1 0 1 0 1 1 1 0 0 
151 14 4851 1 1 1 1 1 1 1 0 0 0 0 1 1 1 
152 14 4722 0 1 1 1 1 1 1 1 0 1 0 1 1 0 
153 14 5951 1 1 1 0 1 1 1 0 1 0 0 1 1 1 
154 14 5605 1 0 1 1 1 1 0 0 0 1 0 1 1 1 
155 14 4625 1 0 1 0 1 0 1 0 0 1 1 1 1 1 
156 14 4890 1 1 0 1 1 0 0 1 0 1 0 0 1 1 
157 14 4179 0 1 1 0 0 0 1 1 1 0 0 1 0 1 
158 14 6210 0 1 1 1 1 0 0 0 1 1 1 1 1 0 
159 14 5427 1 1 1 1 1 0 0 0 0 1 1 1 1 1 
160 14 5597 1 1 0 0 1 1 1 1 0 0 0 1 1 1 
161 14 5416 1 1 1 1 1 1 1 0 1 1 1 0 0 1 
162 14 4943 0 1 1 0 1 1 1 1 0 1 0 0 1 1 
163 14 5459 1 1 0 1 1 0 1 1 1 1 0 1 1 0 
164 14 5470 1 1 0 1 1 1 1 0 0 1 1 0 1 1 
165 14 5073 0 1 1 1 1 0 0 0 1 1 1 1 1 0 
166 14 4685 1 1 1 1 0 0 1 0 1 1 1 1 1 0 
167 14 5849 1 1 0 1 1 1 1 1 0 1 0 0 1 1 
168 14 5567 1 0 1 1 1 1 0 1 1 1 0 1 1 0 
169 14 5221 1 0 1 1 0 0 1 0 0 1 1 1 1 1 
170 14 5983 1 1 0 0 1 0 1 1 1 1 1 0 1 1 
171 14 5229 1 1 1 1 0 1 1 1 0 0 1 1 1 0 
172 14 5253 1 1 1 0 1 0 0 1 1 1 1 1 1 1 
173 14 5595 0 0 1 1 1 1 1 1 1 1 0 1 1 0 
174 14 5142 1 1 1 1 0 0 1 0 1 1 1 0 1 0 
175 14 5256 1 1 1 0 1 1 1 0 1 0 0 1 1 1 
176 14 6722 1 1 1 1 1 1 0 1 1 1 0 1 0 1 
177 14 4587 1 1 0 1 1 1 1 0 1 0 0 1 1 1 
178 14 6390 1 1 1 1 1 0 0 1 1 1 1 0 1 1 
179 14 4853 1 0 1 1 1 0 1 1 1 1 1 0 0 1 
180 14 5043 1 0 1 1 1 0 1 1 1 0 1 1 0 1 
181 14 4553 0 0 0 1 0 1 0 1 1 1 1 0 0 1 
182 14 5917 1 1 1 1 1 1 1 0 1 0 1 0 0 0 
183 14 5648 1 0 1 1 0 1 1 1 0 1 1 1 1 0 
184 14 6224 1 1 1 1 1 1 0 1 1 0 1 1 0 0 
185 14 5560 1 1 1 1 1 1 1 1 1 0 0 1 0 0 
186 14 5850 1 1 0 0 1 1 1 1 0 0 1 1 1 1 
187 14 4260 1 1 1 0 0 1 1 0 0 0 1 0 1 1 
188 14 5208 1 0 1 1 1 1 0 1 1 1 1 1 1 0 
189 14 5808 1 1 1 1 0 1 1 1 0 1 1 1 0 1 
190 14 5489 0 0 0 1 1 1 1 1 1 0 1 0 1 1 
191 14 5238 1 1 1 1 0 0 0 1 1 1 1 1 0 0 
192 14 5153 1 1 0 1 0 1 1 0 0 1 0 1 1 1 
193 14 5290 1 1 0 1 1 0 1 0 1 1 1 1 1 0 
194 14 6498 1 1 0 1 0 1 1 1 1 1 0 1 1 1 
195 14 4021 0 1 0 0 0 1 1 1 1 1 1 1 0 1 
196 14 4955 1 0 1 1 0 1 0 0 0 1 1 1 1 1 
197 14 5990 1 0 0 0 1 1 1 1 0 1 1 1 1 1 
198 14 6079 1 1 1 1 0 0 1 1 0 0 0 1 1 1 
199 14 6239 1 1 1 0 1 1 1 0 0 0 1 1 1 1 
200 14 5403 0 0 1 1 1 1 1 1 1 1 1 1 0 0 
