1 5617 -1 18 -1 0.000063
2 8207 -1 18 -1 0.000033
3 7443 -1 18 -1 0.000031
4 7670 -1 17 -1 0.000031
5 8895 -1 17 -1 0.000046
6 7763 -1 18 -1 0.000050
7 8453 -1 17 -1 0.000030
8 7624 -1 18 -1 0.000031
9 8312 -1 18 -1 0.000031
10 8025 -1 17 -1 0.000030
11 7327 -1 17 -1 0.000033
12 7965 -1 17 -1 0.000038
13 8164 -1 18 -1 0.000030
14 7823 -1 17 -1 0.000028
15 8437 -1 18 -1 0.000033
16 8700 -1 18 -1 0.000029
17 7791 -1 18 -1 0.000028
18 7420 -1 18 -1 0.000029
19 7309 -1 18 -1 0.000029
20 7993 -1 17 -1 0.000028
21 7663 -1 18 -1 0.000027
22 7399 -1 18 -1 0.000028
23 7952 -1 18 -1 0.000029
24 7460 -1 18 -1 0.000029
25 6809 -1 18 -1 0.000029
26 7477 -1 18 -1 0.000029
27 8153 -1 18 -1 0.000028
28 8180 -1 17 -1 0.000028
29 7962 -1 17 -1 0.000028
30 6533 -1 18 -1 0.000028
31 8285 -1 17 -1 0.000027
32 7680 -1 17 -1 0.000027
33 8515 -1 17 -1 0.000029
34 7329 -1 18 -1 0.000029
35 6965 -1 18 -1 0.000047
36 7814 -1 17 -1 0.000038
37 8066 -1 17 -1 0.000031
38 7795 -1 18 -1 0.000031
39 7755 -1 18 -1 0.000030
40 6498 -1 18 -1 0.000030
41 8452 -1 17 -1 0.000028
42 7979 -1 18 -1 0.000027
43 6313 -1 18 -1 0.000030
44 8205 -1 17 -1 0.000028
45 7909 -1 18 -1 0.000030
46 7701 -1 17 -1 0.000029
47 7305 -1 18 -1 0.000030
48 8041 -1 18 -1 0.000033
49 8335 -1 18 -1 0.000029
50 7482 -1 17 -1 0.000030
51 8073 -1 17 -1 0.000028
52 7996 -1 18 -1 0.000030
53 8117 -1 17 -1 0.000028
54 7670 -1 18 -1 0.000028
55 8066 -1 18 -1 0.000030
56 8007 -1 17 -1 0.000028
57 7480 -1 18 -1 0.000029
58 8138 -1 17 -1 0.000031
59 7715 -1 18 -1 0.000028
60 7455 -1 18 -1 0.000027
61 8089 -1 17 -1 0.000028
62 8357 -1 18 -1 0.000029
63 6900 -1 18 -1 0.000037
64 7984 -1 17 -1 0.000030
65 8310 -1 18 -1 0.000034
66 7736 -1 17 -1 0.000028
67 8047 -1 18 -1 0.000029
68 7070 -1 17 -1 0.000028
69 8099 -1 18 -1 0.000031
70 8098 -1 18 -1 0.000028
71 7221 -1 18 -1 0.000031
72 8298 -1 17 -1 0.000029
73 7820 -1 18 -1 0.000032
74 7600 -1 18 -1 0.000032
75 7799 -1 18 -1 0.000028
76 6986 -1 18 -1 0.000028
77 8167 -1 17 -1 0.000027
78 6686 -1 18 -1 0.000030
79 7695 -1 18 -1 0.000027
80 7904 -1 17 -1 0.000028
81 8301 -1 18 -1 0.000032
82 7883 -1 17 -1 0.000034
83 7914 -1 17 -1 0.000029
84 5583 -1 18 -1 0.000028
85 8974 -1 17 -1 0.000026
86 7332 -1 18 -1 0.000029
87 6432 -1 18 -1 0.000027
88 8098 -1 17 -1 0.000030
89 8401 -1 17 -1 0.000029
90 7415 -1 18 -1 0.000028
91 8231 -1 18 -1 0.000035
92 6653 -1 18 -1 0.000028
93 8106 -1 17 -1 0.000028
94 8446 -1 17 -1 0.000028
95 7596 -1 18 -1 0.000028
96 8194 -1 18 -1 0.000027
97 7632 -1 17 -1 0.000028
98 6719 -1 18 -1 0.000028
99 6476 -1 18 -1 0.000028
100 7336 -1 17 -1 0.000029
101 7698 -1 17 -1 0.000028
102 7720 -1 18 -1 0.000030
103 8142 -1 18 -1 0.000028
104 7785 -1 18 -1 0.000028
105 7212 -1 18 -1 0.000028
106 7062 -1 18 -1 0.000028
107 6828 -1 17 -1 0.000029
108 6485 -1 18 -1 0.000030
109 8032 -1 17 -1 0.000052
110 7614 -1 17 -1 0.000048
111 8400 -1 17 -1 0.000031
112 7599 -1 18 -1 0.000029
113 7705 -1 17 -1 0.000028
114 8219 -1 17 -1 0.000028
115 7881 -1 17 -1 0.000028
116 8071 -1 18 -1 0.000030
117 7265 -1 17 -1 0.000029
118 7433 -1 18 -1 0.000030
119 8329 -1 18 -1 0.000034
120 7422 -1 18 -1 0.000030
121 6062 -1 18 -1 0.000031
122 7021 -1 18 -1 0.000029
123 7724 -1 18 -1 0.000028
124 8134 -1 17 -1 0.000028
125 7155 -1 17 -1 0.000028
126 7700 -1 18 -1 0.000028
127 8403 -1 17 -1 0.000027
128 6908 -1 18 -1 0.000029
129 8364 -1 17 -1 0.000028
130 7816 -1 18 -1 0.000028
131 7867 -1 17 -1 0.000028
132 7259 -1 18 -1 0.000028
133 7962 -1 17 -1 0.000028
134 6902 -1 18 -1 0.000031
135 7193 -1 18 -1 0.000028
136 8593 -1 18 -1 0.000030
137 7548 -1 18 -1 0.000032
138 7919 -1 17 -1 0.000028
139 8042 -1 18 -1 0.000028
140 7712 -1 18 -1 0.000028
141 5329 -1 18 -1 0.000028
142 7755 -1 17 -1 0.000027
143 8029 -1 17 -1 0.000028
144 7762 -1 18 -1 0.000028
145 8798 -1 17 -1 0.000027
146 8040 -1 18 -1 0.000029
147 7886 -1 17 -1 0.000030
148 7630 -1 18 -1 0.000029
149 8192 -1 18 -1 0.000038
150 7666 -1 18 -1 0.000031
151 7856 -1 17 -1 0.000029
152 7062 -1 18 -1 0.000031
153 6928 -1 18 -1 0.000028
154 8775 -1 17 -1 0.000028
155 7402 -1 18 -1 0.000030
156 7606 -1 17 -1 0.000028
157 8533 -1 17 -1 0.000027
158 7714 -1 18 -1 0.000029
159 6250 -1 18 -1 0.000032
160 7417 -1 17 -1 0.000028
161 8458 -1 17 -1 0.000027
162 7112 -1 18 -1 0.000028
163 7746 -1 18 -1 0.000028
164 9453 -1 17 -1 0.000028
165 8083 -1 17 -1 0.000027
166 8046 -1 17 -1 0.000030
167 7821 -1 18 -1 0.000028
168 7940 -1 18 -1 0.000029
169 7136 -1 18 -1 0.000028
170 6794 -1 17 -1 0.000028
171 8052 -1 18 -1 0.000029
172 6828 -1 18 -1 0.000028
173 7627 -1 17 -1 0.000028
174 7641 -1 17 -1 0.000028
175 7724 -1 18 -1 0.000033
176 8171 -1 17 -1 0.000028
177 8615 -1 17 -1 0.000027
178 6651 -1 18 -1 0.000028
179 6446 -1 18 -1 0.000028
180 7611 -1 18 -1 0.000034
181 8551 -1 17 -1 0.000028
182 6504 -1 18 -1 0.000029
183 8700 -1 17 -1 0.000028
184 7355 -1 18 -1 0.000030
185 7953 -1 17 -1 0.000028
186 9021 -1 17 -1 0.000028
187 8396 -1 17 -1 0.000028
188 8085 -1 18 -1 0.000028
189 8843 -1 17 -1 0.000027
190 7760 -1 17 -1 0.000028
191 6530 -1 18 -1 0.000028
192 7288 -1 18 -1 0.000028
193 6949 -1 18 -1 0.000029
194 6314 -1 18 -1 0.000031
195 8230 -1 18 -1 0.000028
196 8255 -1 17 -1 0.000029
197 8216 -1 17 -1 0.000028
198 7745 -1 17 -1 0.000028
199 9084 -1 17 -1 0.000031
200 8647 -1 17 -1 0.000032
