1 7040 -1 16 -1 0.000056
2 9267 -1 17 -1 0.000028
3 8726 -1 16 -1 0.000028
4 8972 -1 17 -1 0.000033
5 9366 -1 17 -1 0.000029
6 9003 -1 17 -1 0.000031
7 8408 -1 17 -1 0.000029
8 9636 -1 17 -1 0.000029
9 7740 -1 17 -1 0.000028
10 7395 -1 17 -1 0.000027
11 8183 -1 17 -1 0.000030
12 7824 -1 17 -1 0.000032
13 8380 -1 18 -1 0.000030
14 8956 -1 17 -1 0.000025
15 10449 -1 16 -1 0.000025
16 8391 -1 16 -1 0.000028
17 9772 -1 17 -1 0.000024
18 8067 -1 17 -1 0.000028
19 9611 -1 17 -1 0.000028
20 8088 -1 17 -1 0.000024
21 7826 -1 17 -1 0.000024
22 9136 -1 17 -1 0.000028
23 8898 -1 17 -1 0.000024
24 7558 -1 16 -1 0.000024
25 9211 -1 17 -1 0.000025
26 9518 -1 17 -1 0.000029
27 8776 -1 17 -1 0.000024
28 8860 -1 17 -1 0.000028
29 8712 -1 15 -1 0.000024
30 8832 -1 17 -1 0.000028
31 8261 -1 18 -1 0.000029
32 9190 -1 17 -1 0.000024
33 8215 -1 17 -1 0.000022
34 8934 -1 17 -1 0.000022
35 7487 -1 16 -1 0.000027
36 8422 -1 16 -1 0.000024
37 9069 -1 17 -1 0.000024
38 8314 -1 16 -1 0.000028
39 9664 -1 17 -1 0.000028
40 8214 -1 17 -1 0.000028
41 9121 -1 16 -1 0.000028
42 7724 -1 17 -1 0.000028
43 9048 -1 17 -1 0.000028
44 8000 -1 17 -1 0.000025
45 7476 -1 17 -1 0.000024
46 8137 -1 17 -1 0.000024
47 7879 -1 16 -1 0.000024
48 8764 -1 17 -1 0.000023
49 10280 -1 18 -1 0.000028
50 7277 -1 16 -1 0.000023
51 7394 -1 17 -1 0.000024
52 10035 -1 17 -1 0.000023
53 7542 -1 15 -1 0.000023
54 7757 -1 17 -1 0.000023
55 8163 -1 17 -1 0.000026
56 9697 -1 17 -1 0.000024
57 9270 -1 17 -1 0.000024
58 8177 -1 17 -1 0.000024
59 10444 -1 17 -1 0.000024
60 9049 -1 17 -1 0.000035
61 7960 -1 16 -1 0.000028
62 6679 -1 17 -1 0.000028
63 7485 -1 17 -1 0.000029
64 9440 -1 17 -1 0.000028
65 8352 -1 16 -1 0.000024
66 8489 -1 17 -1 0.000028
67 7971 -1 17 -1 0.000029
68 9568 -1 17 -1 0.000048
69 8072 -1 17 -1 0.000030
70 8770 -1 18 -1 0.000029
71 8220 -1 16 -1 0.000058
72 6343 -1 17 -1 0.000026
73 8589 -1 17 -1 0.000042
74 9697 -1 18 -1 0.000043
75 8463 -1 16 -1 0.000046
76 8488 -1 17 -1 0.000030
77 9405 -1 18 -1 0.000028
78 7751 -1 17 -1 0.000040
79 8271 -1 17 -1 0.000029
80 8539 -1 17 -1 0.000026
81 9156 -1 16 -1 0.000043
82 6566 -1 17 -1 0.000040
83 10319 -1 17 -1 0.000040
84 8615 -1 17 -1 0.000039
85 7842 -1 16 -1 0.000037
86 10165 -1 17 -1 0.000042
87 6759 -1 17 -1 0.000040
88 8391 -1 17 -1 0.000039
89 7801 -1 17 -1 0.000043
90 8838 -1 17 -1 0.000030
91 9363 -1 16 -1 0.000045
92 6702 -1 16 -1 0.000041
93 9079 -1 17 -1 0.000044
94 8731 -1 16 -1 0.000043
95 8689 -1 17 -1 0.000043
96 9682 -1 17 -1 0.000047
97 8800 -1 16 -1 0.000044
98 8095 -1 17 -1 0.000044
99 7517 -1 16 -1 0.000045
100 6825 -1 17 -1 0.000044
101 9942 -1 16 -1 0.000034
102 9615 -1 18 -1 0.000031
103 9421 -1 17 -1 0.000038
104 9376 -1 17 -1 0.000034
105 6612 -1 16 -1 0.000026
106 8952 -1 17 -1 0.000027
107 9886 -1 17 -1 0.000032
108 9402 -1 18 -1 0.000025
109 9139 -1 16 -1 0.000029
110 8759 -1 16 -1 0.000026
111 9747 -1 17 -1 0.000028
112 7959 -1 17 -1 0.000027
113 7033 -1 18 -1 0.000030
114 7656 -1 17 -1 0.000025
115 7366 -1 17 -1 0.000026
116 8288 -1 17 -1 0.000029
117 9442 -1 17 -1 0.000025
118 6131 -1 17 -1 0.000025
119 6128 -1 17 -1 0.000041
120 8450 -1 17 -1 0.000025
121 8249 -1 16 -1 0.000025
122 10306 -1 17 -1 0.000025
123 8210 -1 17 -1 0.000025
124 8391 -1 17 -1 0.000024
125 6645 -1 16 -1 0.000025
126 7347 -1 17 -1 0.000025
127 8508 -1 17 -1 0.000028
128 7669 -1 16 -1 0.000033
129 7776 -1 18 -1 0.000041
130 8012 -1 16 -1 0.000031
131 7819 -1 17 -1 0.000037
132 8084 -1 17 -1 0.000032
133 8585 -1 16 -1 0.000029
134 7242 -1 17 -1 0.000027
135 8607 -1 17 -1 0.000033
136 9847 -1 17 -1 0.000034
137 9785 -1 17 -1 0.000030
138 9923 -1 15 -1 0.000039
139 6512 -1 18 -1 0.000026
140 9784 -1 17 -1 0.000026
141 7669 -1 17 -1 0.000025
142 8891 -1 17 -1 0.000028
143 8839 -1 17 -1 0.000026
144 8359 -1 17 -1 0.000024
145 9215 -1 17 -1 0.000029
146 9241 -1 17 -1 0.000029
147 8269 -1 17 -1 0.000029
148 8101 -1 16 -1 0.000031
149 5880 -1 17 -1 0.000026
150 9813 -1 16 -1 0.000025
151 9727 -1 17 -1 0.000024
152 7580 -1 16 -1 0.000029
153 7962 -1 17 -1 0.000025
154 7174 -1 17 -1 0.000032
155 7285 -1 17 -1 0.000025
156 7687 -1 17 -1 0.000026
157 10661 -1 17 -1 0.000030
158 9567 -1 17 -1 0.000028
159 8725 -1 17 -1 0.000025
160 9019 -1 17 -1 0.000029
161 8504 -1 17 -1 0.000029
162 7780 -1 16 -1 0.000031
163 8306 -1 17 -1 0.000029
164 6668 -1 18 -1 0.000026
165 8702 -1 16 -1 0.000028
166 8014 -1 17 -1 0.000025
167 7662 -1 17 -1 0.000028
168 9618 -1 17 -1 0.000050
169 7472 -1 15 -1 0.000025
170 8493 -1 16 -1 0.000024
171 8760 -1 17 -1 0.000024
172 9093 -1 16 -1 0.000028
173 9811 -1 18 -1 0.000026
174 9994 -1 18 -1 0.000025
175 7917 -1 18 -1 0.000037
176 7225 -1 17 -1 0.000036
177 7410 -1 16 -1 0.000025
178 7601 -1 17 -1 0.000028
179 8414 -1 15 -1 0.000024
180 8407 -1 17 -1 0.000028
181 8082 -1 17 -1 0.000029
182 7761 -1 17 -1 0.000025
183 8078 -1 16 -1 0.000023
184 9396 -1 17 -1 0.000030
185 7403 -1 16 -1 0.000029
186 8797 -1 17 -1 0.000027
187 9374 -1 17 -1 0.000030
188 9551 -1 17 -1 0.000029
189 10123 -1 17 -1 0.000024
190 7572 -1 17 -1 0.000030
191 8843 -1 17 -1 0.000027
192 10258 -1 17 -1 0.000024
193 8555 -1 17 -1 0.000028
194 6256 -1 18 -1 0.000031
195 6729 -1 16 -1 0.000034
196 8976 -1 17 -1 0.000041
197 8287 -1 17 -1 0.000040
198 7166 -1 18 -1 0.000040
199 8148 -1 16 -1 0.000039
200 8356 -1 17 -1 0.000040
