1 20 6021 1 0 1 1 1 1 1 1 1 1 1 1 1 1 1 0 1 0 1 1 
2 20 8916 1 1 1 1 1 1 1 1 1 1 0 1 1 0 1 1 1 0 0 1 
3 20 11388 1 0 1 1 0 0 1 1 1 1 1 1 1 1 1 1 0 1 1 1 
4 20 11202 1 1 1 0 1 1 0 1 1 1 0 1 1 1 1 1 1 1 0 1 
5 20 11035 1 1 1 1 1 1 0 1 1 1 1 1 1 0 0 1 1 1 1 1 
6 20 8934 1 1 1 1 1 0 0 0 1 1 1 1 1 1 1 1 1 1 1 1 
7 20 8290 0 1 1 1 1 1 1 1 0 1 1 0 1 1 1 1 1 1 1 1 
8 20 9549 1 0 1 1 1 1 1 1 1 0 1 1 1 1 1 1 0 1 1 1 
9 20 10506 1 0 1 1 1 1 1 1 1 1 1 1 0 1 0 1 1 1 1 1 
10 20 12375 1 1 1 1 1 1 1 1 1 1 1 1 1 1 0 0 1 1 1 1 
11 20 9928 1 1 1 0 0 1 1 1 1 1 0 1 1 1 1 1 1 1 1 1 
12 20 8891 1 1 0 1 1 1 1 0 1 0 0 1 1 1 1 1 1 1 1 1 
13 20 8114 1 1 1 1 1 0 1 1 1 1 1 1 0 1 1 1 1 1 0 1 
14 20 8857 1 1 1 1 1 0 1 1 1 1 1 0 1 0 1 1 1 1 0 1 
15 20 10149 0 1 1 1 1 1 1 1 1 1 0 0 1 1 1 1 1 1 1 1 
16 20 10054 1 1 1 1 1 1 0 1 1 1 1 0 1 1 1 1 0 1 1 1 
17 20 11003 1 1 1 1 1 1 1 1 0 1 1 1 1 1 1 1 0 0 1 1 
18 20 10786 0 1 1 1 1 0 1 1 1 1 1 1 1 1 1 0 1 1 1 0 
19 20 11057 0 0 1 1 1 1 1 1 0 1 1 1 1 1 1 1 1 0 1 1 
20 20 9199 1 1 0 1 1 1 0 1 1 1 1 1 1 1 1 1 1 1 1 0 
21 20 10379 1 1 1 1 0 1 0 1 1 1 1 1 1 0 1 1 1 1 1 1 
22 20 8485 1 1 1 1 1 1 1 0 1 1 1 1 1 1 1 0 0 1 1 1 
23 20 9517 1 1 0 1 1 1 0 1 1 1 1 1 1 1 1 0 1 1 1 1 
24 20 7823 1 1 0 1 1 0 1 1 1 1 1 1 1 1 1 0 1 0 1 1 
25 20 8199 0 1 1 1 1 1 0 1 0 1 1 0 1 1 1 1 0 1 0 1 
26 20 10045 1 1 1 1 1 1 1 1 1 0 1 0 0 1 1 1 1 1 1 1 
27 20 8661 1 1 1 1 1 1 0 0 0 1 1 1 1 0 1 1 1 1 1 1 
28 20 9509 0 0 1 1 1 1 1 1 1 1 1 1 1 1 0 1 1 0 1 1 
29 20 7263 1 1 0 1 1 1 1 1 1 1 1 0 1 0 1 0 1 1 1 1 
30 20 7544 1 1 0 1 0 1 1 1 0 1 1 0 1 1 1 0 1 1 1 1 
31 20 8903 1 1 1 0 0 1 1 1 1 1 1 1 1 0 1 1 0 1 1 0 
32 20 10800 0 1 1 1 1 1 1 1 1 1 1 1 1 0 1 1 0 1 1 1 
33 20 7458 1 0 1 0 1 1 1 1 0 1 1 1 1 1 1 1 1 1 0 1 
34 20 9852 1 1 1 1 0 1 1 1 1 0 1 1 1 1 1 1 1 1 0 1 
35 20 10881 1 1 1 0 1 1 1 1 0 1 1 1 1 1 1 0 1 1 0 1 
36 20 9534 1 1 1 1 0 1 1 1 1 0 1 1 1 1 1 1 1 1 1 0 
37 20 9784 1 1 1 1 1 1 1 0 1 0 1 1 1 1 1 1 1 1 1 1 
38 20 10400 1 1 1 1 1 1 1 1 1 1 0 1 0 1 1 1 1 1 0 1 
39 20 7616 1 1 1 1 1 1 1 1 1 1 1 0 0 1 1 1 1 1 0 1 
40 20 8686 1 1 1 1 0 1 0 1 1 1 0 1 1 1 1 1 1 1 0 1 
41 20 9592 1 1 1 0 1 1 1 1 1 1 0 1 1 1 1 1 0 1 1 1 
42 20 8694 1 1 0 1 1 1 1 1 1 1 1 0 1 1 1 1 0 1 1 1 
43 20 10706 0 1 1 1 1 1 1 1 1 0 1 1 1 1 1 1 1 1 1 0 
44 20 9284 1 0 1 1 1 1 1 1 1 1 1 0 1 1 1 1 1 0 1 0 
45 20 9604 1 1 1 1 1 1 1 1 1 1 1 1 0 0 0 1 1 1 1 1 
46 20 9563 1 1 1 1 1 1 1 1 1 1 1 1 0 1 1 0 0 1 1 1 
47 20 11007 1 1 1 1 1 1 1 1 0 1 1 1 0 1 1 1 1 1 1 0 
48 20 11841 1 0 0 1 1 1 1 1 1 0 1 1 1 1 1 1 1 1 1 1 
49 20 9657 1 1 1 1 1 1 1 1 1 1 1 1 1 0 1 0 0 0 1 1 
50 20 8865 1 1 1 1 1 1 1 1 1 1 1 1 1 0 1 1 0 0 1 1 
51 20 9032 1 0 1 1 0 1 1 1 1 0 1 1 1 1 1 1 1 1 1 1 
52 20 8993 1 1 1 1 1 1 1 1 1 1 0 1 1 1 0 1 1 1 1 0 
53 20 9272 0 1 1 1 1 1 1 0 1 1 1 1 1 1 1 1 0 1 1 1 
54 20 10484 1 1 0 1 0 0 1 1 1 1 1 0 1 1 1 1 1 1 1 1 
55 20 11792 0 1 1 1 1 1 1 0 1 1 1 0 1 1 1 1 1 1 1 1 
56 20 8188 1 1 1 1 1 1 0 1 1 1 1 0 0 1 1 1 1 1 1 1 
57 20 9843 1 0 0 1 0 1 1 1 1 1 1 1 1 1 1 1 1 1 1 1 
58 20 10746 1 1 0 1 1 1 1 0 0 1 1 1 0 1 1 1 1 1 1 1 
59 20 8585 0 1 1 1 0 1 1 1 1 1 1 1 1 1 0 1 1 0 1 1 
60 20 8933 0 0 1 1 1 1 1 1 0 1 1 1 1 1 0 0 1 1 1 1 
61 20 9975 1 1 1 1 1 1 0 1 1 1 1 1 1 1 1 1 0 0 1 0 
62 20 10733 1 1 0 1 1 1 1 1 1 1 1 1 1 1 1 0 0 1 1 1 
63 20 9129 1 1 1 0 1 1 1 1 0 1 1 1 1 1 1 1 1 0 0 1 
64 20 8867 1 0 1 1 1 1 1 0 1 1 1 1 1 1 0 1 1 1 1 1 
65 20 8036 0 1 1 1 0 1 1 1 1 1 1 1 1 1 1 1 1 1 1 0 
66 20 10788 1 1 1 1 1 0 1 0 1 1 1 1 1 1 0 1 1 1 1 1 
67 20 9763 1 1 0 1 1 1 0 0 1 1 1 1 0 1 1 1 1 1 1 1 
68 20 8031 1 1 1 1 1 1 1 1 1 1 1 1 1 1 1 1 0 0 1 0 
69 20 8642 1 1 1 1 0 0 1 1 1 1 0 1 1 1 1 0 1 0 1 1 
70 20 10668 1 1 1 1 0 1 1 1 1 1 1 1 0 0 0 1 1 1 1 1 
71 20 8461 1 1 1 1 1 1 1 0 0 1 1 1 1 1 0 0 1 1 1 1 
72 20 11200 1 0 1 1 1 1 1 1 1 1 0 1 0 1 1 1 1 0 1 1 
73 20 11054 0 1 1 1 1 1 0 1 1 1 1 1 1 1 1 0 1 1 1 1 
74 20 8418 1 1 1 1 0 1 1 1 1 1 1 1 1 0 1 0 0 1 1 1 
75 20 8071 1 1 1 0 1 1 0 1 1 1 1 1 0 1 1 1 0 1 0 1 
76 20 8514 1 1 0 0 1 1 0 1 1 1 1 1 1 0 0 1 1 1 1 1 
77 20 11645 1 1 1 1 1 0 1 1 1 1 1 1 1 1 0 1 1 1 1 0 
78 20 10084 1 1 0 1 1 1 1 1 0 1 1 1 1 1 1 0 1 1 1 1 
79 20 7563 1 1 1 1 1 1 1 0 0 1 1 1 1 1 1 0 1 1 1 1 
80 20 11275 1 1 1 1 1 1 1 1 1 0 1 1 1 1 1 1 0 0 0 1 
81 20 11542 1 1 1 1 1 1 1 1 1 1 1 0 1 0 1 1 1 0 1 1 
82 20 10289 1 1 1 1 1 1 1 0 0 1 0 1 0 1 1 1 1 1 1 1 
83 20 10437 1 1 0 1 0 1 1 1 1 1 1 1 1 1 1 1 1 1 0 1 
84 20 8460 0 1 1 1 1 1 1 1 1 1 1 0 1 1 1 0 1 1 1 0 
85 20 9786 1 1 1 0 1 1 1 0 1 1 1 0 1 1 1 1 1 1 1 1 
86 20 10599 1 1 1 0 1 0 1 1 1 0 1 1 1 1 1 1 1 1 1 1 
87 20 9282 1 1 1 1 1 1 1 0 1 0 1 1 1 1 0 1 1 1 1 1 
88 20 9990 0 0 1 1 1 1 1 0 1 1 1 1 1 1 1 0 1 1 1 1 
89 20 8215 1 1 0 1 1 1 1 1 1 1 1 1 1 1 1 1 0 1 0 1 
90 20 10655 1 1 1 1 1 1 1 1 0 1 1 1 1 1 1 1 0 1 0 0 
91 20 10201 1 1 0 1 1 1 0 1 1 1 1 1 1 1 1 0 1 1 1 1 
92 20 9636 1 1 1 1 1 1 0 1 1 1 1 0 0 1 1 1 1 0 1 1 
93 20 8249 0 1 1 1 1 1 0 1 1 1 1 1 1 1 0 1 0 1 1 1 
94 20 10195 1 0 0 1 1 1 1 1 1 1 1 1 1 1 1 1 1 0 1 1 
95 20 8524 1 1 0 1 1 1 1 1 1 0 1 1 1 0 1 1 1 1 1 1 
96 20 8058 0 1 0 1 1 1 0 1 0 1 1 1 1 1 1 1 1 1 1 1 
97 20 9435 1 1 1 1 1 1 1 1 1 0 0 0 1 1 1 1 1 1 1 1 
98 20 8386 1 1 1 1 1 1 1 1 1 0 1 1 0 1 0 1 1 0 1 1 
99 20 10342 1 1 1 0 1 0 1 1 0 1 1 1 1 0 1 1 1 1 1 1 
100 20 8135 1 1 1 1 1 0 1 0 1 1 1 1 1 1 1 1 1 1 1 1 
