1 6956 -1 20 -1 0.000058
2 8323 -1 19 -1 0.000046
3 7998 -1 19 -1 0.000028
4 8031 -1 19 -1 0.000028
5 8893 -1 19 -1 0.000037
6 8910 -1 19 -1 0.000077
7 8091 -1 19 -1 0.000032
8 9043 -1 19 -1 0.000036
9 9674 -1 19 -1 0.000026
10 9024 -1 19 -1 0.000030
11 8727 -1 19 -1 0.000027
12 8398 -1 19 -1 0.000025
13 9871 -1 19 -1 0.000025
14 9922 -1 19 -1 0.000030
15 7963 -1 19 -1 0.000025
16 7550 -1 19 -1 0.000024
17 7794 -1 20 -1 0.000026
18 8881 -1 19 -1 0.000029
19 8495 -1 20 -1 0.000030
20 7839 -1 19 -1 0.000031
21 8635 -1 20 -1 0.000027
22 8111 -1 20 -1 0.000031
23 8039 -1 19 -1 0.000026
24 8139 -1 19 -1 0.000025
25 8454 -1 19 -1 0.000030
26 9688 -1 19 -1 0.000031
27 8032 -1 20 -1 0.000030
28 9691 -1 19 -1 0.000027
29 9436 -1 19 -1 0.000031
30 8513 -1 19 -1 0.000026
31 7466 -1 19 -1 0.000029
32 7586 -1 20 -1 0.000027
33 9282 -1 19 -1 0.000029
34 8503 -1 19 -1 0.000024
35 8091 -1 20 -1 0.000025
36 8212 -1 20 -1 0.000031
37 9410 -1 19 -1 0.000030
38 8873 -1 19 -1 0.000025
39 7250 -1 20 -1 0.000031
40 8582 -1 19 -1 0.000029
41 8866 -1 19 -1 0.000029
42 9535 -1 19 -1 0.000030
43 7088 -1 19 -1 0.000030
44 8946 -1 19 -1 0.000026
45 8175 -1 19 -1 0.000029
46 9212 -1 19 -1 0.000027
47 7846 -1 19 -1 0.000024
48 8929 -1 19 -1 0.000025
49 8519 -1 19 -1 0.000025
50 9417 -1 19 -1 0.000030
51 7989 -1 19 -1 0.000030
52 7836 -1 19 -1 0.000026
53 9899 -1 19 -1 0.000025
54 7213 -1 19 -1 0.000026
55 9293 -1 19 -1 0.000026
56 8992 -1 19 -1 0.000024
57 7711 -1 20 -1 0.000029
58 9229 -1 19 -1 0.000026
59 8564 -1 19 -1 0.000030
60 8306 -1 19 -1 0.000030
61 8097 -1 19 -1 0.000025
62 9435 -1 19 -1 0.000025
63 7996 -1 19 -1 0.000026
64 7765 -1 20 -1 0.000029
65 8652 -1 19 -1 0.000029
66 7956 -1 19 -1 0.000030
67 7825 -1 19 -1 0.000029
68 8396 -1 19 -1 0.000025
69 7108 -1 19 -1 0.000033
70 9119 -1 19 -1 0.000026
71 7970 -1 19 -1 0.000027
72 7300 -1 19 -1 0.000030
73 8785 -1 19 -1 0.000026
74 9634 -1 19 -1 0.000029
75 8978 -1 19 -1 0.000034
76 6814 -1 20 -1 0.000026
77 9373 -1 19 -1 0.000024
78 8067 -1 20 -1 0.000025
79 8427 -1 20 -1 0.000026
80 8527 -1 19 -1 0.000025
81 7670 -1 19 -1 0.000025
82 8895 -1 19 -1 0.000029
83 8633 -1 19 -1 0.000031
84 8302 -1 20 -1 0.000033
85 10058 -1 19 -1 0.000030
86 8213 -1 20 -1 0.000026
87 8668 -1 20 -1 0.000029
88 7817 -1 19 -1 0.000029
89 7622 -1 19 -1 0.000028
90 7560 -1 19 -1 0.000024
91 8377 -1 19 -1 0.000025
92 9058 -1 19 -1 0.000025
93 8362 -1 20 -1 0.000026
94 8224 -1 20 -1 0.000026
95 7815 -1 19 -1 0.000029
96 8324 -1 20 -1 0.000031
97 7204 -1 19 -1 0.000026
98 8982 -1 19 -1 0.000024
99 8210 -1 19 -1 0.000026
100 8895 -1 19 -1 0.000025
101 9439 -1 19 -1 0.000032
102 8152 -1 19 -1 0.000036
103 9349 -1 19 -1 0.000031
104 9047 -1 19 -1 0.000029
105 8787 -1 19 -1 0.000031
106 8855 -1 19 -1 0.000029
107 8544 -1 20 -1 0.000031
108 8322 -1 19 -1 0.000029
109 7178 -1 20 -1 0.000026
110 8125 -1 20 -1 0.000027
111 7925 -1 20 -1 0.000026
112 8412 -1 19 -1 0.000030
113 8501 -1 19 -1 0.000029
114 8479 -1 20 -1 0.000046
115 9811 -1 19 -1 0.000026
116 8767 -1 20 -1 0.000026
117 8509 -1 19 -1 0.000029
118 8320 -1 19 -1 0.000025
119 8557 -1 20 -1 0.000031
120 9429 -1 19 -1 0.000031
121 7294 -1 20 -1 0.000031
122 8500 -1 19 -1 0.000026
123 9033 -1 19 -1 0.000029
124 7707 -1 19 -1 0.000030
125 8146 -1 19 -1 0.000030
126 8709 -1 19 -1 0.000030
127 7062 -1 20 -1 0.000031
128 7964 -1 19 -1 0.000028
129 7807 -1 20 -1 0.000025
130 8153 -1 19 -1 0.000025
131 10231 -1 19 -1 0.000030
132 8509 -1 20 -1 0.000033
133 9558 -1 19 -1 0.000026
134 8445 -1 20 -1 0.000025
135 8682 -1 20 -1 0.000025
136 8798 -1 19 -1 0.000025
137 8154 -1 19 -1 0.000025
138 7686 -1 19 -1 0.000025
139 8701 -1 19 -1 0.000025
140 8532 -1 19 -1 0.000024
141 9064 -1 19 -1 0.000031
142 8802 -1 19 -1 0.000027
143 8061 -1 19 -1 0.000030
144 7890 -1 20 -1 0.000027
145 8371 -1 19 -1 0.000024
146 8693 -1 19 -1 0.000024
147 7480 -1 19 -1 0.000028
148 9496 -1 19 -1 0.000029
149 10312 -1 19 -1 0.000030
150 8704 -1 19 -1 0.000025
151 8877 -1 19 -1 0.000030
152 8077 -1 19 -1 0.000026
153 7989 -1 20 -1 0.000025
154 7679 -1 19 -1 0.000024
155 8261 -1 19 -1 0.000030
156 8047 -1 19 -1 0.000030
157 7859 -1 19 -1 0.000030
158 8648 -1 20 -1 0.000030
159 8649 -1 19 -1 0.000024
160 10149 -1 19 -1 0.000028
161 7010 -1 20 -1 0.000084
162 7288 -1 20 -1 0.000034
163 8492 -1 20 -1 0.000036
164 9675 -1 19 -1 0.000030
165 6775 -1 19 -1 0.000034
166 10079 -1 19 -1 0.000038
167 8007 -1 19 -1 0.000042
168 10605 -1 19 -1 0.000031
169 9619 -1 19 -1 0.000029
170 9277 -1 19 -1 0.000030
171 9656 -1 19 -1 0.000038
172 8422 -1 19 -1 0.000034
173 8234 -1 20 -1 0.000037
174 7378 -1 19 -1 0.000049
175 7490 -1 19 -1 0.000040
176 7561 -1 20 -1 0.000045
177 10501 -1 19 -1 0.000031
178 9361 -1 19 -1 0.000031
179 9391 -1 19 -1 0.000038
180 9260 -1 19 -1 0.000034
181 9211 -1 19 -1 0.000053
182 8386 -1 19 -1 0.000042
183 8584 -1 19 -1 0.000041
184 8521 -1 19 -1 0.000043
185 8021 -1 20 -1 0.000036
186 8571 -1 19 -1 0.000030
187 8601 -1 19 -1 0.000031
188 9704 -1 19 -1 0.000030
189 8409 -1 19 -1 0.000026
190 8029 -1 19 -1 0.000034
191 8207 -1 19 -1 0.000026
192 10094 -1 19 -1 0.000030
193 8178 -1 19 -1 0.000030
194 7702 -1 19 -1 0.000025
195 8592 -1 20 -1 0.000043
196 9300 -1 19 -1 0.000031
197 7834 -1 20 -1 0.000030
198 8388 -1 19 -1 0.000031
199 7705 -1 20 -1 0.000030
200 7366 -1 19 -1 0.000030
