1 8584 -1 18 -1 0.000085
2 10304 -1 18 -1 0.000055
3 11979 -1 18 -1 0.000042
4 9424 -1 18 -1 0.000047
5 8485 -1 19 -1 0.000032
6 7932 -1 18 -1 0.000031
7 12544 -1 18 -1 0.000031
8 8860 -1 18 -1 0.000031
9 8595 -1 17 -1 0.000029
10 9535 -1 18 -1 0.000030
11 10346 -1 18 -1 0.000037
12 10429 -1 18 -1 0.000042
13 9824 -1 18 -1 0.000031
14 7949 -1 18 -1 0.000031
15 8893 -1 19 -1 0.000030
16 6907 -1 18 -1 0.000030
17 8165 -1 18 -1 0.000030
18 7417 -1 17 -1 0.000030
19 8045 -1 18 -1 0.000037
20 7149 -1 18 -1 0.000030
21 10351 -1 19 -1 0.000029
22 7857 -1 18 -1 0.000037
23 9487 -1 18 -1 0.000033
24 8927 -1 18 -1 0.000029
25 10861 -1 18 -1 0.000029
26 10072 -1 18 -1 0.000031
27 9658 -1 18 -1 0.000029
28 8849 -1 18 -1 0.000028
29 10454 -1 18 -1 0.000029
30 10077 -1 18 -1 0.000029
31 9292 -1 18 -1 0.000032
32 10327 -1 18 -1 0.000030
33 6648 -1 19 -1 0.000030
34 10775 -1 18 -1 0.000053
35 8911 -1 18 -1 0.000039
36 10496 -1 18 -1 0.000024
37 9330 -1 19 -1 0.000024
38 9259 -1 18 -1 0.000023
39 8434 -1 18 -1 0.000023
40 7755 -1 18 -1 0.000023
41 9721 -1 18 -1 0.000061
42 10888 -1 18 -1 0.000034
43 9149 -1 19 -1 0.000034
44 7453 -1 18 -1 0.000031
45 8228 -1 18 -1 0.000030
46 11316 -1 18 -1 0.000030
47 8795 -1 18 -1 0.000030
48 8204 -1 18 -1 0.000032
49 10464 -1 19 -1 0.000030
50 9873 -1 18 -1 0.000031
51 8472 -1 18 -1 0.000037
52 11281 -1 18 -1 0.000030
53 9603 -1 18 -1 0.000029
54 10321 -1 18 -1 0.000045
55 9531 -1 18 -1 0.000042
56 9724 -1 18 -1 0.000031
57 10155 -1 19 -1 0.000036
58 7094 -1 18 -1 0.000031
59 9324 -1 18 -1 0.000030
60 11732 -1 18 -1 0.000031
61 10954 -1 18 -1 0.000030
62 8664 -1 18 -1 0.000030
63 7476 -1 18 -1 0.000029
64 10523 -1 18 -1 0.000030
65 8985 -1 18 -1 0.000038
66 9939 -1 18 -1 0.000044
67 11186 -1 19 -1 0.000032
68 10452 -1 18 -1 0.000037
69 10040 -1 18 -1 0.000041
70 7481 -1 19 -1 0.000033
71 10668 -1 18 -1 0.000039
72 9690 -1 18 -1 0.000041
73 9079 -1 17 -1 0.000036
74 8807 -1 19 -1 0.000031
75 8624 -1 18 -1 0.000036
76 7444 -1 18 -1 0.000031
77 8807 -1 18 -1 0.000029
78 7955 -1 18 -1 0.000030
79 11266 -1 18 -1 0.000030
80 9274 -1 17 -1 0.000029
81 7980 -1 18 -1 0.000041
82 9849 -1 18 -1 0.000038
83 9377 -1 18 -1 0.000037
84 10993 -1 17 -1 0.000044
85 9248 -1 17 -1 0.000030
86 9678 -1 18 -1 0.000029
87 10460 -1 19 -1 0.000030
88 8592 -1 17 -1 0.000031
89 7714 -1 18 -1 0.000031
90 9011 -1 17 -1 0.000029
91 9076 -1 17 -1 0.000029
92 10288 -1 18 -1 0.000030
93 10310 -1 18 -1 0.000030
94 8926 -1 18 -1 0.000030
95 9380 -1 17 -1 0.000029
96 10410 -1 18 -1 0.000030
97 8251 -1 18 -1 0.000036
98 8987 -1 18 -1 0.000030
99 9557 -1 18 -1 0.000031
100 10836 -1 18 -1 0.000030
101 9296 -1 17 -1 0.000029
102 8332 -1 18 -1 0.000034
103 8279 -1 18 -1 0.000030
104 10263 -1 18 -1 0.000029
105 10472 -1 18 -1 0.000030
106 9305 -1 18 -1 0.000030
107 10476 -1 18 -1 0.000030
108 10437 -1 18 -1 0.000031
109 8743 -1 19 -1 0.000031
110 9966 -1 17 -1 0.000030
111 7966 -1 18 -1 0.000031
112 8239 -1 18 -1 0.000031
113 8757 -1 18 -1 0.000040
114 11736 -1 18 -1 0.000030
115 9139 -1 17 -1 0.000030
116 10310 -1 18 -1 0.000030
117 10089 -1 17 -1 0.000035
118 8588 -1 17 -1 0.000029
119 9569 -1 18 -1 0.000029
120 7623 -1 18 -1 0.000030
121 11425 -1 18 -1 0.000030
122 9414 -1 17 -1 0.000029
123 10235 -1 18 -1 0.000030
124 10120 -1 18 -1 0.000029
125 8982 -1 18 -1 0.000032
126 8833 -1 18 -1 0.000029
127 9222 -1 18 -1 0.000029
128 10794 -1 17 -1 0.000030
129 10994 -1 19 -1 0.000031
130 9633 -1 18 -1 0.000030
131 8336 -1 18 -1 0.000029
132 10429 -1 18 -1 0.000029
133 9893 -1 17 -1 0.000029
134 9386 -1 17 -1 0.000029
135 10209 -1 19 -1 0.000042
136 10636 -1 19 -1 0.000088
137 8421 -1 18 -1 0.000038
138 7436 -1 17 -1 0.000048
139 7665 -1 19 -1 0.000042
140 9279 -1 18 -1 0.000037
141 10487 -1 18 -1 0.000037
142 10781 -1 18 -1 0.000039
143 8164 -1 18 -1 0.000061
144 13640 -1 18 -1 0.000039
145 10544 -1 19 -1 0.000044
146 9228 -1 18 -1 0.000045
147 10389 -1 18 -1 0.000043
148 10444 -1 18 -1 0.000043
149 8026 -1 18 -1 0.000039
150 8531 -1 18 -1 0.000047
151 9502 -1 19 -1 0.000039
152 8725 -1 17 -1 0.000036
153 10712 -1 18 -1 0.000037
154 8223 -1 18 -1 0.000041
155 9558 -1 18 -1 0.000041
156 10182 -1 18 -1 0.000039
157 9113 -1 18 -1 0.000042
158 9415 -1 18 -1 0.000039
159 10287 -1 18 -1 0.000046
160 9206 -1 18 -1 0.000040
161 11790 -1 19 -1 0.000037
162 10339 -1 17 -1 0.000069
163 9489 -1 17 -1 0.000042
164 8970 -1 18 -1 0.000060
165 10380 -1 18 -1 0.000047
166 11204 -1 18 -1 0.000036
167 7974 -1 18 -1 0.000042
168 10327 -1 18 -1 0.000043
169 9766 -1 18 -1 0.000059
170 8812 -1 18 -1 0.000042
171 12622 -1 18 -1 0.000044
172 8429 -1 19 -1 0.000040
173 7234 -1 18 -1 0.000041
174 9979 -1 18 -1 0.000040
175 10221 -1 18 -1 0.000069
176 6920 -1 18 -1 0.000095
177 9385 -1 18 -1 0.000045
178 8929 -1 17 -1 0.000043
179 7976 -1 18 -1 0.000045
180 8054 -1 19 -1 0.000054
181 8294 -1 18 -1 0.000045
182 9839 -1 17 -1 0.000043
183 9668 -1 18 -1 0.000040
184 9746 -1 17 -1 0.000042
185 10674 -1 18 -1 0.000044
186 8383 -1 19 -1 0.000046
187 7806 -1 18 -1 0.000047
188 9370 -1 18 -1 0.000041
189 10511 -1 18 -1 0.000043
190 9910 -1 18 -1 0.000043
191 9452 -1 18 -1 0.000042
192 8190 -1 18 -1 0.000040
193 9946 -1 18 -1 0.000045
194 10127 -1 18 -1 0.000042
195 9818 -1 18 -1 0.000048
196 9652 -1 18 -1 0.000043
197 10727 -1 17 -1 0.000049
198 10890 -1 17 -1 0.000043
199 9405 -1 17 -1 0.000046
200 9195 -1 18 -1 0.000054
201 9094 -1 18 -1 0.000047
202 10254 -1 18 -1 0.000042
203 8572 -1 16 -1 0.000042
204 9741 -1 18 -1 0.000045
205 10218 -1 18 -1 0.000044
206 12675 -1 19 -1 0.000059
207 7928 -1 19 -1 0.000045
208 7893 -1 19 -1 0.000044
209 10104 -1 18 -1 0.000043
210 9856 -1 18 -1 0.000041
211 9580 -1 17 -1 0.000047
212 10061 -1 18 -1 0.000041
213 10388 -1 18 -1 0.000043
214 9826 -1 18 -1 0.000044
215 10380 -1 17 -1 0.000048
216 9672 -1 18 -1 0.000043
217 8723 -1 18 -1 0.000046
218 11876 -1 18 -1 0.000047
219 8706 -1 17 -1 0.000044
220 9307 -1 18 -1 0.000049
221 9362 -1 18 -1 0.000043
222 7406 -1 18 -1 0.000057
223 10390 -1 18 -1 0.000047
224 8588 -1 18 -1 0.000042
225 9334 -1 17 -1 0.000040
226 10051 -1 18 -1 0.000043
227 9142 -1 18 -1 0.000046
228 9969 -1 18 -1 0.000046
229 11024 -1 18 -1 0.000046
230 5879 -1 18 -1 0.000060
231 8371 -1 19 -1 0.000048
232 10760 -1 19 -1 0.000045
233 7836 -1 18 -1 0.000042
234 9267 -1 17 -1 0.000047
235 11287 -1 18 -1 0.000040
236 8787 -1 18 -1 0.000041
237 8173 -1 17 -1 0.000043
238 8018 -1 18 -1 0.000046
239 9689 -1 18 -1 0.000042
240 9503 -1 18 -1 0.000046
241 6882 -1 18 -1 0.000043
242 8411 -1 18 -1 0.000048
243 8177 -1 18 -1 0.000053
244 11271 -1 17 -1 0.000051
245 9295 -1 18 -1 0.000051
246 11824 -1 17 -1 0.000049
247 9634 -1 17 -1 0.000048
248 8560 -1 17 -1 0.000043
249 9884 -1 18 -1 0.000041
250 9109 -1 18 -1 0.000040
251 9464 -1 18 -1 0.000045
252 8334 -1 19 -1 0.000042
253 8373 -1 18 -1 0.000045
254 9821 -1 18 -1 0.000050
255 9895 -1 18 -1 0.000064
256 9033 -1 18 -1 0.000056
257 8099 -1 19 -1 0.000059
258 9723 -1 18 -1 0.000065
259 8508 -1 19 -1 0.000044
260 10130 -1 19 -1 0.000042
261 8327 -1 18 -1 0.000041
262 6947 -1 17 -1 0.000042
263 11290 -1 18 -1 0.000043
264 9201 -1 19 -1 0.000045
265 8169 -1 17 -1 0.000049
266 10134 -1 18 -1 0.000048
267 10728 -1 18 -1 0.000055
268 9175 -1 19 -1 0.000050
269 9704 -1 18 -1 0.000045
270 9232 -1 18 -1 0.000043
271 11306 -1 18 -1 0.000043
272 9281 -1 18 -1 0.000039
273 11464 -1 18 -1 0.000042
274 11526 -1 19 -1 0.000044
275 7287 -1 18 -1 0.000044
276 8648 -1 18 -1 0.000054
277 11440 -1 19 -1 0.000052
278 8970 -1 18 -1 0.000050
279 9601 -1 16 -1 0.000043
280 8914 -1 17 -1 0.000044
281 8702 -1 17 -1 0.000042
282 8197 -1 18 -1 0.000041
283 9703 -1 18 -1 0.000040
284 9091 -1 18 -1 0.000041
285 9123 -1 17 -1 0.000061
286 9265 -1 19 -1 0.000076
287 7910 -1 17 -1 0.000045
288 9495 -1 18 -1 0.000042
289 8968 -1 19 -1 0.000045
290 11717 -1 18 -1 0.000053
291 9882 -1 18 -1 0.000043
292 9597 -1 18 -1 0.000042
293 8710 -1 18 -1 0.000041
294 9198 -1 18 -1 0.000041
295 9369 -1 18 -1 0.000047
296 10077 -1 18 -1 0.000041
297 8926 -1 18 -1 0.000047
298 10729 -1 19 -1 0.000042
299 9245 -1 18 -1 0.000041
300 8680 -1 18 -1 0.000034
