1 20 8924 0 1 1 1 1 0 1 1 1 1 1 1 1 1 0 1 1 1 1 1 
2 20 9709 1 1 1 0 1 1 1 0 1 1 1 1 0 1 0 1 1 1 1 1 
3 20 11760 1 1 1 1 1 0 1 1 0 1 1 0 1 1 1 1 1 1 1 1 
4 20 10761 1 0 1 1 1 1 1 1 0 1 1 1 1 1 0 1 1 1 1 1 
5 20 9279 1 1 1 1 1 1 1 1 1 0 0 1 1 1 1 1 1 1 1 1 
6 20 7051 1 1 1 0 1 1 1 0 1 1 1 1 1 1 0 1 1 1 1 1 
7 20 10342 1 1 1 1 0 1 1 0 0 1 1 1 1 1 1 0 1 1 1 1 
8 20 10461 1 1 0 1 1 1 1 1 1 1 1 1 1 1 0 1 1 1 0 1 
9 20 8421 1 0 1 1 1 1 1 1 1 1 1 1 1 0 0 1 1 1 1 0 
10 20 8009 1 1 1 1 1 1 1 1 1 1 1 1 1 0 0 1 1 1 1 0 
11 20 10221 0 1 1 1 1 1 1 1 1 1 1 0 1 1 1 1 1 0 1 1 
12 20 9355 1 1 1 1 1 1 0 1 1 1 1 1 1 0 0 1 1 1 1 0 
13 20 11139 1 1 0 1 1 0 1 1 1 1 1 1 1 1 1 1 0 1 1 1 
14 20 10297 0 1 1 0 1 1 1 1 1 1 0 1 1 1 1 0 1 1 1 1 
15 20 8056 1 1 1 1 0 1 1 0 1 1 0 1 1 1 1 1 1 1 1 0 
16 20 8363 1 1 1 1 0 1 0 0 1 1 1 1 1 1 1 1 1 1 1 1 
17 20 7385 0 1 1 1 1 1 1 1 1 1 1 1 1 0 1 1 0 1 1 1 
18 20 8870 1 1 1 1 1 1 1 0 0 1 1 1 1 0 1 1 1 1 0 0 
19 20 8622 1 1 0 1 1 1 1 1 1 1 1 1 1 0 1 0 1 1 1 1 
20 20 9298 1 1 1 1 1 1 1 0 1 1 0 1 1 1 1 0 1 1 1 0 
21 20 8326 0 1 0 1 1 1 1 1 1 1 1 1 1 1 1 1 1 0 1 0 
22 20 8612 1 1 1 1 0 1 0 1 0 1 1 1 1 0 1 1 1 1 1 1 
23 20 10513 1 1 0 1 1 0 0 1 1 1 1 1 1 1 0 1 1 1 1 1 
24 20 6950 0 1 1 1 1 1 1 1 0 1 1 1 1 0 1 1 1 1 0 1 
25 20 9285 1 1 0 1 1 0 1 1 1 1 1 1 1 1 0 1 1 1 1 0 
26 20 10414 1 0 1 1 1 1 0 1 1 1 1 1 1 1 1 1 1 0 1 1 
27 20 9455 1 1 1 0 1 0 1 1 1 1 1 1 1 1 1 1 1 1 1 1 
28 20 9466 1 1 1 1 0 1 1 1 1 1 1 1 1 1 0 1 1 0 1 1 
29 20 9562 1 1 1 1 1 0 1 1 1 1 1 1 0 1 0 1 1 1 0 1 
30 20 9355 0 1 1 1 0 1 1 0 1 1 1 1 1 1 1 1 1 1 0 1 
31 20 10425 1 0 1 1 0 1 1 0 1 1 1 1 1 1 0 1 1 1 1 1 
32 20 9895 0 1 1 1 1 1 1 1 1 1 0 0 1 1 1 1 1 1 1 1 
33 20 9296 1 1 1 0 1 1 1 1 0 1 1 0 1 1 1 1 1 1 1 1 
34 20 11011 1 1 1 1 0 1 1 0 0 1 1 1 1 1 1 1 1 1 0 1 
35 20 8130 1 0 1 1 1 1 1 1 1 0 1 0 1 1 1 1 1 1 1 1 
36 20 10319 0 1 1 1 0 1 1 1 0 1 1 1 1 1 1 1 1 1 0 1 
37 20 10084 1 1 1 1 1 1 1 1 1 1 1 0 1 1 1 1 1 0 0 1 
38 20 9878 0 1 1 1 1 1 1 1 1 1 1 1 1 0 1 1 1 1 1 1 
39 20 11659 1 0 0 1 1 1 1 1 1 1 1 1 1 1 1 1 1 1 1 1 
40 20 8685 1 1 1 1 1 0 1 1 1 1 1 1 0 0 1 1 1 1 1 0 
41 20 9938 1 1 1 1 1 1 1 1 0 1 1 1 1 0 1 1 0 1 1 1 
42 20 9164 0 1 1 1 0 1 1 1 1 1 1 1 0 1 1 0 1 1 1 1 
43 20 8345 1 1 1 1 1 1 1 0 1 0 1 1 1 1 1 1 1 1 0 1 
44 20 9912 0 0 1 1 1 1 1 1 1 1 1 1 1 1 1 1 1 0 1 1 
45 20 8652 1 1 0 1 1 1 0 1 1 1 1 1 1 1 1 1 0 1 1 0 
46 20 10622 1 0 1 1 1 1 1 1 1 1 1 1 1 1 0 1 1 0 1 1 
47 20 6678 0 1 1 1 0 1 1 1 1 1 1 0 0 1 1 1 1 1 1 1 
48 20 10485 1 1 1 1 1 1 1 0 1 1 1 1 1 1 1 1 0 1 0 1 
49 20 9692 1 1 1 1 1 1 1 1 0 1 1 1 0 0 1 1 1 1 1 1 
50 20 10534 0 1 1 1 1 1 0 1 1 1 1 1 1 1 0 1 1 0 0 1 
51 20 7404 1 1 1 1 0 1 1 1 1 0 0 1 1 1 1 1 1 1 1 1 
52 20 9857 0 1 1 1 1 1 1 1 0 1 1 0 1 0 1 1 1 1 1 1 
53 20 12021 1 0 1 1 1 0 1 1 1 1 1 1 1 1 0 1 1 1 1 1 
54 20 9658 1 1 1 1 1 1 0 1 1 1 1 1 1 1 0 0 0 1 1 1 
55 20 8603 1 1 1 1 1 1 1 0 0 1 1 1 0 1 1 1 1 1 0 1 
56 20 11182 1 0 1 1 1 1 1 1 1 0 1 1 1 1 0 0 1 1 1 1 
57 20 9109 1 1 1 1 1 0 1 1 1 1 1 1 0 1 1 1 1 1 1 1 
58 20 11606 1 1 1 1 1 1 1 1 1 1 0 1 0 1 1 0 1 1 1 1 
59 20 7985 1 1 1 0 1 1 1 1 1 1 1 1 0 0 1 0 1 1 1 1 
60 20 11062 1 0 1 1 0 1 1 1 1 1 1 1 1 0 1 1 1 1 1 1 
61 20 9226 1 1 1 0 1 1 1 0 1 1 1 1 1 1 1 1 0 1 1 1 
62 20 7992 1 1 1 1 0 1 1 1 0 0 0 1 1 1 1 1 1 1 1 1 
63 20 8085 1 0 1 1 1 1 1 1 1 1 1 1 1 1 0 0 1 1 1 1 
64 20 9757 1 1 1 0 0 1 0 1 1 1 1 1 1 1 0 1 1 1 1 1 
65 20 12025 1 1 0 1 1 1 1 1 1 0 1 1 1 1 1 1 1 0 1 1 
66 20 8957 1 1 1 0 1 0 1 1 1 1 1 1 1 1 0 1 1 0 1 0 
67 20 9973 1 1 1 1 1 0 1 1 1 1 1 1 0 1 1 1 0 1 0 1 
68 20 7577 1 1 1 1 1 1 1 1 1 1 0 1 1 1 1 1 1 1 0 0 
69 20 10574 1 1 1 0 1 0 1 1 1 1 1 1 1 0 1 1 1 1 0 1 
70 20 9584 1 1 1 1 0 1 0 1 1 1 1 1 1 1 1 1 0 0 1 1 
71 20 9877 1 1 1 0 1 1 1 1 1 1 1 1 1 0 1 1 1 0 1 1 
72 20 11265 1 1 0 1 1 0 1 1 1 1 1 1 0 1 1 1 1 0 1 0 
73 20 11580 1 1 1 1 0 1 1 1 0 1 1 1 1 1 0 1 1 1 1 1 
74 20 10154 0 1 1 1 0 1 1 1 1 1 1 1 1 0 1 1 1 0 1 1 
75 20 6803 1 1 1 1 0 1 1 1 1 1 1 0 1 0 1 1 1 0 1 0 
76 20 7561 1 0 1 1 1 1 0 0 1 1 1 1 1 1 1 0 1 1 1 1 
77 20 9221 1 1 1 1 0 1 1 1 1 1 1 1 1 0 1 1 1 0 0 1 
78 20 9626 0 1 1 1 0 1 1 1 1 1 1 1 0 1 1 1 1 0 1 1 
79 20 8322 1 1 1 1 1 0 1 1 1 1 1 1 1 1 0 1 1 1 1 1 
80 20 8577 1 1 1 1 1 1 1 0 1 1 1 1 1 1 0 1 1 1 1 0 
81 20 9180 1 1 1 1 1 1 0 1 1 1 0 0 1 0 1 1 1 1 1 1 
82 20 7349 1 1 1 1 1 1 0 1 1 1 1 1 1 0 1 1 0 1 1 0 
83 20 8782 1 1 1 1 1 0 1 0 1 0 1 1 1 1 1 0 1 1 1 1 
84 20 7605 1 1 1 1 1 1 1 1 0 1 1 1 1 1 1 0 1 1 1 0 
85 20 10700 1 1 1 1 1 1 1 1 1 1 0 1 1 1 1 1 1 0 0 1 
86 20 11716 1 1 1 1 1 1 0 1 0 1 0 1 1 1 1 1 1 1 1 1 
87 20 7939 0 1 1 1 1 0 1 1 1 1 1 1 1 1 1 1 1 1 1 0 
88 20 9466 0 1 0 1 1 0 1 1 1 1 1 1 1 1 1 1 1 1 1 1 
89 20 9136 1 1 1 1 1 1 1 1 0 1 1 0 1 1 1 1 0 1 1 1 
90 20 10087 1 1 1 0 1 0 1 1 1 1 1 1 1 1 0 1 1 1 1 1 
91 20 11232 1 1 1 1 1 1 0 0 1 1 1 1 1 1 1 0 1 1 1 1 
92 20 8397 0 1 0 1 1 1 0 1 1 1 1 0 1 1 1 1 1 1 1 1 
93 20 9153 1 1 1 1 1 1 1 1 1 1 1 0 1 0 0 1 1 1 1 0 
94 20 9605 1 1 1 1 1 1 0 0 0 1 1 1 0 1 0 1 1 1 1 1 
95 20 7893 1 1 1 1 1 1 1 1 0 1 1 1 1 0 1 0 1 1 1 1 
96 20 7267 1 0 1 1 1 1 1 1 1 0 1 1 1 1 0 0 1 1 1 1 
97 20 9879 1 1 1 1 1 0 1 1 1 1 1 1 0 1 1 1 1 1 1 1 
98 20 9161 1 1 1 1 1 1 1 0 1 1 1 1 1 0 1 1 1 1 0 1 
99 20 9891 1 1 1 1 1 0 1 0 1 1 1 1 1 1 1 1 1 1 0 1 
100 20 8604 0 1 1 0 0 0 1 1 1 1 1 1 1 1 1 0 1 1 1 1 
101 20 9481 1 1 1 1 1 1 1 1 1 1 1 1 1 1 0 0 1 0 1 1 
102 20 9751 0 1 1 0 1 1 1 1 1 1 1 1 1 0 1 0 1 1 1 1 
103 20 10135 1 1 1 1 0 1 1 1 1 1 1 1 0 1 0 1 1 1 1 1 
104 20 9018 1 1 0 1 1 1 1 1 1 1 1 1 1 1 1 1 0 1 0 1 
105 20 7877 0 1 1 1 0 0 1 1 1 1 1 1 1 1 1 1 1 1 1 1 
106 20 10693 1 1 1 1 1 1 1 1 1 0 1 1 1 1 0 1 1 1 0 1 
107 20 8848 1 1 0 1 0 1 1 1 1 1 1 1 1 0 1 1 1 1 1 1 
108 20 9399 0 1 1 1 0 1 1 1 1 1 1 1 1 1 0 1 1 0 1 1 
109 20 8679 1 0 0 0 1 1 1 1 1 1 1 1 1 1 0 1 1 1 1 1 
110 20 10483 1 1 1 1 1 1 0 1 1 0 1 1 1 0 1 1 1 1 1 1 
111 20 7808 1 1 1 1 1 1 1 1 1 1 1 1 1 0 0 1 1 0 0 1 
112 20 11572 1 1 0 1 1 1 1 1 0 0 1 1 1 1 1 1 1 1 1 1 
113 20 10024 1 1 1 1 1 1 0 0 1 1 1 1 1 1 1 0 1 1 1 1 
114 20 8787 1 1 1 1 1 1 1 0 1 0 1 1 1 1 0 1 1 1 1 1 
115 20 8846 1 1 1 1 1 1 1 1 1 1 0 1 1 0 1 1 1 1 1 0 
116 20 9550 1 1 1 0 1 0 0 1 1 1 1 1 1 1 0 1 1 1 1 1 
117 20 8046 1 1 0 1 1 1 1 1 1 1 0 1 1 0 1 1 1 1 1 1 
118 20 8629 1 1 1 0 1 1 1 1 0 1 0 1 1 1 1 1 1 1 1 0 
119 20 9933 0 1 1 1 0 1 1 1 0 1 1 0 1 1 1 1 1 1 1 1 
120 20 9259 1 1 1 1 1 1 1 1 1 1 1 0 0 0 1 1 1 1 1 1 
121 20 7999 1 1 1 1 1 1 1 1 1 1 1 1 0 1 1 0 1 1 0 1 
122 20 9079 1 1 1 1 1 1 0 1 1 1 1 1 0 1 1 0 1 1 1 1 
123 20 11006 0 1 1 1 0 1 1 1 1 0 1 1 1 1 1 1 1 1 1 1 
124 20 9317 0 1 1 1 1 1 0 1 1 1 1 1 1 1 1 1 1 1 1 0 
125 20 10954 1 1 0 1 1 1 1 1 1 1 1 0 1 1 1 0 1 1 1 1 
126 20 9148 0 1 0 1 0 0 1 1 1 1 1 0 1 1 1 1 1 1 1 1 
127 20 9637 1 1 1 0 1 0 1 1 1 1 1 1 1 1 1 1 1 1 1 1 
128 20 9239 1 1 1 1 0 1 1 1 1 1 1 1 1 0 1 1 1 0 1 1 
129 20 7712 1 1 1 1 1 1 1 1 1 1 1 1 1 1 1 1 1 0 1 1 
130 20 9731 1 1 1 1 0 1 1 1 0 1 1 1 1 1 1 1 1 1 1 0 
131 20 10211 0 1 1 1 1 0 1 1 1 1 1 1 1 1 1 1 1 1 1 1 
132 20 8862 1 0 1 1 1 1 1 1 1 0 1 1 1 1 1 1 1 0 1 1 
133 20 8138 1 1 1 0 1 1 1 1 1 0 0 1 1 1 1 1 1 1 1 1 
134 20 10417 1 1 1 1 1 1 1 0 0 1 0 1 1 1 1 1 0 1 1 1 
135 20 8954 1 1 1 1 1 1 1 1 1 1 1 1 1 1 0 1 0 0 1 1 
136 20 9791 1 0 1 1 1 1 1 1 1 1 1 1 1 1 1 1 1 1 0 1 
137 20 8958 1 1 1 1 1 1 1 1 1 0 1 1 0 1 1 1 1 1 0 0 
138 20 9358 1 1 1 0 1 1 0 1 1 1 1 1 1 1 1 0 1 1 1 1 
139 20 9584 0 0 1 1 1 1 0 1 1 1 1 1 1 1 0 1 1 1 1 1 
140 20 10135 1 1 1 1 1 1 1 1 1 1 1 0 1 1 1 1 1 0 1 0 
141 20 8631 1 1 1 1 1 1 1 1 1 1 1 1 1 0 1 1 1 0 1 1 
142 20 10117 1 1 0 1 1 1 1 1 1 1 1 0 1 1 1 1 1 0 1 1 
143 20 8289 1 0 1 1 1 1 1 1 1 1 1 0 1 1 0 1 1 1 1 1 
144 20 9961 1 1 0 1 1 1 1 1 1 0 1 1 1 1 0 1 1 1 1 1 
145 20 8454 1 1 1 1 1 1 0 0 1 1 1 1 1 0 1 1 1 1 1 1 
146 20 9365 1 0 1 1 1 1 1 0 1 1 1 1 1 1 1 1 0 1 1 1 
147 20 11344 1 1 1 0 1 1 0 1 1 1 0 1 1 1 1 1 1 1 1 1 
148 20 12104 1 1 0 1 1 1 1 1 0 1 1 1 1 1 1 0 1 1 1 1 
149 20 8319 0 1 0 1 1 1 1 1 0 0 1 1 1 1 1 1 1 1 1 1 
150 20 7590 1 1 1 1 1 1 1 1 0 1 1 1 1 0 1 1 1 1 1 0 
151 20 7298 0 1 0 1 1 1 1 1 1 0 1 1 1 1 1 1 0 1 1 1 
152 20 9084 1 1 0 1 1 1 0 1 1 1 1 0 1 1 1 1 0 1 1 1 
153 20 10844 1 1 0 1 1 1 1 1 1 0 1 1 1 1 1 1 1 1 0 1 
154 20 12581 1 0 1 1 0 1 1 1 1 1 1 1 1 1 1 1 1 0 1 1 
155 20 8161 1 0 1 1 1 1 1 1 1 1 1 1 1 1 1 1 0 1 0 0 
156 20 13044 1 1 1 1 1 1 1 1 1 1 1 1 1 1 0 1 0 1 1 0 
157 20 11606 1 1 1 1 1 1 1 1 0 1 0 1 1 1 1 1 1 1 1 1 
158 20 6586 1 1 1 1 1 0 1 1 1 1 0 1 0 1 1 1 1 1 1 1 
159 20 10383 1 1 1 1 1 1 1 1 0 0 1 1 1 1 1 0 1 1 1 1 
160 20 9227 1 1 1 1 1 0 1 1 1 0 1 1 1 1 1 1 1 1 0 1 
161 20 8794 1 1 1 1 1 1 1 1 1 1 1 0 1 0 1 1 0 1 0 1 
162 20 8403 1 1 1 0 1 0 1 1 1 1 1 1 1 0 1 1 1 0 1 1 
163 20 9226 0 1 1 1 1 0 1 1 0 0 1 1 1 1 1 1 1 1 1 1 
164 20 10065 1 1 0 1 1 1 1 1 1 1 1 1 1 1 0 1 1 1 1 1 
165 20 9692 1 1 0 1 1 1 1 1 0 1 1 0 1 1 1 1 1 1 1 1 
166 20 8422 0 1 1 1 0 1 1 1 1 1 1 0 0 1 1 1 1 0 1 1 
167 20 8436 1 1 1 1 1 1 1 1 1 1 1 1 0 0 1 0 1 1 0 1 
168 20 9626 1 0 1 1 1 1 0 1 1 1 1 1 0 1 1 1 1 1 1 1 
169 20 9603 1 1 1 1 1 1 1 1 0 1 0 1 1 0 1 1 1 1 1 0 
170 20 9247 1 1 1 1 1 1 1 1 1 1 1 0 1 0 1 1 0 1 1 1 
171 20 8975 1 0 1 1 1 1 1 1 1 1 1 1 1 1 0 1 0 1 1 1 
172 20 10473 1 1 1 1 0 0 1 1 1 1 1 1 1 1 1 1 1 1 1 0 
173 20 10546 1 1 1 0 1 1 1 1 0 1 1 0 1 1 1 0 1 1 0 1 
174 20 11291 1 1 1 1 1 1 1 1 1 1 0 0 1 0 1 1 1 1 1 1 
175 20 8946 0 1 1 1 1 1 1 1 1 1 1 1 0 1 1 1 0 0 1 1 
176 20 10909 1 1 1 0 1 1 1 1 1 1 0 0 1 1 1 1 1 1 1 1 
177 20 8781 1 0 1 1 0 1 1 1 1 0 1 1 1 1 1 0 1 1 1 1 
178 20 10315 1 1 1 1 1 0 1 1 1 1 1 1 1 1 1 0 0 1 1 1 
179 20 11804 1 1 0 1 0 1 1 1 1 1 1 1 1 1 1 1 1 0 1 1 
180 20 9526 1 1 0 1 1 1 1 1 0 1 1 1 1 1 1 1 1 1 1 1 
181 20 10122 1 1 1 1 1 1 1 1 1 1 1 0 1 1 1 1 0 1 0 1 
182 20 10072 1 1 1 1 0 1 1 1 1 1 1 0 1 1 0 1 1 0 1 1 
183 20 9378 1 0 1 1 1 1 1 1 1 1 0 1 1 1 1 1 1 1 0 1 
184 20 7970 1 1 1 1 0 1 1 1 1 0 1 1 1 1 1 1 1 0 1 1 
185 20 12535 1 1 1 1 0 1 1 1 1 1 1 1 1 0 0 1 1 1 1 1 
186 20 10584 0 1 0 1 1 1 1 1 1 0 1 1 1 0 1 1 1 1 1 0 
187 20 9794 1 1 1 1 1 1 1 1 1 0 1 1 0 1 1 0 1 1 0 1 
188 20 9082 1 1 1 1 1 0 1 1 1 0 1 1 1 1 1 1 1 1 1 1 
189 20 10578 1 1 1 1 1 1 1 1 0 1 1 0 1 1 0 1 1 1 1 1 
190 20 8813 0 1 1 1 1 1 1 1 1 1 0 1 1 1 1 1 1 1 1 1 
191 20 8605 1 1 1 1 1 1 0 1 0 1 1 1 1 1 1 1 1 1 0 1 
192 20 8743 1 0 1 1 1 1 0 1 1 1 1 1 1 1 1 1 0 0 1 1 
193 20 10453 1 1 1 1 1 1 1 1 0 1 1 1 1 1 1 1 0 1 1 0 
194 20 7104 1 1 0 1 1 0 1 1 0 1 1 1 1 1 1 1 1 1 1 1 
195 20 8182 1 1 1 0 1 1 1 1 1 1 1 1 0 1 1 1 1 1 0 1 
196 20 6478 1 1 1 1 0 1 1 1 1 1 0 1 1 0 1 1 1 0 1 1 
197 20 6910 1 1 1 0 1 1 1 1 1 1 1 1 1 0 1 1 1 1 1 0 
198 20 7928 1 1 1 1 1 1 1 1 1 0 0 1 1 1 0 1 0 1 1 1 
199 20 11401 0 1 0 1 1 1 1 1 1 1 1 1 1 0 1 1 1 1 1 1 
200 20 10316 1 1 1 1 0 1 1 1 1 1 1 0 1 1 0 1 1 1 1 1 
201 20 8849 1 1 0 1 1 0 1 1 1 1 1 1 1 0 1 1 1 1 1 1 
202 20 9224 1 1 1 1 1 1 1 1 0 1 1 0 1 1 0 1 1 1 1 1 
203 20 9175 1 1 1 1 1 1 1 1 1 1 0 1 1 1 1 1 0 1 0 1 
204 20 8879 1 0 1 1 1 1 0 1 1 1 1 1 1 0 1 1 1 1 1 1 
205 20 10661 1 1 1 1 1 1 0 1 1 0 1 1 1 1 0 1 1 1 0 1 
206 20 9275 1 1 0 1 1 1 1 1 1 1 1 0 1 1 1 0 1 1 1 1 
207 20 9532 1 1 1 0 1 0 1 1 1 1 1 1 1 1 1 0 1 1 1 1 
208 20 9960 1 1 0 1 0 1 1 1 1 1 1 1 1 0 1 1 1 1 1 1 
209 20 9084 1 1 1 1 1 1 1 1 1 1 0 1 0 1 0 1 1 1 1 1 
210 20 9483 1 1 0 1 1 1 1 1 1 0 1 1 1 1 1 1 1 1 1 1 
211 20 9051 0 1 1 1 1 1 1 1 0 1 1 1 0 1 1 1 1 0 1 1 
212 20 9106 1 1 0 1 1 1 1 1 1 1 0 1 1 1 1 1 0 1 1 1 
213 20 12110 1 1 1 0 1 1 1 1 1 1 1 1 1 1 0 1 1 1 1 1 
214 20 9912 1 1 1 1 0 1 1 1 1 1 1 1 0 1 1 1 1 1 1 0 
215 20 10647 1 1 1 1 1 1 1 0 1 1 1 1 1 1 1 1 0 1 1 1 
216 20 8456 1 1 1 1 0 1 1 1 1 0 1 1 1 1 0 1 1 1 1 0 
217 20 8196 1 1 1 1 1 0 1 1 1 1 1 0 0 1 1 1 1 1 0 1 
218 20 9444 1 1 1 0 1 0 1 1 1 1 1 0 1 1 1 1 0 1 1 1 
219 20 10049 1 1 1 1 1 1 1 1 0 1 1 1 1 0 1 1 1 1 1 0 
220 20 9019 0 1 1 1 1 1 1 1 1 1 1 1 1 1 1 0 1 0 1 1 
221 20 9606 1 1 1 0 1 1 1 0 1 1 1 1 1 1 1 0 1 1 0 1 
222 20 10550 1 0 1 1 1 1 1 1 0 1 1 0 1 1 1 1 1 1 1 1 
223 20 11091 0 1 1 1 1 1 1 0 1 1 1 0 1 1 1 1 1 1 1 1 
224 20 9261 0 1 1 1 1 1 1 1 1 1 1 1 1 0 1 1 0 1 1 1 
225 20 8528 0 1 1 1 1 0 1 1 1 1 1 1 1 0 1 1 1 1 0 1 
226 20 11190 1 1 1 1 1 1 1 1 1 0 1 1 1 1 1 1 0 1 1 0 
227 20 12107 1 1 0 1 1 1 1 1 1 1 1 1 1 1 0 1 1 1 0 1 
228 20 11309 1 1 1 1 1 0 1 1 1 1 0 1 1 0 1 1 1 1 1 1 
229 20 9306 1 1 0 1 1 1 1 1 0 1 1 1 1 0 1 1 1 1 1 1 
230 20 9316 1 1 1 0 1 0 1 1 1 1 0 1 1 1 1 1 1 1 1 1 
231 20 9055 0 1 1 1 1 1 1 0 0 1 1 0 1 1 1 1 1 1 1 1 
232 20 11436 0 1 1 0 1 1 1 1 1 1 1 1 0 1 1 1 1 1 1 1 
233 20 9943 1 1 1 1 0 0 1 1 1 1 1 1 0 1 1 0 1 0 1 1 
234 20 8987 1 0 1 1 1 1 0 1 1 1 1 1 1 1 0 1 1 1 1 1 
235 20 10823 0 1 1 1 1 1 0 1 1 0 1 1 1 1 1 1 1 1 1 0 
236 20 8925 1 1 1 1 1 1 1 1 0 1 1 1 0 1 0 1 1 1 1 1 
237 20 10485 1 1 1 1 1 1 1 1 1 0 0 1 1 1 0 1 1 1 1 1 
238 20 7736 1 1 1 1 1 1 1 1 1 0 1 1 1 1 1 1 0 1 1 1 
239 20 8994 1 1 1 0 1 1 1 1 1 1 0 1 1 1 0 0 0 1 1 1 
240 20 11466 1 1 1 0 1 0 1 1 1 0 1 1 1 1 1 1 1 1 1 1 
241 20 8474 1 1 1 0 1 1 1 1 1 1 1 1 1 0 1 1 0 1 1 1 
242 20 7920 1 1 1 1 0 0 1 1 1 1 1 1 1 1 1 1 1 1 1 1 
243 20 8948 1 1 1 1 1 1 1 1 1 1 1 0 1 1 1 0 1 1 1 1 
244 20 10205 1 1 1 1 1 0 1 0 1 1 1 1 1 0 1 1 1 1 1 1 
245 20 10685 1 1 1 1 0 1 1 1 1 1 1 1 1 1 1 0 1 0 1 1 
246 20 9570 1 1 1 1 1 1 0 1 1 1 0 0 1 1 1 0 0 1 1 1 
247 20 11098 1 1 1 1 1 1 1 1 1 1 0 1 1 1 1 0 1 1 1 1 
248 20 8671 1 1 0 1 1 1 1 1 1 1 1 0 0 1 1 1 1 0 1 1 
249 20 7677 0 0 1 1 1 1 1 1 1 1 1 0 1 1 0 0 1 1 1 1 
250 20 11701 1 1 1 1 1 1 1 1 1 0 1 1 1 1 1 0 0 1 1 1 
251 20 6769 1 0 1 1 1 1 1 1 1 0 1 1 0 1 1 1 1 0 1 0 
252 20 7772 1 1 0 1 1 1 1 1 0 0 1 1 1 0 1 1 1 1 1 1 
253 20 11299 1 1 1 1 1 0 1 1 1 1 0 1 1 0 1 1 1 1 1 1 
254 20 10044 1 1 1 1 1 1 1 1 1 1 1 1 1 0 1 0 1 1 1 0 
255 20 10298 0 0 1 1 1 1 1 1 1 0 1 1 1 1 1 1 1 1 0 1 
256 20 6582 1 1 1 1 1 1 1 1 1 1 1 1 0 1 1 0 0 0 1 1 
257 20 7826 1 1 1 1 1 1 1 1 0 1 1 1 1 0 1 0 1 1 1 1 
258 20 8848 1 1 1 1 1 1 1 1 1 1 1 0 0 0 1 1 0 1 1 1 
259 20 11253 1 1 1 1 1 1 1 0 1 1 0 1 1 1 1 1 0 0 1 1 
260 20 8042 0 1 1 1 1 1 1 1 1 1 0 1 1 1 0 1 1 1 1 1 
261 20 7391 0 1 1 1 1 1 1 0 1 1 1 1 1 1 1 0 1 1 1 0 
262 20 8477 1 1 1 1 1 1 1 0 1 1 1 1 1 1 1 1 0 1 0 1 
263 20 9416 1 0 1 1 1 1 1 1 0 1 1 1 1 1 1 1 0 1 0 1 
264 20 12255 1 1 1 1 1 1 1 1 0 1 1 1 1 1 0 1 1 1 1 1 
265 20 8938 1 1 1 0 0 1 1 1 1 0 1 1 1 1 1 1 1 1 1 1 
266 20 12422 1 1 0 0 1 1 1 1 1 0 1 1 1 1 1 1 1 1 1 1 
267 20 9166 1 1 1 1 0 1 0 1 1 1 1 1 1 1 1 1 1 1 0 1 
268 20 8212 1 1 0 1 0 1 1 1 1 1 1 0 1 1 1 1 1 1 1 1 
269 20 9891 1 1 1 1 1 1 1 1 0 0 1 1 1 1 1 1 1 1 1 1 
270 20 8512 1 1 1 1 1 1 1 1 1 0 1 1 1 0 0 1 1 1 1 1 
271 20 9532 1 1 1 1 1 1 0 1 1 1 1 1 1 1 0 0 1 0 1 1 
272 20 9976 1 0 1 1 1 1 0 1 1 1 1 1 1 1 1 1 1 1 0 1 
273 20 8144 1 1 1 1 1 1 0 0 1 1 0 1 1 1 1 1 1 0 1 1 
274 20 10735 1 1 1 0 1 0 1 0 1 1 1 0 1 1 1 1 1 1 1 1 
275 20 10366 1 1 1 1 1 0 1 1 0 1 1 1 1 1 1 1 0 1 1 1 
276 20 10622 0 1 1 1 1 1 1 1 1 1 0 1 1 1 1 1 1 1 1 1 
277 20 9254 1 0 0 1 0 1 1 1 1 1 1 1 1 1 1 1 1 1 1 1 
278 20 7274 1 1 1 1 1 0 0 1 1 1 1 1 1 1 1 0 1 1 0 1 
279 20 9604 1 1 1 1 1 1 1 1 1 0 1 1 0 1 0 1 1 1 0 0 
280 20 10553 0 1 1 1 1 1 1 0 1 1 1 1 0 1 1 1 1 1 1 0 
281 20 10960 1 1 0 0 0 1 1 1 1 1 1 1 1 1 1 1 1 1 1 1 
282 20 7061 1 0 1 1 1 1 1 1 0 1 1 1 1 1 0 1 1 1 0 1 
283 20 8128 1 1 1 1 1 1 1 1 1 1 1 1 0 1 1 1 1 0 0 1 
284 20 12122 1 1 0 1 1 1 0 1 1 1 1 0 1 1 1 1 1 1 1 1 
285 20 6863 0 1 0 1 1 1 1 1 1 0 0 1 1 1 1 0 1 1 1 1 
286 20 8544 1 1 0 0 1 0 1 1 1 1 1 1 1 1 1 0 1 1 1 1 
287 20 8917 0 1 0 1 0 1 1 1 1 1 0 1 1 1 1 1 1 1 1 1 
288 20 9494 1 1 1 0 1 1 1 1 1 1 0 1 1 1 1 0 1 1 1 1 
289 20 9164 1 1 1 1 0 1 1 1 1 1 0 1 1 1 1 0 1 0 1 1 
290 20 9377 1 1 0 1 0 1 1 1 1 1 1 1 1 1 0 1 1 1 0 1 
291 20 7358 1 0 1 0 1 1 1 0 0 0 1 1 1 1 1 1 1 1 1 1 
292 20 8477 0 1 1 1 1 1 1 0 1 1 1 1 1 0 1 1 1 1 1 1 
293 20 10734 1 1 0 1 0 0 1 0 1 1 1 1 1 1 1 1 1 1 1 1 
294 20 9984 1 1 1 1 1 1 0 1 1 1 1 1 1 0 1 0 1 1 1 1 
295 20 11165 1 1 1 1 0 1 1 1 0 1 1 1 1 1 1 1 1 1 1 1 
296 20 9947 1 1 0 1 1 1 1 0 1 1 1 1 1 1 1 1 1 1 0 0 
297 20 8924 1 1 1 0 1 1 1 1 1 1 1 1 1 1 1 0 1 0 1 0 
298 20 9314 1 1 1 1 1 1 1 1 0 1 1 0 0 1 1 1 1 1 1 1 
299 20 9945 1 1 1 1 1 1 1 0 1 1 1 1 0 0 1 1 1 1 1 1 
300 20 10277 1 1 0 1 1 1 0 1 1 1 0 1 1 1 1 1 1 1 1 1 
