1 20 8051 0 1 0 1 1 1 0 1 1 1 1 1 1 1 1 1 1 0 1 1 
2 20 11122 1 1 1 1 1 0 1 0 1 1 1 1 1 1 0 1 1 1 1 1 
3 20 10789 1 1 1 0 1 1 1 1 0 0 1 1 0 1 1 1 1 1 1 1 
4 20 10096 1 1 1 1 1 1 1 1 0 0 1 1 1 1 0 1 1 0 1 1 
5 20 12226 1 1 1 1 0 1 1 1 1 1 0 1 1 1 1 1 0 1 1 1 
6 20 11160 1 1 0 1 1 1 1 1 1 1 1 1 0 1 1 1 1 1 1 0 
7 20 10216 1 0 0 1 1 1 1 1 1 1 0 1 1 1 1 1 0 1 1 1 
8 20 8864 1 0 1 1 1 1 1 1 1 1 0 1 1 0 1 1 1 1 1 1 
9 20 9243 1 1 1 0 1 1 1 0 1 1 1 0 1 1 1 1 1 1 1 1 
10 20 8343 1 1 1 1 1 0 1 1 1 0 1 1 1 0 1 0 1 1 1 1 
11 20 8508 1 1 1 1 1 1 1 0 0 1 1 1 1 1 1 0 1 1 0 1 
12 20 7734 1 1 0 1 1 1 0 1 1 1 0 1 1 1 1 1 0 1 1 1 
13 20 9374 1 1 0 1 1 1 0 1 1 0 1 1 1 1 0 1 0 1 1 1 
14 20 8173 1 1 1 1 1 1 1 0 1 0 0 1 1 1 1 1 0 1 1 1 
15 20 12070 1 1 1 1 1 0 0 1 1 1 1 1 1 1 1 1 1 0 1 1 
16 20 9310 1 1 0 1 1 0 1 1 1 1 1 1 1 0 1 1 1 1 1 1 
17 20 9292 1 1 1 0 0 1 1 1 1 1 1 1 1 1 1 1 1 0 1 1 
18 20 9463 1 1 1 1 1 0 1 1 1 1 1 1 0 0 1 1 1 0 1 1 
19 20 9330 1 1 1 0 1 1 1 1 0 1 1 1 1 1 0 1 1 1 1 1 
20 20 9537 1 0 0 1 1 0 1 1 1 1 1 1 1 1 1 1 1 1 1 1 
21 20 9967 1 1 0 1 1 1 0 1 1 1 1 0 1 1 1 1 1 0 1 1 
22 20 7914 1 0 1 1 1 1 1 1 1 1 1 1 0 0 1 0 1 1 1 1 
23 20 11331 1 1 1 0 1 0 1 1 1 1 1 1 1 1 1 1 1 0 1 1 
24 20 10632 1 1 1 1 0 1 1 1 1 1 1 1 1 1 0 1 0 1 1 1 
25 20 8799 1 1 0 0 1 1 1 1 1 1 1 1 0 1 1 1 1 1 1 1 
26 20 11502 1 0 1 1 1 1 1 1 1 1 1 1 1 1 1 1 0 1 1 0 
27 20 11242 1 1 1 0 1 1 1 1 1 0 0 0 1 1 1 1 1 1 1 1 
28 20 9432 1 1 0 1 1 1 1 1 1 1 1 1 1 1 0 1 1 1 0 1 
29 20 10875 1 0 1 1 0 1 1 1 1 1 1 1 1 1 0 1 1 1 1 1 
30 20 9499 1 1 0 1 1 1 1 1 1 1 1 1 1 1 0 1 0 1 1 1 
31 20 9419 0 1 1 1 1 1 1 1 1 1 0 1 1 1 1 1 0 1 0 1 
32 20 10042 1 1 1 1 0 1 1 1 1 1 1 0 1 1 1 0 0 0 1 1 
33 20 10567 1 1 1 1 1 0 0 1 0 1 1 1 1 1 1 1 1 1 1 1 
34 20 10121 1 1 1 1 0 1 1 0 1 1 0 1 1 1 1 1 1 0 1 1 
35 20 10309 0 1 1 1 1 1 1 1 1 0 1 1 0 1 1 1 0 1 1 1 
36 20 9101 1 0 0 1 1 1 0 1 1 1 1 1 1 1 1 1 0 1 1 1 
37 20 9765 1 1 1 1 1 0 1 1 1 1 1 1 0 0 0 1 1 1 1 1 
38 20 8366 1 1 0 1 1 1 1 1 0 1 1 1 1 1 0 1 1 1 0 1 
39 20 9251 1 1 0 1 1 1 1 1 1 0 1 1 1 1 1 1 0 1 1 1 
40 20 10406 1 1 1 1 1 1 1 0 1 1 0 1 1 1 1 1 1 1 0 1 
41 20 8698 1 1 1 1 1 1 1 1 1 1 0 1 0 1 1 1 1 1 0 1 
42 20 8439 1 0 1 1 0 1 1 1 1 1 1 1 1 1 0 1 0 1 1 1 
43 20 8018 1 1 1 1 1 1 1 1 1 1 0 0 1 1 1 1 0 1 1 0 
44 20 7523 1 1 1 1 1 0 1 1 0 1 1 1 1 1 1 0 0 1 1 1 
45 20 10162 1 0 1 1 1 1 0 1 1 1 1 1 1 1 1 1 1 0 1 1 
46 20 8315 0 0 1 1 1 1 1 1 0 1 1 1 1 1 1 1 0 1 1 1 
47 20 8195 1 1 1 1 0 1 1 1 1 1 1 1 1 0 1 1 1 1 0 1 
48 20 9855 1 1 1 1 1 1 1 1 1 1 1 1 1 0 0 1 0 1 1 1 
49 20 9098 1 1 1 1 1 1 1 1 1 0 1 1 1 0 0 1 1 1 1 0 
50 20 8484 1 0 1 1 0 1 1 1 1 1 1 1 0 1 0 1 0 1 1 1 
51 20 10498 1 1 0 1 1 0 1 1 0 1 1 1 1 1 1 1 0 1 1 1 
52 20 10233 1 1 1 1 1 1 1 1 1 1 1 1 0 1 0 0 1 1 1 1 
53 20 10749 1 1 1 1 1 1 0 1 1 1 0 0 1 0 1 1 1 1 1 1 
54 20 10485 1 1 1 1 1 1 1 1 1 1 1 1 0 0 1 0 1 1 1 1 
55 20 9115 1 1 0 1 1 1 1 1 1 1 0 0 1 1 1 1 1 1 1 1 
56 20 6928 1 0 1 1 1 1 1 1 1 1 1 0 1 0 1 1 1 1 1 0 
57 20 8079 1 1 1 1 1 1 0 1 0 1 0 1 1 1 1 1 1 1 1 1 
58 20 11638 1 1 1 1 0 1 1 1 1 1 1 1 0 1 1 1 0 1 1 1 
59 20 9681 1 1 1 0 1 1 0 1 1 1 0 1 1 1 1 1 1 0 1 1 
60 20 9727 1 1 1 1 1 0 1 0 1 1 1 1 1 1 1 1 0 1 0 1 
61 20 8554 1 1 1 0 0 1 1 1 1 0 1 1 1 1 0 1 1 1 1 1 
62 20 9872 1 1 1 1 1 1 1 1 1 0 1 0 1 0 1 1 1 1 1 1 
63 20 9378 1 1 1 0 1 1 1 0 1 1 1 1 1 1 0 1 1 1 1 1 
64 20 9237 1 1 1 1 1 0 1 0 1 1 0 1 1 1 1 1 1 1 1 1 
65 20 9892 1 1 1 1 1 1 0 0 1 1 1 1 1 1 1 1 0 1 0 1 
66 20 7939 1 0 1 1 1 1 1 1 1 1 1 0 1 0 1 1 1 1 1 1 
67 20 9932 0 1 1 1 1 1 0 1 1 1 1 1 1 1 1 1 1 0 1 0 
68 20 11581 1 1 1 1 0 1 1 0 1 1 1 0 1 1 1 1 1 1 1 1 
69 20 9179 1 1 1 1 1 1 0 1 1 1 1 0 1 0 1 1 1 1 1 1 
70 20 10014 0 1 1 1 1 1 1 1 1 0 1 1 0 1 1 1 1 1 1 1 
71 20 9542 1 1 1 1 1 1 1 1 1 1 1 0 0 0 1 1 1 1 1 1 
72 20 9930 1 1 0 1 1 1 1 1 0 1 1 0 1 1 0 1 1 1 1 1 
73 20 9932 1 0 1 1 1 1 0 1 1 1 1 1 1 0 1 0 1 1 1 1 
74 20 7850 1 1 1 0 1 1 1 1 0 1 1 1 1 1 1 1 1 1 0 1 
75 20 11276 1 1 1 1 1 1 1 1 1 1 1 1 1 0 1 1 0 1 1 0 
76 20 11113 1 1 1 1 1 1 0 0 1 1 1 1 1 1 1 0 1 1 1 1 
77 20 8221 0 1 1 1 1 1 1 0 1 1 1 0 1 1 1 0 1 1 0 1 
78 20 11159 1 1 0 1 1 1 1 1 1 1 1 1 0 1 1 1 0 1 1 1 
79 20 8502 1 1 1 1 1 0 1 1 1 1 1 1 1 0 1 1 1 0 1 0 
80 20 8379 1 1 1 1 0 0 1 1 1 1 1 0 1 1 0 1 1 1 1 1 
81 20 8897 1 1 0 1 1 1 1 1 1 0 1 1 1 1 1 0 1 1 1 1 
82 20 11022 1 1 0 1 1 1 1 0 1 1 1 1 1 1 1 1 0 1 0 1 
83 20 8242 1 1 1 1 0 1 1 1 1 1 1 0 1 1 1 1 1 1 1 1 
84 20 10084 0 1 1 1 0 1 1 1 1 0 1 1 1 1 1 1 1 0 1 1 
85 20 9416 1 1 0 1 1 1 1 1 0 1 1 1 0 1 1 1 1 0 1 1 
86 20 9555 0 0 1 1 1 1 1 1 1 1 1 1 1 1 1 1 1 0 0 1 
87 20 11249 1 1 1 1 1 0 1 1 0 1 1 1 1 1 1 1 0 1 1 1 
88 20 10529 0 1 1 1 1 1 1 1 0 1 1 1 1 1 0 1 1 1 0 1 
89 20 8921 1 1 1 0 1 1 0 0 0 1 1 1 1 1 1 1 1 1 1 1 
90 20 7119 1 1 1 1 1 1 1 1 1 1 1 1 1 1 0 1 1 0 1 1 
91 20 10382 1 1 1 1 1 0 0 0 1 1 1 1 1 0 1 1 1 1 1 0 
92 20 10444 1 0 1 1 1 1 1 1 1 1 1 1 0 1 1 1 0 1 1 1 
93 20 10669 1 1 1 1 1 1 1 1 0 1 1 1 1 1 1 1 1 0 1 0 
94 20 11623 1 1 1 0 1 1 1 1 0 1 1 1 1 1 1 1 0 1 1 1 
95 20 7845 1 1 1 1 1 0 1 1 1 1 1 0 1 1 1 1 1 1 0 0 
96 20 9707 1 1 1 1 0 1 1 1 0 1 0 1 1 1 1 0 1 1 1 1 
97 20 10515 1 0 1 1 1 1 1 1 1 1 0 1 1 1 1 1 1 1 0 1 
98 20 11251 1 1 1 0 1 1 1 1 1 1 1 1 1 1 1 0 1 1 1 1 
99 20 11061 1 1 1 1 1 1 1 1 1 1 1 1 1 1 0 1 1 0 1 0 
100 20 9561 1 1 1 1 1 1 1 1 1 1 1 1 0 0 1 1 1 1 0 1 
101 20 10513 1 1 1 1 1 1 0 1 1 1 1 1 1 1 1 1 1 0 0 1 
102 20 9160 1 1 1 1 0 1 1 0 1 0 1 1 1 1 1 1 1 1 1 1 
103 20 8969 0 1 1 1 1 1 1 1 1 0 1 1 1 1 1 1 1 1 1 0 
104 20 8529 0 0 1 1 1 1 1 1 1 1 1 1 1 1 1 1 0 1 1 1 
105 20 9849 1 1 1 1 1 0 1 1 1 0 1 1 1 1 1 1 1 1 1 0 
106 20 8400 1 1 0 1 1 1 1 1 0 1 1 1 1 1 1 0 1 1 1 1 
107 20 8357 1 1 1 1 1 1 1 1 1 1 0 1 1 0 1 1 1 1 1 1 
108 20 11135 1 1 0 1 1 1 0 1 1 1 0 0 1 1 1 1 1 1 1 1 
109 20 8082 1 1 1 1 1 1 1 0 1 0 1 0 1 1 0 1 1 1 1 1 
110 20 10335 1 1 0 0 1 1 1 1 1 1 0 1 1 1 1 1 1 1 1 1 
111 20 9496 1 1 1 1 1 0 1 1 1 1 1 1 1 0 1 1 0 0 1 1 
112 20 9983 1 1 1 0 1 1 1 1 1 1 1 1 0 1 0 1 1 0 1 1 
113 20 8272 1 1 1 1 1 1 1 0 1 0 1 1 1 0 0 1 1 1 1 1 
114 20 8717 0 1 1 1 0 1 1 0 1 1 1 1 1 1 1 1 1 1 1 1 
115 20 10602 1 1 1 1 1 1 1 1 1 1 1 0 0 1 1 1 0 1 1 1 
116 20 9616 1 0 0 0 1 1 1 1 1 1 1 1 1 1 1 1 1 1 1 1 
117 20 8466 1 1 1 1 1 1 1 0 1 1 0 1 1 1 0 0 1 1 1 0 
118 20 9177 1 1 0 0 1 1 1 0 1 1 1 1 1 1 1 1 1 0 1 1 
119 20 9150 0 1 0 1 1 1 1 1 1 1 1 1 0 1 1 1 1 1 1 1 
120 20 9508 1 1 0 1 1 1 0 1 1 1 0 1 1 1 1 1 1 1 1 0 
121 20 10861 1 1 1 0 1 1 1 1 1 1 1 0 1 1 1 1 0 1 1 1 
122 20 10852 1 1 1 0 1 1 1 1 1 1 0 1 1 0 1 1 1 1 1 0 
123 20 10522 1 1 1 0 1 1 1 1 1 1 1 1 1 0 0 1 0 1 1 1 
124 20 10219 1 1 1 1 0 0 1 1 1 1 1 1 0 0 1 1 1 1 1 1 
125 20 6722 1 1 1 0 1 1 1 1 0 1 1 1 1 1 1 0 1 1 1 1 
126 20 9534 1 1 1 1 1 0 1 1 1 0 1 1 1 0 1 1 1 1 1 1 
127 20 9441 0 1 1 1 0 1 1 1 1 1 1 1 1 1 1 1 1 0 1 1 
128 20 9874 1 0 1 1 1 1 1 1 1 1 1 0 1 1 1 1 1 0 0 1 
129 20 8728 1 0 1 0 1 1 1 1 1 0 1 1 1 1 1 1 1 1 1 1 
130 20 9148 1 1 1 1 1 1 1 0 1 1 1 1 1 0 1 1 1 1 0 1 
131 20 10738 1 0 1 1 1 1 1 0 1 1 1 1 1 1 1 1 1 0 1 1 
132 20 10178 1 1 1 1 1 1 0 1 1 1 1 1 1 1 0 1 0 1 1 1 
133 20 9393 1 1 1 0 1 1 0 1 1 1 1 0 1 1 1 1 1 0 1 1 
134 20 8674 0 1 1 1 0 0 1 1 1 1 1 1 1 0 1 1 1 1 1 1 
135 20 6793 0 0 1 1 1 1 1 0 1 1 1 1 1 1 1 1 1 1 1 1 
136 20 8321 1 1 1 1 1 1 0 1 1 0 1 1 1 1 1 1 0 1 1 1 
137 20 10977 1 1 1 0 1 1 1 1 1 1 0 1 0 1 1 1 1 1 1 1 
138 20 8670 1 1 0 1 1 1 1 0 1 1 1 1 1 1 1 0 1 0 1 1 
139 20 9078 1 1 1 1 1 1 1 1 1 0 1 1 1 1 1 0 1 0 1 0 
140 20 8077 1 1 1 1 1 1 1 1 0 1 0 1 1 1 1 1 1 1 1 0 
141 20 8853 0 1 1 1 1 1 1 1 1 1 1 1 1 1 1 0 1 1 0 1 
142 20 9880 0 1 1 0 1 1 1 1 1 1 1 0 1 1 1 1 1 1 1 1 
143 20 9932 1 0 1 1 1 1 1 0 1 1 1 1 0 1 1 1 1 1 1 0 
144 20 6792 0 0 1 1 1 1 0 0 1 1 1 1 1 1 1 1 1 1 1 1 
145 20 9224 0 1 1 1 1 1 0 1 1 1 1 1 0 1 1 1 1 1 1 0 
146 20 8762 1 1 1 1 1 1 0 1 1 1 1 1 1 1 1 0 0 0 1 1 
147 20 8690 1 1 1 1 1 1 0 1 0 0 1 1 1 1 1 1 1 1 1 1 
148 20 7500 1 1 1 1 1 1 1 1 1 0 1 0 1 1 0 1 1 1 1 1 
149 20 9560 1 1 1 1 1 0 1 0 1 0 1 1 1 0 1 1 1 1 0 1 
150 20 9122 1 1 1 0 1 0 1 0 1 1 1 1 1 1 1 1 1 1 1 1 
151 20 9337 1 1 1 1 1 1 1 1 1 0 1 1 1 0 1 1 0 1 1 1 
152 20 8795 1 1 1 1 1 0 1 0 1 1 1 1 1 0 1 1 1 1 1 0 
153 20 8884 1 1 1 1 1 1 1 0 1 1 0 1 1 1 1 1 1 0 0 1 
154 20 9756 1 1 1 1 0 1 0 1 0 1 1 1 0 1 1 1 1 1 1 1 
155 20 7892 1 1 1 1 1 1 1 1 1 1 1 1 1 0 0 1 1 0 1 1 
156 20 7882 1 0 1 1 0 1 1 1 0 1 1 1 1 1 1 1 1 1 0 1 
157 20 7691 1 1 0 0 1 1 1 1 0 1 1 1 1 1 1 0 1 1 1 1 
158 20 7697 0 0 1 1 1 0 1 1 1 0 1 1 1 1 1 1 1 1 1 1 
159 20 10246 0 1 1 1 1 1 0 0 0 1 1 1 1 1 1 1 1 1 1 1 
160 20 11035 1 1 1 1 0 1 1 1 1 1 1 1 1 1 1 1 0 1 0 1 
161 20 9904 1 1 1 1 1 0 1 1 1 1 1 1 0 1 0 0 1 1 1 1 
162 20 11001 1 1 1 1 1 1 1 0 1 1 1 1 1 0 1 1 1 0 1 1 
163 20 11631 1 1 1 1 1 1 0 1 1 0 1 1 1 1 0 1 1 1 1 1 
164 20 7862 1 1 1 1 1 1 0 1 0 1 1 1 1 1 1 1 1 0 1 1 
165 20 8981 1 0 1 0 0 1 0 1 1 1 1 1 1 1 0 1 1 1 1 1 
166 20 10103 1 0 1 0 1 1 0 1 1 1 0 1 1 1 1 1 1 1 1 1 
167 20 8336 0 1 0 1 1 1 1 1 1 1 1 1 1 1 1 0 0 1 1 1 
168 20 10024 1 1 0 1 1 1 1 0 1 1 1 1 1 1 1 1 1 0 1 1 
169 20 10005 1 0 1 1 1 0 1 1 1 0 1 1 1 1 1 1 1 1 0 1 
170 20 10812 1 1 1 1 1 1 1 1 0 1 1 1 0 1 1 1 1 1 1 0 
171 20 11743 0 1 0 1 1 1 1 1 1 1 1 1 1 0 1 1 1 1 1 1 
172 20 7939 1 1 1 1 1 1 1 1 1 1 1 1 1 1 0 0 1 1 1 0 
173 20 7660 1 1 1 1 0 1 1 1 1 1 1 1 1 0 0 1 1 0 1 1 
174 20 8987 1 1 1 1 1 1 0 1 1 0 1 1 1 1 1 1 1 0 1 1 
175 20 8400 1 0 1 1 1 1 1 1 1 1 1 1 1 1 1 1 0 1 1 1 
176 20 11634 1 0 1 1 0 1 1 1 1 1 1 1 1 1 1 1 1 1 1 1 
177 20 10199 0 1 1 1 1 0 1 1 1 0 1 1 0 1 1 1 1 1 1 1 
178 20 9770 0 1 1 1 1 1 1 1 1 1 1 0 0 1 1 1 1 1 1 1 
179 20 10065 1 1 1 1 1 1 0 0 1 0 0 1 1 1 1 1 1 1 1 1 
180 20 8056 1 1 1 1 1 1 1 1 1 1 1 1 0 0 1 0 1 1 1 1 
181 20 8492 1 1 0 0 0 1 1 1 1 1 1 1 1 1 1 1 1 0 1 1 
182 20 9868 0 1 1 1 1 1 1 1 1 1 1 1 1 1 1 1 0 0 1 1 
183 20 9016 1 1 0 1 1 1 1 1 1 1 1 1 1 1 1 0 1 1 0 0 
184 20 8063 1 1 1 1 1 0 1 1 1 0 1 1 1 1 1 0 0 1 1 1 
185 20 8389 1 1 1 0 1 1 1 0 1 1 1 1 1 1 1 1 1 1 0 1 
186 20 13429 1 1 1 1 1 1 1 0 0 1 1 1 1 1 1 1 1 1 1 1 
187 20 9719 1 1 0 1 1 0 0 1 1 1 1 1 1 1 0 1 1 1 1 1 
188 20 10277 1 1 1 1 0 1 1 1 1 1 0 1 1 0 1 1 1 1 1 1 
189 20 7493 0 1 1 1 1 1 1 1 1 1 0 1 1 1 1 1 1 1 0 1 
190 20 9169 1 1 1 0 1 1 1 1 1 0 1 1 0 1 1 1 1 1 1 1 
191 20 9300 1 1 0 1 1 1 1 1 1 1 1 1 1 1 1 1 1 0 0 1 
192 20 10297 1 1 1 1 1 1 1 1 1 1 1 0 1 1 0 0 1 1 1 1 
193 20 9649 1 1 0 1 1 1 1 1 1 0 1 1 1 1 1 1 0 1 1 0 
194 20 8324 1 0 1 1 1 1 0 1 1 1 1 1 1 1 0 1 1 1 1 0 
195 20 8058 1 1 0 1 1 1 1 1 1 1 1 1 1 1 1 0 1 0 1 1 
196 20 7756 1 1 1 1 1 1 1 0 1 1 1 1 0 1 0 0 1 1 1 1 
197 20 9404 0 0 1 1 1 1 1 1 1 1 1 0 1 1 1 1 1 1 1 1 
198 20 10564 1 1 1 1 1 1 1 1 0 1 1 0 1 1 1 1 1 1 1 0 
199 20 9996 0 0 1 1 1 1 1 1 1 1 1 1 1 1 0 1 1 1 1 1 
200 20 8701 0 1 1 0 1 1 1 1 1 1 1 1 1 1 1 1 1 1 0 0 
201 20 8366 1 1 1 1 1 1 0 1 1 1 1 1 1 1 0 1 1 1 0 1 
202 20 10446 1 1 0 0 1 1 1 1 1 1 1 1 1 1 1 1 0 0 1 1 
203 20 9836 1 1 1 1 1 1 1 0 0 1 1 1 0 1 1 1 1 1 1 1 
204 20 10158 1 1 1 1 1 1 1 1 1 0 0 1 1 1 1 1 1 1 0 1 
205 20 10172 1 1 1 0 1 1 1 1 1 1 1 0 0 1 0 1 0 1 1 1 
206 20 9800 1 1 1 0 1 1 1 1 1 1 1 0 1 0 1 1 1 1 1 1 
207 20 9584 1 1 1 1 1 1 1 1 1 0 1 1 1 1 0 1 1 1 1 0 
208 20 9503 1 1 1 1 1 1 1 0 1 0 1 1 0 1 1 1 1 1 1 1 
209 20 8749 0 1 1 1 1 1 0 1 1 0 0 1 1 1 1 1 1 1 1 1 
210 20 9337 1 1 0 0 1 1 1 1 1 1 1 1 1 1 1 0 0 1 0 1 
211 20 9532 1 1 1 1 1 0 0 1 1 1 1 0 1 1 1 1 1 0 0 1 
212 20 9827 1 1 1 1 1 1 1 1 1 1 1 0 0 1 1 1 0 1 0 1 
213 20 10579 1 1 1 1 1 1 1 0 1 1 1 1 1 1 1 0 1 1 1 0 
214 20 8954 1 1 1 1 1 1 1 1 1 1 0 0 0 1 1 1 1 1 0 1 
215 20 9752 1 1 1 0 1 1 0 1 1 1 1 0 1 1 1 1 1 1 1 1 
216 20 9431 1 1 1 1 1 1 1 1 1 0 1 1 1 0 1 1 1 0 1 1 
217 20 10324 0 1 1 1 1 1 1 0 1 1 1 1 1 1 1 0 1 1 1 1 
218 20 9068 1 1 1 1 1 1 1 1 0 0 1 1 1 1 1 0 1 1 1 1 
219 20 7274 1 1 1 1 0 1 1 1 0 1 1 1 1 0 1 1 1 0 1 1 
220 20 11168 1 1 1 1 1 1 1 1 0 1 1 1 0 1 1 0 1 1 0 1 
221 20 10556 1 1 1 1 1 1 1 1 0 1 1 0 0 1 1 1 1 1 1 1 
222 20 10010 1 1 1 1 1 0 1 0 0 1 1 1 0 1 1 1 1 1 1 1 
223 20 12687 1 1 1 1 1 1 1 1 1 1 1 1 1 1 1 0 0 1 0 1 
224 20 9077 1 1 0 0 1 1 1 1 1 1 1 1 1 1 1 1 1 0 1 0 
225 20 10446 1 0 1 1 1 1 1 1 1 1 1 1 0 1 0 1 1 0 1 1 
226 20 7474 1 1 0 1 1 0 1 1 1 1 1 1 0 1 1 0 1 1 1 1 
227 20 8842 1 0 1 1 1 0 1 1 0 1 1 1 1 1 1 1 1 1 1 1 
228 20 10002 1 1 1 1 1 1 1 1 1 1 0 1 1 1 0 1 0 1 1 1 
229 20 9036 1 1 1 1 1 1 0 1 1 0 1 1 1 1 1 1 0 1 1 1 
230 20 10287 0 0 1 1 1 1 1 1 1 1 1 1 0 1 1 1 1 1 1 1 
231 20 9988 1 1 1 0 1 0 1 1 1 1 1 1 1 1 1 1 1 1 1 0 
232 20 11243 1 1 1 1 1 1 1 1 0 0 1 1 1 0 1 0 1 1 1 1 
233 20 8821 1 1 1 1 1 1 1 1 0 0 1 1 1 1 1 1 1 1 1 0 
234 20 9413 0 1 0 1 1 0 1 1 1 1 1 1 1 0 1 1 1 1 1 1 
235 20 10002 0 1 1 1 0 1 0 1 1 1 1 1 1 1 1 1 1 1 1 1 
236 20 8869 1 1 1 1 1 1 1 1 1 0 0 1 0 0 1 1 1 1 1 1 
237 20 8564 0 1 1 1 1 1 1 0 1 1 1 0 1 1 1 1 1 1 1 0 
238 20 8810 1 1 1 1 1 1 1 0 1 1 1 1 1 0 1 0 1 0 1 1 
239 20 9138 1 1 1 1 1 1 1 1 1 1 0 1 1 0 1 1 1 1 0 0 
240 20 9929 1 1 1 1 1 1 1 0 1 1 1 1 0 1 0 1 1 1 1 1 
241 20 7256 1 1 1 1 1 1 1 1 1 1 0 1 1 1 1 0 0 1 1 1 
242 20 8952 0 1 1 1 1 1 1 1 0 1 1 1 1 1 1 1 1 1 0 1 
243 20 8430 0 1 1 1 1 1 1 1 1 1 1 0 1 1 0 1 1 1 1 1 
244 20 9483 1 1 1 1 1 1 1 1 1 0 1 1 1 1 1 1 1 1 1 0 
245 20 10514 1 1 1 1 1 1 0 1 1 1 0 1 1 1 1 0 1 1 1 1 
246 20 10285 1 1 1 1 1 1 1 0 1 0 1 1 0 1 1 1 1 1 1 1 
247 20 9524 1 1 0 0 1 1 1 1 0 1 1 1 1 1 0 1 1 1 1 1 
248 20 9431 1 1 1 1 1 1 0 0 1 1 1 0 1 1 1 1 1 0 1 1 
249 20 10608 1 1 1 1 1 1 1 1 1 1 0 1 1 0 0 1 1 1 1 0 
250 20 10536 0 1 1 1 1 1 1 1 1 1 1 1 1 1 1 1 0 1 0 1 
251 20 10970 1 1 1 1 1 1 1 1 0 1 1 1 1 1 1 1 1 1 0 1 
252 20 9764 1 1 1 1 1 1 1 0 1 1 1 0 1 1 1 1 0 1 1 1 
253 20 10411 1 1 1 1 1 1 1 1 0 1 1 0 1 1 0 1 1 1 1 1 
254 20 10618 0 1 0 1 1 1 1 1 1 1 1 1 1 1 1 1 1 1 0 1 
255 20 10154 1 1 0 0 1 1 1 1 1 0 1 1 1 1 0 1 1 1 1 1 
256 20 8217 1 1 1 1 1 0 1 1 1 1 1 0 1 1 1 0 0 1 1 1 
257 20 8090 1 0 1 1 1 1 1 1 1 1 0 1 1 1 0 1 1 1 1 1 
258 20 7353 1 1 0 1 1 1 1 0 1 1 1 1 1 1 1 1 0 1 1 1 
259 20 9618 1 1 1 1 1 1 1 1 1 0 1 1 1 0 1 1 1 0 1 1 
260 20 9716 1 0 1 1 1 1 1 0 1 1 1 1 1 0 1 1 1 1 0 1 
261 20 9298 1 1 1 0 1 1 0 1 1 1 1 1 1 1 1 1 1 1 1 0 
262 20 8126 0 1 1 1 0 1 1 1 1 1 1 1 1 0 1 1 1 0 1 1 
263 20 9908 1 0 1 1 1 1 1 1 1 0 1 1 1 1 0 1 1 1 1 1 
264 20 7119 1 1 0 1 1 1 1 1 1 1 1 1 1 1 1 1 0 1 0 1 
265 20 11179 1 1 1 0 1 0 1 1 1 1 1 1 1 0 0 1 1 1 1 1 
266 20 11297 1 1 0 1 1 1 1 1 0 0 1 0 1 1 1 1 1 1 1 1 
267 20 9353 1 1 1 1 1 1 1 1 1 0 0 1 1 1 0 1 1 1 1 1 
268 20 10110 1 0 1 1 1 1 1 0 0 1 1 1 0 1 1 0 1 1 1 1 
269 20 8421 1 0 1 1 1 1 1 1 1 1 1 1 0 1 1 0 1 1 1 1 
270 20 9513 1 1 1 1 1 1 1 0 1 1 1 1 1 1 0 0 1 1 0 1 
271 20 11233 1 1 1 1 1 1 1 0 1 1 0 1 1 0 1 1 1 1 1 0 
272 20 10297 1 1 1 1 1 1 1 1 1 1 1 1 1 1 0 0 1 1 1 0 
273 20 9296 1 0 1 1 1 1 1 0 1 1 0 1 1 0 1 1 1 1 1 1 
274 20 9631 0 1 1 1 0 1 1 1 1 1 0 1 1 1 1 1 1 1 1 0 
275 20 11093 1 0 1 1 1 1 1 1 1 1 1 1 0 1 1 1 1 0 1 1 
276 20 10497 1 0 1 1 1 0 1 1 1 0 1 1 1 1 1 1 1 1 1 1 
277 20 10256 0 1 1 1 1 0 1 1 1 0 1 1 1 1 1 1 1 0 1 1 
278 20 9347 1 1 1 1 1 1 1 1 1 0 1 1 1 0 1 1 1 1 1 1 
279 20 10966 1 1 1 1 1 1 1 1 0 0 1 1 0 1 1 1 1 1 1 1 
280 20 10112 1 1 1 0 1 1 1 1 1 0 1 0 1 1 1 1 1 1 1 1 
281 20 8891 1 1 0 1 1 1 1 1 1 1 1 1 1 0 1 1 1 0 1 1 
282 20 8496 1 0 1 1 1 1 1 1 1 1 1 0 0 1 1 1 0 1 1 1 
283 20 8443 1 1 0 1 0 1 1 1 1 1 1 1 1 1 1 0 1 1 0 1 
284 20 10110 0 1 1 1 1 1 0 1 1 1 1 1 1 1 1 1 1 1 0 1 
285 20 11236 1 1 1 1 1 1 0 1 1 1 1 1 1 1 0 1 0 0 1 1 
286 20 9868 1 1 0 1 1 1 1 0 1 1 1 1 1 0 1 1 1 0 1 1 
287 20 12019 1 1 1 1 0 1 1 1 1 1 0 0 1 1 1 1 1 1 1 1 
288 20 8607 1 1 1 0 1 1 1 1 1 1 1 1 0 1 1 0 1 1 1 1 
289 20 8465 1 1 1 1 1 0 1 1 1 1 1 1 1 0 1 1 1 0 1 1 
290 20 11463 1 1 1 1 1 1 1 1 1 1 1 1 0 1 0 0 1 1 1 1 
291 20 7661 0 1 1 1 1 1 1 0 1 0 1 0 1 1 1 1 1 1 0 0 
292 20 8685 0 0 1 1 1 1 1 1 1 1 1 1 1 1 0 1 1 1 1 1 
293 20 9954 0 1 1 1 1 1 1 1 0 0 1 1 1 1 1 1 0 1 1 1 
294 20 10000 1 1 1 0 1 0 1 1 1 1 1 1 1 1 1 1 1 1 1 0 
295 20 10238 1 1 1 1 1 0 1 1 1 1 1 0 1 1 1 1 1 1 0 1 
296 20 10054 1 0 1 0 1 1 1 1 1 0 1 1 0 1 0 1 1 1 1 1 
297 20 9867 1 1 1 1 0 1 1 1 1 1 1 0 1 1 0 1 1 1 1 1 
298 20 11431 0 1 1 1 1 1 1 1 1 1 1 1 1 1 0 0 1 0 1 1 
299 20 9395 1 1 1 1 1 1 1 1 1 0 1 0 1 0 1 1 1 1 1 0 
300 20 9028 1 1 0 0 1 1 1 0 1 1 1 1 1 1 1 1 1 1 0 1 
